 -0.00000007621164607  0.00000147803212283  0.00000344072041588  0.00000647253161684
  0.00001051599008242  0.00001365123706160  0.00001563001130747  0.00001741508230664
  0.00001927509797488  0.00002127054668570  0.00002317816528060  0.00002483496020312
  0.00002640635341005  0.00002783997393617  0.00002914117604053  0.00003033332909813
  0.00003154720849102  0.00003278786837237  0.00003406259511236  0.00003565301530577
  0.00003793948151618  0.00004433319566966  0.00006257545904523  0.00006379652031359
  0.00006482387897114  0.00006575707904982  0.00006668817852772  0.00006738040696159
  0.00006797059065382  0.00006849673475087  0.00006897733691500  0.00006944447453178
  0.00006991455695787  0.00007041719739621  0.00007097055731375  0.00007162237805573
  0.00007250364632857  0.00007335246937794  0.00007419861414150  0.00007503376580853
  0.00007589551378995  0.00007690598743196  0.00007814134446707  0.00007966952001608
  0.00008106094557792  0.00008247676180808  0.00008400117464418  0.00008555360179091
  0.00008715402296260  0.00008901116137711  0.00009120137376979  0.00009370978705878
  0.00009632560665860  0.00009918919890769  0.00010214979425253  0.00010511236805940
  0.00010833343115238  0.00011185679072906  0.00011559978688355  0.00012000792083899
  0.00012493080516973  0.00013039967801157  0.00013586034371297  0.00014124419073381
  0.00014686755521208  0.00015362000960845  0.00016159839615534  0.00016800251796361
  0.00017454405714419  0.00018115034933728  0.00018925690708734  0.00019891670310982
  0.00020958625261321  0.00022029960918701  0.00023486400648342  0.00025051114747178
  0.00026563709715027  0.00028047456366931  0.00029963812085256  0.00033051172783367
  0.00037080964770681  0.00041571126722149  0.00046507344791283  0.00052261391673534
  0.00057962819865395  0.00065614254692341  0.00073027922073658  0.00080788329721023
  0.00089342874426899  0.00098965319671007  0.00107875981038813  0.00118190901391518
  0.00141853623657159  0.00219583608804427  0.00528038040960934  1.00000000000000000
 -0.00000004677870306  0.00000084476427788  0.00000309842886124  0.00000621364578495
  0.00000891413723054  0.00001189727542447  0.00001503554000744  0.00001777403478537
  0.00002003063793896  0.00002195331081117  0.00002361277447720  0.00002530783342307
  0.00002692018013245  0.00002821710668377  0.00002921723539725  0.00003012787962129
  0.00003103102897322  0.00003190569782115  0.00003270317594197  0.00003349597358868
  0.00003427707728761  0.00003504096434298  0.00003638819214844  0.00003820971766995
  0.00006285577724282  0.00006366423904540  0.00006430800337647  0.00006489148692587
  0.00006550510767046  0.00006609437278357  0.00006665404383421  0.00006722908826928
  0.00006785758005752  0.00006849976380874  0.00006917561675113  0.00006989854742294
  0.00007065629515655  0.00007138038012576  0.00007221238884012  0.00007302626323939
  0.00007391083381568  0.00007487536572256  0.00007589873440420  0.00007684685902874
  0.00007780180819901  0.00007884331429295  0.00007992896509839  0.00008112352365760
  0.00008259732696293  0.00008409013701517  0.00008575896897550  0.00008781722848144
  0.00009018554376528  0.00009255694122466  0.00009486529560971  0.00009724288550264
  0.00009976523199571  0.00010257052350101  0.00010580595957006  0.00010952343380607
  0.00011368067107707  0.00011812039603448  0.00012183393989647  0.00012563186083904
  0.00012981827189433  0.00013435800457750  0.00014036548233417  0.00014643925623821
  0.00015228562141245  0.00015888620613988  0.00016607194054012  0.00017370956272367
  0.00018305968732788  0.00019632326081896  0.00021127121148034  0.00022227794595740
  0.00023307907909436  0.00024585123455274  0.00026232663075954  0.00028707194680274
  0.00032121575320177  0.00036006637132134  0.00039998953336349  0.00044428458503380
  0.00049624301380583  0.00055995147168112  0.00063823511596419  0.00073115548036915
  0.00084526751228080  0.00099231144158031  0.00119457539773698  0.00140673862508880
  0.00163684462831804  0.00206095583473407  0.00505553099887537  1.00000000000000000
  0.00926510289905038  0.01498488600938135  0.02449220546023410  0.03635093481903129
  0.04594232391158055  0.05444420733422321  0.06414691654721867  0.07110597455620199
  0.07687848139438046  0.08262451407612881  0.09107046667745822  0.10148270728763764
  0.11622227883358319  0.13480852544734007  0.15089007491196621  0.16417469540560961
  0.17342201636778312  0.18333407095204840  0.19387236481124809  0.20369043273643953
  0.21291378393356949  0.22208425037372090  0.23000074543323959  0.23863683574462549
  0.24815223905359046  0.25845826760735235  0.26987469713704532  0.28138386394957438
  0.29271678785887456  0.30427443138712873  0.31513071157087980  0.32616157758098069
  0.34037021001831902  0.35379391162075308  0.36872451274467516  0.38341364143576262
  0.39459460436783106  0.40172536254488822  0.40914127045404924  0.41613069052576807
  0.42382343102343223  0.43373389878012364  0.44735121056342053  0.45995324055081477
  0.47289501438000298  0.48674998169778111  0.50056700772692686  0.51453042743061839
  0.52941216522214440  0.54289479402172769  0.55588269547173474  0.56840272745307385
  0.58044026616269806  0.59333371606593011  0.60721590032347050  0.62088540235347589
  0.63382965250557888  0.64596047501013354  0.65791939344307071  0.67308493103738654
  0.68710686284033906  0.69982284616667412  0.71263157297005353  0.72423149326244118
  0.73228491225245773  0.73644070180722443  0.74070636731617290  0.74583294562897962
  0.75329786378875185  0.76105511938066028  0.76836072948767797  0.77630491255905465
  0.78436455795884608  0.79263362219229871  0.80083266756141747  0.80743295686498651
  0.81393163860179496  0.82198088413685000  0.83011515559377647  0.83788560706071880
  0.84579430978739911  0.85446000871623562  0.86392806386818577  0.87311448273524395
  0.88028591819903035  0.88847818629105857  0.89802789888066725  0.90873293733567317
  0.92002212902580538  0.93200960155015822  0.94497488072579516  0.95804958646138849
  0.96847696223958468  0.98047369894356140  0.99162922036036172  1.00000000000000000
  0.00150288279153207  0.01844563685760112  0.03042328950363594  0.04133049260877913
  0.05153179760349592  0.06157835758899195  0.07238946269986278  0.08278501572179475
  0.09140073495088991  0.09971162443812916  0.10829074431455343  0.11720294294074549
  0.12940985408194766  0.14235051016524269  0.15106379519474555  0.15962955353955086
  0.16951533892580872  0.18033490229175236  0.18873111748986485  0.19545174689906955
  0.20126160359981612  0.20714484445912723  0.21455794994901309  0.22394890703362966
  0.23298350404962748  0.24035937549401507  0.25123830513286749  0.26838463432040316
  0.28929530656870367  0.30838855636089879  0.32182105992093979  0.33196687259591856
  0.34265084258534423  0.35216249844173186  0.36069131607282284  0.36826114809311561
  0.37991183171660370  0.39187584786235924  0.40365486964873210  0.41407318567455376
  0.42668989418620912  0.44092965136731654  0.45639738211273634  0.47137985838861801
  0.48725908164978377  0.50361093122621658  0.51894966548095389  0.53538365765961027
  0.55211587510448634  0.56839494951130476  0.58362891128908934  0.59734324910732739
  0.61046143208683878  0.62351428389204522  0.63618022549500031  0.64804787844581069
  0.65918902987838690  0.66644183814040181  0.67498977548787720  0.68378891358165650
  0.69090126020888143  0.69749078710375290  0.70521678308832436  0.71144255156434943
  0.71631253644622928  0.72150876367807093  0.72867468766411425  0.73645963936488679
  0.74295552491120109  0.74976033542047515  0.75825176318959897  0.76777974711705310
  0.77376135419954206  0.77960337677841540  0.78762472270292705  0.79747368189352896
  0.80890886775840731  0.81772427545124060  0.82464738342832478  0.83117515970378963
  0.84092945970959365  0.85240213393408637  0.86224145733295610  0.87219676980643224
  0.88263613686795983  0.89283408748422333  0.90884249699048147  0.92039185116724398
  0.93091960935604390  0.94201400135137481  0.95233863747654501  0.96115232901640568
  0.96993778217874571  0.97812179730590876  0.98887871421577178  1.00000000000000000
 -0.00054734598134677  0.00350552482868591  0.00696043851183041  0.01177125894686969
  0.01694997711234813  0.02112477102258358  0.02636689621265136  0.03194169377824044
  0.03840185039866150  0.04418378545354431  0.04872272090993863  0.05430092739627930
  0.06130156356673346  0.06982372100595985  0.07982953844012196  0.09125100720956252
  0.10108331367400027  0.10991441714003335  0.11971292751299710  0.12974787867644513
  0.13825917144570490  0.14668917007404320  0.15372678641687515  0.16054467239813774
  0.16736749857905417  0.17291270158598626  0.17855601155177081  0.18389539661933871
  0.18898921456744525  0.19522893868095592  0.20171233345039938  0.21002314620133730
  0.22078138180126813  0.23202560748044732  0.24215319726744758  0.25239200973238751
  0.26302414121748757  0.27471375791354569  0.28830903332834684  0.30330579575219763
  0.31876884299497976  0.33239719712662158  0.34512371218824034  0.35768689189232822
  0.36948646053706447  0.38234941084957763  0.39799008041166994  0.41501500944681208
  0.42949501434225595  0.43985627937641386  0.45117426936968624  0.46460439864070335
  0.47502019157980191  0.48552334019077598  0.49463851954402688  0.50438704513605581
  0.51385264046287371  0.52259763283342198  0.53415521880896166  0.54630687268648837
  0.55932932244056044  0.57277614533596355  0.58751249645526105  0.60142000496127868
  0.61541221697512194  0.63025704809373995  0.64631102988395606  0.66183788025571744
  0.67704376009180467  0.69018276837580450  0.70249431703608489  0.71601700917164912
  0.72956900253398638  0.74088639370435860  0.75070507005047638  0.76272264465148343
  0.77783590271509317  0.79095809194347466  0.80326032801575598  0.81507650167786050
  0.82677359858280741  0.83887066573594993  0.85056341345952569  0.86118116947397216
  0.87009525674212895  0.88003504411072331  0.89092745864457656  0.90186276002854604
  0.91541625637878965  0.92888515728679844  0.94209690986494510  0.95473264118148826
  0.96665110895584894  0.97853652975520877  0.98929475626777841  1.00000000000000000
 -0.00085020119602874  0.00500552373346664  0.01071567959480656  0.01731438321731814
  0.02560242026618239  0.03446095789605675  0.04263882696631007  0.05164543512810154
  0.05899557573480525  0.06437288636316517  0.06998940060630959  0.07687540288409428
  0.08541689199054327  0.09662412616009686  0.11045594616065961  0.12593974522494741
  0.14141428342242854  0.15527669219512763  0.16814706404094848  0.18101027076609350
  0.19348767864302191  0.20489814082009583  0.21646468824341400  0.22855663121505257
  0.23942863912642082  0.24988491024044501  0.26103775350356617  0.27256117503256283
  0.28335903128948287  0.29337688882376428  0.30664655581773087  0.32051062883007791
  0.33181098822051430  0.34226469409777410  0.35362550982296143  0.36402466847937504
  0.37377134515476562  0.38476463004177458  0.39741019508609277  0.41321528934893004
  0.43437077166248145  0.45302226136980356  0.46767695244349911  0.48028091075189366
  0.49440852017239095  0.50651424370378806  0.51820635599953169  0.52861380608089470
  0.53806979068761018  0.54779858665426628  0.55913129759742730  0.57061830173408479
  0.58112396320143889  0.58970425476779076  0.59742353302465956  0.60584449265058193
  0.61303972693163944  0.62028966993433665  0.62819453878211040  0.63627826836161283
  0.64528418155592004  0.65786199857929251  0.66953583555986285  0.67932369573081886
  0.68835944661987258  0.70010698242174196  0.71202129266131087  0.72041959788778964
  0.72768240223347247  0.73601158766330221  0.74637416514130428  0.75695605636688834
  0.76574877639114147  0.77390146797034609  0.78109776835644051  0.78990659697719656
  0.79970488796597494  0.80979074136634699  0.82008009886753097  0.82676060376604310
  0.83310834186379856  0.83949239851197299  0.84674524078722335  0.85531671788552233
  0.86893998378147963  0.88515504288880364  0.90243306447963367  0.91721790404879389
  0.92857347931129830  0.93888400198509758  0.95002541951464370  0.96046241908824226
  0.97000130534758211  0.97752268514098084  0.98792206950452210  1.00000000000000000
 -0.00227847606361785  0.00945004849251410  0.01798548323100072  0.02574627790723505
  0.03332423933271410  0.04060929956591263  0.04763355695962766  0.05446567751841661
  0.06345404875957229  0.07602806665636451  0.08947242508767335  0.10207099996924369
  0.11483245670132612  0.12671749586224648  0.13373825174494516  0.14139787607997362
  0.14811428175691155  0.15540085716314697  0.16416092888942618  0.17371806313840560
  0.18437645005630221  0.19766455958126650  0.21162557829120662  0.22589845556628096
  0.24134640367618565  0.25954358770537517  0.27713281779944560  0.29012071020303032
  0.30069159251305194  0.30947643513008183  0.31684664056899015  0.32245361280231000
  0.33235238970133202  0.34129229748583734  0.34819379775492754  0.35389182653367518
  0.35981352138129558  0.36747895056027263  0.37571114608913103  0.38601686494110127
  0.39294948643962047  0.40504157276202329  0.42149636113878747  0.43829200527454820
  0.45516269543995974  0.47041592941054861  0.48409755143034450  0.49952895953416226
  0.51679030812334703  0.53119352015004284  0.54117622574934099  0.54741380660347305
  0.55376982601540981  0.56032490155851111  0.56609789390277121  0.57128941183311133
  0.57770155000517809  0.58706921551893210  0.59641523314401790  0.60576564414601197
  0.61644058063946972  0.62793989495347757  0.63882785836682110  0.65265192539282235
  0.66405276796412871  0.67421601857511670  0.68369860513443403  0.69311571040288511
  0.70292567160860220  0.71407450756700031  0.72756101471821633  0.74250337504454444
  0.75743881153239134  0.77053697244811048  0.78388441385616092  0.79771044121483514
  0.81096880558083406  0.82382157778607212  0.83688526527891427  0.84852642533042610
  0.86056868405654285  0.87042638358566216  0.88008967950525052  0.88920077830401734
  0.89750259197395632  0.90685841949950452  0.91826337121642210  0.92680966297247214
  0.93461687073216237  0.94312015397128213  0.95201447026831088  0.96065224552339679
  0.96910057135703309  0.97723603767792344  0.98689391046386454  1.00000000000000000
 -0.00357340543499117  0.01381420359107832  0.02642242144415162  0.03776087103205882
  0.04844335134157224  0.05954522174702310  0.07095318197767429  0.08236415069628512
  0.09220412042992246  0.10140121723735412  0.11126126353325477  0.12184296641320898
  0.13108190970599631  0.13642316529262102  0.14145570072410657  0.14796725928955326
  0.15708925183303624  0.16772827301012347  0.17803660475615096  0.18733090134671160
  0.19773724117363609  0.20699394882444105  0.21399904925013297  0.22228942277737104
  0.23106843189138609  0.24188502123979602  0.25526540488331084  0.26975977848584481
  0.28684402015967692  0.30505620313322956  0.31805043897902174  0.32884891671833200
  0.33912653039907265  0.35052559212086914  0.36115637713433901  0.37082887456858732
  0.38267143308238194  0.39685049489419555  0.41014092849024242  0.42110321527459127
  0.42926696959112076  0.43632337219356276  0.44305571677428701  0.45063522041407755
  0.45983234262110068  0.46844289548613904  0.47563665423116186  0.48435513118694001
  0.49656044926839299  0.50958395640135679  0.52304502568982680  0.54031277062040506
  0.55553316210828396  0.56802184819665180  0.57978281789948649  0.59229505857324194
  0.60378030811303085  0.61268870664849195  0.62187489151412745  0.63084699213007156
  0.63982315585488081  0.64949995127133697  0.65931064441008835  0.66948672809160181
  0.67999754999582063  0.69106068146358246  0.70289223782420673  0.71541719558962436
  0.72818307315835729  0.74024337737513057  0.75048738918112112  0.75979323518911324
  0.76778430656128127  0.77733108717642463  0.78729146240208059  0.79975727803610042
  0.81064055835842030  0.82229217308209057  0.83591331504327138  0.84821149493087744
  0.85828207848788551  0.86485510488775075  0.86991112055446118  0.87453238836233138
  0.88162803060210371  0.89001476165884530  0.89785171703893918  0.90621091640798079
  0.91438362657786854  0.92491377070664615  0.93644576005844959  0.94938345429086513
  0.96245457133330414  0.97542607020740368  0.98808089578217029  1.00000000000000000
 -0.00099725533330144  0.00496584284278697  0.01221761328582454  0.01994593105466152
  0.02736610675885553  0.03892797443687030  0.05091461759605544  0.06127525700875484
  0.07149744466687794  0.08209604100052789  0.09401764148345915  0.10771461803205748
  0.12048103415206395  0.13237300827023449  0.14413866822820384  0.15490276174964962
  0.16474786564688476  0.17396187756608997  0.18227176345734694  0.19507097709629462
  0.21211996580258458  0.22956187154551339  0.24231760003141195  0.25299236263584229
  0.26492381589668107  0.27663874162330176  0.29126243572491423  0.31243354539301971
  0.32524611028142913  0.33310939812618456  0.34182897663407918  0.35055522461179428
  0.36027989004797317  0.37302416721068343  0.38540939671574209  0.39797920895601657
  0.41054001422883413  0.42382682232146884  0.43973558825334358  0.45630451486085799
  0.47064122800343910  0.48236455551646817  0.49232518716185369  0.50370548336952992
  0.51573338779124311  0.52393647233059093  0.53079244658336733  0.54126135346590565
  0.54927197435907682  0.55784935027917526  0.56778887357088936  0.57684321075332212
  0.58490332628709962  0.59494884949481641  0.60595700400602959  0.61598452367449619
  0.62561276465988591  0.63515848397354213  0.64417829784832537  0.65428141872057566
  0.66403790027463039  0.67269895866771101  0.68350469493901256  0.69311588617540265
  0.70248190731746007  0.71238445417309393  0.72281204042349811  0.73285598172612421
  0.74493344261214589  0.75789571601901129  0.77273689407018542  0.78331925439151373
  0.79190650736943213  0.80410750208527415  0.81422415500338619  0.82031620075990619
  0.82794214793855492  0.83568960450215424  0.84356885598899056  0.85116652047136077
  0.85906788851781457  0.86638034627366645  0.87434125075337432  0.88241431863356501
  0.89230019678198347  0.90254066050657500  0.91350634372892348  0.92192167470180886
  0.93039014301208978  0.93701156215990256  0.94272639211042719  0.95044683502355365
  0.96168720627582893  0.97155363124541017  0.98066764143904406  1.00000000000000000
 -0.00268576378958224  0.01127255973171126  0.02090120334400696  0.02657254234304964
  0.03275011290403047  0.03962362226539656  0.04754011084906249  0.05688381686258395
  0.06693735832427641  0.07680857764040053  0.08822298482972903  0.10187306582313063
  0.11581072306952342  0.12980397146427200  0.14400142970403326  0.15722538598942337
  0.16819965844258705  0.17754626167719242  0.18848838096254814  0.20090004761555905
  0.21470819277338399  0.22771880944894726  0.24133100440688399  0.25221002003727155
  0.26151627947874789  0.27053456973875567  0.27862222753545918  0.28525412136724132
  0.29146601713603121  0.29706763422096999  0.30362046354709582  0.31079808271608966
  0.31964981431294776  0.32900312481159072  0.34004366196063179  0.35328477060728863
  0.36745429204922508  0.37903022071433284  0.38950324929364416  0.39973913769177438
  0.41034062776232866  0.42416156319104853  0.43972778457451717  0.45820331187776409
  0.47483861518667414  0.48715029575176388  0.49609340009176123  0.50461594866168979
  0.51275599866790988  0.52087169968670777  0.52877466028001796  0.53561676804535119
  0.54401948372872255  0.55519740957992347  0.56856165402017911  0.58087018463172868
  0.59088662478144593  0.59942969098758336  0.60729767674315460  0.61434576745209946
  0.62009444343546483  0.62583558728476230  0.63204566467073031  0.64027287819174517
  0.65016778308692413  0.66053040076024816  0.66989085918474311  0.67826651461502030
  0.68648083452951825  0.69610494046312710  0.70573735296122841  0.71629400944824373
  0.72760403558973785  0.73895729688374845  0.74980998345337169  0.75970859846789551
  0.76899003422929602  0.77826964010222921  0.78794744230136771  0.79814949677484892
  0.80824631195527208  0.82074093707494600  0.83473425591539219  0.84859346400229485
  0.86203026863658816  0.87526626872129443  0.88874323433136126  0.90206329597333867
  0.91462072714974940  0.92509008462969711  0.93411398369657184  0.94406452089435600
  0.95504387767118459  0.96671821091444088  0.98166953910019350  1.00000000000000000
 -0.00173193579442393  0.00533062150416044  0.01211388211918375  0.01820116877284393
  0.02339598117239063  0.02777983528137877  0.03191627343718223  0.03607053525111166
  0.04006802519603342  0.04420221759496450  0.04955561250809225  0.05603586266995944
  0.06204164833197740  0.06735640707379011  0.07152888095597093  0.07571521859747792
  0.07998470161479045  0.08412110061984654  0.08883264753247630  0.09405959681726468
  0.09908264139082702  0.10377599944043191  0.10783400005758073  0.11156366878518001
  0.11508375834515003  0.11892081658151867  0.12275614198206965  0.12785949295472124
  0.13379815276846638  0.13884590718401341  0.14401610328857287  0.14839166211431129
  0.15221601845347801  0.15619714603634705  0.16075571089646820  0.16699781427095509
  0.17374346384555805  0.18069743210572103  0.18707352104252481  0.19244232180550974
  0.19841462792537173  0.20446719912634484  0.21080573754541962  0.21844987322014028
  0.22771674498775951  0.23445368729068433  0.24086654693642623  0.24754241674096197
  0.25440172798344746  0.26114880891092396  0.26865824200213861  0.27595554119116084
  0.28257723110497790  0.28796609419951502  0.29436211448657074  0.30344550410861365
  0.31352869288792001  0.32301911107692738  0.33005507140659557  0.33627047828485324
  0.34226624591322674  0.34873484979308539  0.35551753537367181  0.36350208959820673
  0.37285080758038863  0.38382957350867902  0.39248814474716726  0.40114780120813592
  0.41197369819063673  0.42436590977579375  0.43481641505455682  0.44609145482687951
  0.45919854896922779  0.47292545297867350  0.48590413466485555  0.49788789362218966
  0.51264171654552793  0.52981109986070840  0.54893789576741991  0.57156540489814278
  0.59533815239923771  0.61554753996354039  0.63476983051256153  0.65456610194489506
  0.67700293758118901  0.70055495762772502  0.72540466899679257  0.75102638742556227
  0.77782445997586980  0.80340838576514451  0.83193575075343007  0.86462014937698484
  0.89688897757975283  0.93168993886915275  0.96446703310444959  1.00000000000000000
 -0.00370956974206675  0.00970332730003228  0.02089145584227482  0.03144213844344929
  0.04446795951553377  0.05749214089519952  0.07254417432574160  0.08703728681006737
  0.10050999650523713  0.11365112955130785  0.12647175510052514  0.13916883580675529
  0.15233846661172679  0.16628208631799138  0.17820009954398372  0.18806736518659009
  0.19982585598211694  0.21136518115088498  0.22254472696651928  0.23290658529328220
  0.24102845064608680  0.24935433644859545  0.25442538906728385  0.26041422923191010
  0.26678728925587364  0.27290400683098376  0.28160306351085967  0.28951371293061756
  0.29400317622381777  0.29911303164063047  0.30569265653440308  0.31247362273557111
  0.31843549994883646  0.32372183823790673  0.33063017107751830  0.34086982909779417
  0.35264968850311323  0.36384134266997198  0.37521355153570068  0.38762171897945008
  0.40156964475141937  0.41745777670919054  0.43665841653031900  0.45021230109343330
  0.46098995366893541  0.47014495596060846  0.47948819368610152  0.49037812613906806
  0.49807425589561277  0.50405911702581274  0.50944909167748187  0.51582892163344130
  0.52790342848334870  0.54507090802880698  0.56226519627632521  0.57650599714490969
  0.58913519506164747  0.60154956447766039  0.61504408908282227  0.62651809819951709
  0.63339756804249980  0.64127034489883761  0.65071430526802554  0.65873452998236881
  0.66859384231227637  0.67861610589371213  0.68659447974108667  0.70155618467636727
  0.71142774263501229  0.71808485355985185  0.72627742683019547  0.73413341186595971
  0.74044882585158089  0.74708804627461067  0.75419389494996114  0.76182436952953847
  0.76984550082791570  0.78250677767633559  0.79793556125733034  0.81196329069784556
  0.82344417304146722  0.83415929830877522  0.84404143595561620  0.85421900477421198
  0.86550393269589532  0.87669602146951930  0.88810318544665268  0.90429310384151151
  0.91683052046533042  0.92925203211617757  0.94187299330979135  0.95462418920159697
  0.96721888257324251  0.97858156622179704  0.98990188132835122  1.00000000000000000
 -0.00305309482667900  0.01469537693066738  0.03089052548936034  0.04478488011364126
  0.05860508534696898  0.07309964445779006  0.08753971390101041  0.10276399052869611
  0.11776089134377321  0.13415101389620232  0.15185137616106853  0.16733588708612634
  0.17818749910215506  0.18858598263702456  0.20001695934743452  0.21103359543376290
  0.22320309419315143  0.23938177515744422  0.25561657421563466  0.26679689151408653
  0.27532967129731262  0.28334208074428330  0.29031589734622321  0.29675272617845860
  0.30380223733815331  0.31151015241150726  0.32478196844645169  0.33322068209857825
  0.34045118878489866  0.34787675825452291  0.35533666275357256  0.36336810325169622
  0.37108924517003966  0.37807550850116117  0.38491781831902400  0.39172864455260775
  0.39989219798476178  0.40952040817634883  0.41658859072080795  0.42270641237863138
  0.42825698728164380  0.43476576780926746  0.44309582866373387  0.45242586674521307
  0.46171931832459889  0.47210170029793508  0.48186624117992172  0.49175523195582965
  0.50402055565128401  0.51685583547658576  0.53016412683301095  0.54206558143742700
  0.55137252655796931  0.56047957705759432  0.57050647964045842  0.58333783654037907
  0.59463745131089085  0.60250799441303604  0.61043173450775479  0.61853885837312339
  0.62626078174629596  0.63366971264621808  0.64138469488403171  0.65008432410206507
  0.65979601354709838  0.67048172779838389  0.68271931108512340  0.69269814339429403
  0.70055940335663147  0.70822152045676257  0.71322354071698046  0.71838876649572081
  0.72410384829118091  0.73172339779469397  0.74040999404885444  0.75022904267202328
  0.75988771973494151  0.76704785461783465  0.77211272196526504  0.78013390307079766
  0.78983186657625093  0.79868602317521264  0.80698180340153403  0.81437138672334131
  0.81998239757196978  0.82618639997461618  0.83343107366509139  0.84241562847757157
  0.85265287083044516  0.86719294581056794  0.88545852980040018  0.90982030460456698
  0.93521954388351691  0.95699736068619978  0.97676798614115146  1.00000000000000000
 -0.00806254742805131  0.02016921909951099  0.04247733685451056  0.05966862930057927
  0.07547005781195551  0.08825767066353964  0.09917053867548671  0.10965263819595845
  0.12052485085594630  0.13203118478970410  0.14399002153054535  0.15662620499919794
  0.16865563385005808  0.17951011679124446  0.19359118907305117  0.20938231078006006
  0.22481525608004330  0.23830466225781191  0.24924815163155681  0.25818077185395122
  0.26656892418842354  0.27432322765266670  0.28036896048809756  0.28684422042450114
  0.29402976416489895  0.30204734168154618  0.31198066241579403  0.32430017344431450
  0.33699933273244276  0.35061250382076764  0.36230532867709231  0.37132554080296992
  0.38286642728016357  0.39745238418050655  0.41191880764011130  0.42301175892132536
  0.43000203061127368  0.43510028203709794  0.43977826439139595  0.44402879808876555
  0.44849337730804223  0.45414623901986861  0.46089128577844723  0.46764825802433313
  0.47563742298144213  0.49120183707071696  0.50534957883497256  0.51544913078791021
  0.52302507733167369  0.53014685676181394  0.53848797136306081  0.54903767349594579
  0.56036324952269623  0.56820552632878241  0.57514172802279873  0.58107158687049043
  0.58735409430415275  0.59473090441914012  0.60474469875268333  0.61220860763483476
  0.61963717973878141  0.62911669537481474  0.64034995829082786  0.65164491329867091
  0.66269839491920557  0.67224933082012062  0.68070924548297651  0.68806374526775438
  0.69409482051024196  0.70006224327418665  0.70676348947975576  0.71473998113186410
  0.72319321890462995  0.72946174028085753  0.73722631489013812  0.74707805232950597
  0.75763856467982948  0.77099816761821216  0.78670029264656982  0.80055066210280290
  0.81426916423966045  0.82901120835057895  0.84110065603600004  0.85341794671180582
  0.86710859946338259  0.88089610372708715  0.89583410798795526  0.91268365591805400
  0.92786550626067310  0.94246156973307005  0.95538764705458734  0.96487037515965257
  0.97278933058042516  0.98182497878156361  0.99009075156332382  1.00000000000000000
  0.03401912805167599  0.18506208027300639  0.23541842096166532  0.27930502063013674
  0.30567756267135487  0.33995615090214887  0.37726683532398664  0.40839600268170684
  0.43150061381292765  0.45156037773667163  0.46999010800584656  0.48971470819214308
  0.50797700355517184  0.52182768238114663  0.52923277050497408  0.53671598921191166
  0.54466658356869546  0.55308833335777685  0.56142791960123994  0.56868155365943140
  0.57657322391940558  0.58493116315790150  0.59692345654929202  0.61165920445440358
  0.62432279599310081  0.63384876539824009  0.64246283889028022  0.65030081399415141
  0.65712629696990321  0.66433043661659219  0.67196267134071441  0.67946354630742578
  0.68703796233181125  0.69427482220481995  0.70077345950564696  0.70707436525511047
  0.71340146386921488  0.72056669698112474  0.72784184110927819  0.73440079884317500
  0.74035832857697281  0.74623084591349476  0.75284927151502301  0.76097826468897911
  0.76927934813009158  0.77525864031868008  0.77951250897844360  0.78496398199847839
  0.79058852877065311  0.79623609001514617  0.80171954635299814  0.80633712970061411
  0.80986972119450540  0.81375820003291077  0.81721730742031518  0.82121963816890819
  0.82627511571711554  0.83157989962430046  0.83671065754396146  0.84190745000829936
  0.84755636201170281  0.85287843858113255  0.85702864753897501  0.86040620168059423
  0.86340108496432078  0.86678284185306043  0.87060941548006454  0.87392679109308702
  0.87632514866135947  0.87856035611596828  0.88070254424429850  0.88274452596337249
  0.88580813313599749  0.88937877470390725  0.89275035367882183  0.89581599763829756
  0.89882665765569458  0.90209903894451338  0.90515660329941294  0.90765232096184123
  0.91030222820524265  0.91236575585410140  0.91415950140978586  0.91632702939038180
  0.91923095390425769  0.92271674029028683  0.92589842059301564  0.92906489174055873
  0.93242403640524718  0.93598229331270744  0.94018800634213451  0.94593325913578563
  0.95336485770556723  0.96342065753266870  0.97818011614432365  1.00000000000000000
 -0.02790344918293620  0.15482635095125918  0.21977701125772034  0.25218041382467449
  0.27515043377880771  0.29312780237838859  0.30920471477955402  0.32389718367122855
  0.33752679728096224  0.35130107613087797  0.36203632532111002  0.37275478596528444
  0.38250236709707014  0.39175216534533935  0.39962542741832241  0.40789713676270833
  0.41487175739878268  0.42024919167223573  0.42579352210554999  0.43103600667611219
  0.43609823071715914  0.44077405419372884  0.44459207831403941  0.44746723424757306
  0.45066585819242938  0.45455565090548433  0.45985664333590565  0.46469139718253483
  0.46881682837237537  0.47262014839704014  0.47625047542951143  0.48039269478910035
  0.48557937719265881  0.49141822665054763  0.49684433159960173  0.50174821692692129
  0.50665293435924885  0.51183435132136379  0.51709476358034134  0.52265798899176852
  0.52750446316626942  0.53197006813367520  0.53666031865514496  0.54081142336559584
  0.54465814727421935  0.54864525898712013  0.55264161307508652  0.55691661439090445
  0.56155370821387018  0.56631698495354654  0.57165472756904423  0.57592964536468483
  0.57977243739252693  0.58399039680193698  0.58931169517012616  0.59617821932508508
  0.60406605265837676  0.61162966165236210  0.61755925263274924  0.62253798401418725
  0.62706062420615549  0.63232945034665977  0.63807043518028272  0.64377556632696575
  0.64910729803232980  0.65415790375301908  0.65981414292131557  0.66599166075758054
  0.67286466753240093  0.67949232785869151  0.68607372232016672  0.69282700405875763
  0.69922795471458776  0.70509760646862085  0.71118022010429172  0.71654883746339493
  0.72206188617370937  0.72811687057646857  0.73394208540434958  0.73973771162681223
  0.74565820445440911  0.75218621436207167  0.75855180622257934  0.76529245258102874
  0.77291068838058752  0.78122762233158416  0.78805190257877566  0.79554408529163190
  0.80363651732933949  0.81180808137714522  0.81953711327589385  0.82857686450074064
  0.84011749720981155  0.85757942031863055  0.89596981545135057  1.00000000000000000
   3.8810519950491570E-013  -1.0000000000000000     
 F F F F F F F F F F F F F F F F F F F F F F F F F F F F F F F F F F F F F F F F F F F F F F F F F F F F F F F F F F F F F F F F F F F F F F F F F F F F F F F F F F F F F F F F F F F F F F F F F F F F F F F F F F F F F F F F F F F F F F F F F F F F F F F F F F F F F F F F F F F F F F F F F F F F F F F F F F F F F F F F F F F F F F F F F F F F F F F F F F F F F F F F F F F F F F F F T F F T F F F F F F F F T F F T F F F F F F F F F F F F F F F F F F F F F F F F F F F F F F F F F F F F F F F F F F F F F F F F F F F F F F F F F F F F F F F F F F F F F F F F F F F F F F F F F F F F F F F F F F F F F F F F F F F F F F F F F F F F F F F F F F F F F F F F F F F F F F F F F F F F F F F F F F F F F F F F F F F F F F F F F F F F F F F F F F F F F F F F F F F F F F F F F F F F F F F F F F F F F F F F F F F F F F F F F F F F F F F F F F F F F F F F F F F F F F F F F F F F F F F F F F F F F F F F T F F T F F F F F F F F T F F T F F F F F F F F F F F F F F F F F F F F F F F F F F F F F F F F F F F F F F F F F F F F F F F F
  <DiscreteSampler_grid>
  grouped_processes
  1 # 1 for a reference and 2 for a running grid.
  10 # Attribute 'min_bin_probing_points' of the grid.
  1 # Attribute 'grid_mode' of the grid. 1=='default',2=='initialization'
  0.0000000000000000 # Attribute 'small_contrib_threshold' of the grid.
  0.5000000000000000 # Attribute 'damping_power' of the grid.
 # binID   n_entries weight   weight_sqr   abs_weight
    199   10   6.400787342824209E-009   1.961301940276236E-016   6.400787342824209E-009
    200   10   6.400787342824112E-009   1.961301940276221E-016   6.400787342824112E-009
    202   10   6.400787342824209E-009   1.961301940276236E-016   6.400787342824209E-009
    203   10   6.400787342824112E-009   1.961301940276221E-016   6.400787342824112E-009
    205   10   8.261140637680647E-009   3.272627335137669E-016   8.261140637680647E-009
    206   10   8.261140637680671E-009   3.272627335137808E-016   8.261140637680671E-009
    208   10   8.261140637680647E-009   3.272627335137669E-016   8.261140637680647E-009
    209   10   8.261140637680671E-009   3.272627335137808E-016   8.261140637680671E-009
    211   10   3.437931828207048E-010   5.658120367068913E-019   3.437931828207048E-010
    212   10   3.437931828206995E-010   5.658120367068868E-019   3.437931828206995E-010
    214   10   3.437931828207048E-010   5.658120367068913E-019   3.437931828207048E-010
    215   10   3.437931828206995E-010   5.658120367068868E-019   3.437931828206995E-010
    217   10   4.437147621755783E-010   9.441136521876354E-019   4.437147621755783E-010
    218   10   4.437147621755793E-010   9.441136521876743E-019   4.437147621755793E-010
    220   10   4.437147621755783E-010   9.441136521876354E-019   4.437147621755783E-010
    221   10   4.437147621755793E-010   9.441136521876743E-019   4.437147621755793E-010
    223   10   3.437931828207048E-010   5.658120367068913E-019   3.437931828207048E-010
    224   10   3.437931828206995E-010   5.658120367068868E-019   3.437931828206995E-010
    226   10   3.437931828207048E-010   5.658120367068913E-019   3.437931828207048E-010
    227   10   3.437931828206995E-010   5.658120367068868E-019   3.437931828206995E-010
    229   10   4.437147621755783E-010   9.441136521876354E-019   4.437147621755783E-010
    230   10   4.437147621755793E-010   9.441136521876743E-019   4.437147621755793E-010
    232   10   4.437147621755783E-010   9.441136521876354E-019   4.437147621755783E-010
    233   10   4.437147621755793E-010   9.441136521876743E-019   4.437147621755793E-010
    235   10   6.400787342824209E-009   1.961301940276236E-016   6.400787342824209E-009
    236   10   6.400787342824112E-009   1.961301940276221E-016   6.400787342824112E-009
    238   10   6.400787342824209E-009   1.961301940276236E-016   6.400787342824209E-009
    239   10   6.400787342824112E-009   1.961301940276221E-016   6.400787342824112E-009
    241   10   8.261140637680647E-009   3.272627335137669E-016   8.261140637680647E-009
    242   10   8.261140637680671E-009   3.272627335137808E-016   8.261140637680671E-009
    244   10   8.261140637680647E-009   3.272627335137669E-016   8.261140637680647E-009
    245   10   8.261140637680671E-009   3.272627335137808E-016   8.261140637680671E-009
    247   10   3.437931828207048E-010   5.658120367068914E-019   3.437931828207048E-010
    248   10   3.437931828206995E-010   5.658120367068872E-019   3.437931828206995E-010
    250   10   3.437931828207048E-010   5.658120367068914E-019   3.437931828207048E-010
    251   10   3.437931828206995E-010   5.658120367068872E-019   3.437931828206995E-010
    253   10   4.437147621755783E-010   9.441136521876356E-019   4.437147621755783E-010
    254   10   4.437147621755793E-010   9.441136521876750E-019   4.437147621755793E-010
    256   10   4.437147621755783E-010   9.441136521876356E-019   4.437147621755783E-010
    257   10   4.437147621755793E-010   9.441136521876750E-019   4.437147621755793E-010
    259   10   1.846550216771302E-011   1.632299720446464E-021   1.846550216771302E-011
    260   10   1.846550216771274E-011   1.632299720446452E-021   1.846550216771274E-011
    262   10   1.846550216771302E-011   1.632299720446464E-021   1.846550216771302E-011
    263   10   1.846550216771274E-011   1.632299720446452E-021   1.846550216771274E-011
    265   10   2.383239782585347E-011   2.723654412700119E-021   2.383239782585347E-011
    266   10   2.383239782585354E-011   2.723654412700234E-021   2.383239782585354E-011
    268   10   2.383239782585347E-011   2.723654412700119E-021   2.383239782585347E-011
    269   10   2.383239782585354E-011   2.723654412700234E-021   2.383239782585354E-011
    271   10   1.846550216771302E-011   1.632299720446464E-021   1.846550216771302E-011
    272   10   1.846550216771274E-011   1.632299720446452E-021   1.846550216771274E-011
    274   10   1.846550216771302E-011   1.632299720446464E-021   1.846550216771302E-011
    275   10   1.846550216771274E-011   1.632299720446452E-021   1.846550216771274E-011
    277   10   2.383239782585347E-011   2.723654412700119E-021   2.383239782585347E-011
    278   10   2.383239782585354E-011   2.723654412700234E-021   2.383239782585354E-011
    280   10   2.383239782585347E-011   2.723654412700119E-021   2.383239782585347E-011
    281   10   2.383239782585354E-011   2.723654412700234E-021   2.383239782585354E-011
    283   10   3.437931828207048E-010   5.658120367068914E-019   3.437931828207048E-010
    284   10   3.437931828206995E-010   5.658120367068872E-019   3.437931828206995E-010
    286   10   3.437931828207048E-010   5.658120367068914E-019   3.437931828207048E-010
    287   10   3.437931828206995E-010   5.658120367068872E-019   3.437931828206995E-010
    289   10   4.437147621755783E-010   9.441136521876356E-019   4.437147621755783E-010
    290   10   4.437147621755793E-010   9.441136521876750E-019   4.437147621755793E-010
    292   10   4.437147621755783E-010   9.441136521876356E-019   4.437147621755783E-010
    293   10   4.437147621755793E-010   9.441136521876750E-019   4.437147621755793E-010
    295   10   3.437931828207048E-010   5.658120367068914E-019   3.437931828207048E-010
    296   10   3.437931828206995E-010   5.658120367068872E-019   3.437931828206995E-010
    298   10   3.437931828207048E-010   5.658120367068914E-019   3.437931828207048E-010
    299   10   3.437931828206995E-010   5.658120367068872E-019   3.437931828206995E-010
    301   10   4.437147621755783E-010   9.441136521876356E-019   4.437147621755783E-010
    302   10   4.437147621755793E-010   9.441136521876750E-019   4.437147621755793E-010
    304   10   4.437147621755783E-010   9.441136521876356E-019   4.437147621755783E-010
    305   10   4.437147621755793E-010   9.441136521876750E-019   4.437147621755793E-010
    307   10   1.846550216771302E-011   1.632299720446464E-021   1.846550216771302E-011
    308   10   1.846550216771274E-011   1.632299720446452E-021   1.846550216771274E-011
    310   10   1.846550216771302E-011   1.632299720446464E-021   1.846550216771302E-011
    311   10   1.846550216771274E-011   1.632299720446452E-021   1.846550216771274E-011
    313   10   2.383239782585347E-011   2.723654412700119E-021   2.383239782585347E-011
    314   10   2.383239782585354E-011   2.723654412700234E-021   2.383239782585354E-011
    316   10   2.383239782585347E-011   2.723654412700119E-021   2.383239782585347E-011
    317   10   2.383239782585354E-011   2.723654412700234E-021   2.383239782585354E-011
    319   10   1.846550216771302E-011   1.632299720446464E-021   1.846550216771302E-011
    320   10   1.846550216771274E-011   1.632299720446452E-021   1.846550216771274E-011
    322   10   1.846550216771302E-011   1.632299720446464E-021   1.846550216771302E-011
    323   10   1.846550216771274E-011   1.632299720446452E-021   1.846550216771274E-011
    325   10   2.383239782585347E-011   2.723654412700119E-021   2.383239782585347E-011
    326   10   2.383239782585354E-011   2.723654412700234E-021   2.383239782585354E-011
    328   10   2.383239782585347E-011   2.723654412700119E-021   2.383239782585347E-011
    329   10   2.383239782585354E-011   2.723654412700234E-021   2.383239782585354E-011
    331   10   3.437931828207048E-010   5.658120367068914E-019   3.437931828207048E-010
    332   10   3.437931828206995E-010   5.658120367068872E-019   3.437931828206995E-010
    334   10   3.437931828207048E-010   5.658120367068914E-019   3.437931828207048E-010
    335   10   3.437931828206995E-010   5.658120367068872E-019   3.437931828206995E-010
    337   10   4.437147621755783E-010   9.441136521876356E-019   4.437147621755783E-010
    338   10   4.437147621755793E-010   9.441136521876750E-019   4.437147621755793E-010
    340   10   4.437147621755783E-010   9.441136521876356E-019   4.437147621755783E-010
    341   10   4.437147621755793E-010   9.441136521876750E-019   4.437147621755793E-010
    343   10   6.400787342824209E-009   1.961301940276236E-016   6.400787342824209E-009
    344   10   6.400787342824112E-009   1.961301940276221E-016   6.400787342824112E-009
    346   10   6.400787342824209E-009   1.961301940276236E-016   6.400787342824209E-009
    347   10   6.400787342824112E-009   1.961301940276221E-016   6.400787342824112E-009
    349   10   8.261140637680647E-009   3.272627335137669E-016   8.261140637680647E-009
    350   10   8.261140637680671E-009   3.272627335137808E-016   8.261140637680671E-009
    352   10   8.261140637680647E-009   3.272627335137669E-016   8.261140637680647E-009
    353   10   8.261140637680671E-009   3.272627335137808E-016   8.261140637680671E-009
    355   10   3.437931828207048E-010   5.658120367068913E-019   3.437931828207048E-010
    356   10   3.437931828206995E-010   5.658120367068868E-019   3.437931828206995E-010
    358   10   3.437931828207048E-010   5.658120367068913E-019   3.437931828207048E-010
    359   10   3.437931828206995E-010   5.658120367068868E-019   3.437931828206995E-010
    361   10   4.437147621755783E-010   9.441136521876354E-019   4.437147621755783E-010
    362   10   4.437147621755793E-010   9.441136521876743E-019   4.437147621755793E-010
    364   10   4.437147621755783E-010   9.441136521876354E-019   4.437147621755783E-010
    365   10   4.437147621755793E-010   9.441136521876743E-019   4.437147621755793E-010
    367   10   3.437931828207048E-010   5.658120367068913E-019   3.437931828207048E-010
    368   10   3.437931828206995E-010   5.658120367068868E-019   3.437931828206995E-010
    370   10   3.437931828207048E-010   5.658120367068913E-019   3.437931828207048E-010
    371   10   3.437931828206995E-010   5.658120367068868E-019   3.437931828206995E-010
    373   10   4.437147621755783E-010   9.441136521876354E-019   4.437147621755783E-010
    374   10   4.437147621755793E-010   9.441136521876743E-019   4.437147621755793E-010
    376   10   4.437147621755783E-010   9.441136521876354E-019   4.437147621755783E-010
    377   10   4.437147621755793E-010   9.441136521876743E-019   4.437147621755793E-010
    379   10   6.400787342824209E-009   1.961301940276236E-016   6.400787342824209E-009
    380   10   6.400787342824112E-009   1.961301940276221E-016   6.400787342824112E-009
    382   10   6.400787342824209E-009   1.961301940276236E-016   6.400787342824209E-009
    383   10   6.400787342824112E-009   1.961301940276221E-016   6.400787342824112E-009
    385   10   8.261140637680647E-009   3.272627335137669E-016   8.261140637680647E-009
    386   10   8.261140637680671E-009   3.272627335137808E-016   8.261140637680671E-009
    388   10   8.261140637680647E-009   3.272627335137669E-016   8.261140637680647E-009
    389   10   8.261140637680671E-009   3.272627335137808E-016   8.261140637680671E-009
  </DiscreteSampler_grid>
