  0.00000047808458358  0.00000091542050081  0.00000146981215518  0.00000203951367188
  0.00000270418871178  0.00000346934969028  0.00000437793993136  0.00000550781794808
  0.00000676012603213  0.00000814876425615  0.00000938371821073  0.00001043863232283
  0.00001126583241885  0.00001206057990168  0.00001288181792802  0.00001380174685827
  0.00001485661853015  0.00001598188754270  0.00001719412729429  0.00001845734019860
  0.00001965226258783  0.00002078539890597  0.00002206372074639  0.00002327670105778
  0.00002441854632858  0.00002535173503832  0.00002609172443678  0.00002684864684132
  0.00002755043792409  0.00002822259918302  0.00002890207294083  0.00002951858144412
  0.00003005993134930  0.00003053321454734  0.00003097057761281  0.00003149147204374
  0.00003205081012101  0.00003259429217101  0.00003312344199483  0.00003351967672679
  0.00003387127051883  0.00003419547809237  0.00003447414032056  0.00003479321878504
  0.00003513141968415  0.00003547464139518  0.00003582787096492  0.00003619385319039
  0.00003658429182664  0.00003722267646327  0.00004575294942172  0.00006184405475130
  0.00006314426178248  0.00006431865586684  0.00006542115027450  0.00006642487481141
  0.00006749274717513  0.00006861993443894  0.00006977889342366  0.00007091076942403
  0.00007201408051276  0.00007317862882607  0.00007440745530356  0.00007587729028569
  0.00007769201216598  0.00007952838765331  0.00008187674111525  0.00008444445334496
  0.00008733982730143  0.00009080799113630  0.00009455903111362  0.00009881511071181
  0.00010339348369045  0.00010874025948159  0.00011458934446718  0.00012163269525493
  0.00012906440097264  0.00013695109732555  0.00014604185566112  0.00015794349593007
  0.00017284634048117  0.00019022200869464  0.00020919307337035  0.00023297315657955
  0.00026471928368918  0.00030904294427709  0.00036524323959791  0.00042953275411393
  0.00050073463206339  0.00058283351414154  0.00069769999782436  0.00084906503293840
  0.00103515053005525  0.00130372732266523  0.00159200272484496  1.00000000000000000
  0.02185830153906110  0.03573530409965703  0.04637102613720308  0.05530457124664269
  0.06424477100144939  0.07251344308900164  0.08084717811900685  0.08963835757803996
  0.09769167326843539  0.10580499592604421  0.11493856409355772  0.12352593921070654
  0.13384665482637331  0.14546435310937594  0.15828302470719491  0.17064488965963584
  0.17968503161697191  0.18775378853529071  0.19692835559529534  0.20757876836703237
  0.21739252642829690  0.22646369083433016  0.23709921571436149  0.24969555323886164
  0.26241597140786305  0.27576591777828957  0.28767419776594344  0.29862026764513289
  0.30924893795269265  0.32025607360561625  0.33227205418307088  0.34488755962353207
  0.35772024884391679  0.36875448360094487  0.37780957399388737  0.38639637474737643
  0.39436930459845682  0.40273717161569306  0.41169580979857384  0.42074284997990002
  0.43091816341049449  0.44226467766100630  0.45360981100321890  0.46524230874969780
  0.47333134899946305  0.48223496488113160  0.49093580171096096  0.49915245114920248
  0.50729473254178659  0.51427386921460383  0.52079011940560216  0.52775332281344589
  0.53532515481784704  0.54313084476020623  0.55057351980726155  0.55749469241507499
  0.56725963417800573  0.57927702305771001  0.59130109320037594  0.60349789628478623
  0.61453445256951988  0.62497691906399877  0.63479510979067277  0.64287382220855305
  0.65313207684228292  0.66341422975867237  0.67519023334285044  0.68747282232063689
  0.69729145180344809  0.70714209416253460  0.71675524365004650  0.72684676123648384
  0.73747330798981270  0.74937922715955674  0.76354830856332467  0.77711244986614314
  0.78963370037809288  0.80361702307719152  0.82004174763933046  0.82973528193381951
  0.83655638398423626  0.84522790246486534  0.85411310408932661  0.86232121928285210
  0.87107653205020608  0.88075424689243254  0.89047570926821296  0.89956316924147839
  0.91120007668143310  0.92295145308183324  0.93435949578906197  0.94595870877058763
  0.95650981030742488  0.96622740161276344  0.97112599079440542  1.00000000000000000
  0.00979853382028364  0.01399390682101566  0.01983756332812946  0.02796896878974947
  0.03889645941455825  0.05239864812164689  0.06969281465873434  0.08568873705419237
  0.10109076997934466  0.11490632139017649  0.12692385891817140  0.13761186486831140
  0.14793961748376641  0.15768732350502293  0.16824527611283085  0.17969604397753661
  0.19168868209285511  0.20329546051910066  0.21241638581977784  0.22099039639183335
  0.22921783481170360  0.23749483569815150  0.24760827865959684  0.25644137207335443
  0.26498369594949328  0.27272225195431865  0.28013951947443261  0.28736346907213495
  0.29540807568169825  0.30363011782700300  0.31243246260268465  0.32309212579817476
  0.33335175608612294  0.34289201875045311  0.35260330519873839  0.36288930629828653
  0.37285209071409181  0.38103428007483520  0.38867059520633945  0.39577863138503111
  0.40545342686031988  0.41617075049755703  0.42759174987540605  0.43801509380281706
  0.44664049569905251  0.45580729024263889  0.46601635434935196  0.47782612214992176
  0.48870542502113545  0.49819458354090373  0.50823572479822654  0.51763613680780229
  0.52723859661783068  0.53817723157183828  0.54996145890997850  0.56449262043242876
  0.57821877208762440  0.58878780271076014  0.59858079161268685  0.60910222821559290
  0.62096592050026278  0.63213041493921995  0.64090417755143725  0.64979584027208248
  0.65935076392547953  0.67148964869248162  0.68584718554933122  0.70114105063392118
  0.71647814722383307  0.73089067054229906  0.74517587637522076  0.75253881259446387
  0.75921264383724318  0.76615561391476528  0.77447484908767417  0.78314001753431894
  0.79174506364368125  0.80076024263783829  0.80997000476269210  0.81952223203882457
  0.82884778059392805  0.83901995178497735  0.84985018347880692  0.86043427304457876
  0.87029931914692138  0.88226739274391519  0.89461688063585698  0.90650044108504002
  0.91776454779836936  0.92924536620740783  0.94163993932337009  0.95638119501279240
  0.97092150832349211  0.98289092161956959  0.99096076378743547  1.00000000000000000
  0.00240847309737029  0.01637201196008937  0.02972569161128448  0.04213352250122377
  0.05115477437690099  0.06120457255684006  0.07093460640951074  0.08159730513729717
  0.09034501670686572  0.09886239362440402  0.10794391425248516  0.11694112289917601
  0.12820389078407798  0.14008093913573941  0.15171569849113803  0.16190608014776633
  0.17287997600252658  0.18320801502332684  0.19240492580186980  0.20226234732837498
  0.21249176734244588  0.22274460384944861  0.23201840543695337  0.23931701357068422
  0.24622333020062670  0.25354141611709852  0.26209414957191840  0.27180421456656684
  0.28129827095742643  0.29006084735680948  0.29760957757903067  0.30499349542190679
  0.31181454927627766  0.31796967680725041  0.32460761559136170  0.33258714380021109
  0.34150769250253932  0.34923373229991761  0.35686524933466429  0.36657509511324060
  0.37777032737895094  0.38999311105656043  0.40268900730125701  0.41466166811329597
  0.42669392489552377  0.43852246496340719  0.45005619154019483  0.46224700142446490
  0.47488514133370391  0.48803471164380402  0.50252257220769214  0.51623469664764110
  0.53054500227560952  0.54605946401089867  0.56065130606685321  0.57359387582800847
  0.58567720283386893  0.59602323441512550  0.60757196330411922  0.62038130334274166
  0.63407525587773894  0.64970793274623806  0.66384130199516578  0.67734180384321852
  0.69142977320914589  0.70553291390938100  0.71667436060854273  0.72642979862415846
  0.73487714014258165  0.74345936421336201  0.75149462129278655  0.75963979723666430
  0.76888288406442784  0.77845381382514700  0.78784725817410284  0.79673868399683578
  0.80420170500380306  0.81312109964444268  0.82207796650197540  0.83312942684535696
  0.84422445122664347  0.85446866717590275  0.86486102096195239  0.87550178120241096
  0.88710717723021038  0.89819837354378862  0.90823139684027654  0.91748239075478599
  0.92539186235769366  0.93253180593942608  0.93989962557063000  0.94855688000067406
  0.96081999192448386  0.97315056920311427  0.98296725996552881  1.00000000000000000
 -0.00032360447951251  0.00209218165955428  0.00358209145845292  0.00556270482321236
  0.00758926474516235  0.00980016793912587  0.01292212195029068  0.01637501987661287
  0.02042079116420240  0.02456935642812019  0.02827802964316812  0.03250086669444796
  0.03637664494982901  0.04040825646834286  0.04475225008697002  0.05015770568956557
  0.05642786647897065  0.06190741374860668  0.06736422421567435  0.07359218627577330
  0.08004462368120678  0.08666416204804193  0.09279066248330517  0.09932261750042726
  0.10497563866891239  0.11187218154683008  0.11991667787346404  0.12656363567350187
  0.13285154319223511  0.13928694632262806  0.14523591051568616  0.15170893473538091
  0.16002094158439600  0.16896997242062647  0.17718279124821049  0.18339811542911841
  0.18907760071960408  0.19545601646171454  0.20283992416013913  0.21054931802578888
  0.21940539435672043  0.23029135464728148  0.24025770568296620  0.24971583489184201
  0.25804538749867900  0.26594941880889139  0.27437338925184868  0.28397114862497014
  0.29478923344768765  0.30664259613603079  0.31819964079367152  0.32732903782777611
  0.33497043309706515  0.34205596587143244  0.34860632340756009  0.35492064195129941
  0.36258042150881864  0.37109300510440435  0.38091966296840862  0.39257497105236311
  0.40504467379818893  0.41759657632901354  0.43082389507466368  0.44486025890214675
  0.45964117857031589  0.47495114197497840  0.49098023975169330  0.50692792608997039
  0.52278561300033832  0.54084603335032733  0.55947680784285703  0.57750120013294248
  0.59495981839900991  0.61247682804883596  0.62948556513540466  0.64787439884646825
  0.66696991076597489  0.68569924280517791  0.70351429534437349  0.72168876731866105
  0.74082891652753236  0.75960101349542675  0.77918783384092571  0.79882374017478397
  0.81705664796073230  0.83447631231287300  0.85028221940320092  0.86496924895351623
  0.88178542544099114  0.89791616387463147  0.91342932987454972  0.93013186000095993
  0.94689816206539124  0.96329983758830207  0.98118728699753410  1.00000000000000000
 -0.00240723852419558  0.01034704105583339  0.02254206393916016  0.03193384405233494
  0.04212760304150296  0.05227150075992106  0.06171545402664784  0.07396162849044580
  0.08603865027094999  0.09621621799529376  0.10672460742070952  0.11574534025174947
  0.12403490753903974  0.13354191200205642  0.14619413408995965  0.16050008202818908
  0.17569555393028627  0.18934621548054545  0.20281261676238324  0.21664959675449813
  0.23024525611674232  0.23960234337043215  0.24880833794593918  0.25766556042280198
  0.26739369856083167  0.27648825136513461  0.28570638321574704  0.29488765603389955
  0.30339403845699064  0.31124370393568646  0.31953006181072729  0.32895821247790824
  0.33753799270860740  0.34625323117731277  0.35501122341106983  0.36476489518321487
  0.37367642356981912  0.38240152419333745  0.39223968454764918  0.40228448909077524
  0.41215434026067010  0.42286568773458777  0.43502574233824848  0.44874616161122999
  0.46226306475851203  0.47331108940314198  0.48306939338992150  0.49570631900627804
  0.50580847198042567  0.51647830451629251  0.52777549116579103  0.53740671749213564
  0.54568474042160109  0.55456765710770339  0.56478802226957658  0.57601943920040199
  0.58826413880855599  0.60011854921355245  0.61142655935937773  0.62123041972831428
  0.62882801417220913  0.63517229036931500  0.64258281438663434  0.65125971645077307
  0.66134854476146154  0.67110753865918527  0.68066818546204266  0.69089874254039241
  0.70098342435466510  0.71061613606036822  0.71997422669695710  0.72978476837035244
  0.74090100958819816  0.75375461950860856  0.76348745948303920  0.77268042333854237
  0.78166721330917688  0.79049220874776283  0.80075285610190050  0.81165842310572678
  0.82158001861796071  0.82997841328146749  0.83923371173115280  0.84891808042353289
  0.86283203017642496  0.88017196695127697  0.89483219793037760  0.90649104729844221
  0.91673035106788336  0.92691743981728725  0.93776646788514018  0.94934864505835537
  0.96234227541364326  0.97444273024258643  0.98779068314164598  1.00000000000000000
 -0.00394883063791125  0.01325720657443171  0.02501107945243036  0.03370345822599710
  0.04182013257510313  0.04910640496701967  0.05599967535157931  0.06331958504570304
  0.07162276297689021  0.08060704915264894  0.08983616526257573  0.09910310875788277
  0.10700125439593174  0.11420662754319851  0.12154414030386826  0.12920800502080090
  0.13863333657517571  0.14785283504518323  0.15749038032362944  0.16703203303429892
  0.17594023645063964  0.18530850874617000  0.19463034720423081  0.20411558336120877
  0.21338662529091451  0.22166306480689218  0.23024616547960219  0.24012409313026212
  0.24922797954534381  0.25760165791071082  0.26656480420559386  0.27511447623256818
  0.28597463706039183  0.29781705431216365  0.31431442742722815  0.32883098363980862
  0.34091681245445793  0.35100045479120512  0.36126790974473122  0.36868501571421219
  0.37726859664432583  0.38669759800375936  0.39491618506137321  0.40356951364856725
  0.41429564822237447  0.42377030263874954  0.43223367742316099  0.43922907015404200
  0.44658978765209534  0.45607372329636198  0.46949949387138690  0.48579147735557804
  0.50173995684003414  0.51494587687911364  0.52904787435413059  0.54291968513878563
  0.55588605069972241  0.56614096000293201  0.57579470213232464  0.58560185923846775
  0.59361603672942298  0.60531377242701623  0.61850219203327006  0.63297145121467757
  0.64530859568633381  0.65503445165958729  0.66402303914195160  0.67315910697200743
  0.68439622375149556  0.69534588910856010  0.70580780291919121  0.71551271162266294
  0.72605979450628522  0.73707381281490947  0.74748229205988159  0.75903728953091187
  0.77046470955206647  0.78395028616022666  0.79724871484287596  0.81032225845234940
  0.82202477049189016  0.83381918580072134  0.84564076149128009  0.85816556428666624
  0.87172877663417569  0.88432384734538205  0.89585963048911599  0.90741417802545310
  0.92069816830633444  0.93316677628790712  0.94369960939055109  0.95244497149233032
  0.96108804155160421  0.97250405022992914  0.98486178465301055  1.00000000000000000
 -0.00217174854829604  0.01106902441066186  0.02231592984573506  0.03505383008203449
  0.04882753029622099  0.06184309123945961  0.07829763661063541  0.09205206907285463
  0.10516337559472734  0.11698728983729621  0.12669139412807215  0.13681619512243282
  0.14776230958386177  0.16147376727596147  0.17260265925462701  0.18182818247831548
  0.19013569551773796  0.19873166499678122  0.20811763646577558  0.21746402127821149
  0.22624401604070149  0.23666986584123295  0.24673568062510282  0.25826218578229432
  0.27222268378495079  0.28875767812458458  0.30627771965125256  0.32084473855168494
  0.33282415192236353  0.34548889541223315  0.35496688784960562  0.36368123050768980
  0.37250507297329172  0.38224758781883778  0.39220931810861404  0.40173759448582186
  0.41057172402228326  0.42091801952410896  0.43098364959562058  0.44132684413360140
  0.45223719084652730  0.46294036020963425  0.47405351131657453  0.48505745564026037
  0.49635907621500153  0.50703510257403772  0.51702947392564136  0.52515740503775554
  0.53232825795960281  0.54054837172899850  0.54961620634165032  0.55942868299616877
  0.56937610239267744  0.57934929474805508  0.58983514780742607  0.60009198716792966
  0.60932863310092500  0.61818673593871165  0.62679910195443633  0.63760545651483080
  0.64741616404603097  0.65866571905997306  0.66955846810350428  0.68021443846334373
  0.69151296020736386  0.70272268370388657  0.71454884472147651  0.72626103044150725
  0.73911595180159950  0.75086499677493257  0.76181333186841127  0.77153712818214737
  0.77864932129778464  0.78623322865371270  0.79333364181951904  0.79957232615876128
  0.80595125806143997  0.81241520247037591  0.81907986172517333  0.82652593194540502
  0.83394289807334609  0.84263599859378857  0.85401215568192046  0.86682853965256590
  0.87946671110200891  0.89142499912800377  0.90264434771233626  0.91409859418642359
  0.92544152182280004  0.93616041413177020  0.94729747919807061  0.95855842288376214
  0.96919588849689364  0.98035725900601889  0.98989825757970462  1.00000000000000000
 -0.00236022981660078  0.01132328350539543  0.02291725133105262  0.03413987174209204
  0.04528824879239362  0.05789710684548830  0.06819989015797615  0.07376339190372874
  0.07960071416645165  0.08621480215437027  0.09382194261685740  0.10489693341977964
  0.11647430455936553  0.12573789988273729  0.13641255190187546  0.14744140324059038
  0.15971756906649284  0.17125930285581834  0.18206653978647208  0.19345762216199799
  0.20466198997368973  0.21386883130691026  0.22063925010476385  0.22908156046180397
  0.23762160162943397  0.24651440270475253  0.25608013122550710  0.26525953903367361
  0.27498828809672626  0.28555247198800704  0.29590188820119923  0.30660204150073556
  0.31740639656204489  0.32897836016338716  0.33980631972461395  0.35037363173293745
  0.36207109368907936  0.37648141958307085  0.39098044454146325  0.40561483733330822
  0.41936343696555439  0.42885874831033460  0.43789907552440949  0.44657750914616356
  0.45687061437862070  0.46566337625191134  0.47513296944119437  0.48472102991837362
  0.49599112420210828  0.50908177462298021  0.52197099665815538  0.53249523708179314
  0.54071441826117150  0.54912878491163564  0.55734880197528658  0.56586054837843003
  0.57459393061608510  0.58403213671044751  0.59345587062552263  0.60437418000254617
  0.61682739505110895  0.63031471999571131  0.64461397321590141  0.65698572193773586
  0.66871404834402892  0.68051297987079062  0.69313198687430677  0.70655911787320314
  0.72004004837416613  0.73057042426603258  0.73863758213643593  0.74676613791263868
  0.75660623297793816  0.76557265986320355  0.77460544363671180  0.78364945736396796
  0.79262273084038437  0.80386018530637038  0.81643270866146189  0.82858688419083237
  0.84135004050948181  0.85364848367284873  0.86547812617157949  0.87720009039836266
  0.88739608946608717  0.89575762559327876  0.90477338876077718  0.91414750731859118
  0.92452247062320636  0.93790611785818778  0.95007842968760103  0.96141239657455069
  0.97063732893501864  0.98209682131783094  0.99110174694801623  1.00000000000000000
 -0.00405663795869330  0.00971703535442912  0.02194947513727079  0.03338056135360808
  0.04742063250917343  0.05944147409988643  0.07132639450917728  0.08132248175154481
  0.08947143593747858  0.09622219941618126  0.10210799903583877  0.10789055290261335
  0.11576910602841789  0.12745846803588434  0.13925274786945244  0.15127805680051162
  0.16334576709561066  0.17785996864683606  0.19018304083993817  0.20250242358838821
  0.21509091183264245  0.22819068029666406  0.24002784270743419  0.25192276404363684
  0.26453517084167227  0.27534693568529983  0.28717098337529889  0.29830309253281506
  0.30974719031371162  0.32015356290125857  0.33148447856198726  0.34283776855566600
  0.35475915237970423  0.36945554571705935  0.38429602523425183  0.40099651592097413
  0.41697763476262706  0.42971519212630815  0.44189323686896498  0.45266897609046974
  0.46217472882846028  0.47155919611924885  0.48021258035884817  0.48791287881549561
  0.49516601637495189  0.50340603964163444  0.51458878546828857  0.52481144001162572
  0.53280256898531186  0.53948195744467364  0.54657244523618120  0.55497492581837560
  0.56329886280265240  0.57107262974600215  0.57854526544720464  0.58904761340677392
  0.59814738021472680  0.60659327878491232  0.61384927402872513  0.62228338613490286
  0.63175855522475111  0.64413467187436602  0.65862045753093290  0.67169787793654978
  0.68391436095192992  0.69481693722763682  0.70596161033685434  0.71568361149351867
  0.72424320386033814  0.73221511711395393  0.74061745581053118  0.75033789952206431
  0.76315377948729535  0.77643636771174585  0.78911259393259192  0.80140059702087363
  0.81275550149751452  0.82396035678340163  0.83640149858793100  0.84821090878130700
  0.86074472558545734  0.87311415090172162  0.88893139640635266  0.90064838817103787
  0.91016770553134663  0.91984134428843545  0.92700366831358627  0.93418028714261903
  0.94150272406858138  0.94857520418560681  0.95534806990585497  0.96299919084479635
  0.97163387896809017  0.98027641545343480  0.98942112011699290  1.00000000000000000
 -0.00118663149991523  0.00551617639083699  0.01252014401817300  0.01956439316114714
  0.02646411474986821  0.03305119075850366  0.04145965999493765  0.04954836481000838
  0.05901098504301331  0.06866245951449987  0.07836718166426924  0.08821978100990462
  0.09915032894964340  0.10989171545930312  0.12003320230609349  0.12957912771180696
  0.13839643673157864  0.14688109793819534  0.15568737661004906  0.16326806484325154
  0.17012580642337941  0.17669488286903839  0.18370136420151131  0.19116943067726774
  0.19845358066460517  0.20583234335230996  0.21409141831533773  0.22315067228283400
  0.23352168046970886  0.24453027839970781  0.25515985155837440  0.26608932062321555
  0.27836715737982554  0.29302616879221449  0.30786369561185423  0.32431453692412526
  0.33803892892067738  0.35046969408608969  0.36235000425561165  0.37456212634835900
  0.38744140779018166  0.40024179088071626  0.41506859704057730  0.43022192432655804
  0.44621089865789954  0.46219024495056288  0.47850599323920412  0.49301426148283972
  0.50727424295054691  0.51990642300487122  0.53092848753669031  0.54056110175734673
  0.55034069205543390  0.56110422149598316  0.57162826332007377  0.58302150849898904
  0.59426424345272943  0.60476307880856539  0.61584268446524704  0.62833693235646304
  0.64416177277113384  0.65933002233255722  0.67288607154688074  0.68526982653473534
  0.69727701883742021  0.70916693433255451  0.72132364297770257  0.73337364513794778
  0.74597164644784530  0.75648436530709207  0.76589289014384598  0.77459522936865222
  0.78377281714220393  0.79305044850280593  0.80430795739471506  0.81768006604739185
  0.82698242851701809  0.83474834901688100  0.84223689953374803  0.85115490178761455
  0.85915788316141073  0.86608016672875121  0.87338518842330892  0.88197653218006966
  0.89161508304878367  0.90179266051230189  0.91320232729385697  0.92412075112605863
  0.93388065333955006  0.94351916863698138  0.95339994696985808  0.96241906997510585
  0.97050297397017438  0.97894276347437903  0.98917980692958807  1.00000000000000000
 -0.00295381192487287  0.01206865014099373  0.02261933083611854  0.03339329509175152
  0.04442490900893575  0.05672417362915779  0.06684815510296793  0.07464089511963744
  0.08338111256920581  0.09288825520979720  0.10240113948244114  0.11185649162499206
  0.12089736115139019  0.12995340324527821  0.14000014266116811  0.15264571548142306
  0.16527684213313534  0.17381810129061376  0.18119122773547811  0.18896075751515254
  0.19646187741354457  0.20316665009064655  0.21069687306158114  0.22018734621658839
  0.22817222700836653  0.23736531744000125  0.24868341782152278  0.25984213416176061
  0.27091368845014174  0.28172879278093382  0.29276468819665930  0.30492512340661476
  0.31663403167753007  0.32770878410611720  0.33865859135248821  0.35006276279874488
  0.35864662276278658  0.36668355024043131  0.37446051132669139  0.38210644869152044
  0.39334552014267177  0.40376119474617833  0.41405208633567664  0.42658113876777587
  0.44011025678669707  0.45382783928543308  0.46675892558499743  0.48004734708902558
  0.49487162366610798  0.50606787589096536  0.51691715469733113  0.52555480751606964
  0.53403423132040384  0.54526099903604464  0.55869717139546604  0.57018237190124632
  0.58328654595953233  0.59397849930921598  0.60599419260024390  0.61931731812023827
  0.63383328144960449  0.64833241463870639  0.66348072510279599  0.67364397586929214
  0.68238661340659834  0.69101834521179650  0.69996460401468708  0.71088534500863731
  0.72325695527193989  0.73561657833544569  0.74656473519925004  0.75656909821535201
  0.76583318839993630  0.77492011651288872  0.78522356629965750  0.79760544358276808
  0.81104808347467916  0.82178750504416154  0.83147659734369950  0.83968385973044690
  0.84659842603910029  0.85476946282201627  0.86285931508834823  0.87218516563184234
  0.88314512013278312  0.89324666489564530  0.90368054723852054  0.91554643219241139
  0.92746072521436473  0.93750523072774961  0.94654786166391536  0.95569241359836621
  0.96603442027673869  0.97737965999742793  0.98789604510002393  1.00000000000000000
 -0.00725727591962901  0.03467028728316324  0.06019325849646984  0.07557565369802642
  0.08758951310740462  0.09836312827471487  0.10796956033617272  0.11734559932341602
  0.12666317642454644  0.14073812905914229  0.15572409415714492  0.16891252386183325
  0.18009499181823652  0.19243928123329038  0.20590967611935246  0.21604625219219001
  0.22435246519997712  0.23390201084458018  0.24654246835197577  0.25968687711334765
  0.27193980651180072  0.28562232361241080  0.29983269371526433  0.31398482550818413
  0.32819635370204808  0.34002121658898354  0.35060344062448523  0.35993799051180736
  0.36767859515765072  0.37406767893185344  0.37959519201353986  0.38427630984833488
  0.38978402999585482  0.39527296126379280  0.40115940648154386  0.40792238455524427
  0.41481223265048373  0.42297479093724033  0.43126477870757857  0.43961309906607443
  0.44824714068287219  0.45724392711898076  0.46607571488571281  0.47449376552147643
  0.48309804822848412  0.49194986971301491  0.50114418471862809  0.51067039350353705
  0.52033765915542751  0.52983344218184514  0.53868967014433533  0.54691821599209234
  0.55576366960650136  0.56537749078767596  0.57712679631402330  0.58820825675509569
  0.59430510815679849  0.59997578219156555  0.60577486245182788  0.61192822735511576
  0.61925999036455326  0.62768009191389418  0.63528774023397006  0.64242309286442656
  0.64927983940080403  0.65546541069830633  0.66240985305871147  0.66971522732884037
  0.67793418811769302  0.69095177026005605  0.70511343176290764  0.71922754780820364
  0.73182271271194577  0.74185907677911966  0.75171154882547930  0.76183445847664277
  0.77221421837567727  0.78246252849762710  0.79253961931209294  0.80817367230255099
  0.81780998572778552  0.82540858980238885  0.83079173128882600  0.83657461085547158
  0.84272030634433881  0.85107512558622822  0.85971454488877108  0.86815483616709777
  0.87346453378957123  0.88022572341705108  0.88830326792752812  0.89891057932111962
  0.91716870208733414  0.94117586749099158  0.96831271720993772  1.00000000000000000
 -0.00333011591889116  0.01449269021562934  0.02892045641665688  0.04077775240416282
  0.05063529091691268  0.05784432325920901  0.06642029596188431  0.07577282183016233
  0.08710210663876899  0.09982741969007763  0.11243471697922174  0.12570958589155212
  0.13738288491143136  0.14830812991360162  0.15827985805454339  0.16764682491405974
  0.17901296458868154  0.19087739823244596  0.20099537050406296  0.21187303251723275
  0.22359350543199927  0.23541287728542068  0.24660863564166971  0.25755562290267187
  0.26807389044434554  0.27717995238839094  0.28509996873403853  0.29344030094102108
  0.30146652131990376  0.30942274679548559  0.31718479756551315  0.32515922539543374
  0.33306375287813889  0.34194748599869212  0.35123365438018767  0.36244315674397082
  0.37529606250875064  0.38625732439707516  0.39731632101589970  0.40632084430060800
  0.41482035105743414  0.42267089096111804  0.42998226331524814  0.43546802200295309
  0.44150400553530655  0.44739209205211400  0.45616888452280824  0.46606504222079620
  0.47883267740651070  0.49029167270493274  0.50033110660817337  0.50875580084485150
  0.51786236040537525  0.52812610408259530  0.53685925210047869  0.54431506322110812
  0.55184893703250193  0.55919386522345438  0.57096656568578597  0.58451894789460390
  0.59798230230786820  0.60955648207009006  0.61997580350744785  0.63056440279217718
  0.64284907250892098  0.65355614947930663  0.66475129619435136  0.67336002262439287
  0.68380087428818437  0.69427073453274479  0.70568671552382489  0.71855081675787835
  0.73050781569781797  0.74224779599871293  0.75346932180125203  0.76381972187333336
  0.77339198837911682  0.78221795556584994  0.79038586935847355  0.79882561109978223
  0.80805499185005347  0.81851452401097047  0.83168227654426152  0.84790284384679182
  0.86583644459305942  0.88021053465240062  0.89244096038981036  0.90477650500738649
  0.91820065061200162  0.93232910822176007  0.94458075440339695  0.95601008652464681
  0.96632824364360903  0.97653749507952459  0.98765278520113886  1.00000000000000000
 -0.00290538161819504  0.17831186010536909  0.24169103415429599  0.29512012360560291
  0.33633393821611035  0.37129601976952975  0.40442209601157658  0.42690971608096062
  0.44593869266314085  0.46546040607544004  0.48351777317991662  0.50222559304622127
  0.51841514843201364  0.53272725805753951  0.54679088640656115  0.56003527697242528
  0.57231550235278728  0.58513606047547517  0.59847488198792209  0.61124088174525748
  0.62499026490921528  0.64095829242353464  0.65084983688201492  0.65804589362237131
  0.66555779939166426  0.67352976700534450  0.68186978777412810  0.68939586024915667
  0.69562342251405762  0.70153813290041478  0.70785344640946057  0.71289849054349541
  0.71731034581869169  0.72156611851543306  0.72604225529183386  0.73121036676659990
  0.73820058221057039  0.74655498007123200  0.75412430573283451  0.76079583061929479
  0.76786353882934155  0.77280189107191999  0.77671344695718936  0.78086407490801080
  0.78513088017377419  0.78948622339687180  0.79372460218344998  0.79744210208557731
  0.80111079816110764  0.80458385967400892  0.80776746055645077  0.81176744462794970
  0.81613117171114058  0.82028810641888072  0.82478824171281495  0.82852758871281029
  0.83219612998398340  0.83601757702560087  0.84013767023691299  0.84429075054223468
  0.84827948828847599  0.85260418920022318  0.85736780857809747  0.86236936556701338
  0.86740636199278831  0.87251054180577714  0.87752354862018500  0.88199107398167687
  0.88626038981522215  0.89039396322523923  0.89422413811051515  0.89822151763170099
  0.90261131594678845  0.90670650828300314  0.91111033175480161  0.91519567527810786
  0.91842129890943203  0.92175265984280053  0.92514115522957641  0.92859790573630752
  0.93224263170594390  0.93659228724007926  0.94077913703004279  0.94475875868454962
  0.94851283607382542  0.95192770915169655  0.95561964600778060  0.95944844148636022
  0.96325386756303200  0.96752905261745936  0.97144628680114931  0.97531717785949046
  0.97932606634630470  0.98344191743438925  0.99019326730151824  1.00000000000000000
 -0.01878781067147883  0.13194552795373407  0.17509056556451050  0.20459110135550787
  0.22739145350099946  0.24652857586604263  0.26514283330741190  0.28280121215625459
  0.30156792431439539  0.31903708120116742  0.33229577177527436  0.34337043059521188
  0.35268335710870530  0.36213653035597487  0.37131074945830378  0.37927404229053163
  0.38651459225032425  0.39386632627319185  0.40177929375632765  0.40946098901706995
  0.41671404050483063  0.42420926160845124  0.43223904549943160  0.44044037894407390
  0.44814316348510519  0.45480079288323999  0.45980140848097018  0.46424106293542400
  0.46886778729866646  0.47418776696852960  0.48150140609435382  0.48841954235950663
  0.49464008411628008  0.49935954260061005  0.50412387613093346  0.50879505890932575
  0.51349317699486974  0.51965394529421349  0.52669524048081329  0.53338701540600197
  0.54019160996452231  0.54665509744256857  0.55294737023374319  0.55949500299666155
  0.56630896503489181  0.57321083040480969  0.58010453893557878  0.58682357695625098
  0.59299916123610963  0.59910740733892731  0.60576010414619619  0.61227238668791950
  0.61855836536548758  0.62421020278895023  0.62954395628897131  0.63496943215150980
  0.64023039901981871  0.64499716648307082  0.64947538303641916  0.65445362452778277
  0.66023313906307601  0.66652594442607294  0.67229670852183310  0.67683976108046462
  0.67993205241754007  0.68307799600407737  0.68636841447243546  0.69074102063014264
  0.69543114198184319  0.69999273943335361  0.70541871666833134  0.71183601014840803
  0.71918370566325518  0.72682905056971558  0.73467404080912835  0.74243949109887131
  0.75008294639029460  0.75710726830841957  0.76361800195353879  0.77071284302283560
  0.77792903330586205  0.78516086124860629  0.79088486352602927  0.79578872471765794
  0.80085237762013417  0.80690041570178261  0.81341474433217431  0.82067886212226793
  0.82734759643265454  0.83513291035065351  0.84557997351650505  0.85832418341477690
  0.87299011732383591  0.88874873705406232  0.91695395316595951  1.00000000000000000
   5.2338583467256729E-012  -1.0000000000000000     
 F F F F F F F F F F F F F F F F F F F F F F F F F F F F F F F F F F F F F F F F F F F F F F F F F F F F F F F F F F F F F F F F F F F F F F F F F F F F F F F F F F F F F F F F F F F F F F F F F F F F F F F F F F F F F F F F F F F F F F F F F F F F F F F F F F F F F F F F F F F F F F F F F F F F F F F F F F F F F F F F F F F F F F F F F F F F F F F F F F F F F F F F F F F F F F F F T T T T T T T T T T T T T T T T F F F F F F F F F F F F F F F F F F F F F F F F F F F F F F F F F F F F F F F F F F F F F F F F F F F F F F F F F F F F F F F F F F F F F F F F F F F F F F F F F F F F F F F F F F F F F F F F F F F F F F F F F F F F F F F F F F F F F F F F F F F F F F F F F F F F F F F F F F F F F F F F F F F F F F F F F F F F F F F F F F F F F F F F F F F F F F F F F F F F F F F F F F F F F F F F F F F F F F F F F F F F F F F F F F F F F F F F F F F F F F F F F F F F F F F F F F F F F F F F T T T T T T T T T T T T T T T T F F F F F F F F F F F F F F F F F F F F F F F F F F F F F F F F F F F F F F F F F F F F F F F F
  <DiscreteSampler_grid>
  grouped_processes
  1 # 1 for a reference and 2 for a running grid.
  10 # Attribute 'min_bin_probing_points' of the grid.
  1 # Attribute 'grid_mode' of the grid. 1=='default',2=='initialization'
  0.0000000000000000 # Attribute 'small_contrib_threshold' of the grid.
  0.5000000000000000 # Attribute 'damping_power' of the grid.
 # binID   n_entries weight   weight_sqr   abs_weight
    55   10   2.222843084706035E-004   2.254658546263687E-007   2.222843084706035E-004
    56   10   2.222843084706030E-004   2.254658546263675E-007   2.222843084706030E-004
    58   10   1.193912964252449E-005   6.504418916550808E-010   1.193912964252449E-005
    59   10   1.193912964252447E-005   6.504418916550777E-010   1.193912964252447E-005
    61   10   1.193912964252449E-005   6.504418916550808E-010   1.193912964252449E-005
    62   10   1.193912964252447E-005   6.504418916550777E-010   1.193912964252447E-005
    64   10   2.222843084706035E-004   2.254658546263687E-007   2.222843084706035E-004
    65   10   2.222843084706030E-004   2.254658546263675E-007   2.222843084706030E-004
    67   10   1.193912964252449E-005   6.504418916550810E-010   1.193912964252449E-005
    68   10   1.193912964252447E-005   6.504418916550782E-010   1.193912964252447E-005
    70   10   6.412635133885664E-007   1.876446680234307E-012   6.412635133885664E-007
    71   10   6.412635133885649E-007   1.876446680234298E-012   6.412635133885649E-007
    73   10   6.412635133885664E-007   1.876446680234307E-012   6.412635133885664E-007
    74   10   6.412635133885649E-007   1.876446680234298E-012   6.412635133885649E-007
    76   10   1.193912964252449E-005   6.504418916550810E-010   1.193912964252449E-005
    77   10   1.193912964252447E-005   6.504418916550782E-010   1.193912964252447E-005
    79   10   1.193912964252449E-005   6.504418916550810E-010   1.193912964252449E-005
    80   10   1.193912964252447E-005   6.504418916550782E-010   1.193912964252447E-005
    82   10   6.412635133885664E-007   1.876446680234307E-012   6.412635133885664E-007
    83   10   6.412635133885649E-007   1.876446680234298E-012   6.412635133885649E-007
    85   10   6.412635133885664E-007   1.876446680234307E-012   6.412635133885664E-007
    86   10   6.412635133885649E-007   1.876446680234298E-012   6.412635133885649E-007
    88   10   1.193912964252449E-005   6.504418916550810E-010   1.193912964252449E-005
    89   10   1.193912964252447E-005   6.504418916550782E-010   1.193912964252447E-005
    91   10   2.222843084706035E-004   2.254658546263687E-007   2.222843084706035E-004
    92   10   2.222843084706030E-004   2.254658546263675E-007   2.222843084706030E-004
    94   10   1.193912964252449E-005   6.504418916550808E-010   1.193912964252449E-005
    95   10   1.193912964252447E-005   6.504418916550777E-010   1.193912964252447E-005
    97   10   1.193912964252449E-005   6.504418916550808E-010   1.193912964252449E-005
    98   10   1.193912964252447E-005   6.504418916550777E-010   1.193912964252447E-005
    100   10   2.222843084706035E-004   2.254658546263687E-007   2.222843084706035E-004
    101   10   2.222843084706030E-004   2.254658546263675E-007   2.222843084706030E-004
  </DiscreteSampler_grid>
