 -0.00000000358237302  0.00000015578503563  0.00000072532692026  0.00000182699548913
  0.00000334514376232  0.00000529524852192  0.00000757154765073  0.00000987394771915
  0.00001200221108196  0.00001401422402046  0.00001572099473657  0.00001725024959604
  0.00001872233454694  0.00002015134996210  0.00002151051408317  0.00002274838331949
  0.00002390268898902  0.00002506461061326  0.00002614161711106  0.00002705185859563
  0.00002784450822510  0.00002858722060011  0.00002936749677081  0.00003019140344783
  0.00003098481740968  0.00003175953749850  0.00003243616327444  0.00003305911325486
  0.00003364671676519  0.00003420119791514  0.00003479318277071  0.00003541939423714
  0.00003609893993601  0.00003702955863813  0.00005777275831344  0.00006277257518082
  0.00006394098580099  0.00006492709065942  0.00006582203276366  0.00006665072688068
  0.00006749510406529  0.00006835111305458  0.00006921130451545  0.00007015135233901
  0.00007114024611298  0.00007212066782281  0.00007351166923760  0.00007493339019721
  0.00007639563524372  0.00007795323868473  0.00007966670720378  0.00008148882080023
  0.00008343081298898  0.00008554277609402  0.00008790348761120  0.00009039574801697
  0.00009293716443750  0.00009553087436067  0.00009900356407527  0.00010303679068725
  0.00010705987885517  0.00011114109659610  0.00011542240583121  0.00012027345887286
  0.00012625323751808  0.00013322054403941  0.00014019698553013  0.00014950541363352
  0.00016157880838193  0.00017453843899431  0.00018844924070031  0.00020061195365938
  0.00021264003805391  0.00022546560191502  0.00024036664178274  0.00025851166050304
  0.00028321503809666  0.00031073853510526  0.00033852238613021  0.00036800921066859
  0.00040406298129658  0.00044323661814778  0.00048879881735119  0.00054059173435195
  0.00060820814271586  0.00069010017020744  0.00078011570704998  0.00087278280953428
  0.00097748095463337  0.00111107992667957  0.00128838570565856  0.00155659640427057
  0.00193581800575559  0.00266750929221695  0.00412616431010130  1.00000000000000000
  0.02350815564610658  0.03329736708676976  0.04491637554628564  0.05727682803453889
  0.07146081579382921  0.08722880705916304  0.10281419535948333  0.11611378720625777
  0.12737481900495076  0.13856560859852049  0.14973708302876110  0.16112600435099875
  0.17126853345958418  0.17999689581097800  0.18870853240595323  0.19676749067155569
  0.20444991472175300  0.21259172257649686  0.22212332671109969  0.23266647490836195
  0.24571930690155605  0.25823324121350599  0.27313059406144896  0.28820127705700710
  0.30136454064767099  0.31183621227659136  0.32204222284932776  0.33142651229319359
  0.34105025704953601  0.34887828999720116  0.35653871507598245  0.36422440308576265
  0.37286442363990230  0.38253434497373717  0.39231642608350381  0.40334475718620999
  0.41600526501917195  0.42507816420728922  0.43445957807004687  0.44393821251979365
  0.45471176055061752  0.46511347739335374  0.47419210355205782  0.48376529168097149
  0.49512893180125045  0.50867177099354532  0.52213320742244851  0.53425814454199372
  0.54657780811019219  0.55961321956042798  0.56984784282087586  0.57745107665393358
  0.58355226780374925  0.58956621189108749  0.59562332472670110  0.60353303964652494
  0.61151605484603733  0.61908799483031229  0.62714507778459982  0.63682068666894243
  0.64684982355881637  0.65723036113925815  0.66888926042404806  0.67997349193725254
  0.68907579824852871  0.69675692407731860  0.70522412271851109  0.71361184523648313
  0.72070099394125520  0.72759454781588206  0.73524165544566256  0.74393856257960700
  0.75358621913794277  0.76558236994068607  0.77600620337699766  0.78629031675294769
  0.79605001589836510  0.80625319981423427  0.81500053357031710  0.82251189987107054
  0.83033336622559084  0.83954461229854982  0.85064464108720883  0.86108452113823053
  0.86976598220640100  0.87761925240377536  0.88526758388859794  0.89334351928986067
  0.90239797775693520  0.91284532896749504  0.92453542547228640  0.93676046232095134
  0.94851870168596875  0.96207568557031498  0.97178422794370622  1.00000000000000000
  0.00823397184011293  0.01836598418662767  0.03015562213702796  0.04416454787652392
  0.05863807922068105  0.07445557073532590  0.08884266654014222  0.10179797210406433
  0.11371627406209310  0.12487230011156890  0.13642925359062466  0.14728062060428393
  0.15927810517109117  0.17063220541128421  0.18319737783959472  0.19517825964459251
  0.20692270885185296  0.21701859777847640  0.22597496992900765  0.23449137481465418
  0.24340470269830022  0.25302579360766897  0.26304520612749088  0.27297969777848241
  0.28226408902411615  0.28886212489059743  0.29677857463902130  0.30542243359670351
  0.31518823311861527  0.32691410939362725  0.33804425859985276  0.34928077343493202
  0.36064449436165597  0.37064345119845210  0.38140389130155372  0.39300078462691607
  0.40575512906435096  0.41689245123930763  0.42445896001862937  0.43132248644446203
  0.43880687808021079  0.44557506988505535  0.45321467806347343  0.46125404550622628
  0.46930448391114549  0.47699949629735572  0.48644222426737577  0.49556828201238723
  0.50442404093864301  0.51373886601150287  0.52286524501937315  0.53234226320498912
  0.54183394137391394  0.55096161325757420  0.55978020139078144  0.56838063752926793
  0.57741054621457177  0.58992007598576379  0.60469156308591931  0.61789356509796445
  0.62997829892208135  0.64160484312469457  0.65278975154785257  0.66487406327697451
  0.67819015797682658  0.69072175974815586  0.70243108344122929  0.71392286960220974
  0.72532662333655495  0.73545975160971100  0.74539793562671308  0.75470927820257239
  0.76327034482582434  0.77226615937351073  0.78294371629880899  0.79527581950704851
  0.80554506870032017  0.81628172936170551  0.82690392209454144  0.83705826747676004
  0.84719410408738516  0.85872371801924829  0.87316790217459661  0.88409492601797046
  0.89397215938124996  0.90270192018800932  0.91046410044798287  0.91818216367735728
  0.92649568163731910  0.93540093576066319  0.94626294382003073  0.95788621444854438
  0.96928722564229142  0.98034914428565845  0.99035624224115493  1.00000000000000000
  0.00277386462142350  0.01531986318345534  0.02492551471437409  0.03413790271425821
  0.04352919855223794  0.05342632918379027  0.06321298010198054  0.07452138093569016
  0.08743225145981359  0.10050935167397455  0.11226046861844191  0.12287398879746074
  0.13385755668409044  0.14621403129106902  0.15835417358598225  0.16985233241529402
  0.18093128835541378  0.19130285672338165  0.20015536573758044  0.20955997836536183
  0.21885021491843279  0.22890137803531635  0.23931286940075844  0.24968155877986273
  0.25959695188383053  0.27049839958143762  0.28359050143566000  0.29706599361829761
  0.31351328365873848  0.32976622765843511  0.34314994352549127  0.35529344956237191
  0.36749036885769082  0.37802852895928540  0.38935858880800428  0.40117143536827476
  0.41348821141598657  0.42586796192015608  0.43748834049805813  0.44827845591953464
  0.46043045484669221  0.47405915919521863  0.48475256002579686  0.49283670048007283
  0.50117041038844401  0.50932847489650002  0.51717801680339293  0.52479831691430101
  0.53212124963385421  0.53914526423841069  0.55074553130287807  0.56264522486692581
  0.57430371906640210  0.58440524243843184  0.59226111015577332  0.60040012917857954
  0.60872775699818293  0.61780923132427767  0.62606762235149005  0.63407261944359272
  0.64340452969223449  0.65615373682618949  0.67154336487096522  0.68529184147474909
  0.69729885708125650  0.70807366867164978  0.71791789299609299  0.72783525904587199
  0.73839117560895617  0.74897375668721777  0.75813092133759119  0.76662411407068798
  0.77592336147110064  0.78535309061795633  0.79429919726576659  0.80267618548945785
  0.81047810292891398  0.82088126753089274  0.83237567186513872  0.84487436069567490
  0.85511307690566507  0.86388280988561239  0.87303044405990415  0.88483288381043546
  0.89560719701849512  0.90466610979235995  0.91391319724734299  0.92448895282239862
  0.93595510552245387  0.94783389011758135  0.95853123526781203  0.96779523928730093
  0.97630497755236878  0.98457820891445147  0.99264279510630449  1.00000000000000000
 -0.00050430355240005  0.00276916294370477  0.00444651690167615  0.00655378113243369
  0.00890544654543171  0.01105271829720528  0.01389649281982926  0.01718498288057188
  0.02166397829669205  0.02615921981128920  0.03098956649860053  0.03677502991635110
  0.04247290071201638  0.04918656172307817  0.05614532683936084  0.06233087267254268
  0.06717052906979307  0.07144591322412139  0.07641302094888228  0.08225348186740879
  0.08899228821506876  0.09525948049860694  0.10235303310022038  0.10964234700998837
  0.11819634628126256  0.12803113831412349  0.13778524161886233  0.14681531319091279
  0.15610862245013790  0.16667983908573045  0.17748768460396791  0.18822565370939195
  0.19830375460687097  0.20774558874142382  0.21723045654672785  0.22739118193196547
  0.23860540042304573  0.25076807377005866  0.26177680604671760  0.27240084893292038
  0.28272622103696304  0.29326185895289664  0.30577803737867093  0.31792528383094393
  0.32971664111447907  0.34017179022074623  0.34955089526533217  0.35755756536326422
  0.36428537875725442  0.37269114994747921  0.38075513423790103  0.38863538205047982
  0.39537578159717235  0.40233634106845984  0.40977967978137980  0.41777770848639212
  0.42647726942386049  0.43576152075332886  0.44563321981354465  0.45683830068429848
  0.46926260327576574  0.48271457134806495  0.49682279147750719  0.51251764538458744
  0.52287254984217146  0.53289447171918514  0.54345819468203638  0.55414853256655328
  0.56468155798272412  0.57594935994137297  0.58817041497851164  0.60027764415414486
  0.61099150115710588  0.63007325333289255  0.64884181560257648  0.66681505547237496
  0.68466089123151386  0.70392813125288289  0.72406080052082866  0.74498153645898635
  0.76087614022938410  0.77631732304205880  0.79202885852822691  0.80919910686962926
  0.82714996742460001  0.84375715112831051  0.85908599660218121  0.87369873667743070
  0.88905332240952262  0.90446894860134464  0.92031244766538156  0.93715546256134952
  0.95438572362706209  0.97036442855750882  0.98543791096855637  1.00000000000000000
 -0.00357163372309352  0.01336427267113689  0.02779567205071902  0.04062300442558533
  0.05312692467300583  0.06594007224641975  0.07855272987791911  0.09008853637715322
  0.10067402406136750  0.11135360133304018  0.12362784606871291  0.13537318701679429
  0.14723217730983867  0.16083618856295590  0.17463764155524653  0.18854457487101967
  0.20222758478668679  0.21401342645340027  0.22515053560753390  0.23397398457136898
  0.24175385583021269  0.24916769911850545  0.25666627443404078  0.26558007686849289
  0.27595835962569365  0.28458680744728249  0.29157672397286716  0.30002122495244887
  0.30945269557228017  0.32134852689555526  0.33165764350535815  0.34120052625108110
  0.35029471679833629  0.36207276290356971  0.37232496473510091  0.38103077426686977
  0.38984124859047153  0.39842889443897633  0.40709900935699145  0.41691989498855220
  0.42821874580060304  0.44039417399293740  0.45334944797561927  0.46642837564655515
  0.48048930299793913  0.49663758898486737  0.50697698146229009  0.51448451332944178
  0.52093887291756957  0.52756047461303324  0.53551443135460608  0.54441799502139243
  0.55263399042384853  0.56110349697399398  0.57230739541915943  0.58071012286302282
  0.58895543516906157  0.59715003247924636  0.60533944962238506  0.61413277813711209
  0.62399717180459158  0.63457374779706821  0.64438960379912924  0.65298621725069850
  0.66297488247249314  0.67233723345382645  0.68274015515929776  0.69266814665532628
  0.70208672141296169  0.71100598256244496  0.72170551061245813  0.73312332690364934
  0.74441675163651777  0.75515985607032476  0.76603380996179493  0.77815722476104499
  0.79076307556093550  0.80265388673456262  0.81408673262626252  0.82398109808252218
  0.83568241710063484  0.84500517088303895  0.85507146074577789  0.86549539724721047
  0.87649511461624263  0.88750445311537285  0.89777609309288453  0.90907221736639165
  0.91944014293029230  0.92940266429618446  0.93973542510606189  0.95099272038772176
  0.96295732684373492  0.97549891416507795  0.98794525447986847  1.00000000000000000
 -0.00324120147966175  0.01023478083525297  0.02291884669423786  0.03689084967887572
  0.04959743628779308  0.05969947574773293  0.06848037456746893  0.07647159949854350
  0.08450390520414762  0.09310797210221705  0.10193757271743811  0.11199106436394080
  0.12192350456287027  0.13189578532915791  0.14277310145126398  0.15378178889904270
  0.16566842952801480  0.17852388256697826  0.19342092378985709  0.20811614732643155
  0.22250330381389491  0.23678976618413738  0.24962284311295327  0.26320750721247965
  0.27705788222386563  0.28772381462542934  0.30175889040128390  0.31614475397178682
  0.33031958589239840  0.34371006768314116  0.35468391572801067  0.36495881710587702
  0.37400927822676305  0.38323967763324907  0.39256824860744799  0.40204641211422559
  0.41127047907013364  0.42044684915436947  0.43024771690431562  0.43955963132019887
  0.44661519210422390  0.45317918259502094  0.45957717667789244  0.46555462567649386
  0.47101629614976803  0.47738571932020524  0.48573553059263508  0.49465474179088265
  0.50500218109812245  0.51771228628277188  0.53021111843782132  0.54068804462195530
  0.55186916644028672  0.56314463388523317  0.57526190499415564  0.58606104689609317
  0.59539274960702815  0.60442230050997037  0.61287854356608673  0.62164899127378515
  0.63154246690291760  0.64284717868084518  0.65549856683419538  0.66972320093985993
  0.68370669348040392  0.69579024544806423  0.70644949585789352  0.71569714200809043
  0.72488401016152726  0.73453592580875249  0.74667536352326069  0.76104028500273724
  0.77498631283015473  0.78726391963513886  0.79894667237749628  0.81052326157957832
  0.82196528069025132  0.83172983789560917  0.84074344534334489  0.84849522158349655
  0.85718218853541150  0.86418365862145252  0.87136223038184513  0.87753731139541991
  0.88326538202608162  0.88963925034475022  0.89742775070790093  0.90822956922441667
  0.91776076754693292  0.92777149259137470  0.93859380695395322  0.95097786281703722
  0.96281466350474332  0.97539500212332009  0.98793036690941827  1.00000000000000000
 -0.00314845514488587  0.00921198142176267  0.02002152621415723  0.03050548400277851
  0.04147848697282351  0.05186838069760282  0.06146792576357472  0.07076826377076226
  0.08043335521700487  0.09041665380488886  0.10049998243685883  0.11138191965909945
  0.12334273788626071  0.13471557325541619  0.14655742501893668  0.15762854828711914
  0.16803590215251671  0.17686835969175099  0.18527907760757678  0.19266992654888121
  0.20003087811310238  0.20838530639398503  0.21610164117581418  0.22273329889791382
  0.22976876313873720  0.23860926843125946  0.24863630688427069  0.25803578175311470
  0.26758156184327225  0.27664518814386407  0.28381640889575832  0.29095601349959987
  0.29800692182634009  0.30560972264121278  0.31581202247807022  0.32962831875256027
  0.34206936007317262  0.35270292207041376  0.36339599368583425  0.37426485112388758
  0.38487113358593239  0.39429623198302122  0.40430847817605198  0.41379257730939950
  0.42328976726835066  0.43296982386421712  0.44344432636415937  0.45535587387339882
  0.46642232609610923  0.47739485173152824  0.48823757345604823  0.49913770698440335
  0.50992698542539494  0.52151437427855662  0.53601183225780935  0.55095367313655030
  0.56590267145207529  0.57946725069392824  0.59052232828193396  0.60034718493944617
  0.61041885172349408  0.61896538343766938  0.62742299429827131  0.63677815567603346
  0.64730299150538528  0.65979886319072578  0.67404332044396398  0.68913338659385559
  0.70491076087483484  0.72199222949021691  0.73880397112731588  0.74975446265445300
  0.75995601391880496  0.76958362118671497  0.77990958255191722  0.79201408613134416
  0.80452729104223597  0.81542416600763790  0.82394643417188240  0.83278550066408841
  0.84227302194311149  0.85219119990894421  0.86236509699819974  0.87294551005416066
  0.88512795322187077  0.89862709936819718  0.91213756038731031  0.92460411075633542
  0.93534295149642344  0.94455389765844577  0.95390889554029124  0.96349138502791565
  0.97273368743610600  0.98192289382714726  0.99130452146976766  1.00000000000000000
 -0.00394744769485274  0.01102285869019960  0.02516717267515935  0.04000282450198193
  0.05685250307440244  0.07195830641137417  0.08412007489650214  0.09377007016491043
  0.10257625869544289  0.11199172756215645  0.12247575542044205  0.13277097625180512
  0.14288449348049326  0.15327259547215327  0.16441781829262342  0.17682340116087622
  0.18976312773326159  0.20081179098001176  0.21082210465357412  0.22025459305831230
  0.22979329768999560  0.23940309402274884  0.24966467724979644  0.25959922547933617
  0.26962679687538038  0.27932638767118428  0.29003380594223116  0.30244761098336953
  0.31408011134794089  0.32437203499258810  0.33367391658142198  0.34241959030387487
  0.35144917411717941  0.36022166301059633  0.36850734260566831  0.37657138548758312
  0.38505912502867795  0.39424438633458564  0.40633969436539669  0.41876245939705414
  0.42988856432428091  0.43874330040856052  0.44751142109554992  0.45714054692328226
  0.46654236221874051  0.47581968451459977  0.48413188500546739  0.49036493390501212
  0.49630638389391041  0.50342359540477155  0.51152317892800825  0.52003136538558881
  0.52862852537198590  0.53809715263455715  0.54831352414331147  0.56087477519920137
  0.57450720953859002  0.58941920969136596  0.60307323470775132  0.61636522183006393
  0.62906537589283129  0.64029266955049691  0.65086522317530238  0.66128596147295560
  0.67197782684541030  0.68246693840619543  0.69429240012830129  0.70833709651096999
  0.72372057035676818  0.73831304306227030  0.74857063145273262  0.75868787318413722
  0.76753666630968576  0.77521914149328353  0.78401578782348080  0.79302660585074980
  0.80242488721291838  0.81066849158286680  0.81904138971066742  0.82664131711596722
  0.83445842405714854  0.84186299907843298  0.85054862749538573  0.85872873091484914
  0.86702490040086466  0.87578917237037368  0.88513855684283960  0.89598782004271038
  0.90819845117702735  0.92130132989940750  0.93557525820896081  0.94902176855100739
  0.96166799544222481  0.97356947313976139  0.98607490598493130  1.00000000000000000
 -0.00343561515062401  0.01213473449236331  0.02217248881794788  0.02977256178026485
  0.03788226987075020  0.04779257267333890  0.05909699668570471  0.07007994678090464
  0.08012970396932111  0.09209703142184722  0.10254018971337579  0.11197645423566127
  0.12069185440459504  0.13054992543741401  0.14247074925954709  0.15315298283850945
  0.16171530894668426  0.17056679841907438  0.18146679617839276  0.19155860512628844
  0.20019955685051802  0.20880664416078562  0.22118902111665392  0.23605230657173848
  0.25129152052123355  0.26677835966351765  0.28085030514613168  0.29349061226682793
  0.30626839538333261  0.31960510230874184  0.33242683027744263  0.34425719294048851
  0.35488179366536293  0.36377615798643759  0.37288333233230708  0.38227465487511975
  0.39235731993064449  0.40359000801584199  0.41629397367665660  0.42654962374268018
  0.43549784852646478  0.44323500639406038  0.44987036910311667  0.45923131110002285
  0.47122676131702768  0.48054230879980647  0.48953481595091297  0.49818458747899297
  0.50832536322586630  0.51913971588852070  0.53022514380714925  0.54141314602368007
  0.55065693381689029  0.56174899690093827  0.57221726597760314  0.58251654079175907
  0.59326651524603902  0.60372023912984019  0.61575265145681402  0.62909350977739276
  0.64376094696973851  0.65887985732090981  0.67278465569042512  0.68507492938215009
  0.69696175451637232  0.70908417106317678  0.71932859097427593  0.72928230088863166
  0.73800677751775245  0.74625616119647276  0.75445173458651316  0.76258170127787950
  0.77072354918578911  0.78221352238943753  0.79394199918974995  0.80767062047380578
  0.82192428369168713  0.83464130756476340  0.84524537022626556  0.85446568649931953
  0.86345425178737023  0.87215183661709150  0.88093556463358480  0.88949648706802842
  0.89639685928418000  0.90551019385380194  0.91524887127984067  0.92627491151005725
  0.93902233218695019  0.95125384975955229  0.96157060223807922  0.97016832931765540
  0.97840251565726999  0.98545983978802976  0.99235116510910637  1.00000000000000000
 -0.00207806705098960  0.00726592642443426  0.01621989990438169  0.02526129358941963
  0.03471256419351646  0.04439171441263415  0.05364559479904370  0.06275571461998956
  0.06833133903068841  0.07275630210140333  0.07725646963504543  0.08182182280317224
  0.08739854182667546  0.09282636679294431  0.09845450011220402  0.10376779049309094
  0.10805758977377694  0.11249444941833689  0.11740387264526017  0.12443681817792633
  0.13251625468532321  0.14061114338699626  0.14819666914965815  0.15544365921097147
  0.16322695621755645  0.17259090845321179  0.18335698711284626  0.19317352434860421
  0.20262013135801443  0.21149925387528618  0.22139574979353266  0.23186930614275125
  0.24284826045985181  0.25408085926373730  0.26495000154937692  0.27507467158782917
  0.28481961033271863  0.29523872519284344  0.30625279750721524  0.31584304720257084
  0.32385509193845718  0.33143278676589177  0.33959136627786546  0.34946000879221656
  0.36005601839923551  0.37040710643979341  0.38014621170716789  0.39083568604925073
  0.40252576095553938  0.41340184625173204  0.42289137136011290  0.43228435316096397
  0.44138363075234271  0.45327182286196216  0.46468188515852366  0.47577653965685240
  0.48661895907533603  0.49689661499431181  0.51005719558529594  0.52288244948218776
  0.53353675317626437  0.54330833968568815  0.55419247101679037  0.56373828795259695
  0.57208728383772189  0.57998295856810511  0.59089922460352085  0.60459330331967287
  0.61883846455667180  0.63408165607678668  0.65005821170594735  0.66422273957107081
  0.67628674454172566  0.68736763424847069  0.69956162436952352  0.71508811396476335
  0.73378431507310082  0.75414459536630674  0.77229491654370253  0.79048123252176017
  0.80283100164004539  0.81568082659460528  0.82884346221159366  0.84385711289714405
  0.85976125732986208  0.87676878438149919  0.89204818117959650  0.90606012319423612
  0.91946075611476830  0.93337853772068424  0.94680001257134161  0.96037909763095097
  0.97237718727612099  0.98212199364792097  0.99010982281021176  1.00000000000000000
 -0.00441749318481162  0.01512611345911518  0.02816281465444668  0.03993965290343605
  0.05094562790047540  0.06112139808474866  0.07031320063277267  0.07884556854132914
  0.08857564176761895  0.09657778215234349  0.10362360816983857  0.11107785712980882
  0.11913734473095622  0.13268885840365682  0.14761492476366822  0.16010026355596688
  0.17063352739922061  0.18096878567868652  0.19152147969211916  0.20281626108105036
  0.21443420143847983  0.22662786497474155  0.23870926039151560  0.25021003343462295
  0.26160446940764359  0.27287486816829665  0.28683510137619211  0.30111045787015472
  0.31171144699893505  0.32057554892030232  0.32940113720309921  0.33909536353437014
  0.34919809421050962  0.35791125221859021  0.36606207618611752  0.37434055636694857
  0.38359008425707164  0.39443781892033847  0.40570200416752289  0.41641326929892120
  0.42761045900071160  0.43926891836134530  0.45118133911581981  0.46326371850510850
  0.47526538086457637  0.48716804277658815  0.49788427109665784  0.50746266004940954
  0.51757255791514822  0.52867890797954598  0.53911879116204775  0.54979782087413975
  0.56033596321087698  0.57070025439216010  0.58139696357052595  0.59138765782841485
  0.60279774899144167  0.61664176308970597  0.62985892369626717  0.64223920233707510
  0.65502783896222894  0.66814108841848230  0.68062212288004875  0.69313969353996019
  0.70530246140341157  0.71601900888487668  0.72577666271838737  0.73530759956410030
  0.74419225854666604  0.75332699351767185  0.76247928456665581  0.77196529507704970
  0.78230820474955731  0.79209806115256287  0.80498009845031815  0.81468473529736429
  0.82346293953691396  0.83233142471443700  0.84037867183040560  0.84875011779227005
  0.85789565786324640  0.86731618894868412  0.87780199823214300  0.88979100697857527
  0.90024148339748156  0.90790556458543503  0.91557695638190750  0.92394207492610636
  0.93478570559336116  0.94751795091417756  0.95953426718472890  0.96903448818160376
  0.97726125340984715  0.98484999427256770  0.99251138432783059  1.00000000000000000
 -0.00356990552202829  0.01533233773610684  0.03201351902886490  0.04757028617422587
  0.06337793934497457  0.07732614733214298  0.08829402116709002  0.09864608748552660
  0.11130021370291271  0.12543014467030073  0.13733863764794593  0.15101207549882070
  0.16386905511652378  0.17703563008339199  0.18965225416627510  0.20241995243246980
  0.21301425985607739  0.22197731261666620  0.23075289748374792  0.23898000547856793
  0.24733763921973367  0.25661181762985386  0.26585484111786933  0.27483848157635615
  0.28356080188751265  0.29226056700763831  0.30056356089803593  0.30921807585811012
  0.31762198464593566  0.32398691687525971  0.32902868925856177  0.33472156017594712
  0.34290208383411341  0.34924159761571572  0.35535638223673227  0.36151183788588048
  0.36809069844945541  0.37371276517703284  0.38069918552351067  0.38917196651956454
  0.39803875678540335  0.40696003855607127  0.41646470338910052  0.42598620161138256
  0.43484878651089159  0.44318984973897541  0.45100483912880218  0.45943395542179488
  0.46664367672020052  0.47369309270142496  0.48051404079444798  0.48828932038180162
  0.49768859962427936  0.50865383209097403  0.52100256012900192  0.53186256607474947
  0.54233351085909776  0.55159866898067589  0.56063752236472997  0.57009665743674809
  0.58054457857194530  0.59276670833993084  0.60689152600026386  0.62165956050160642
  0.63522205451272107  0.64695432537406172  0.65695074467393888  0.66716708084335441
  0.67751910818523509  0.68774361528403349  0.69690119552486951  0.70492805703994799
  0.71326151998046572  0.72175753950633259  0.73077916240356422  0.74032912153037678
  0.75041148925984635  0.76074996885961010  0.77099252207222257  0.78136932699321238
  0.79202758033810494  0.80302230004772424  0.81361844396008098  0.82429611368853861
  0.83454404731001408  0.84677660202279648  0.86017000980953950  0.87577992090192514
  0.89253454374103247  0.90681628692263194  0.91959047733185029  0.93166008765877362
  0.94527969237599996  0.96114727723835258  0.97837889175844350  1.00000000000000000
 -0.00179931540302465  0.00607058518643635  0.01296277713534885  0.01971928449988921
  0.02702543847312446  0.03498337724762028  0.04511445716957032  0.05555039641648692
  0.06426706345969840  0.07383811889773538  0.08420080535463141  0.09597310259279851
  0.11034947339602084  0.12529792909583229  0.13975696245179242  0.15477947937182165
  0.16783271113995490  0.17911743360572552  0.18986913815797068  0.20010423004914366
  0.20946193416854375  0.21868950593906838  0.22893281203763358  0.24095798979308658
  0.25421994560707772  0.26531444655441389  0.27454370739885209  0.28283270244425973
  0.29073209231707736  0.29993834251438339  0.31208445039651583  0.32306504458374252
  0.33348563237408951  0.34377171559972297  0.35362505435368324  0.36167632165809849
  0.36872980823512519  0.37636572953857023  0.38638020290624053  0.39809867450834319
  0.40669895286290936  0.41480199325945799  0.42331565058632287  0.43105356417791885
  0.43782813428155665  0.44480027822675960  0.45356437944378986  0.46389764704816727
  0.47756768419061624  0.48928139138672155  0.49975027983559078  0.50842886025797329
  0.51728765173177271  0.52631818614140458  0.53714498733724958  0.54918832249525429
  0.56259929374805417  0.57669877984115370  0.58709138117366388  0.59513858362611227
  0.60289461373167363  0.61259785777353648  0.62306549638811526  0.63331361936750419
  0.64340914043559982  0.65466313195747972  0.66442797575430446  0.67317872190347583
  0.68144566406222562  0.68991609893437400  0.69870965637737459  0.70926586322330076
  0.72298102303870937  0.73725469014048861  0.74971529640925993  0.76108631628671797
  0.77244167124041141  0.78383041226110717  0.79608810587874701  0.80829331431903495
  0.81934262639446120  0.82944034369482433  0.83923346399087295  0.84890753584400092
  0.86094065204453529  0.87432188937433297  0.88753715871643757  0.89972672386291042
  0.91000933227478764  0.92089417984561750  0.93312986195528635  0.94624885337192077
  0.96027636259577587  0.97470667458288118  0.98692358662428503  1.00000000000000000
  0.04574915977955733  0.17735480764564798  0.22490606571269084  0.26430473123516868
  0.29747743530326931  0.32432630912476834  0.34966184041262777  0.37593248841379318
  0.39759046763251582  0.41394733684069773  0.42753089015867718  0.44068280244772318
  0.45330010459192394  0.46522804667725182  0.47769616473169124  0.48978071976740106
  0.50122789792726641  0.51346090490842611  0.52427414090301294  0.53194521272321516
  0.54047534410065301  0.54925640686333188  0.55837899937641211  0.56691337920509899
  0.57499002491903817  0.58240930380495026  0.59208725561210884  0.60127876309665362
  0.60772636346837128  0.61278587050590916  0.61878435406311538  0.62551207406365816
  0.63149784275867527  0.63729172410342105  0.64223230611778703  0.64731839158296922
  0.65251577966184293  0.65841685371466507  0.66530221154091362  0.67293372143973751
  0.68143843074363086  0.68883070920559630  0.69666068407732673  0.70416336158904957
  0.71099278771883823  0.71745028817389467  0.72346968740307260  0.72892411459652728
  0.73402716533439039  0.73900967965692832  0.74403119803879603  0.74979464345854818
  0.75669528544394182  0.76392959471583144  0.77061275826086806  0.77735037835247878
  0.78301788338863909  0.78837248779306679  0.79357279915103240  0.79877012923441626
  0.80415753572327719  0.80988757073992867  0.81633061191106127  0.82266277796631404
  0.82804902716440398  0.83326649646278150  0.83776073383341920  0.84238731385628662
  0.84706026763645270  0.85248248725980091  0.85834416593439689  0.86305856040285056
  0.86750241349186674  0.87202180234927773  0.87680033398230339  0.88168842142368875
  0.88678730567770370  0.89215705998004746  0.89741863046056869  0.90243321166195567
  0.90731386085568388  0.91169542835935391  0.91582937660537267  0.91985069203636038
  0.92384807428065019  0.92765792024117122  0.93158584057194416  0.93535301090854372
  0.93934212234492209  0.94415710244956419  0.95020438262322127  0.95712034379099831
  0.96350742228195441  0.97078967342594691  0.98060607685742274  1.00000000000000000
 -0.01641977686137440  0.12051951960981963  0.18242552366971976  0.22736727398641948
  0.25724029584630576  0.27849389883588055  0.29647475134017648  0.31269556571270546
  0.32498448928840112  0.33555416570472374  0.34584326702452856  0.35617574501654825
  0.36497223392169770  0.37306035343027782  0.38162105953116476  0.39062653753353527
  0.40009105389940031  0.40989317809121406  0.41900188056459464  0.42611788856367883
  0.43196751255421523  0.43730261637922230  0.44174331634088132  0.44717000432695353
  0.45207826861742401  0.45607789214338895  0.45995353194762867  0.46477799601972369
  0.47039975750031837  0.47537200300293542  0.47958058364562878  0.48412236967541372
  0.48915196379430814  0.49455727834160856  0.49982438192974427  0.50673446477306106
  0.51431390230495688  0.52137051608962126  0.52808481390493622  0.53440301116609445
  0.54019304864605155  0.54537039865022707  0.54956233317900338  0.55414252290143706
  0.55923753796677833  0.56470152258675477  0.57001403188053779  0.57440082980488871
  0.57826291974749311  0.58214608492294162  0.58616505551188613  0.59056184219844976
  0.59538351948174661  0.60061962875732189  0.60610067830510483  0.61184913261578466
  0.61771629171556353  0.62336714463080245  0.62966202677859806  0.63629459985859804
  0.64321228272978692  0.64946025151878084  0.65497860896741711  0.66062992890884298
  0.66623622118889447  0.67133477926112650  0.67696343066557185  0.68313888078708962
  0.68920317074897841  0.69502505939991066  0.70052203888810038  0.70568369141836562
  0.71188727280115427  0.71754032179462013  0.72335612932316762  0.72905407138002587
  0.73503612714551725  0.74100521251567875  0.74687169199409775  0.75287903835876913
  0.75945449874261761  0.76712968593257946  0.77488343250207325  0.78157177115640186
  0.78834278148620041  0.79589543433412657  0.80414456924511191  0.81423297374537040
  0.82539865422562242  0.83677991352925107  0.84771739490367926  0.85964709106702430
  0.87388086099118545  0.89265679000321418  0.92570737469373965  1.00000000000000000
   9.5183083520072304E-012  -1.0000000000000000     
 T F F T F F F F F F F F T F F T F F F F F F F F F F F F F F F F F F F F F F F F F F F F F F F F T F F T F F F F F F F F T F F T F F F F F F F F F F F F F F F F F F F F F F F F F F F F F F F F F F F F F F F F F F F F F F F F F F F F F F F F F F F F F F F F F F F F F F F F F F F F F F F F F F F F F F F F F F F F F F F F F F F F F F F F F F F F F F F F F F F F F F F F F F F F F F F F T F F T F F F F F F F F T F F T F F F F F F F F F F F F F F F F F F F F F F F F F F F F F F F F T F F T F F F F F F F F T F F T T F F T F F F F F F F F T F F T F F F F F F F F F F F F F F F F F F F F F F F F F F F F F F F F T F F T F F F F F F F F T F F T F F F F F F F F F F F F F F F F F F F F F F F F F F F F F F F F F F F F F F F F F F F F F F F F F F F F F F F F F F F F F F F F F F F F F F F F F F F F F F F F F F F F F F F F F F F F F F F F F F F F F F F F F F F F F F F F F F F F F F F F F F F F F F F F T F F T F F F F F F F F T F F T F F F F F F F F F F F F F F F F F F F F F F F F F F F F F F F F T F F T F F F F F F F F T F F T
  <DiscreteSampler_grid>
  grouped_processes
  1 # 1 for a reference and 2 for a running grid.
  10 # Attribute 'min_bin_probing_points' of the grid.
  1 # Attribute 'grid_mode' of the grid. 1=='default',2=='initialization'
  0.0000000000000000 # Attribute 'small_contrib_threshold' of the grid.
  0.5000000000000000 # Attribute 'damping_power' of the grid.
 # binID   n_entries weight   weight_sqr   abs_weight
    43   10   8.191322706091780E-006   3.434425581479728E-010   8.191322706091780E-006
    44   10   8.191322706091948E-006   3.434425581479891E-010   8.191322706091948E-006
    46   10   8.191322706091780E-006   3.434425581479728E-010   8.191322706091780E-006
    47   10   8.191322706091948E-006   3.434425581479891E-010   8.191322706091948E-006
    49   10   1.161049505420016E-005   6.899629671489577E-010   1.161049505420016E-005
    50   10   1.161049505420037E-005   6.899629671489867E-010   1.161049505420037E-005
    52   10   1.040867326179825E-005   5.580474814453897E-010   1.040867326179825E-005
    53   10   1.040867326179870E-005   5.580474814454459E-010   1.040867326179870E-005
    55   10   1.475137873973092E-005   1.120591935635989E-009   1.475137873973092E-005
    56   10   1.475137873973153E-005   1.120591935636097E-009   1.475137873973153E-005
    58   10   1.475137873973092E-005   1.120591935635989E-009   1.475137873973092E-005
    59   10   1.475137873973153E-005   1.120591935636097E-009   1.475137873973153E-005
    61   10   1.161049505420015E-005   6.899629671489564E-010   1.161049505420015E-005
    62   10   1.161049505420039E-005   6.899629671489885E-010   1.161049505420039E-005
    64   10   1.161049505420015E-005   6.899629671489564E-010   1.161049505420015E-005
    65   10   1.161049505420039E-005   6.899629671489885E-010   1.161049505420039E-005
    67   10   1.688213219602130E-005   1.458855213066612E-009   1.688213219602130E-005
    68   10   1.688213219602160E-005   1.458855213066672E-009   1.688213219602160E-005
    70   10   1.475137873973091E-005   1.120591935635987E-009   1.475137873973091E-005
    71   10   1.475137873973154E-005   1.120591935636099E-009   1.475137873973154E-005
    73   10   2.144574459899187E-005   2.368148439632983E-009   2.144574459899187E-005
    74   10   2.144574459899275E-005   2.368148439633209E-009   2.144574459899275E-005
    76   10   2.144574459899187E-005   2.368148439632983E-009   2.144574459899187E-005
    77   10   2.144574459899275E-005   2.368148439633209E-009   2.144574459899275E-005
  </DiscreteSampler_grid>
