  0.01932002672613260  0.04369289997926036  0.05845761617314646  0.06693422284285773
  0.07113896154348964  0.07637813674510402  0.08947096598634152  0.10649251306528433
  0.11918760104694902  0.13255993144213243  0.15174375735271539  0.16966693371631630
  0.20318404588951181  0.23615343355555415  0.26516668629214785  0.28939910775156469
  0.29991006791013292  0.31630789060702669  0.33566108229394703  0.35612771258834186
  0.36633684199079841  0.37235109532122407  0.37653071607870159  0.37909836415749149
  0.38147128241206651  0.38440598376417867  0.38863463151965877  0.39319198696743146
  0.40607404670088670  0.41978917694324236  0.43725791589472862  0.45700543818324973
  0.50425677583337014  0.55137586387921578  0.57180556782765490  0.58571146604440716
  0.59823905935455390  0.60333820527142923  0.60853974851997805  0.61381269470789135
  0.61819600066018543  0.62216140995213354  0.62587131686002628  0.62946223349187524
  0.63114058942070383  0.63269474970451389  0.63393060659465705  0.63497572692798498
  0.63629782172828042  0.63739348862760181  0.63845392373654564  0.63965128316075204
  0.64121118934894605  0.64289641685887688  0.64494638989732456  0.64655132302966056
  0.64801227720527310  0.64868363737817303  0.64935500229542764  0.65002718676084159
  0.65070535560848786  0.65836673055452744  0.67404563809138118  0.67971351114332712
  0.69519067254557243  0.70967062066402065  0.71710730757451147  0.75160178684507672
  0.79912078843502599  0.84419729024435597  0.87503312423738022  0.88216482042502609
  0.88648433008455607  0.89080383974408595  0.89512334940361593  0.89944285906314581
  0.90252227261355555  0.90455077732413924  0.90657928203472304  0.90860778674530684
  0.91063629145589065  0.91248499241484216  0.91358480144665366  0.91468461047846517
  0.91578441951027656  0.91688422854208806  0.91798403757389957  0.92245361857820596
  0.92478936534748568  0.92750577404434120  0.93055045847858919  0.93522352102837980
  0.94205739908435360  0.95583477804107464  0.97449689765104164  1.00000000000000000
 -0.00000033241178296  0.00000069096040191  0.00000145388820745  0.00000330124780255
  0.00000538457433142  0.00000788671258278  0.00001084439446180  0.00001755603790619
  0.00002089703794948  0.00002447957647657  0.00002820864437790  0.00003335109413190
  0.00004337849802666  0.00006336715782445  0.00006404237590804  0.00006436354577924
  0.00006468150794313  0.00006495080177096  0.00006531452797944  0.00006588669917808
  0.00006653863621741  0.00006713530987742  0.00006779934932063  0.00006865297644342
  0.00006983497192834  0.00007154099596390  0.00007367559834811  0.00007472743983607
  0.00007526507395725  0.00007583562470975  0.00007668621541267  0.00007736420031203
  0.00007809678448706  0.00007942617496948  0.00008110908109951  0.00008292476095670
  0.00008488152139895  0.00008647584375479  0.00008938886739330  0.00009688005106432
  0.00010346131517222  0.00011026391701952  0.00011716114799483  0.00011971869455568
  0.00012195641365096  0.00012419413274623  0.00012643185184151  0.00012866957093678
  0.00013089329294193  0.00013276758697939  0.00013464188101686  0.00013651617505432
  0.00013839046909178  0.00014026476312925  0.00014174264274622  0.00014210128948393
  0.00014245993622165  0.00014281858295936  0.00014317722969708  0.00014353587643479
  0.00014485871029121  0.00014687536263668  0.00014916844827348  0.00015149860951431
  0.00015377324478788  0.00015628253638859  0.00016102797822763  0.00016517004512011
  0.00016650523533521  0.00016758296453666  0.00016866089994690  0.00016973876540548
  0.00017081654241544  0.00017388503830252  0.00017731290825615  0.00017934331263348
  0.00018011954768678  0.00018089478376920  0.00018166982712978  0.00018244484448925
  0.00018413497456278  0.00018563886554653  0.00019058407117969  0.00020537480714944
  0.00022353344682795  0.00025213003943120  0.00035121480385720  0.00042954484951695
  0.00047660420220551  0.00051928889366905  0.00058008533132272  0.00072469888687550
  0.00091171061354661  0.00109136237464477  0.07288552866957616  1.00000000000000000
 -0.00022478088395178  0.00186495378435848  0.00201688168670418  0.00206929581240752
  0.00210065187887364  0.00211069268330723  0.00211679467703797  0.00212057377642741
  0.00212273399092673  0.00212370629659940  0.00212463191804574  0.00212576848328932
  0.00212666976095890  0.00212751382592134  0.00212836300589375  0.00212906238889676
  0.00212926469621053  0.00212933843100999  0.00212940446518771  0.00212946887808329
  0.00212952442023529  0.00212957210932182  0.00212962013708652  0.00212967377712921
  0.00212973018836087  0.00212978793670554  0.00212984274601121  0.00212989406214149
  0.00212993725131421  0.00212997626255691  0.00213001249683482  0.00213004234474414
  0.00213006306154297  0.00213008276288275  0.00213010160355009  0.00213010993840998
  0.00213011371425584  0.00213011749010170  0.00213012126594756  0.00213012504179343
  0.00213012881763929  0.00213013259348515  0.00213013636933101  0.00213014014517687
  0.00213014377608035  0.00213014734354241  0.00213015091100448  0.00213015447846655
  0.00213015804592861  0.00213016161339068  0.00213016518085275  0.00213016874831481
  0.00213017231577688  0.00213017588395902  0.00213017945570934  0.00213018302745965
  0.00213018659920997  0.00213019017096028  0.00213019374271060  0.00213019731446091
  0.00213020088621122  0.00213020445796154  0.00213020802971185  0.00213021617332226
  0.00213022676011535  0.00213023734690843  0.00213025392254144  0.00213027816238169
  0.00213030459219191  0.00213033625722468  0.00213037075113755  0.00213040919852319
  0.00213044838934452  0.00213048752832285  0.00213055938789983  0.00213067138113086
  0.00213077235764730  0.00213088631829019  0.00213107793055193  0.00213138941239203
  0.00213176762650222  0.00213218454297280  0.00213279102485576  0.00213385923676367
  0.00213572149685609  0.00213785413716270  0.00214046031029306  0.00214407887178250
  0.00214896560398656  0.00215809190121679  0.00219597550522625  0.00229499408719597
  0.00253379593656631  0.00469482982273969  0.24927632329273475  1.00000000000000000
 -0.01358499624574674  0.03650567650604691  0.08111312880394392  0.09082467694244856
  0.09974166026314769  0.10789082901766668  0.11226962415524187  0.12077553165158958
  0.13889740347204976  0.15336188481942517  0.15676326795977039  0.16016465110011557
  0.16356603424046079  0.16696741738080600  0.17036880052115119  0.17506326138723424
  0.18122510925491386  0.18738695712259346  0.19354880499027305  0.19971065285795267
  0.20587250072563226  0.20793835309697711  0.20899839857026822  0.21005844404355936
  0.21111848951685050  0.21217853499014164  0.21437032471708650  0.22193879959316651
  0.22499097002246687  0.22762384337480360  0.23023705081659093  0.23416935980976297
  0.23966169944160373  0.25189914000163482  0.26258995832437532  0.28158324444895122
  0.32091769032075684  0.38975510556743931  0.47496740220253281  0.52991641673764744
  0.56654981957311079  0.57830778709700503  0.58123201313012318  0.58415225603040921
  0.58566050499948197  0.58716806064792026  0.58890465500780509  0.59226824633317066
  0.59576973976240477  0.59729576007464613  0.59882242610817848  0.60032955313941583
  0.60206761428725486  0.60468931022118411  0.60759710194659511  0.60950178654505627
  0.61156633703935992  0.61460675951159571  0.61727306912080238  0.62377177464668221
  0.63165153547150021  0.64031604201619596  0.65109060399806407  0.66518862578180571
  0.68285574165324103  0.70457138869287961  0.71751725806187394  0.73502480402476378
  0.76590720642648802  0.80251092585681327  0.82716392488139334  0.83219709505147077
  0.83723744933028021  0.84230582017739031  0.84666925879984256  0.84994452223142580
  0.85712512572714616  0.86769131755037887  0.88483943851659863  0.89247414766010380
  0.89709093517266791  0.90034894310845504  0.90264581348774486  0.90502134873043860
  0.90742625107510300  0.90843792504123244  0.91003468249800579  0.91193127787677242
  0.91374599851260596  0.91644576026882951  0.92290816355617999  0.93696973103172954
  0.94591215009760976  0.95705657369769992  0.97763597108291933  1.00000000000000000
 -0.00017049490997959  0.00097649904251890  0.00159860523814820  0.00207925350197190
  0.01003687114047871  0.01864096085970830  0.02232815667146734  0.02422210014446507
  0.02591544235542321  0.02761764055567317  0.02932650520670885  0.03114979522757178
  0.03299855277078115  0.03637718677674516  0.04007031041214357  0.04258061247676707
  0.04392284846425704  0.04544509452408788  0.04774067261855663  0.04995825969089225
  0.05192927897142429  0.05404600021302011  0.05829652850118093  0.08040646459094404
  0.09429859350186173  0.10027773593242456  0.10464153887776383  0.10970466036888377
  0.11496045332447784  0.11911393615148803  0.12730549399634028  0.13826331565757324
  0.16537768223133989  0.19116033546009473  0.20873993842041971  0.22037336744954561
  0.23153925563013780  0.24390616379856023  0.26089040288668935  0.27707147000315635
  0.28308571069553029  0.28766817021329727  0.29317146585923765  0.29904426356246355
  0.30550749424834545  0.31242119666500628  0.32693667477835525  0.34025734505534599
  0.36259843087017946  0.41208656366677632  0.47374392046701130  0.52841271443433735
  0.54727994137395797  0.55929933242218111  0.57149494267934697  0.58171616513300139
  0.58875491807377889  0.59556269129564765  0.60261128384218487  0.61074945900649391
  0.61758124588021679  0.62238356099589220  0.62652953288099111  0.63031813863320041
  0.63419548597116882  0.63815082034089643  0.64343360619736523  0.65252856376561097
  0.65821921474018874  0.66388205100218756  0.67004994822641206  0.67626823665086155
  0.67866631922770981  0.67945607102133643  0.68024582281496304  0.68103557460858966
  0.68182532640221627  0.68261503659918266  0.68340430807796304  0.68419357955674354
  0.68498285103552403  0.68577212251430453  0.68656139399308502  0.68806400451111172
  0.69037726744390360  0.69269053037669559  0.69500379330948747  0.69731705624227935
  0.69963031917507124  0.74178508782607566  0.78757349942659260  0.84297201099925867
  0.90566020098715205  0.94366583315033359  0.97064254237895897  1.00000000000000000
 -0.00211276640180830  0.01358995562682626  0.02864690555093544  0.03517419588075426
  0.03911708755664500  0.04336273795383709  0.04960955490643666  0.05635418825440152
  0.07589916113647580  0.09468396536757630  0.11342827019855739  0.12636058871923461
  0.13848671670341922  0.14682627759065436  0.15506410029906076  0.16365375846520769
  0.17225386735310391  0.18088789902391261  0.18969692472894922  0.20049634319629592
  0.21346340159716609  0.22844074920209323  0.24651838948445190  0.28233544611069206
  0.31963376912442015  0.34483898543907338  0.37500964301113870  0.39551259942393163
  0.40368408049077698  0.41233324833260859  0.42179249975033950  0.44095835233209885
  0.46538611597940960  0.49262340907602481  0.52338755638087220  0.56619555528826515
  0.61352109939418320  0.62468251605869052  0.63080474272174214  0.63955248307390755
  0.64329262988053859  0.64807795938564383  0.65209019211384178  0.65859739325945532
  0.66413652823938762  0.66690618634047683  0.67264700506339437  0.67935508818424628
  0.68205695887992268  0.68556375429736638  0.68991686717708611  0.69462887150548946
  0.70004416113898238  0.72567163377831145  0.75140204975791558  0.77411983967407638
  0.79860295048828600  0.82918541663198198  0.85211784358835596  0.86015184353051666
  0.86818584347267724  0.87621984341483794  0.88425384335699864  0.89228784329915922
  0.89927959928469736  0.90426492503226830  0.90925025077983923  0.91423557652741005
  0.91922090227498099  0.92420622802255192  0.92880820007450793  0.93282297377116397
  0.93683774746782000  0.94085252116447604  0.94486729486113197  0.94888206855778801
  0.95941134965419583  0.96502150210190385  0.96620297586200987  0.96786593462013404
  0.96969731591367214  0.97142516727729500  0.97233992460420748  0.97300705197790782
  0.97367347715475294  0.97434048019577513  0.97505845696891325  0.97693153971278768
  0.97879947185747596  0.98095170434086487  0.98304662771516105  0.98508063895853903
  0.98701852892246189  0.98890126343240781  0.99027618184982924  1.00000000000000000
 -0.00254092174722933  0.01331401337132112  0.02638947362649128  0.03949560443856121
  0.04775595876615855  0.05636928585835840  0.07448438489904546  0.09777301723180433
  0.13698468858397878  0.20657000820091681  0.22403430943117147  0.23852205628297338
  0.25543673895375807  0.27247495075044387  0.29264328872436052  0.31182269156465120
  0.34151555000247458  0.34690868380688705  0.35177530685700387  0.35542295851418459
  0.35912745402551699  0.36406111738441016  0.37078236909315165  0.37845428959707855
  0.38617716508442079  0.39391432467183141  0.40115697330915856  0.40894535560673984
  0.43492945503318164  0.48159652528665159  0.50675440128182159  0.52275567219030650
  0.53907077298989015  0.55545634128954902  0.57166789937996365  0.58652285137103677
  0.59238131362816904  0.59747935259329932  0.59941271485652114  0.60202706302019493
  0.60874109549422162  0.61460292097446756  0.61785810211213943  0.62094638297128479
  0.62495908587016524  0.62788068392426166  0.62930234181658251  0.63064900145953462
  0.63185666529907447  0.63293327674163280  0.63404329494236211  0.63512617319360709
  0.63619564559719510  0.63741975637458781  0.63830382758136262  0.63928809252553398
  0.64094889567531677  0.64294828402728177  0.64464430911661841  0.64611676336103629
  0.65668490592868489  0.67056412708217428  0.69406300021192135  0.71551111959080715
  0.72955416061467493  0.74135855474770396  0.75076820636435160  0.75956598327150893
  0.76828294463875457  0.77698263178422899  0.78422494988112967  0.78499794675566259
  0.78577094363019540  0.78654394050472831  0.78731693737926123  0.78808993425379414
  0.78907297041082169  0.79037903408020005  0.79168509774957840  0.79299116141895676
  0.79429722508833511  0.79560328875771347  0.79611345217816909  0.79639150935304803
  0.79666956652792698  0.79694762370280592  0.79722568087768497  0.79759183397305455
  0.79852283702099691  0.80105853161762586  0.81510128057386666  0.84845273780967823
  0.89358812966533741  0.91953301976761370  0.94623477016464186  1.00000000000000000
 -0.00620827163501166  0.03149484237340439  0.03951568700247758  0.04765252396736611
  0.05585760464470337  0.06278272722825184  0.06946477506924895  0.07878478081839332
  0.08886531238285368  0.09744019967646407  0.10457707738717714  0.10902798799357474
  0.11734560257853788  0.13327249821703635  0.14680573171752867  0.15359446700000617
  0.15817389563331338  0.16852572185537359  0.20205095328455050  0.24195957938098314
  0.26731332072985742  0.27814197477871311  0.28008049547981095  0.28201901618090874
  0.28395753688200659  0.28589605758310438  0.28783065170614153  0.28854794390340172
  0.28926523610066190  0.28998252829792209  0.29069982049518228  0.29141711269244247
  0.29199167557059541  0.29248011632852045  0.29296855708644548  0.29345699784437052
  0.29394543860229561  0.29480781954048008  0.29740563495234051  0.30127777086529167
  0.30475378011113080  0.30775287768291770  0.31077157631769575  0.31817094665484391
  0.33122331501912594  0.34712793198594316  0.36452867602085420  0.40220356562807508
  0.45546440237955144  0.48305529104071371  0.50577000271269434  0.51913343966096037
  0.52258261308051801  0.52351865469961645  0.52457106606337234  0.52610132119356523
  0.52746470509362808  0.52933458743276762  0.53581920203654476  0.54093930870450380
  0.54613732111309055  0.55307118153148305  0.55970770855758001  0.56466599369138937
  0.56962151682842255  0.57545125593343327  0.58161424706130038  0.58786223448173103
  0.59402621386161736  0.60128487010900755  0.61533638396121637  0.64326114279646962
  0.66372591429823269  0.69773163915975511  0.74172405146613274  0.78204492656123259
  0.79430461596161028  0.79676601143776171  0.79925431220489074  0.80176148255368862
  0.80416480725593242  0.80654069882840207  0.81369253285403698  0.82481146938150185
  0.83322197943120124  0.84222309444792731  0.85145748455063153  0.86607391196046202
  0.90752538799772675  0.93703681936065808  0.94897625144576292  0.95675688314840435
  0.96218883185854154  0.96653724614389591  0.97705530298100773  1.00000000000000000
 -0.00848464451503319  0.01254768724815364  0.03087255331943883  0.04461569384601021
  0.05593425021944633  0.06156932338066588  0.06414132256638778  0.07295978029309519
  0.08366260695048733  0.09198654034453747  0.10226430257046812  0.11237683970080006
  0.11698237545581380  0.12159093460881581  0.12619631551045463  0.13297264272866249
  0.14274107688763102  0.15090497717318296  0.15797655812062969  0.16324379891219076
  0.16850460406754963  0.17451739478796321  0.18277903770782356  0.19116594442719373
  0.20953465404873803  0.22611726283778746  0.23864878456385991  0.24821327216271483
  0.25604341083777443  0.26301479665690924  0.27643034204716599  0.28895899704123357
  0.29387988328316872  0.29547429156966831  0.29706869985616791  0.29866310814266750
  0.30025751642916709  0.30442884606770526  0.31352233912134775  0.32261583217499029
  0.33170932522863278  0.34080281828227527  0.34990593862416852  0.35965822372898709
  0.36941050883380561  0.37916279393862412  0.38891507904344269  0.39866736414826121
  0.41783097982580031  0.43793116559883993  0.45656152908457753  0.47490881023807241
  0.49310244547813536  0.51200314319714357  0.52042105821843732  0.53281318170215064
  0.55469535224039324  0.56389875458679128  0.58855762259404631  0.60897594130806554
  0.61519008456547120  0.62079646184036807  0.62462337918502930  0.62887333171932824
  0.63348845157384959  0.63962126968738375  0.64599299402053989  0.65505405248312820
  0.67271261548338424  0.68081043152741560  0.68386026369114195  0.68629118886061946
  0.68925581832383398  0.69292302300063979  0.70141871308517145  0.71271978129378233
  0.74465741327560453  0.76327989558902976  0.78209837196728194  0.79797845575389015
  0.80956440505063554  0.81377009535123612  0.81941089229108610  0.83814331162004274
  0.84771987190592746  0.85659027468178062  0.87178721122950054  0.87692069706505349
  0.88165500793745399  0.88708824441797185  0.89502309491223309  0.90442769365532028
  0.91391126048775140  0.92155978903858271  0.95041800133473897  1.00000000000000000
 -0.00480569157587809  0.01695178860360112  0.03117624039082134  0.04492633514815302
  0.06109022860531671  0.07746781972895588  0.09395011227255402  0.11044514736964299
  0.11639208524029152  0.12147087377191539  0.12654966230353926  0.13162845083516314
  0.13670723936678700  0.14246315582893607  0.14909524320971795  0.15572733059049981
  0.16235941797128170  0.16899150535206356  0.17562359273284545  0.18177567853393437
  0.18790257641106611  0.19402947428819786  0.20015637216532961  0.20628327004246136
  0.21549529863126893  0.22463589037731649  0.22948296251813557  0.23275935935032119
  0.23674598643985689  0.24062021446534113  0.24529580387322561  0.24972526943266668
  0.25534061514928558  0.26283222076162177  0.27318189616622712  0.28439754542067081
  0.29601978584013428  0.30784331855870478  0.31974421906952438  0.33463877686464821
  0.34973276077090998  0.36464079448142189  0.39855934392464526  0.43068001397860245
  0.46972243935689983  0.52026446818137573  0.56273769279258445  0.59719920203040577
  0.62925082648503305  0.65736156277467417  0.66453228167754474  0.66940412826894413
  0.67476493230270429  0.68503471907967228  0.69625207629581143  0.70026990130782807
  0.70568941979530408  0.71002265596393532  0.71171283587110845  0.71478697229918020
  0.72120903364530020  0.73258425075382427  0.73732781547431192  0.74415613032773398
  0.75141923818709400  0.75896607163138485  0.76402889397277263  0.77186802513924102
  0.77589560773287591  0.77795801264363829  0.77994053669579544  0.78159918201941481
  0.78365215203382665  0.78636752651197828  0.78828499488449499  0.79017046778103361
  0.79210572319264660  0.79462022440776847  0.79638523784167081  0.79719306189518013
  0.79800108466365804  0.79880938058051565  0.79993156242972707  0.80911415234581685
  0.83056826037943132  0.84801412544079380  0.88305561413010858  0.90822398089119194
  0.92395760221172407  0.93289470675210973  0.93928367522568745  0.94764896130645249
  0.95640349529404733  0.96908589875171391  0.98256153928329315  1.00000000000000000
 -0.00608650153182230  0.02577545376000344  0.02815059218452842  0.02885538695846891
  0.02956018173240939  0.03026497650634988  0.03096977128029037  0.03167456605423086
  0.03259208422187308  0.03351293227803994  0.03443378033420681  0.03535462839037366
  0.03627547644654053  0.03731562595149288  0.03846847183445843  0.03962131771742398
  0.04077416360038953  0.04192700948335509  0.04329344781034065  0.04676262960772155
  0.05025911643691747  0.05290020795788541  0.05561767767913844  0.05727469396035530
  0.05834092010973581  0.05907014324539660  0.06024152107112053  0.06339917013032692
  0.06568778053445008  0.06918400737639176  0.07591790431663081  0.08028907078632302
  0.08820614555789438  0.09658410984098245  0.11101884283276643  0.12463808043914579
  0.12760076277370322  0.13086733263430228  0.13447263953337837  0.13639228889755212
  0.13906900162696903  0.14685166619622378  0.15425153506896816  0.16094428253641885
  0.18364717310256609  0.23032197091783757  0.27366424658593891  0.31635126292620314
  0.35864040539973530  0.38174554854688253  0.39536587983819249  0.40503030108053317
  0.42046289094919154  0.44666104619596625  0.49605297488549682  0.54900207145891544
  0.57797252722026438  0.59964115477980029  0.62512107315784327  0.62950932347745836
  0.63529153374695768  0.64003772533567604  0.64402516511752228  0.64718121170971299
  0.65023026122079453  0.65330943540153819  0.65761194960772684  0.66204049630348205
  0.66642633924660566  0.67147476048239341  0.67698486201410035  0.68070902734701455
  0.68231498377878963  0.68368401872311935  0.68502475180245836  0.68676808517812604
  0.68916984202301024  0.69376955163027731  0.70301684261280262  0.71984217637136139
  0.72732674318480961  0.73256284728701548  0.73704317601303038  0.74120959615664506
  0.74503241787339403  0.75662171210539741  0.79781791644660871  0.81743145726493138
  0.83452752613140491  0.84859180013264479  0.86377398398361749  0.87974115889123994
  0.89539297122959227  0.91418760253554432  0.94629329672188245  1.00000000000000000
 -0.00433851290131808  0.04116444704827998  0.08009299808213635  0.12176254233446562
  0.17225883039829809  0.20745609667258899  0.21495179356522404  0.21583754420928628
  0.21672329485334849  0.21760904549741072  0.21849479614147296  0.21938794173266057
  0.22051057046270045  0.22163319919274030  0.22275582792278018  0.22387845665282002
  0.22500108538285990  0.22603639914694981  0.22698637252527806  0.22793634590360631
  0.22888631928193454  0.22983629266026279  0.23078626603859104  0.23573838510537828
  0.24020495884033655  0.24332006763731248  0.24615405419365535  0.24941314936745318
  0.25513300987192522  0.25979333877096472  0.26353881957642372  0.26669402645839235
  0.26874764240348092  0.27065371027535218  0.27188220658504136  0.27280783944042014
  0.27461353753178841  0.27982033665711048  0.29228402475835114  0.30488687728773689
  0.31942285439579321  0.33441911090358767  0.34995941892941934  0.36596256276010686
  0.38228326009256919  0.40993504134171510  0.45274902459689276  0.50540606081182959
  0.55028689395456631  0.57056104283860865  0.58518786994963912  0.58751035372961447
  0.58988280916687252  0.59225223277732209  0.59755053039371342  0.60268642343638978
  0.60791906431346510  0.61618592007238160  0.62320196476024092  0.62976499221871662
  0.63616029380495720  0.64243529111289055  0.64843244634501263  0.65282110135857574
  0.65723675799415149  0.66335946350010488  0.66840843174503362  0.67614237458707249
  0.70575136842778519  0.71139179256698382  0.71683492435798990  0.72530937404367612
  0.73461286182189378  0.74387976916438547  0.74998952460121271  0.75489999954047493
  0.76036696632168865  0.76453438549980479  0.76808554033128251  0.77531996336285947
  0.78739832444316604  0.80733189999952415  0.81939314098706006  0.82948503996540879
  0.84086628876836844  0.84871402210495772  0.85707830113754202  0.86849799537304129
  0.88397427202264944  0.89299606079729477  0.90324824528305370  0.91376477816679158
  0.92446643352210223  0.93927478645089213  0.96001114456737069  1.00000000000000000
 -0.00181416025484542  0.00323071676301141  0.00814153906862109  0.01463311374235208
  0.02703106997262096  0.04134695162665253  0.04743024938644394  0.05464699996965606
  0.06255652985242602  0.06495310420710872  0.06822299363963590  0.07329476990044025
  0.07789416208702279  0.08484087216158924  0.08802442390864579  0.09365935987504309
  0.10053277297914176  0.10672581738789698  0.11295132252103594  0.11914890316438512
  0.12527866613010569  0.13155957867692644  0.13619364575417603  0.14193995393973213
  0.19187840538992221  0.27828879227269421  0.30794579906694824  0.31503139333612357
  0.31937666896385863  0.32331883060471744  0.32947333213119051  0.33521004684634520
  0.34318016066294210  0.36714428988038456  0.42821979847801739  0.46877410251667562
  0.47565160468155937  0.48097826085118150  0.49085703381840606  0.49882002797780922
  0.50627198140095431  0.51687320723966823  0.52762803509405021  0.53921602854076178
  0.55204545473094824  0.56691231088884197  0.57097032463738051  0.57502833838591916
  0.57908635213445769  0.58314436588299634  0.58720237963153488  0.59016356725387897
  0.59307297976161666  0.59598239226935446  0.59889180477709214  0.60180121728482983
  0.60453668974353747  0.60710459240951553  0.60967249507549359  0.61224039774147165
  0.61480830040744971  0.61946535188414442  0.64864018359786801  0.66328383988636019
  0.67076630576213225  0.67603866956300140  0.68409164572843639  0.69290661101745843
  0.70263482789529486  0.71848778327082696  0.73186557573929378  0.74574051550076459
  0.76422573994764831  0.77430411235409968  0.78094213834847248  0.78736857881042532
  0.79108950733784811  0.79508598597535374  0.79821572303488053  0.80076040153808492
  0.80343798315818671  0.80701686153495600  0.81152357084226157  0.81444356540165963
  0.81736588542525168  0.82153986462964701  0.82591004532626389  0.82988406963909178
  0.83271635683085765  0.83590707194418556  0.83899851803558245  0.84177548158356230
  0.84381604637962637  0.87502577997394770  0.92541792699868530  1.00000000000000000
 -0.01734294141509312  0.07780821731203927  0.10371837323656255  0.12374986243775674
  0.16109909689275631  0.20175660204268317  0.23686629233185327  0.25776531262726265
  0.26743346582946076  0.28296597323303929  0.29878289736384656  0.30839036520731400
  0.31799783305078150  0.32641375604513595  0.33464089939118913  0.34260150134534390
  0.35056210329949866  0.35290255321097497  0.35433784337758339  0.35550156634359487
  0.35780299965560058  0.36303146079457460  0.37079240268300717  0.37666829392273959
  0.38318227688903839  0.39056458453103049  0.40098720706102048  0.41724107037034325
  0.44677153515664225  0.46210802239791560  0.47301781401962090  0.48382419771368568
  0.49787601018404204  0.51337541046105817  0.53448216865801401  0.55595042302645936
  0.57552757935574905  0.57968720078830049  0.58019600560148687  0.58069634523104829
  0.58114732218036669  0.58159892449793127  0.58212831519270491  0.58295228838380719
  0.58358399576938425  0.58585080896581754  0.58839574721564192  0.59028464717118234
  0.59226970200340412  0.59631460857923757  0.60562218327419748  0.61086484067951841
  0.61610749808483933  0.62135015549016026  0.62659281289548119  0.63183547030080212
  0.63551122094230628  0.63842886613111938  0.64134651131993248  0.64426415650874558
  0.64718180169755868  0.65011800442794510  0.65310236475639316  0.65608672508484134
  0.65907108541328940  0.66205544574173747  0.66503980607018565  0.68414898777139466
  0.70582730650677827  0.71757039032948788  0.72554703898964090  0.73264393496663405
  0.74017384015465426  0.74912466328480343  0.75885841752852146  0.77251387878006572
  0.79068329734601461  0.81932465367278351  0.82993021638804743  0.83804782727823424
  0.84373616867333734  0.84782763642417236  0.85265345277919724  0.85639473997920834
  0.86036238369008500  0.86487712915958170  0.87292264687747256  0.88386771844654588
  0.89393481574008959  0.90421760425211062  0.91162113330313688  0.92322851656501748
  0.93784856215640844  0.95441258208762092  0.97196712184672074  1.00000000000000000
  0.07056915734845304  0.96687348637263737  0.96763052856740195  0.96794698087802389
  0.96826343318864594  0.96857988549926799  0.96889633780988993  0.96918541431320482
  0.96939761489272813  0.96960981547225134  0.96982201605177465  0.97003421663129796
  0.97024641721082128  0.97043503056515668  0.97060727884516185  0.97077952712516713
  0.97095177540517241  0.97112402368517758  0.97129627196518287  0.97240496936610377
  0.97328566080952406  0.97475404892032080  0.97648542578911612  0.97860785219232116
  0.98137437249514747  0.98204202737228874  0.98229143523552576  0.98246743676335913
  0.98263716087042485  0.98280306284356045  0.98291574652873082  0.98301585471649067
  0.98319074728094047  0.98348387036380747  0.98376966082090622  0.98383422470781801
  0.98389884804030137  0.98396357006106672  0.98411991220092210  0.98435028341279696
  0.98455608610471290  0.98475958543869435  0.98491831390334639  0.98501623985691411
  0.98511114667280475  0.98522253896239076  0.98531541716104909  0.98540535948653563
  0.98547009950932130  0.98555347555613215  0.98561783166570427  0.98567445993369640
  0.98573124286374580  0.98579341630188666  0.98587984450155031  0.98640180684029988
  0.98751047349010379  0.98875971085921421  0.98966387514093901  0.98999375084876273
  0.99016640390841171  0.99035510816478656  0.99053077142082391  0.99064259184481240
  0.99071845700417682  0.99081061840738904  0.99089839943474600  0.99098212776898154
  0.99105784741639991  0.99116586261935569  0.99130270522294706  0.99145180151285395
  0.99187093742739485  0.99236410278330978  0.99297718296709891  0.99357192231937519
  0.99402046661032650  0.99426560427067479  0.99450485781881437  0.99468745037756634
  0.99482820654143966  0.99500282022401920  0.99518065258494548  0.99531550308337702
  0.99561539345113004  0.99584391976427011  0.99610260784105176  0.99630478958022162
  0.99650779503645348  0.99680749593884066  0.99705414808194937  0.99720435058174517
  0.99740174080526700  0.99776845675872594  0.99829351003335742  1.00000000000000000
 -0.03266652818405125  0.17743200267954046  0.21242053336816433  0.24929767660302446
  0.28994439888078083  0.32258236152806763  0.34920615375441477  0.38685869895491387
  0.40292577393191487  0.41546954462518765  0.42629265933997024  0.43420383110599048
  0.43636110415620349  0.43851837720641657  0.44067565025662958  0.44283292330684260
  0.44499019635705561  0.44744689189169162  0.44998124273182605  0.45251559357196053
  0.45504994441209501  0.45758429525222943  0.45928558033102779  0.45992107970239338
  0.46055657907375896  0.46119207844512455  0.46182757781649014  0.46271829947370618
  0.46583477587969069  0.46784536668149734  0.47203246293568529  0.47592016231454592
  0.47772315303943386  0.47941704465481810  0.48149172541977492  0.48415887911613892
  0.48704750075971509  0.49009640921684799  0.49400722124341823  0.50188675314346942
  0.52095674920638579  0.53899300949133044  0.55603447482262836  0.57099314848657634
  0.57933126996325868  0.58358374772911681  0.58785292185866078  0.59300761367090604
  0.59813453764121627  0.60330301209268689  0.60755038398203010  0.61156380675765598
  0.61673562774107471  0.62597215499997783  0.63964044445456281  0.65383674172633255
  0.66387223881457735  0.67082967427366802  0.67424451134977659  0.67644324275862888
  0.67882751900905036  0.68131845190966578  0.68360231164049534  0.68577975852812290
  0.69175905925790426  0.70306920093380298  0.71343148359556030  0.72298310853458048
  0.72375041859482614  0.72463416799294089  0.72506204582060896  0.72548983077224116
  0.72596252191484489  0.72688132649105597  0.72793306613671249  0.72939799951671946
  0.73076939157509713  0.73179499456883712  0.73328594179638840  0.73535825690101875
  0.73749810429916307  0.73932867050712903  0.74075294988435814  0.74193257196603024
  0.75401621549793907  0.76798433748823647  0.78181478186979725  0.80190851947208908
  0.82644727547737551  0.86020916930584046  0.88356949502869675  0.89954625444517855
  0.90828038865579230  0.91125982086606427  0.91899172944060836  1.00000000000000000
   2.8847665863681987E-009  -1.0000000000000000     
 T F F F F T T F F T T F F F F T F F F F F F F F F F F F F F F F F F F F F F F F F F F F F F F F T F F F F T T F F T T F F F F T F F F F F F F F F F F F F F F F F F F F F F F F F F F F F F F F F F F F F F F F F F F F F F F F F F F F F F F F F F F F F F F F F F F F F F F F F F F F F F F F F F F F F F F F F F F F F F F F F F F F F F F F F F F F F F F F F F F F F F F F F F F F F F F F T F F F F T T F F T T F F F F T F F F F F F F F F F F F F F F F F F F F F F F F F F F F F F F F T F F F F T T F F T T F F F F T T F F F F T T F F T T F F F F T F F F F F F F F F F F F F F F F F F F F F F F F F F F F F F F F T F F F F T T F F T T F F F F T F F F F F F F F F F F F F F F F F F F F F F F F F F F F F F F F F F F F F F F F F F F F F F F F F F F F F F F F F F F F F F F F F F F F F F F F F F F F F F F F F F F F F F F F F F F F F F F F F F F F F F F F F F F F F F F F F F F F F F F F F F F F F F F F T F F F F T T F F T T F F F F T F F F F F F F F F F F F F F F F F F F F F F F F F F F F F F F F T F F F F T T F F T T F F F F T
  <DiscreteSampler_grid>
  grouped_processes
  1 # 1 for a reference and 2 for a running grid.
  10 # Attribute 'min_bin_probing_points' of the grid.
  1 # Attribute 'grid_mode' of the grid. 1=='default',2=='initialization'
  0.0000000000000000 # Attribute 'small_contrib_threshold' of the grid.
  0.5000000000000000 # Attribute 'damping_power' of the grid.
 # binID   n_entries weight   weight_sqr   abs_weight
    127   10   9.266795097597149E-015   3.249249023262522E-028   9.266795097597149E-015
    128   10   9.266795097597137E-015   3.249249023262521E-028   9.266795097597137E-015
    130   10   3.515599676883849E-014   4.472057008941848E-027   3.515599676883849E-014
    131   10   3.515599676883845E-014   4.472057008941849E-027   3.515599676883845E-014
    133   10   4.651255973649773E-014   7.278483823287617E-027   4.651255973649773E-014
    134   10   4.651255973649759E-014   7.278483823287598E-027   4.651255973649759E-014
    148   10   4.787759887572103E-014   8.019930667697337E-027   4.787759887572103E-014
    149   10   4.787759887572089E-014   8.019930667697308E-027   4.787759887572089E-014
    163   10   4.787759887572103E-014   8.019930667697337E-027   4.787759887572103E-014
    164   10   4.787759887572089E-014   8.019930667697308E-027   4.787759887572089E-014
    178   10   4.651255973649773E-014   7.278483823287617E-027   4.651255973649773E-014
    179   10   4.651255973649759E-014   7.278483823287598E-027   4.651255973649759E-014
    181   10   1.744956289151681E-014   1.115145463757560E-027   1.744956289151681E-014
    182   10   1.744956289151677E-014   1.115145463757557E-027   1.744956289151677E-014
    184   10   6.583291298078804E-014   1.497842130685076E-026   6.583291298078804E-014
    185   10   6.583291298078790E-014   1.497842130685074E-026   6.583291298078790E-014
    187   10   1.189525015421278E-014   5.336254828333241E-028   1.189525015421278E-014
    188   10   1.189525015421277E-014   5.336254828333244E-028   1.189525015421277E-014
    190   10   4.523528589450514E-014   7.418752758054672E-027   4.523528589450514E-014
    191   10   4.523528589450508E-014   7.418752758054669E-027   4.523528589450508E-014
    193   10   5.994507645073411E-014   1.214521272629290E-026   5.994507645073411E-014
    194   10   5.994507645073392E-014   1.214521272629285E-026   5.994507645073392E-014
    208   10   6.160093303473781E-014   1.329323155228951E-026   6.160093303473781E-014
    209   10   6.160093303473764E-014   1.329323155228947E-026   6.160093303473764E-014
    223   10   6.160093303473781E-014   1.329323155228951E-026   6.160093303473781E-014
    224   10   6.160093303473764E-014   1.329323155228947E-026   6.160093303473764E-014
    238   10   5.994507645073411E-014   1.214521272629290E-026   5.994507645073411E-014
    239   10   5.994507645073392E-014   1.214521272629285E-026   5.994507645073392E-014
    241   10   2.238153198388454E-014   1.822819146928184E-027   2.238153198388454E-014
    242   10   2.238153198388448E-014   1.822819146928179E-027   2.238153198388448E-014
    244   10   8.466236699325855E-014   2.475893458047336E-026   8.466236699325855E-014
    245   10   8.466236699325836E-014   2.475893458047331E-026   8.466236699325836E-014
    250   10   9.266795097597149E-015   3.249249023262522E-028   9.266795097597149E-015
    251   10   9.266795097597137E-015   3.249249023262521E-028   9.266795097597137E-015
    304   10   1.744956289151681E-014   1.115145463757560E-027   1.744956289151681E-014
    305   10   1.744956289151677E-014   1.115145463757557E-027   1.744956289151677E-014
    310   10   1.189525015421279E-014   5.336254828333245E-028   1.189525015421279E-014
    311   10   1.189525015421277E-014   5.336254828333245E-028   1.189525015421277E-014
    364   10   2.238153198388454E-014   1.822819146928184E-027   2.238153198388454E-014
    365   10   2.238153198388448E-014   1.822819146928179E-027   2.238153198388448E-014
  </DiscreteSampler_grid>
