  0.02377033941246706  0.03375555219909832  0.04272421915444142  0.05105297558335174
  0.05925651323708070  0.06795675136207646  0.07624323484848330  0.08546649940532146
  0.09253780177024293  0.09963279640684720  0.10664105204757136  0.11357841707614501
  0.12039451854186564  0.12727491170822311  0.13460826365147013  0.14254867746106958
  0.15257391073671417  0.16523305917357947  0.18030656411433310  0.19274944294447580
  0.20349986892320684  0.21269528415654707  0.22240319705070222  0.23230229641468936
  0.24221494706654839  0.25235561972445186  0.26124833805063924  0.27104426791672087
  0.28124324169104753  0.29162087716337426  0.30189080999954698  0.31159410817316369
  0.32172344567839267  0.33203873658334554  0.34102155478307661  0.34892099730376913
  0.35666477951816783  0.36502094609750058  0.37412264690707292  0.38470588280457629
  0.39640967548966211  0.40905316702832323  0.42298040460502967  0.43820732439179677
  0.45396323816233353  0.46845121331671591  0.48157040000567064  0.49347587568884438
  0.50341774948845530  0.51177960410434087  0.52028474212317921  0.52982772897674502
  0.53884291425102082  0.54772911914099787  0.55726182404755886  0.56738962822219141
  0.57749607246418810  0.58765953187319997  0.59741771899831175  0.60699964795891026
  0.61596314728332080  0.62577457527366076  0.63785171053942402  0.65116479719668008
  0.66420589606244096  0.67596067219960487  0.68768512797545589  0.69947123313919524
  0.70966954826678752  0.71925153351432214  0.72849311757174084  0.73883906745371986
  0.74964384058977296  0.76074562355187991  0.77241460800697237  0.78313662140230156
  0.79460832339031029  0.80699465324015107  0.81825338104556711  0.82891980161838064
  0.83779881866780226  0.84771856009931212  0.85686053176972066  0.86587999622666478
  0.87513352523421162  0.88638519458274889  0.89677390568689186  0.90729378000335381
  0.91688519175144734  0.92659533940988792  0.93666816660162966  0.94576827275017950
  0.95537903598398422  0.96463320324053459  0.97113328595373416  1.00000000000000000
  0.02392914574258326  0.03499661164441994  0.04660516733256963  0.05703416790248988
  0.06660496629242539  0.07569285402195530  0.08386971153000632  0.09134255311229081
  0.09879346988693295  0.10733875477171013  0.11744947394898329  0.12773763550106029
  0.13776094806693159  0.14882784745197594  0.16151725106942044  0.17436213900888123
  0.18702410762586077  0.20182588079948763  0.21568097097125838  0.22670265629307898
  0.23772024326901153  0.24920422150264951  0.26219407127838101  0.27306707561706761
  0.28539698510153544  0.29829256665930037  0.31412318523020122  0.32934510456511223
  0.34271044608409773  0.35377884870888920  0.36307563472077031  0.37187189382806196
  0.38015293158674140  0.38859750341010213  0.39726695430836712  0.40671741282374813
  0.41740418741987262  0.42786852657428665  0.43882544836030685  0.45000478455358495
  0.46029018422835183  0.46933838286386759  0.47889500286470482  0.48825024232005187
  0.49702900256840721  0.50520397735661526  0.51318336475191806  0.52143584807656362
  0.53034432646354335  0.53948078226334628  0.54906093801834654  0.56003568098513845
  0.57085579150844401  0.58080289001745922  0.59044652256819918  0.60015635989760396
  0.60991927548809588  0.61976098176742034  0.62921785058384672  0.63855689559676965
  0.64797515684399809  0.65739986966907327  0.66689457816781506  0.67660916641748914
  0.68706785252430091  0.69784511898658796  0.70822666158156000  0.71697145001975504
  0.72515922344585371  0.73286641329836555  0.74103509976457271  0.74920498476539199
  0.75613179355571247  0.76328570762188885  0.77166033993108418  0.78128363368626297
  0.79080927023756542  0.80265982805707148  0.81387240166151187  0.82467606248573511
  0.83510443749636110  0.84498712231966056  0.85585190265589683  0.86588716882200834
  0.87589557504792126  0.88461706857787736  0.89291212980086365  0.90213420324893301
  0.91250778213871420  0.92370534827312811  0.93509499680483776  0.94617489952914868
  0.95630508658450997  0.96547770693849322  0.97145396363778180  1.00000000000000000
  0.00986559471047780  0.01452494387102818  0.02325246403781502  0.03413198758418715
  0.04534341145612121  0.05695211902272673  0.06811834687158508  0.07912278861739847
  0.08875410776748346  0.09612645856905255  0.10270620206842199  0.10948212127380395
  0.11783848585849589  0.12654333937599468  0.13593571045967218  0.14504745088633966
  0.15402248462731674  0.16324790986610149  0.17293109001282087  0.18294331410133899
  0.19280017423335052  0.20224173295742451  0.21165675379145629  0.22166706851357507
  0.23221877096441548  0.24257941021139665  0.25232185248936734  0.26245014978979897
  0.27159088850677499  0.27992331076155968  0.28787700885964379  0.29583077166915572
  0.30424026683517974  0.31290048556350814  0.32192173893812426  0.33065509797760795
  0.33937416171694923  0.34779002399196540  0.35598940130643641  0.36407693115335565
  0.37190494329106466  0.38173477218141399  0.39655166060331071  0.41023452597115451
  0.42330989946968300  0.43484889190126075  0.44615105998542276  0.45766379414449410
  0.47012345507403647  0.48320575341982114  0.49584363451973212  0.50723635047577675
  0.51786593507958234  0.53051089341468760  0.54236301665565878  0.55342288018187358
  0.56464071746969302  0.57659054126167475  0.58817834688800308  0.59819249801160046
  0.60849941575961042  0.61850713474068120  0.62830927809253589  0.63882280288104298
  0.65006966334437066  0.66250080702801639  0.67501767969576310  0.68709145998503773
  0.69809701098694332  0.70818141503772969  0.71848322330534375  0.72913302746529107
  0.74119421218567683  0.75315119240249173  0.76453283246268422  0.77553886996362986
  0.78502451122709127  0.79403486363660125  0.80358002363677550  0.81359251465603832
  0.82405523149813009  0.83493453039960630  0.84658254449142967  0.85827501115797111
  0.86969940532814138  0.88255375007294479  0.89622539729332573  0.90740176127306726
  0.91788166137272287  0.92908002934917056  0.93979099851118209  0.94951719029312798
  0.95934229417265193  0.97045055007559911  0.98419154550981647  1.00000000000000000
  0.00200030222277962  0.01698999008808734  0.02780757721359697  0.03685405333293691
  0.04613300400841655  0.05615236741483482  0.06595284580240870  0.07446986265084411
  0.08241321651788890  0.09090229757351520  0.10053905828734669  0.11099994214057141
  0.12296170889249547  0.13857967332457660  0.15509538924060998  0.16904057255521865
  0.18085963836273319  0.19134553452393679  0.20156312845548080  0.21127080563561179
  0.22081919971852104  0.23082153668941563  0.24040093509067348  0.25013174797893645
  0.26033484612122521  0.27033181219975383  0.28059511772251394  0.29101086765273687
  0.30091651376805073  0.31125690351653290  0.32254163192015878  0.33513749598100639
  0.34752853726216426  0.35771699522747502  0.36576159464219304  0.37367234598731824
  0.38156529227673047  0.39035383164664578  0.39926934842270279  0.40752773881338261
  0.41594003772945620  0.42503901833108504  0.43424206422487205  0.44369141870100631
  0.45341680529210349  0.46387786957153432  0.47409299569199842  0.48415550907197624
  0.49406200334350686  0.50561583100083385  0.51846570291178418  0.53025342340022763
  0.54104686367881893  0.55105208231704761  0.56089483839010157  0.57131705162419621
  0.58212578478739019  0.59331878080174361  0.60399610876757548  0.61409603424905046
  0.62425156306893881  0.63441976631976416  0.64436662364580966  0.65465602902222730
  0.66541675284522350  0.67721899326934698  0.68967041811342256  0.70157127923057039
  0.71298902659167041  0.72377639356951362  0.73442903607469501  0.74571927595838061
  0.75689012382861254  0.76757430308804475  0.77792034391901754  0.78904490450035669
  0.79966773257624291  0.80901617821945693  0.81752755064239901  0.82542766889205865
  0.83397606943958003  0.84306955335560685  0.85206107159574662  0.86042306777964950
  0.86944054878335897  0.88020593284993076  0.89208647499534699  0.90341314290810648
  0.91417635100164318  0.92457554672348707  0.93608578458911640  0.94812900236367936
  0.96168033774991313  0.97316413448646011  0.98651359528176918  1.00000000000000000
 -0.00026450520752175  0.00195330603475227  0.00357687915542491  0.00539987850842121
  0.00758241472895055  0.01064627874303907  0.01381753639167131  0.01726368492972900
  0.02057509193478668  0.02399865230942932  0.02803245180029596  0.03304152903104986
  0.03840142983665318  0.04326585235755101  0.04870197111582315  0.05466082968416784
  0.06096129319121311  0.06779783052270666  0.07517336575284721  0.08231433829090064
  0.08887069016938337  0.09514566934260568  0.10177449266480607  0.10902999782863364
  0.11740862748269326  0.12582600273740258  0.13272087166532870  0.13953109158684121
  0.14634164303127642  0.15371810832092467  0.16229862542390364  0.17211750931070718
  0.18226441585901260  0.19232416577953765  0.20220172651733115  0.21214540755564312
  0.22293151726233340  0.23407648726201039  0.24514751940900431  0.25549218414661917
  0.26565849722495777  0.27600259064383520  0.28658165600804009  0.29760758626941380
  0.30974604278283369  0.32158750077937509  0.33473594881812396  0.34754119615369461
  0.35960813318579787  0.37117975191098340  0.38235308709711902  0.39331493847055499
  0.40462112296381020  0.41708175090550847  0.42948145669808430  0.44177861993816836
  0.45396128357889415  0.46667881083706497  0.48020696619234521  0.49336559771472960
  0.50583294334220741  0.51714464045025443  0.52976625430262214  0.54262610181237425
  0.55649218840763370  0.57134524551438559  0.58698674019338415  0.60244819043097531
  0.61779015940828186  0.63493187925287475  0.65117676398103763  0.66728669397393969
  0.68357297408170425  0.70177019733484203  0.71549765640726526  0.72865949643496986
  0.74212191438144892  0.75530512294453689  0.76758406925143818  0.78090654204269139
  0.79278164030004683  0.80489541980435209  0.81769314675188942  0.83059155359261239
  0.84389067244912075  0.85798499930483485  0.87232435966795618  0.88715157675968537
  0.90141594288151394  0.91557573851976737  0.92952016746758093  0.94276497103889501
  0.95623385730179455  0.97032273370369659  0.98498164330466675  1.00000000000000000
 -0.00218693580105460  0.00862524189678715  0.01755727816075357  0.02819255301192329
  0.03926321267758399  0.04904515900978976  0.05767832745095770  0.06619750720150253
  0.07444935916351779  0.08260934504104296  0.09140103839235904  0.10104345713808462
  0.11291030345166608  0.12576563162028814  0.13781858533364807  0.14969443367200047
  0.16079774684714679  0.17101900178865545  0.18092131712827156  0.19397415935833079
  0.20683571912473064  0.21891586068137087  0.23002629805053265  0.24057159115277554
  0.25117264037893522  0.26166289465168197  0.27252131543900809  0.28327119764148079
  0.29428041486095541  0.30522513077772090  0.31542115846469981  0.32391972810090891
  0.33271465295441638  0.34186928723680476  0.35197207987660734  0.36187314328338593
  0.37187948068494064  0.38056725500715360  0.38978191863779155  0.39958532982458556
  0.40900948702636514  0.41859209386230367  0.42809259837947516  0.43769426177095361
  0.44905183796776910  0.45993662621147552  0.46998830004455938  0.47968082524064803
  0.48970243632454558  0.50013883924333702  0.51095227034343160  0.52190502166402508
  0.53237676863078509  0.54242121027209833  0.55229304091159415  0.56175833951341336
  0.57124585881946366  0.58132025423433475  0.59272461279657440  0.60579099722251029
  0.61993477395904339  0.63393304773767345  0.64854732495144829  0.66237540739595702
  0.67610035471038532  0.68883693330020068  0.70047980880618399  0.71189303093333045
  0.72366891054427096  0.73573238404104901  0.74812540809593031  0.76008960952349802
  0.77095035855235816  0.78058840193734980  0.78983699973969446  0.79886129275583617
  0.80884486471120298  0.81835587447768376  0.82787446607445203  0.83794153675690208
  0.84793750531132139  0.85749798340152916  0.86709300677176704  0.87682367182716403
  0.88705994981830971  0.89805889545537188  0.90987821920167855  0.92099299138042079
  0.93075221932908814  0.94025773755365605  0.94904723838090910  0.95795517269701114
  0.96731527367201497  0.97844547042242547  0.98947815988433718  1.00000000000000000
 -0.00166886145254078  0.00808214848706650  0.01543882287538596  0.02359038905617935
  0.03320355747441597  0.04238194739732757  0.05088586294268715  0.05939603960815171
  0.06874675082079808  0.07905743160290184  0.08953008224826875  0.10023366602263634
  0.11131997755433951  0.12357177817117421  0.13627609599019566  0.14999852927671628
  0.16285168110236492  0.17576100802319358  0.18783577869548532  0.19831134492212535
  0.20854232067385739  0.21881749412400497  0.22934847376373488  0.24009423865683902
  0.25161243950071926  0.26448815480663018  0.27842795005209597  0.29271493705476676
  0.30612735186336565  0.31813144468155302  0.33018115080364852  0.34266460537126497
  0.35601527429438512  0.36880540931928163  0.38086886092690431  0.39226283732667722
  0.40287021448268295  0.41294429048594461  0.42424135955235165  0.43617815047754582
  0.44863336494690437  0.46084559474175740  0.47203373603214555  0.48286422235894494
  0.49370171620291037  0.50530720496807646  0.51682041616451313  0.52896045069121311
  0.54107336754328095  0.55267176582575139  0.56417032553442092  0.57586748719421887
  0.58889824635942545  0.60112900695298188  0.61276492053718767  0.62404642113086639
  0.63538628977242950  0.64707151969085830  0.65854354515682345  0.66889615104282707
  0.67838298351636506  0.68765956022209718  0.69686852619925055  0.70624125523257875
  0.71699199299560801  0.72762954992056506  0.73776082507164376  0.74666149654866010
  0.75565084265368754  0.76551515862321429  0.77571969249410100  0.78559852897730664
  0.79530787784213552  0.80547712761892876  0.81647440579432173  0.82683364109480562
  0.83713369408478733  0.84628266331422131  0.85491773912547464  0.86337413776746308
  0.87191940429186887  0.88192096264496755  0.89201879344345403  0.90304025873915017
  0.91368141474389963  0.92316556513716563  0.93279544109581070  0.94287524324375860
  0.95204315581504317  0.95910575444585844  0.96559731425684336  0.97214106934434774
  0.97925558425985326  0.98604527378488127  0.99314703099541590  1.00000000000000000
 -0.00224349955596522  0.00962772433970577  0.02184672067638316  0.03264406769145653
  0.04206402393769457  0.05379256742029171  0.06615674940862080  0.07893667278600001
  0.09180132174330712  0.10382588231639256  0.11456627571917148  0.12450376188564978
  0.13346908128246221  0.14159435443034535  0.15004499036363866  0.15851161813038342
  0.16755633390734881  0.17759659993274535  0.18940196435910789  0.20222809559631807
  0.21339479134879319  0.22293639953710459  0.23180642336795904  0.24096469760757488
  0.25107764841280711  0.26200700294981227  0.27221925354064558  0.28292687018208362
  0.29281383724211463  0.30369797375155277  0.31400159008150635  0.32393110760181881
  0.33385205006614566  0.34411895676556148  0.35562994458421926  0.36822342284624859
  0.38222979617263397  0.39564385911632677  0.40846694488060270  0.42173946873523532
  0.43511972280716837  0.44803523040429494  0.46016335241874728  0.47117966819970747
  0.48234380351047140  0.49360209114494052  0.50547396886246521  0.51730582098487488
  0.52837271050591583  0.53881050474856351  0.55032258442455184  0.56305385980221168
  0.57590488168450171  0.58689835585379202  0.59638633270420716  0.60517601250406583
  0.61361033257736841  0.62130879466738287  0.62864640854339093  0.63650402565504804
  0.64580665561490713  0.65625370991604259  0.66595893443879928  0.67546367787238704
  0.68532182588586377  0.69617223641932779  0.70952052424864676  0.72124695628215096
  0.73329637286582317  0.74483157142480738  0.75490390439472543  0.76413794771980259
  0.77305720901946606  0.78228614489992021  0.79121167488646471  0.80034016462455282
  0.80939463044121274  0.82063849060419447  0.83227974925053494  0.84419952634528750
  0.85583580081552257  0.86626396934299521  0.87706000879216062  0.88637941630523720
  0.89582072935576673  0.90366894794483354  0.91088433990952178  0.91783785189891753
  0.92510834548610821  0.93350377664257622  0.94404543552193021  0.95811614090573538
  0.96896607017014091  0.97947546683346098  0.98940360868567123  1.00000000000000000
 -0.00239432052028500  0.00889226338559631  0.02051110055285466  0.03121098339426466
  0.04329692876736670  0.05500822645914599  0.06732234131800313  0.07945157273473345
  0.09060831552539864  0.10237528049657134  0.11407539788848013  0.12485668932614614
  0.13501393101686140  0.14537994101307583  0.15580915043308310  0.16613900977056753
  0.17601343938436961  0.18544487502746221  0.19436537576124388  0.20374729322081814
  0.21265906514755867  0.22142822617535740  0.22952213681510752  0.23848763493381842
  0.24690283450543227  0.25584026647012942  0.26465009632707182  0.27322612860134327
  0.28196833523026132  0.29089002307383749  0.30069399310306338  0.30985390745702512
  0.31896961502470483  0.32832309151251843  0.33900762038995075  0.35130458021202199
  0.36282002270236946  0.37399245415484700  0.38425662255111254  0.39364481010820873
  0.40326608688906501  0.41298322875888860  0.42116993318114054  0.42927762852617285
  0.43826654439638957  0.44784299239508607  0.45750615900974506  0.46509080188006396
  0.47258979993302608  0.48136872494362748  0.49338635258349967  0.50656404707032310
  0.51896112862122790  0.53093601548838942  0.54267481008306095  0.55466556215240626
  0.56596257853577669  0.57666035753354750  0.58701470812640555  0.59713982672699883
  0.60698170857564637  0.61441601878114427  0.62156016975105166  0.62897417964484881
  0.63695268408161065  0.64527581615383500  0.65427128046749383  0.66341163609979570
  0.67434441748283003  0.68745086691862967  0.70162203733111572  0.71454308200415750
  0.72556215074840102  0.73678169108021385  0.74899120949668763  0.76100337149359598
  0.77223436135815182  0.78304442338453850  0.79439488199597541  0.80615703472945166
  0.81763169806263702  0.82996241161722595  0.84182370780103133  0.85460382873698593
  0.86660039168855174  0.87856422315070937  0.88993914979143052  0.90050408824993555
  0.91135463210533441  0.92226398121149955  0.93300568431861441  0.94511926124635115
  0.95722803854937022  0.97070977518127732  0.98537554111788761  1.00000000000000000
 -0.00209020574397064  0.00799451916645211  0.01755977517513628  0.02796466521886578
  0.03914978121470437  0.05109765312097136  0.06423489214598407  0.07365010121401246
  0.08294406117444295  0.09111512338236352  0.09926037539694416  0.10819930852218315
  0.11767897162946199  0.12780847459890410  0.13923115756971435  0.15201251873157626
  0.16446999096887235  0.17522163024330642  0.18478296340846664  0.19445103967768981
  0.20446143890274332  0.21463272895550314  0.22478300819432512  0.23466180591806665
  0.24473946221030873  0.25403801897223199  0.26266216857514540  0.27048172397621750
  0.27896533162961185  0.28670143945741849  0.29465976661541649  0.30176466949037611
  0.30975665274862085  0.31961407411080028  0.33063708838930472  0.34187298150756729
  0.35356990840413910  0.36531171301473875  0.37663648246149478  0.38719402966555194
  0.39752918195750275  0.40754607197014625  0.41734424694321925  0.42750566794612366
  0.43926277162539829  0.45187707844277375  0.46601599164122087  0.48079325207223078
  0.49593985931436191  0.50806648129994181  0.51950976311247254  0.53000418636803781
  0.54199852072706822  0.55421803786582124  0.56651022471351997  0.57894339610644419
  0.59182120205559963  0.60533442200807352  0.61862965829755789  0.63035728645380540
  0.64000824331925532  0.64965202355728502  0.65937212566137882  0.66889096908585621
  0.67774121138791643  0.68538555193577189  0.69332233908495799  0.70201770163285049
  0.71234369172144962  0.72362817580548167  0.73450304805277755  0.74536288610531698
  0.75716934561377780  0.76964764901562666  0.78129757519861642  0.79198394796047278
  0.80277884737439731  0.81392021827776362  0.82483982418290303  0.83675209545157503
  0.84887031135946378  0.85929614766777329  0.86808126647103367  0.87705757575067633
  0.88568296428111482  0.89438091340770953  0.90363024081466292  0.91336473396658413
  0.92496664609138102  0.93682049278305635  0.94926686941566807  0.96128344576406932
  0.97126161497562080  0.98207073012957047  0.99096517053311206  1.00000000000000000
 -0.00308957082560274  0.00992893422838782  0.02089932211846561  0.03063994759013435
  0.03943712813261850  0.04742472353724036  0.05530383252194243  0.06406592967083923
  0.07364544031856857  0.08061366626413152  0.08700315139725737  0.09313236067064995
  0.10066970745909555  0.11076698818402497  0.12140044998681408  0.13154184058396823
  0.14125830002148940  0.15030031760030979  0.15901928317772251  0.16777610317345867
  0.17759175657897625  0.18830725319055422  0.19755235677134453  0.20615003380554309
  0.21622615253783642  0.22814900089922296  0.24099731066934110  0.25289919644968800
  0.26412089260444116  0.27460297624758984  0.28462829255713873  0.29527476503547045
  0.30673034715156022  0.31804598485517166  0.32895416719491893  0.34008723080276709
  0.35244536144157240  0.36362034742734245  0.37424681682600114  0.38433569224957331
  0.39496394316604372  0.40650143304542979  0.41844432157847333  0.42977077648808903
  0.44076710212804665  0.45242922655115630  0.46545087929989942  0.47998644705907811
  0.49551484197692741  0.51040527695753124  0.52322537530242808  0.53459143923601748
  0.54561141318701856  0.55760888639555317  0.56963894372103341  0.58107359305304995
  0.59105251237341150  0.60123797491119790  0.61183449828219150  0.62192518582208212
  0.63132360507515206  0.64039214174817338  0.65055680179367459  0.66254886176483108
  0.67492720564039432  0.68709469889288100  0.69779044765034126  0.70718896744104320
  0.71481996967237060  0.72273045597167729  0.73151116881187095  0.74056988207509944
  0.74956426233385398  0.75874388729403097  0.76858687679840898  0.78269172260011877
  0.79624225774347557  0.80667581956439161  0.81544441044337679  0.82331952065550273
  0.83130722945142899  0.84003225763193912  0.84945948775569480  0.86118742811713267
  0.87535846183367294  0.89015139965107015  0.90217536630385498  0.91437684071299163
  0.92727466346452114  0.93934896054318240  0.94997895132967625  0.96014433028966173
  0.97038825436406728  0.98044651353234935  0.99036912939247668  1.00000000000000000
 -0.00228078012219687  0.00826837371161837  0.01775657716387988  0.02885345550062401
  0.03945662897071180  0.04881416657656205  0.05829549077795838  0.06822109953197189
  0.07884313508256209  0.08976021180021553  0.10024299744049098  0.10985297995547669
  0.11869838885728047  0.12700815778527855  0.13580540261563906  0.14547938241316963
  0.15647356114251604  0.17007791563565663  0.18525930214707856  0.19871129641200252
  0.20968478903804466  0.21980869445117243  0.23007158167203243  0.24019666843989454
  0.25243284259519294  0.26630999568612740  0.27961222711638006  0.29097719013487144
  0.30066849930489425  0.31017055549484851  0.32003854478450072  0.33010600637212334
  0.34112181280739395  0.35257750875634347  0.36513484938557145  0.37641246100620029
  0.38689156029835664  0.39848750656654192  0.41175924738578690  0.42211888151500349
  0.43071679516232819  0.43893981826175654  0.44737034048192037  0.45662173315389692
  0.46619033861075793  0.47503391726844246  0.48392779558975602  0.49262285775454190
  0.50087660450056182  0.50858140564190923  0.51709574556768456  0.52618528758244143
  0.53479827389607981  0.54271470888553575  0.55077600071261201  0.56034573628883677
  0.57315000791225956  0.58614905595577271  0.59682133424555706  0.60679962180605107
  0.61719411718327155  0.62825024622636805  0.63888882028385796  0.64979587088787016
  0.66186558295226194  0.67449393781056011  0.68630345981998331  0.69699230408655677
  0.70705081438492812  0.71898489287287437  0.72982522759063584  0.73967852052377658
  0.74919945296187629  0.75828883809777448  0.76794635240454145  0.77730308555134631
  0.78749339516213812  0.79921327237261386  0.81081848408478141  0.82294923281940835
  0.83472620273709286  0.84521232347196851  0.85401549032385926  0.86259137729571767
  0.87180514526442365  0.88204004703342731  0.89255928616123215  0.90405770167577293
  0.91536966069092585  0.92598200393651720  0.93670055193741020  0.94824085986004214
  0.96068361736006880  0.97356125214385125  0.98667642154767687  1.00000000000000000
 -0.00700945975318355  0.03756282901328085  0.06338794543659379  0.08365216779397459
  0.10155845252952068  0.11793402807402016  0.13315801840280087  0.14729721359858783
  0.16135673116772156  0.17387803930141568  0.18548125742435004  0.19646723413607492
  0.20739602046351685  0.21705610312244197  0.22630469063680103  0.23594699380030237
  0.24705730199676815  0.25895675034101995  0.27015917779056431  0.27958303680446123
  0.28814352245735658  0.29689681135618229  0.30600644106605629  0.31530837386828281
  0.32332503335141227  0.33116896506890076  0.34000040095161516  0.35013450670063601
  0.35959559219273107  0.36700525578686083  0.37398304607095900  0.38106262681692227
  0.38828551580392162  0.39595745308269725  0.40425410822684704  0.41272090379929444
  0.42276965818898249  0.43362381906535646  0.44447386835278313  0.45303885622227735
  0.46238976664264464  0.47146348317522135  0.47975923154181460  0.48753003241017268
  0.49535644461714612  0.50333998609924735  0.51098965094789850  0.51844564548763949
  0.52603542071119491  0.53346378268688166  0.54003073660821688  0.54663556964595106
  0.55367417196002577  0.56094401588976506  0.56823113979114792  0.57608463595165083
  0.58364470763980036  0.59121446756808682  0.59902232283808787  0.60677108598005225
  0.61445855524722837  0.62209280916447074  0.62983430397111673  0.63808742883231040
  0.64583761711759780  0.65279049088879681  0.65976889325381394  0.66705033609118392
  0.67503129908008430  0.68202790996249962  0.68898831974330343  0.69640652617845378
  0.70415760068267330  0.71188035678779515  0.71910541137658923  0.72600695416214056
  0.73255585410341517  0.73944252684638545  0.74685329011321677  0.75517594600021565
  0.76411290750093908  0.77489713816671624  0.78895200399573695  0.80359960005601982
  0.81707821840512218  0.82899955470559206  0.84063517573925139  0.85313587130225632
  0.86730143552021555  0.88203822810645660  0.89654628978004336  0.91055191895818210
  0.92672142001643631  0.94689194127662846  0.96947638965247918  1.00000000000000000
 -0.00240241446671156  0.01102851004675278  0.02281137737610699  0.03481976850969716
  0.04584521827767554  0.05619001996918152  0.06704275550361334  0.07943019983638164
  0.09305454962372804  0.10583564616950904  0.11607167617538762  0.12598091120087668
  0.13673187504397205  0.14882342422896191  0.15768893951687035  0.16684980759255399
  0.17574559781392210  0.18555612354657952  0.19554994535952341  0.20464242810561176
  0.21325359752086961  0.22218159302670207  0.23255457767163096  0.24458282776398138
  0.25734609169901557  0.26974624201286573  0.28183080087888984  0.29344400386564201
  0.30486743186396364  0.31563487778707022  0.32529927365715638  0.33487483998973744
  0.34488184755621798  0.35521600383789409  0.36548261701627005  0.37568428659051545
  0.38566916384675859  0.39523843839845246  0.40469281454151945  0.41312524023531166
  0.42326772335025831  0.43330058737590121  0.44300668006648342  0.45262447891521962
  0.46424857873959685  0.47645503805436440  0.48632771998028723  0.49528581268094929
  0.50500727995247663  0.51495598939900811  0.52464328859044607  0.53406954072724178
  0.54308084329222372  0.55306108287821321  0.56424105295243265  0.57653892164954046
  0.58792816026574723  0.59757120245830597  0.60712365886339015  0.61706174322219143
  0.62764681768509267  0.63892296247499969  0.65153307525393711  0.66437416957321060
  0.67671904140428130  0.68776804764935939  0.69849385832837707  0.70826225392680608
  0.71826207289760990  0.73025984057579385  0.74390094938044415  0.75633370594295657
  0.76680997765799042  0.77554965419484234  0.78313029813139567  0.79112292437061438
  0.80053829036584156  0.80924973280465906  0.81950657687350137  0.83066770192424033
  0.84040540563912092  0.84984641454646637  0.85871433381972651  0.86778550787633602
  0.87712261055273344  0.88757548545913734  0.89861020467880337  0.91032545775980045
  0.92288315217688865  0.93539829341352643  0.94629082277968390  0.95672034402533945
  0.96788873417394072  0.97886048992830321  0.98940142023092470  1.00000000000000000
 -0.00338632211051444  0.18533885985074910  0.24706931397349763  0.30022628295803511
  0.34674434264465009  0.38311901961961381  0.41350395234731263  0.44304256800845737
  0.47056935423110036  0.49200708530339576  0.51034707115948941  0.52737031500127074
  0.54334711540775549  0.55945078050185659  0.57425665231177814  0.58868579533803544
  0.60253882587999053  0.61347918065253437  0.62356696038480952  0.63382613087382689
  0.64509615703000778  0.65502759647510123  0.66496039598546919  0.67486918134524054
  0.68531575850880944  0.69529014330954020  0.70450818207950050  0.71323743210396529
  0.72216781078814318  0.73143886571918171  0.73980179205118257  0.74730255716197658
  0.75346777887106187  0.75942745668563605  0.76530996788834627  0.77135230320411807
  0.77751367256491355  0.78384492874238787  0.78998743878220501  0.79620573194609667
  0.80268414320330683  0.80924354968153656  0.81550609550854114  0.82110803142997268
  0.82652333072120132  0.83157160339599911  0.83630339366823647  0.84049471743536519
  0.84464989438785043  0.84874257309167034  0.85248012005843332  0.85595455923595809
  0.85924962682575923  0.86245241694116359  0.86608529637841680  0.86961593507121115
  0.87321343216942460  0.87688989129959161  0.88043015291338667  0.88373468035710323
  0.88682907838531821  0.88953725631837832  0.89217509875667989  0.89476679045561525
  0.89739752332638867  0.90019587550955571  0.90318379422242101  0.90662836472632358
  0.91017373180432204  0.91342298453513326  0.91654639415563988  0.91972196043201782
  0.92304473913912255  0.92644410445173797  0.92969628632057622  0.93259255512830708
  0.93514161294786580  0.93756462288001718  0.94000607577945605  0.94246168187939516
  0.94488358041847731  0.94732422907400327  0.94981565815325086  0.95243185156859123
  0.95495387859295877  0.95727577188920077  0.96001073484859123  0.96294097418277025
  0.96592586110844125  0.96905044864259793  0.97235372955076460  0.97576175466554016
  0.97942429495838146  0.98381343772296492  0.98990239526895873  1.00000000000000000
 -0.01696655846475782  0.12061267862053614  0.17286207698918254  0.20833681013372937
  0.23514793452629196  0.25608146736456155  0.27406912065883732  0.29022018441079561
  0.30354675069232606  0.31523386746893695  0.32704679473459819  0.33809751474509603
  0.34848094522232836  0.35805434022165900  0.36691491950011629  0.37510460441923954
  0.38261100644507517  0.39017854613355729  0.39810955619746935  0.40608956006268893
  0.41359608893184657  0.42081229516690277  0.42817463949664353  0.43533682318453082
  0.44203575826629676  0.44825717671456222  0.45397970114836284  0.46020449877591052
  0.46690380739946857  0.47380597805617719  0.48080790073748736  0.48756093181609533
  0.49401980589851552  0.50051238508466744  0.50702446971586002  0.51341661025711249
  0.51981744451746792  0.52613564179800221  0.53189238343763157  0.53739955897852509
  0.54245162604773189  0.54684869530470603  0.55098502626424994  0.55529263522490158
  0.55999206795862078  0.56503705282144845  0.56998910876714415  0.57476528780140723
  0.57889593437181552  0.58297756734657680  0.58724031748047523  0.59158023856404685
  0.59619159783059872  0.60132138270490132  0.60723281564859466  0.61381226591444649
  0.62051505438037835  0.62722546988764671  0.63319658742128415  0.63977413442726783
  0.64578390613479608  0.65090566794073723  0.65556963327581208  0.66033029082620165
  0.66532802584090900  0.67028846848606172  0.67524211514742472  0.67989708904235857
  0.68449990932119875  0.68885887935347800  0.69280000383107510  0.69703364898955356
  0.70121204998661835  0.70552992693347483  0.71086588541355344  0.71840617904785942
  0.72576954090292611  0.73259494584102258  0.73963969115178974  0.74672843505925113
  0.75429437867470728  0.76258073563084838  0.77197382361295386  0.78225058163910210
  0.79157015409185039  0.79927345071178357  0.80711937141510282  0.81542549955186971
  0.82375803612324894  0.83226313046177947  0.84223057757066300  0.85277116591832403
  0.86784496669423583  0.88781992208321203  0.91349588959441508  1.00000000000000000
   2.8839810315809649E-011  -1.0000000000000000     
 F F F F F F F F F F F F F F F F F F F F F F F F F F F F F F F F F F F F F F F F F F F F F F F F F F F F F F F F F F F F F F F F F F F F F F F F F F F F F F F F F F F F F F F F F F F F F F F F F F F F F F F F F F F F F F F F F F F F F F F F F F F F F F F F F F F F F F F F F F F F F F F F F F F F F F F F F F F F F F F F F F F F F F F F F F F F F F F F F F F F F F F F F F F F F F F F T T T T F F F F F F F F T T T T F F F F F F F F F F F F F F F F T T T T F F F F F F F F T T T T F F F F F F F F F F F F F F F F F F F F F F F F F F F F F F F F F F F F F F F F F F F F F F F F F F F F F F F F F F F F F F F F F F F F F F F F F F F F F F F F F F F F F F F F F F F F F F F F F F F F F F F F F F F F F F F F F F F F F F F F F F F F F F F F F F F F F F F F F F F F F F F F F F F F F F F F F F F F F F F F F F F F F F F F F F F F F F F F F F F F F F F F F F F F F F F F F F F F F F F F F F F F F F F F T T T T F F F F F F F F T T T T F F F F F F F F F F F F F F F F T T T T F F F F F F F F T T T T F F F F F F F F F F F F F F F F
  <DiscreteSampler_grid>
  grouped_processes
  1 # 1 for a reference and 2 for a running grid.
  10 # Attribute 'min_bin_probing_points' of the grid.
  1 # Attribute 'grid_mode' of the grid. 1=='default',2=='initialization'
  0.0000000000000000 # Attribute 'small_contrib_threshold' of the grid.
  0.5000000000000000 # Attribute 'damping_power' of the grid.
 # binID   n_entries weight   weight_sqr   abs_weight
    19   10   2.459264405446904E-001   4.635665808582488E-001   2.459264405446904E-001
    20   10   2.459264405446601E-001   4.635665808581172E-001   2.459264405446601E-001
    22   10   1.320897402245534E-002   1.337333869295586E-003   1.320897402245534E-002
    23   10   1.320897402245372E-002   1.337333869295208E-003   1.320897402245372E-002
    25   10   1.320897402245534E-002   1.337333869295586E-003   1.320897402245534E-002
    26   10   1.320897402245372E-002   1.337333869295208E-003   1.320897402245372E-002
    28   10   2.459264405446904E-001   4.635665808582488E-001   2.459264405446904E-001
    29   10   2.459264405446601E-001   4.635665808581172E-001   2.459264405446601E-001
  </DiscreteSampler_grid>
