   0.0000000000000000        0.0000000000000000        0.0000000000000000        0.0000000000000000        0.0000000000000000        0.0000000000000000        0.0000000000000000        0.0000000000000000        0.0000000000000000        0.0000000000000000        0.0000000000000000        0.0000000000000000        0.0000000000000000     
  0.26811615035382808       0.25858497507505551        1.4169495988796113E-002   1.5569329884196620E-002   1.5032073625771490E-002   1.4511183784773526E-002   1.1098950992951412E-002   1.5535038361217390E-002  0.19844539210325093       0.16696167590902208        6.9444657003661939E-002   7.4163436788277720E-002   1.3863900331843468E-002
  0.60844173489354370       0.60844173489354370       0.69776461033306736       0.70935691353632258       0.67201865510018854       0.62026866268156089       0.75487903366626841       0.63953251437809644       0.60844173489354370       0.60844173489354370       0.65124120613911884       0.66574390922464455       0.72379350946455079     
  0.31021325852531267       0.30656995156654510        2.8528382033918782E-002   3.0811245140966885E-002   3.0001903051851169E-002   2.9241690035465295E-002   2.2248205351573059E-002   3.1042797298147944E-002  0.36210635221235848       0.26611096200635131       0.12423748780324315       0.13378491028362977        2.7627846760696566E-002
  0.79909417646725200        1.1448588291982398       0.71921025946338180       0.72448279547668781       0.66832917963121918       0.63858768872864780       0.67271283300655427       0.67302541449304065        1.2346170210596374       0.88091235718458105       0.76669787001748024       0.71918459548680291       0.65274923354581849     
  0.34259643670739626       0.33591735664854416        4.2691382572690485E-002   4.6640875743128814E-002   4.5125762035501525E-002   4.4557881334231164E-002   3.4117794849872089E-002   4.7200693661212129E-002  0.39979015843687049       0.30296780540565582       0.15848171668440220       0.17510502514787840        4.2810006456037233E-002
   1.3268059754036723        1.1379237026677342       0.66611518061693109       0.63710208769143328       0.64087079843408445       0.69709971870911458       0.72030176922933398       0.65587481308071449       0.65963130924942837       0.71758885585053245       0.82444681099470962       0.76373343018298390       0.67413187484649950     
  0.35840067028172667       0.35662737220193924        5.6119843105888315E-002   6.2195941068527688E-002   6.0098340681904110E-002   5.9970890649756574E-002   4.6133347406185576E-002   6.3221974749526316E-002  0.43866111211300646       0.32917336508522427       0.18678002289941154       0.21049363981989314        5.7946805639395069E-002
  0.71291607958617631       0.93576275616829785       0.62041299387049342       0.64505901388146791       0.68301518725428512       0.70490093739118587       0.70027040242052963       0.68311715008188123       0.77355071156866995       0.73133273135686105       0.75851454602803681       0.75206233353597929       0.61533335634314446     
  0.37093522733014689       0.36622059669089152        7.0307826958924735E-002   7.8356317092443034E-002   7.6272131407215463E-002   7.5868980533383021E-002   5.9204958591032669E-002   7.8905478801967702E-002  0.45940544699660774       0.34551428444898885       0.20835705359708301       0.24086218342240148        7.3515894790431149E-002
  0.65956455208453102       0.68662652882278030       0.66182965925178616       0.67726054964568905       0.68193291614202778       0.75592037463995188       0.66841785271524434       0.68193843453612268       0.61385294701299276       0.65224123807132306       0.74518611516837896       0.68866627766916355       0.71845501737013961     
  0.38376760156800444       0.37789512074775783        8.4559473359373749E-002   9.4375704348210979E-002   9.2138853430661111E-002   9.1955811231490575E-002   7.2404817319568826E-002   9.4505341949896626E-002  0.48090503698607689       0.36051842873829304       0.22936749112120416       0.26816679661945408        8.9011944776915985E-002
  0.67002649408013071       0.66516999204887717       0.63764515146107559       0.69638921365268602       0.69623641237123612       0.65702708472493465       0.68572427993814722       0.70152314697652318       0.62108107176848848       0.61892588821277361       0.74228794136194265       0.78408646710054586       0.70108878347011161     
  0.39631104851622417       0.38955643566003639       0.10004175540735788       0.10913207993920490       0.10739278963442063       0.10855884744083512        8.5806488095353961E-002  0.10980208555154924       0.50058538396911700       0.37399175019695058       0.24974876420467462       0.29312450149704666       0.10491179824722353     
  0.67803582278263841       0.64259711454326007       0.63213030724525221       0.65400588922339542       0.68247197558478079       0.67296097844829950       0.68782333153276110       0.72139421299184914       0.64564632155822166       0.69779814252598016       0.73156255274694770       0.67882762733558821       0.70800699546661394     
  0.40840958813760503       0.40119741759697897       0.11565449138180280       0.12381680423747575       0.12270240993233020       0.12523986637436491        9.9272869725423138E-002  0.12524547085342119       0.51978614665556344       0.38656655404899559       0.26989456813798979       0.31627572292965794       0.12081836855011507     
  0.66108344721993650       0.68981255395314933       0.63472739087998808       0.64316713563416172       0.75116752651294205       0.69618352984854892       0.66673963161938088       0.64085600990377634       0.63497952727715901       0.63383471600250985       0.68129733350193888       0.68882198068776435       0.66361308716897693     
  0.42011717864835146       0.41241681972067507       0.13134929589812247       0.13966443791643374       0.13765911580928181       0.14079627857786356       0.11282518739512074       0.14103799436619346       0.53684653048270592       0.39852274851995906       0.28967225572260163       0.33796128091763628       0.13674102794603304     
  0.65042525730364420       0.69722027757096294       0.62079163692422135       0.64434609602876136       0.68410536433999447       0.68171638082466091       0.70983625072982781       0.63857960748765208       0.64487899299994322       0.64368951160655752       0.71604275251828753       0.71254418116687557       0.75898011401185572     
  0.43176683587267051       0.42367714653351746       0.14717363506799719       0.15542613838449632       0.15252647220942139       0.15625500456410901       0.12646591668295887       0.15678191773984843       0.55319060995701452       0.40995944909789156       0.30953558912002566       0.35815707488467796       0.15239002696712425     
  0.62313221944545838       0.68285994123069138       0.68406337098447767       0.69698341229603145       0.68516808930896611       0.66983231357644912       0.65853747819988184       0.70472024112010723       0.63491600603451526       0.66456368665784249       0.74212100266311798       0.69469777310769265       0.72146594250115714     
  0.44331052864920473       0.43458947950446847       0.16309733149413061       0.17189929997391429       0.16788694841314775       0.17136963099925584       0.14057472958360784       0.17230064369858233       0.56739999366084382       0.42114161183317589       0.32922900149691187       0.37750934892456023       0.16782898518827005     
  0.62350157455144417       0.65292602877061112       0.66390182414644094       0.64740104293752765       0.70887617313003082       0.68392752292918557       0.66883168889409450       0.67577185075049451       0.61009791588281093       0.63961996208244265       0.70852974516724621       0.64557887908192113       0.63095717377876381     
  0.45489554821735745       0.44575202858479457       0.17918123433348454       0.18837869587986095       0.18248684921543964       0.18662324594829288       0.15472950027045912       0.18782434538095533       0.58152560756592908       0.43172537573967817       0.34782065193322348       0.39557814003148384       0.18314036842476430     
  0.65231933629285055       0.65145717648084400       0.71790828146049335       0.69444789741089896       0.62707674846021910       0.67481698917899435       0.71293774145730548       0.66205887255864460       0.67811407011278169       0.67691058143982152       0.64399408369803501       0.64502309585780693       0.70099182047642516     
  0.46649965532344301       0.45674221613487331       0.19609170086773955       0.20477282432245336       0.19772599655739803       0.20141543021158453       0.16969924640779707       0.20357221796702279       0.59557286800087794       0.44189287025446572       0.36517333991785828       0.41301896551576067       0.19846594716090329     
  0.63998653762446545       0.63656291460518477       0.70289964179448206       0.68387951869089703       0.65349138311205135       0.66777928587057322       0.69945284694071286       0.71513784796033331       0.66024535599677914       0.69477489230054879       0.70039224563077362       0.70318396622420842       0.70808147779388242     
  0.47830440372147065       0.46780655612145322       0.21326596552935692       0.22119247104728545       0.21290673087900172       0.21586691150042153       0.18509009117795397       0.21926090573829560       0.60904690276350126       0.45140546381322033       0.38246945919330760       0.42921065199625824       0.21399317909401849     
  0.66532527058472246       0.67994673332561362       0.64858340208739762       0.67030757049522138       0.66364730112568426       0.66822009191504883       0.66401933203182173       0.62787038762741298       0.68594065268229620       0.65597868390912040       0.70633518268673801       0.62295167000479357       0.73163671061691427     
  0.49038039586321369       0.47908243286065894       0.23089162252796516       0.23742367792083696       0.22820597467176262       0.23168262326661876       0.20087030261096625       0.23528557196386407       0.62168531938336913       0.46063232612723432       0.39987489175317747       0.44488252962494890       0.22987165856611716     
  0.70601223395212220       0.70292457439393996       0.66298499214059625       0.69870869250262291       0.64131913156686293       0.68478913514688566       0.66024198023809721       0.71378006498526692       0.61362488342493093       0.65481974496964546       0.62470542564173859       0.65482508422206198       0.66628508146985865     
  0.50227482599273499       0.49029184294746142       0.24848547226792136       0.25355878239991841       0.24339671689485926       0.24759335975385666       0.21696088183450774       0.25120953669240831       0.63433981031706321       0.46940519892441412       0.41699040135799403       0.46001561087770282       0.24558999333228465     
  0.69026224347250353       0.63560499161929684       0.67707705554933739       0.72213196026744075       0.63326612643421576       0.71356151608886143       0.66562227561069343       0.72946606320374641       0.63012969485218973       0.66052165542858832       0.68529663676968544       0.63572823364753939       0.65922119488124176     
  0.51396606692923197       0.50128787205294556       0.26695244610078533       0.26986446411623677       0.25910168363269709       0.26386465876950221       0.23252363022693642       0.26700894974338008       0.64694852167744699       0.47803998776333334       0.43360998971547260       0.47499450071128124       0.26053014469216246     
  0.71706481428959257       0.67452150101897512       0.64220840337658935       0.65913785392298696       0.73150500630625015       0.71426911021018358       0.70907820029566693       0.70970593919876557       0.67286778047844664       0.68696523190568293       0.76030414994172613       0.64839411146294013       0.66156939381928126     
  0.52564689864696090       0.51222311504383333       0.28534868104443722       0.28622102745956590       0.27503201781571668       0.28013837633781935       0.24787043978041384       0.28278391010935161       0.65842871013371906       0.48661025883070724       0.45006258061899890       0.48956272158032116       0.27560588550215215     
  0.63641802449010176       0.63733003085495010       0.64458204886730186       0.72385554528736729       0.77048564267650721       0.69239450895171228       0.76223888883807578       0.68044239154291908       0.62614361345156899       0.74402985161434398       0.61827065042878682       0.72984010468714056       0.67651765900663385     
  0.53727528877491004       0.52329160263618280       0.30408103971113354       0.30206004021658345       0.29117874253838144       0.29583522097731607       0.26354662934755940       0.29860901512632182       0.66820403310257381       0.49497505957268123       0.46630283647591847       0.50400963680350175       0.29096704179735744     
  0.66577408166922614       0.65251933294398723       0.80928952162364409       0.69614375877278645       0.63188217568104965       0.71798111615682758       0.63153278368458698       0.71353372440848040       0.64176370148134931       0.69496785380487813       0.64630531130554647       0.70848471703624760       0.70773717053320451     
  0.54872717227411905       0.53441063730256255       0.32307465235783833       0.31760600562765229       0.30747353751297629       0.31157100393615877       0.28000538230469668       0.31451798190894248       0.67822539997795339       0.50324857687456037       0.48254597259086435       0.51773204578998455       0.30620637420781011     
  0.65360220762758725       0.76519592184059448       0.66879329854971059       0.66107936142634949       0.71546557833376789       0.62876416957872694       0.66147423006312023       0.64167853611442638       0.61433155879378232       0.63048062610884603       0.72050919611679332       0.66240930330271008       0.64481808676938512     
  0.55997945373934277       0.54539073889481360       0.34076761893718971       0.33381838923328816       0.32297997945450374       0.32748439730074519       0.29679074555567769       0.33027739172116932       0.68851096252127431       0.51143995969548750       0.49870270489725227       0.53110499336427497       0.32168800402561987     
  0.75183650983693462       0.66309278300907315       0.65126939012289020       0.73382806713876869       0.70297887124036185       0.65654226197711085       0.65555519629698267       0.67836211502715504       0.68023888898011109       0.72604273941955744       0.66771729185004025       0.67633069488437636       0.70324127549073601     
  0.57120409630387936       0.55627954799514046       0.35876427601262856       0.34956953929652745       0.33731629561957382       0.34325765466260666       0.31364007287362694       0.34596379649864806       0.69835616572340631       0.51944775103675600       0.51460900186506575       0.54299915784958919       0.33709140638730578     
  0.65775097900506452       0.68600862633749082       0.69509100714817307       0.65550701519970722       0.67400847766824479       0.66648396874798654       0.67212899762015665       0.68050142928632706       0.68922111339251058       0.66226258594061593       0.71013338031631645       0.67439307858478525       0.65142650574185579     
  0.58233190553381398       0.56705417409651637       0.37924795446261766       0.36544531226680893       0.35163334909493188       0.35984395494477867       0.32971780178031768       0.36137050746584082       0.70773906718073265       0.52729637443785404       0.53033322846952669       0.55478969428785330       0.35208146502477766     
  0.63822065507661430       0.62505688048901631       0.73199565490616569       0.62517820096716303       0.69611890237777763       0.74640854379302246       0.63372393321240617       0.64889254465751589       0.68733653201117095       0.68751133599443914       0.69592169016823491       0.63117877533675315       0.64336955687614161     
  0.59332463896906462       0.57758262393618098       0.39957363312649508       0.38142648693107278       0.36636897104806321       0.37644370727364007       0.34537419035515365       0.37705310127213920       0.71681255733608673       0.53499445907123433       0.54532652600695131       0.56638300178921130       0.36721723061452360     
  0.63940548148388032       0.64694561654117200       0.65182365104865236       0.73420065058964590       0.67699896426321549       0.70474419179156633       0.70139013277161200       0.68119815683593743       0.64538245923613879       0.66076038050092190       0.65918268901772192       0.66454425106464265       0.62953200530205200     
  0.60421183302862636       0.58836105709329700       0.41978426921063766       0.39715631611058011       0.38216206651815937       0.39236739274616933       0.36416784002937386       0.39301908822445103       0.72558547348835445       0.54251601954822604       0.55987693272131045       0.57848285459016013       0.38296214808062945     
  0.70778452266491276       0.64971443841255694       0.68475720093948167       0.67595748856528348       0.73140082217739066       0.72900171165938243       0.70800355411335536       0.67215648086996205       0.66830438884535437       0.65748128311999487       0.64573968016817762       0.73082871964472984       0.66136082350109959     
  0.61517381511612246       0.59914956322873147       0.43983916599029993       0.41292243950920882       0.39848222249092086       0.40831651645589312       0.38345243388922190       0.40869844845029663       0.73413351621452305       0.54996242266948547       0.57419428247711179       0.59052484929104432       0.39864866602475413     
  0.64846399440447589       0.62998820957930446       0.67684260825215625       0.72411912782325505       0.69182913422158487       0.69177064737077398       0.71493254463377032       0.63599073975966902       0.67694718643904206       0.65086262510098414       0.63854684099945880       0.63460083953618229       0.68242816346790669     
  0.62626294816920813       0.61014475610164953       0.45986843027270685       0.42870919007666553       0.41476230758894983       0.42410855245384782       0.40281303342111641       0.42386507761598441       0.74256645046675240       0.55730125022953425       0.58858807170343252       0.60236185484984439       0.41461388406963318     
  0.63835859002874618       0.63565135720693811       0.68229637126353659       0.68392519075219804       0.66549184415134766       0.63450999726015755       0.72335605372295042       0.65818351895364657       0.65722880046483478       0.71680895275372458       0.62343710413522258       0.68202848910960712       0.70620103622212571     
  0.63744820349511855       0.62121871457657662       0.47981894837516548       0.44457429064132253       0.43088779959049966       0.43977429723987449       0.42193264176790507       0.43924038376846736       0.75082500500113170       0.56458960883957121       0.60308893308196654       0.61369250863067804       0.43056982122069593     
  0.62841538341226155       0.64478650294261441       0.68264880132317107       0.69556904065268843       0.73508792790369748       0.71716256148034974       0.70804208803059665       0.69456701177256031       0.67331518102847732       0.66670630803223796       0.63042844294988076       0.65962177456138149       0.69228356268487590     
  0.64867517122415896       0.63236850710336623       0.49942423843090095       0.46042391288376189       0.44682127750399192       0.45510453354277242       0.44101640640117257       0.45498464291582746       0.75888808124340390       0.57172777584350498       0.61756603762725426       0.62458241687196514       0.44610050917389399     
  0.64442280202806657       0.69487874956237505       0.68346197124292440       0.68109626340102114       0.71504398640330857       0.63455200229967212       0.64330278159517751       0.68219972070009693       0.69251056652510534       0.64956471080925782       0.68880451237197216       0.73859952964642783       0.66886338491423758     
  0.65987538344861518       0.64346720996143381       0.51883902488377220       0.47613280797599700       0.46271779328629953       0.47042410268589246       0.46013663424366741       0.47079405222288989       0.76693173548752325       0.57871052078639751       0.63153651955948020       0.63522565386677310       0.46163146702353836     
  0.67573128001971305       0.64675255981465507       0.67780557998848290       0.66433469898247521       0.67367655201959642       0.68711156732600964       0.73094435870024932       0.77092452579124493       0.67927523557059022       0.75487672522678562       0.67765423443967110       0.67742576903222740       0.69926411487052531     
  0.67106206228293841       0.65445501217385327       0.53732346762757643       0.49165376034821912       0.47859083167902366       0.48622528702475259       0.48005138156921340       0.48637178421286081       0.77495581804465463       0.58541278148694442       0.64510889094778678       0.64563928027993633       0.47688782274672475     
  0.65160479219718781       0.65906971391378977       0.66242358469793716       0.71734258318856525       0.73395610725918980       0.66646030483383289       0.68789949592161603       0.70243037120637875       0.67450466789187447       0.61474024768852176       0.64962828064292510       0.67178815302221784       0.67948761539878177     
  0.68191941615545182       0.66536339775032205       0.55561059405039648       0.50714593582044420       0.49474508385137173       0.50192638924211130       0.49961250952442121       0.50162107942928902       0.78276454829334097       0.59218363215101133       0.65795136705562962       0.65602321399866548       0.49154013162462379     
  0.62938322984712824       0.69522964198972470       0.65551331726410955       0.67793535275843830       0.74452003674938250       0.66165029462264402       0.67530811275376523       0.71036868045690882       0.63348225516385781       0.63555382366320623       0.67963601836231768       0.67170041688927096       0.67528510383723206     
  0.69245780458368122       0.67659480319399035       0.57353101859647138       0.52214903798829704       0.51072166190487622       0.51732872231731253       0.51877378276280373       0.51532205561776678       0.79045561280567167       0.59880969252247529       0.67033821942445282       0.66638048965475738       0.50682723364637861     
  0.63303473951210287       0.65074808110568971       0.70246764209712054       0.70923684265373088       0.65483376065854981       0.69296101028917378       0.69879681945245864       0.63841690462080625       0.69688771992851817       0.66249325041046370       0.69816819291640597       0.67891282184501955       0.71423748073710847     
  0.70300951361324171       0.68766811939813455       0.59150108402153856       0.53694013273810048       0.52646857842948880       0.53293517803612411       0.53792445751740614       0.52975271872675311       0.79777125327096854       0.60581327689066489       0.68268645460208532       0.67659835190782414       0.52211874555345050     
  0.64011823983255478       0.64160720587736442       0.63354045120988589       0.63492191399270381       0.72657698822802386       0.67179820776692967       0.71442815047029029       0.71599775562281320       0.67134766755952635       0.66651955300949917       0.68283007306878285       0.67669676755081576       0.72655197858312104     
  0.71355897014492697       0.69841835592916168       0.60946224524696824       0.55179794595176956       0.54230430014892550       0.54801882619944986       0.55700711731594676       0.54505606508793769       0.80487455440550770       0.61289279775299965       0.69508412903768757       0.68661613439365499       0.53800258254981304     
  0.70273601972508482       0.67977119229685512       0.72333076248375672       0.67087151394316247       0.72622472900497737       0.74169780319427014       0.69354109950410869       0.69952063681153609       0.62747568126686770       0.66097028329173013       0.64333622838671800       0.67746780629661252       0.67586074374872263     
  0.72411736544125427       0.70936432044661557       0.62706047550655297       0.56730300737195727       0.55820204423638919       0.56325895478656285       0.57615646047604319       0.55939145027594561       0.81198220235740159       0.62001963819225125       0.70642989640640486       0.69677227554672438       0.55401242320627975     
  0.66258990925075445       0.64826571917880327       0.71489771401842406       0.64094064777844406       0.64128572224714953       0.70100718214348878       0.73901173036127876       0.66141864837739650       0.66743762365508841       0.66806487169234274       0.60988902391373645       0.67642082050782115       0.70740596820039825     
  0.73464468409050787       0.72039061444406338       0.64398359426978791       0.58241290050969319       0.57464087172253608       0.57853371897032468       0.59521955914073765       0.57329941749590851       0.81909723839771298       0.62712797241938067       0.71732467577954839       0.70734932484235857       0.56996761919004435     
  0.63089954117004710       0.62843868177824724       0.70121837993093217       0.73256792335517085       0.68491774949380368       0.71539055994535627       0.70983792893075326       0.75110991240854219       0.67081167141696429       0.69037334193131628       0.67981908361455468       0.78142226250869362       0.67891530966704794     
  0.74515962149343939       0.73146009530335532       0.66084281296923841       0.59674600604420258       0.59121704764461647       0.59384385339005097       0.61419967063009728       0.58723684111477070       0.82600055542194561       0.63432183483821469       0.72800551154152859       0.71830885335155392       0.58599071932023794     
  0.65863657704296008       0.69878711498602297       0.66867831796823241       0.67916374033226778       0.61903255471606144       0.67276888104488242       0.64055027049742019       0.64796975063074291       0.75818591607046992       0.66141167138354651       0.65368171774789596       0.64914846783057145       0.66515746233505002     
  0.75567699892331097       0.74200418857568529       0.67754998010649847       0.61216241893272516       0.60826647586898752       0.60944699246713019       0.63260254462357501       0.60160270637473579       0.83274452130868770       0.64132713428612653       0.73895247700009070       0.72968388839267495       0.60153354696077510     
  0.66050987012253537       0.71128167447811652       0.66886991097972470       0.66131597164514355       0.68288658055047047       0.69559911337824953       0.67627731753469955       0.77945013989362222       0.67802031665835349       0.69254339474261561       0.70025376117088145       0.69624966446794523       0.63929703005075889     
  0.76629846178361960       0.75255535744610214       0.69389230720818462       0.62814036707803012       0.62543447457983037       0.62491863415136828       0.65120097904893171       0.61643450900581820       0.83945006902275321       0.64826435423250839       0.75030414779405852       0.74083632628050977       0.61704312992591326     
  0.69593720943038173       0.64525844961699541       0.73533561644446377       0.67139268629720905       0.69597099841269083       0.71478536733107079       0.76691724542417872       0.67532321481524749       0.70427276426573138       0.77734936457102777       0.66059666794669769       0.63291346152516925       0.68240213433123098     
  0.77697197581310540       0.76333575190950864       0.70950767410735904       0.64383660758865324       0.64229717174908485       0.64140731961444153       0.66915373425979041       0.63124212811694946       0.84609403523477966       0.65533195623314899       0.76160267701480777       0.75163735678280652       0.63290232842635585     
  0.69333075684991330       0.68172774458350205       0.66308815812058175       0.65373146841232765       0.73660808634295949       0.68772125172488652       0.66849703694706275       0.70485732800846546       0.68513460581222974       0.67671433524766667       0.71056253228477917       0.67668345872123536       0.70791984340213654     
  0.78765478093434838       0.77421600155539405       0.72500528564718614       0.65939786117105181       0.65917016501711867       0.65747680448828183       0.68708703743575616       0.64585987580539905       0.85263992463897442       0.66246802145252437       0.77270788694806114       0.76256438497468670       0.64865674145638452     
  0.63176593535517533       0.61405095825080536       0.70422601063011225       0.65147251305991283       0.66902170856106535       0.71062902497753155       0.63613839670718075       0.64636122573402410       0.67362955220613818       0.63372393321240617       0.68369132197989158       0.70120710813320164       0.67924418832197742     
  0.79840723198602948       0.78486969918835636       0.74047079565659901       0.67472607373452842       0.67567420623110708       0.67334130165959838       0.70411057349171013       0.66143008603048525       0.85913089831399114       0.66960750296200078       0.78370993834798053       0.77383361530014161       0.66509527701852034     
  0.65892033624535418       0.64640271764966128       0.67918841142682118       0.68103970663256719       0.66546089593593138       0.67700538697103085       0.70604230630543563       0.66759717953962294       0.65151653139511800       0.72047827710928525       0.68747218499047413       0.71954876991548766       0.69308807535217298     
  0.80913350277267149       0.79579600071691159       0.75571634830496415       0.68983828454088392       0.69209478865686591       0.68916311134439390       0.72118050601965400       0.67705260395223155       0.86543775148020430       0.67679719442538033       0.79459321057932464       0.78499807861779025       0.68159000916699197     
  0.68792485268604853       0.65606929604248088       0.70747547150957446       0.63614655736217052       0.76998678709696700       0.73636780195964047       0.66609878704556047       0.67581229940508569       0.72225376263654850       0.68910583844255346       0.74298681757544727       0.65244911022313523       0.64831195814007514     
  0.81983144670310970       0.80664147443267886       0.77079924810721634       0.70554724721420603       0.70725407182416777       0.70527261317596546       0.73745811612318579       0.69308295307140666       0.87166286036429363       0.68405440060590039       0.80534696684568485       0.79578269341305219       0.69703834608741322     
  0.61143660891090101       0.62974307661237983       0.68680547567109895       0.70698861681528513       0.64223800105924755       0.65567455716226641       0.65060701952803435       0.75453722828947378       0.68583600349025986       0.70343841222924886       0.67534311505629951       0.63007613722540834       0.67050978420385432     
  0.83073172123620542       0.81733072856473921       0.78529718016478611       0.72133285298965466       0.72170226266405890       0.72128351527680923       0.75378331129428489       0.70878676993358614       0.87795582830451324       0.69130728989609846       0.81621960038994001       0.80661947394803624       0.71254570184036847     
  0.70579820408859706       0.64419514110530363       0.70482447976882534       0.66759060247868074       0.65645040314815573       0.68477508481731186       0.65930719961711981       0.68209299261429746       0.61708582486831176       0.73907338064186057       0.71011069295315798       0.70897284966330687       0.70265852630398273     
  0.84183708190611251       0.82802540041917150       0.79929535785791939       0.73716904780175585       0.73692452826610511       0.73726373825299363       0.76966147821496078       0.72444505071378273       0.88422345679799952       0.69868423755711284       0.82696715846243540       0.81803059935944100       0.72859388842268669     
  0.70090673892252242       0.76460252899963443       0.67207281295146215       0.74044431994794202       0.63531267970964933       0.69736846644956962       0.70309250302666704       0.66650659752022934       0.72991858772502960       0.71894074168935462       0.69366054030823121       0.64095312014405414       0.65281742198456583     
  0.85272761218727278       0.83879889234775484       0.81290561405918804       0.75298139907659445       0.75239204983309671       0.75328230886055314       0.78546060772149362       0.74033619581310794       0.89036529183082180       0.70616796378514968       0.83762959584512964       0.82942536472580042       0.74447225528771077     
  0.67642968733495201       0.65178712062424560       0.62101730577380765       0.64952306104318125       0.62527231482145462       0.67213359632843117       0.65454126599018581       0.68244619298563369       0.70774681031986175       0.69048846365232819       0.67524582152676083       0.66407311843385197       0.65343747052929768     
  0.86337605786190985       0.84959153671173426       0.82625654035965201       0.76823728092713017       0.76801111884352102       0.76852736775798236       0.80126302122201454       0.75694372158488454       0.89640063845776030       0.71382823229579950       0.84830861404199320       0.84062264169981871       0.76101314546362719     
  0.62335702601950704       0.67542202054829592       0.71336265017513822       0.64547141957676213       0.67665043832271032       0.74580853635904987       0.65213259656406974       0.67967364491009374       0.68927721147146892       0.68834849348246419       0.60937585467552691       0.64305799522494755       0.71832582844569881     
  0.87400121465109881       0.86043988287893469       0.83944220604729924       0.78352037947642350       0.78364762469144178       0.78385924878389468       0.81672058993042784       0.77351166758652901       0.90230040996190575       0.72169996355309385       0.85902035178924530       0.85195446155114063       0.77716293567360861     
  0.66858074265534684       0.76189178047315409       0.72302443251344406       0.67941316356097925       0.65440582967206651       0.62579867044726256       0.68854444196161857       0.62401939794585859       0.67498471366699841       0.64408913516396293       0.71476084952651020       0.67131809584068480       0.68343652192900495     
  0.88461420960258863       0.87105991041887909       0.85244465277499215       0.79861952051231166       0.79905434577400480       0.79883998384953780       0.83172611871330104       0.78989824824032617       0.90788204075880574       0.72981825914312737       0.86965296996783514       0.86370573507835147       0.79335783375347724     
  0.75006278074118249       0.64752435780806394       0.71630115343651779       0.67964831857565666       0.66317250707808117       0.63769669929573725       0.73512228792591905       0.67773589141762025       0.66776483022964361       0.70757222860160429       0.67567764399266639       0.74905273856705956       0.71272038111522706     
  0.89508934091922532       0.88158467626202108       0.86513498597465144       0.81379633171875920       0.81441559770297012       0.81386546500606960       0.84669204049246027       0.80633842834398073       0.91324965987026197       0.73809548947114512       0.88032477654555719       0.87540698999741584       0.80894708096045209     
  0.63401346049111240       0.69216260250153983       0.70782123104128170       0.76218167153529637       0.65047520541164872       0.64176370148134931       0.67429531829621037       0.69831110843844479       0.64268846539394597       0.66693760712352090       0.68342545863132642       0.78767481523100014       0.66388217380696180     
  0.90527967103949414       0.89205016427847406       0.87737620399714467       0.82858106671202858       0.82998257459282410       0.82903302904266973       0.86097520934002769       0.82307447826705560       0.91851685063874733       0.74662163043064911       0.89060241337176227       0.88689636404329908       0.82417350933408140     
  0.66398060730852237       0.65381428915934969       0.66722832162262480       0.65773700026418136       0.69432094125793897       0.65402248482640524       0.69860557750670726       0.70193912810574033       0.64021754745981319       0.71185817634174053       0.62240531960145462       0.67509398848203828       0.67481825023094777     
  0.91521926417168331       0.90245987897259206       0.88953843806991351       0.84354050421598969       0.84561816697591552       0.84421703307545393       0.87533532907286360       0.83949157270565311       0.92394677858680474       0.75545425071260708       0.90082605363138823       0.89836166040413656       0.83952462700216279     
  0.69687243482890082       0.63119548237173007       0.66355506597019553       0.73674178814172264       0.73962690777797879       0.62989710684986577       0.64539002789174216       0.65884020533284771       0.64554123379343320       0.69287810250123216       0.66668366284325797       0.63588395673058151       0.71056178285419169     
  0.92487452822861438       0.91310234562647752       0.90158477447524288       0.85800130122553053       0.86109622815936426       0.85907919423791224       0.88977935598719160       0.85663123475778014       0.92986056038631792       0.76469403968197613       0.91089424579652367       0.90937233352061231       0.85558479393510789     
  0.67907587261506841       0.69719257807402435       0.73919271424827449       0.69642090721260808       0.69167458529751991       0.69180963585874355       0.67723262477538937       0.71843514814275777       0.77152413806072606       0.67161510607632724       0.68386959524444291       0.63665152504527878       0.67999174298890752     
  0.93485278588013820       0.92378209569605985       0.91350186372270725       0.87245733591659691       0.87654828831963993       0.87431066237082367       0.90392226519146313       0.87376605769896931       0.93574403486867186       0.77429997396041805       0.92094763816775416       0.92038658148378416       0.87184811437092524     
  0.62351316891463415       0.66022225262125522       0.68846451461944769       0.66009200345549368       0.68472614620795236       0.71092838795409263       0.61527629137529394       0.67816150251078122       0.71860794775380721       0.66467122235060128       0.67529255589799808       0.65828612175805401       0.67528432794381033     
  0.94511041321003042       0.93389063059905830       0.92501011383357723       0.88821624767434049       0.89203800581592207       0.89018491494380769       0.91659001000276541       0.88933231063043772       0.94176677294776368       0.78494405030701697       0.93089205682259135       0.93038788163498243       0.88729783510733451     
  0.71764308232643459       0.64180086807387382       0.65402711440684047       0.69551724458188591       0.68776229793659138       0.69238117348725292       0.65206203191121459       0.65464621205201112       0.74584333017068238       0.71193852084223119       0.66173887095819517       0.71021538197587775       0.69608800318358865     
  0.95492084998464888       0.94399611662454253       0.93645990144746716       0.90405849928206417       0.90747786956239873       0.90560684037022288       0.92924325587787593       0.90511384821488761       0.94779403585123745       0.79641461010508352       0.94084995895857071       0.94044501035690564       0.90266926127400915     
  0.62134092840858601       0.62660724933701162       0.68933317304166275       0.67943690515139810       0.67929472359090515       0.68983011446822140       0.65859666835667730       0.66722338600764997       0.72886625312723607       0.70123715933512920       0.68898212481620058       0.76350631846869932       0.63524024495182652     
  0.96439777049591691       0.95439852285602056       0.94748726939818295       0.91998667413469382       0.92318397609405756       0.92133805140264546       0.94166298809735682       0.92083315214923112       0.95397879876002034       0.80931440110249031       0.95062929195874835       0.95106058528145554       0.91841889546657285     
  0.68632635869951308       0.64874877315837909       0.71786737112759247       0.68883159964767848       0.71312677409064207       0.70560571459097876       0.70139709553685836       0.64735216224906755       0.75278200811020535       0.65524071614995938       0.69432355662175393       0.68577450109694793       0.69035843354990567     
  0.97330558460172667       0.96503019923310984       0.95817098309678084       0.93588296878444077       0.93880988894647643       0.93716084948412115       0.95403538071572380       0.93638229673243012       0.96037981664522254       0.82335253164523492       0.96044808547958505       0.96150868980060933       0.93409305619393390     
  0.60910835793110751       0.64756233738958247       0.66492979347379855       0.68649234160958872       0.65814013235271918       0.69224171886004171       0.66734084908051350       0.65549715224751803       0.70671628953487842       0.64370974230129285       0.68680567497182932       0.67580638550599570       0.70182359608184774     
  0.98166725407969757       0.97450511470059520       0.96841611442101705       0.95169159629425504       0.95404364142808340       0.95256082444860346       0.96596499765375954       0.95257366437026825       0.96764991967438108       0.84270388765323978       0.97024468318979462       0.97110423151153769       0.95067863611019421     
  0.61661624095053069       0.63844251889242021       0.70311608739101505       0.74503110263069650       0.67388925796221422       0.65790767379400850       0.67358599064614155       0.69807910916199944       0.74788501796618478       0.72485120099188194       0.65088823681512198       0.71059648037091383       0.74621681715816801     
  0.98871100218287877       0.98413956826138294       0.97863478286967520       0.96765109214469647       0.96926045769588054       0.96813322098481369       0.97791479941719162       0.96869236698849381       0.97506281670153083       0.86814832985087176       0.98009841786314955       0.98071389959403232       0.96729577882205309     
  0.67342209265365327       0.64390506910722101       0.67373425920951968       0.68038866737998493       0.63696635750044606       0.68885660296106599       0.62434160949712547       0.65255312356862527       0.78345464679888821       0.71567647003226598       0.72306453327624909       0.64520780882913564       0.65654527624179737     
  0.99449791904937312       0.99213539235446524       0.98935506737761192       0.98381422745726121       0.98449409785879505       0.98403765317945691       0.98886650317674607       0.98434314145544877       0.98654352883406626       0.91946969740529227       0.99003148534608265       0.99031906961929361       0.98369364266959725     
  0.64106966264382048       0.64567325705505574       0.73863168186263806       0.68355462836019287       0.65886336302955872       0.62950499321329512       0.67802648095529006       0.70832443740033568       0.89605059887633010       0.83253334873060181       0.64538976692330308       0.62938635962222622       0.68016559196399951     
   1.0000000000000000        1.0000000000000000        1.0000000000000000        1.0000000000000000        1.0000000000000000        1.0000000000000000        1.0000000000000000        1.0000000000000000        1.0000000000000000        1.0000000000000000        1.0000000000000000        1.0000000000000000        1.0000000000000000     
   2.0368407180532291        1.1247876774022545       0.72307571323186093       0.69148429812768952       0.66618728073718769       0.65359656756702877       0.67364394281467876       0.72021416701809293       0.60844173489354370       0.60844173489354370       0.61524963922304587       0.68186512321612303       0.66367531886752862     
   5.1016661099167662        5.0162487146781363        4.6398251421855310        5.2152914235129844        4.3248868897744872        5.2695390094051797        2.7297674206720877        5.1784627256854936        5.4654021931002754        4.3913354699518017        5.0561608142018679        4.8586148489425458        5.2549726477447969     
   5.2670255934805814        5.1659004720853110        5.3638835660724107        4.7225580954709470        5.0135187398482106        5.1324759733474306        5.6098735369999604        4.7164943165718132        5.3644862887821239        4.7476778487554165        4.9387727713101555        5.4213078485316686        5.2145932981735106     
   5.0667771553662133        4.1204703121891804        4.3568074652503448        4.8733043274645924        5.5571538928469142        5.0992634387215414        5.9337579736584569        4.8623682446781000        5.4278366205259969        4.7552172905074812        4.2811618464578514        5.2327560845085319        4.0899468728480270     
   5.1295799967715920        5.3459825829063989        5.1785374848295858        4.4348755776611961        5.4654324720141823        4.3506930003320123        5.9492968954579064        4.4697606277213593        5.5847547777765625        5.0893732844137531        4.6775207500516283        4.3658908505224678        3.5242683119208404     
   4.9236575114180603        4.5580287846168597        5.5041294218503962        5.4289431945358810        5.4334719773829034        5.1778731282307522        5.9532328932599166        5.0769072586184629        5.4871898993841750        4.6091185864011672        5.1851977815902419        5.4460903763373807        5.0853559938633603     
   5.2020091433713249        4.8033482650011692        5.2772256011542726        5.0025316534151543        4.7705781581937146        4.9768724945627598        5.9071312939641221        5.2169713061689489        5.3226499410872306        4.7663934159942452        5.2954656714887332        4.8021571876572429        5.3618993233337013     
   4.2101296927725169        5.3048885858089605        3.9778755228360758        4.2826776404644402        3.9931079977799326        4.2834678071392833        5.6300181375016409        5.2436744424386301        5.0128206024104296        5.1424631576207611        4.8797519176556321        5.3663269672462377        5.2682209063490166     
   4.6770401061847799        4.8548443740261602        4.8569177399963035        5.2147965928824949        4.5714361724314889        4.9361720152465631        2.8086851693402681        4.0430194620573401        3.7470740231320638        5.2803776484843858        4.5882832296210934        4.2251040110540217        5.0364850518510362     
   2.0310794066439640E-004
           1           1           1           1           1           1           1           1           1           1           1           1           1
   1.5481352192805256E-003   1.4387611083476433E-003   2.0594321489086481E-006   5.0646561754200885        1.0170487590485742E-005   8.0560187978837923E-008
   4.9625846115108980E-006   4.8649650864521468E-006   9.6366653595061642E-007   5.1388929608315030E-002   9.6305356731113294E-007   5.7750491363523963E-009
   5.0000000000000001E-003   5.0647302519717234     
