  0.00388535081107036  0.00993060094919819  0.01807489372863280  0.02719421962029921
  0.03847360889770290  0.05163994205995462  0.06439684934468023  0.07622264577300839
  0.08657337486037528  0.09616022500185856  0.10463542176121594  0.11256271859570013
  0.12023182419922153  0.12854003119397689  0.13805183450859651  0.14878809032151341
  0.15978059005230680  0.17018754532677111  0.18034727101683665  0.19164392243925163
  0.20308071627088548  0.21445652449486485  0.22597181541002248  0.23829819957831158
  0.25039817774778977  0.26162157985622414  0.27248264538316702  0.28230434032062240
  0.29138697531622754  0.30071139873501612  0.31046225674251776  0.32092459802937839
  0.33202191698122413  0.34218400906232505  0.35346662258809808  0.36470399285323296
  0.37423914792702279  0.38260664773866315  0.39063436742148305  0.39716326299008564
  0.40417124913808328  0.41169316434364117  0.42010562375103222  0.42912511531165626
  0.43914612658826624  0.45073923807152894  0.46328595932119898  0.47645413955090399
  0.48800254872942334  0.49916728210100175  0.51110026298028455  0.52330475415706657
  0.53593602313696687  0.54771694700577322  0.55876282459628301  0.56939705516267558
  0.57905992405929407  0.58682419834552424  0.59348355677798470  0.60065922842641983
  0.60790303996224804  0.61495987944614838  0.62181960277735915  0.62855114005470425
  0.63570543862026196  0.64229952698248882  0.65179186491836849  0.66292766039359441
  0.67451642075450324  0.68552143496139506  0.69732681704376520  0.71035402131159842
  0.72305846091294068  0.73495798984726457  0.74486910813792861  0.75417579469487794
  0.76340333389463266  0.77436502862476309  0.78419722570020245  0.79382574831631691
  0.80382664868626397  0.81330890504886022  0.82426404524944585  0.83579084059622588
  0.84837413997002531  0.86169442242504646  0.87500611123878458  0.88870880971765709
  0.90292125406281876  0.91698216847416703  0.93092485174875161  0.94337932048881668
  0.95557400605922371  0.96681815675029159  0.97893843298295780  1.00000000000000000
  0.00305819584935493  0.01478368944024328  0.02552285249821801  0.03485424995027301
  0.04424325815946471  0.05479373049482755  0.06520375760581690  0.07441594150861822
  0.08315001618104698  0.09108993408132487  0.09941561475003581  0.10685105999237675
  0.11270346642548677  0.11925239789534101  0.12768401102254320  0.13633040850003317
  0.14421418174773859  0.15191444596761178  0.15980351715150914  0.16890601423016186
  0.18082797482117685  0.19435907811560596  0.20774954157509937  0.22122950311223077
  0.23512705839386755  0.24875170628729143  0.26018514819708732  0.27116365482061922
  0.28325530821570161  0.29602597379025009  0.30738053035407953  0.31875249222823465
  0.33001027476124989  0.34033352786983218  0.35042818699392891  0.36037590594322427
  0.37075394406082041  0.38061739785424337  0.38976142784908741  0.39957526959419282
  0.40952377575271320  0.42055172001446489  0.43149506099799656  0.44251386141302285
  0.45356187020790784  0.46453719451228254  0.47614265862977245  0.48991455291478864
  0.50459311138827401  0.51767443073862840  0.53146204590131885  0.54480539783980664
  0.55761024280266469  0.56905453307802090  0.57932240553979686  0.58893091635257377
  0.59808220702097348  0.60703737904557209  0.61597557116342949  0.62517198936105456
  0.63475492692973279  0.64420205809559739  0.65388073835022886  0.66325801377183125
  0.67268687372195612  0.68220544984770770  0.69195036942152499  0.70210383698027246
  0.71219169713868580  0.72118145967799729  0.72978240107574688  0.73838494287618761
  0.74695128739422789  0.75861835737167616  0.77043309812062000  0.78120486288778679
  0.79172559710831025  0.80215117378321965  0.81196657299348673  0.82179492361096085
  0.83094261077092557  0.84240043379837271  0.85353598774650108  0.86286459955517136
  0.87143196166814219  0.88009473587085596  0.89046449675468575  0.90029773621507081
  0.90941736099540560  0.91896573606773257  0.93055321406913227  0.94334720659657545
  0.95670391150458334  0.97080631142689355  0.98523882392202189  1.00000000000000000
  0.03072261290779865  0.03744376690091738  0.04676144947624241  0.05791313720118644
  0.06972204941761904  0.08236189945591796  0.09498977440238350  0.10655100858472887
  0.11772565817756495  0.12935550946739829  0.14207346443289312  0.15168337423586906
  0.16082555437062818  0.17000941449771445  0.17872614612146553  0.18716749136226199
  0.19521583748946569  0.20324086518065218  0.21236423309433008  0.22319812409877221
  0.23221626612979424  0.24023081921262371  0.24809447713814689  0.25743768355798563
  0.26793205283401894  0.27820995886367483  0.28733437872968964  0.29777019950298506
  0.30931795973673193  0.32020720657776597  0.33105796928687525  0.34382640707621037
  0.35611449975091714  0.36742190757841803  0.37822001057414817  0.38918242899807926
  0.39949723740169152  0.40961963386954597  0.41967460245096577  0.42997041303967093
  0.44046031115909340  0.45060437433973882  0.46110151449075909  0.47208569975033221
  0.48312369589777254  0.49354829996148225  0.50304343715414335  0.51202138658863205
  0.52105097615854790  0.53049505792267915  0.54142816607881616  0.55253090376793423
  0.56257215544472039  0.57317320827277818  0.58383233156419212  0.59494046990352101
  0.60465067064654798  0.61295437197851432  0.62098799407083038  0.62934619263025593
  0.63799595032660650  0.64708640106414184  0.65601804560155863  0.66503546857885210
  0.67519022721108302  0.68657553463582066  0.69617197736506231  0.70581560637205121
  0.71466121032052288  0.72356988070823358  0.73314313958884791  0.74331025649318516
  0.75482597952946751  0.76542659554382297  0.77561890631371988  0.78512181963130578
  0.79502735974323990  0.80414638247325154  0.81358876474433672  0.82212690306305880
  0.83025089221754245  0.83867042162655425  0.84723063278313038  0.85615839128417970
  0.86666327715648084  0.87895514955402432  0.89210663888062447  0.90386697778537040
  0.91359015424499057  0.92287495016111898  0.93240111417438776  0.94243085072025257
  0.95348129991361319  0.96286977260686213  0.96973655390295466  1.00000000000000000
  0.00099011412395549  0.01950437637671826  0.03579421325287482  0.04824088282038780
  0.05876258011512858  0.06843019871035565  0.07784653413852130  0.08741029535469720
  0.09697556001423424  0.10727347717162322  0.11950220446862070  0.13272302047184814
  0.14586357130388922  0.15915159858253494  0.17157795430746955  0.18502696058407375
  0.19959457130677125  0.21181013372931895  0.22097455746734801  0.22886213953894768
  0.23592130764106953  0.24300413958781572  0.24961106350754975  0.25668129312739274
  0.26418502234092295  0.27152786835399223  0.27913322063925383  0.28669802942897904
  0.29609980012147835  0.30699984194094959  0.31887214126637570  0.33160849080255606
  0.34636086732282995  0.36271867155520399  0.37672013455825609  0.38723538804023494
  0.39709470896400340  0.40657460251167282  0.41696835763939571  0.42719895880928510
  0.43724893834252360  0.44887617844063199  0.46078002242794663  0.47256754367960757
  0.48308940363206476  0.49201040155852749  0.50131062946758420  0.51205826386475672
  0.52434426997657013  0.53569663305928361  0.54776509860177358  0.56031865127358860
  0.57268598353422884  0.58555098006342732  0.59828411943240056  0.61158233792464234
  0.62384877861809862  0.63545007813743426  0.64625691166039212  0.65648273062132678
  0.66709500342223493  0.67836133115509401  0.68838614148545108  0.69800969629227483
  0.70687351260741260  0.71565751565264724  0.72488511864211114  0.73452401217353702
  0.74534306600369205  0.75470238639930953  0.76410625369488316  0.77405759365892024
  0.78551395305939442  0.79672833617762484  0.80678974717509910  0.81670128373825057
  0.82655746554697940  0.83714002535373389  0.84679965714067318  0.85673418974372262
  0.86564073913585871  0.87431901521258304  0.88319699712335431  0.89249932070188265
  0.90353796686204901  0.91600200385570607  0.92552107411977413  0.93636084492144012
  0.94605054745954142  0.95478059385028491  0.96241915962239866  0.96966333155592876
  0.97719471565320037  0.98527139379950068  0.99223167473668339  1.00000000000000000
 -0.00026013933971517  0.00172407918614619  0.00322194639364156  0.00521942867434770
  0.00774928368477279  0.01021342163693058  0.01341517442061587  0.01705153003494466
  0.02106417764119642  0.02530787249675037  0.03085418319926071  0.03680401698202735
  0.04226930752315158  0.04701393430397677  0.05246856517008049  0.05859412262660817
  0.06533523373815121  0.07264978529509063  0.08012318651889545  0.08699302468238007
  0.09447140180783645  0.10219259941189700  0.10968558050890846  0.11681213997046636
  0.12447435686805260  0.13317201713779500  0.14204752842115337  0.15024960420393388
  0.15885124463944419  0.16681406564850063  0.17454871118989970  0.18439418026619331
  0.19431538941579596  0.20441047834363915  0.21405145569003650  0.22615158435024749
  0.23724488348967163  0.24724773085700466  0.25705572852756270  0.26649430822720849
  0.27594123853245012  0.28600885090976874  0.29701481852265793  0.30852845184363697
  0.31986045625781379  0.33095321115103993  0.34178036317035521  0.35258323437758843
  0.36388176404681605  0.37511046519621727  0.38660439386388712  0.39897616861874441
  0.41320713528821762  0.42837642722487085  0.44307537860060958  0.45696241613770822
  0.47181454241353282  0.48602698301508851  0.49928730325053211  0.51191511408415569
  0.52432680799223841  0.53696143283786169  0.55045976105129157  0.56500644575604686
  0.57874988391286564  0.59319908520807352  0.60736402679510115  0.62056327561274105
  0.63235357723396479  0.64462598624694367  0.65626862353923643  0.66654666390346795
  0.67721696168949896  0.68769877517351718  0.69777400322347449  0.70867751966601400
  0.71982953700114316  0.73102068681398202  0.74207182601398769  0.75286745039251046
  0.77121153122192676  0.78947787725992702  0.80763631278556980  0.82569000937908654
  0.84811787348464041  0.86662953243929164  0.88144360366335017  0.89492710572489775
  0.90745219395260068  0.91981144444585050  0.93255663264330879  0.94515979247394044
  0.95878879422315477  0.97292616107879148  0.98661774191813290  1.00000000000000000
 -0.00162467424432259  0.00812863823465957  0.01677950299234364  0.02611688396472636
  0.03522333115555432  0.04462971216077600  0.05421911555071968  0.06373223043599963
  0.07335366195562992  0.08313693749882982  0.09331590008268215  0.10333831200222247
  0.11363569878301569  0.12490326154695901  0.13729258494842930  0.15062557095467730
  0.16388971640336458  0.17710998722401530  0.18881067361668458  0.20061266193047847
  0.21188133440997597  0.22240407824993014  0.23315092390878531  0.24522013665915890
  0.25925299817469455  0.27473126742107512  0.28984465018046579  0.30514774206642681
  0.31939133074771364  0.33287302080161518  0.34543436213333156  0.35765558822501492
  0.36939361123858794  0.38043001940404908  0.39193919432335395  0.40374820176222848
  0.41501436154274179  0.42583505735256849  0.43650379492948166  0.44706473948731590
  0.45738813561359237  0.46681674243412380  0.47538308965754272  0.48400570421645689
  0.49299063168497681  0.50377680284016946  0.51643046073409826  0.52736112838416660
  0.53700635313725731  0.54664070896010952  0.55846151003354028  0.57003901176741756
  0.58137925119518630  0.59128978775325403  0.59874878164480305  0.60677971559932442
  0.61604345785970438  0.62498117677307141  0.63331272783596870  0.64106765954516165
  0.65006066159160891  0.66093995765143010  0.67242909163770936  0.68328306483007983
  0.69409259336145879  0.70502766153942842  0.71538686006501295  0.72531491575538842
  0.73556986498571142  0.74595812073377121  0.75466843839721987  0.76149320414058219
  0.76859858482128196  0.77520992966500835  0.78283002267611357  0.79141295279292145
  0.79924847855784675  0.80666102010875651  0.81508154175849545  0.82528663383733791
  0.83713209851790160  0.84998439038716056  0.86158740500201747  0.87137986398598299
  0.88108569262682968  0.89097029854491450  0.90046994320471019  0.91037319018180318
  0.92109684308165130  0.93317640940620450  0.94592838765511145  0.95871820417822107
  0.97018303908797643  0.98069462238846705  0.99016820273262607  1.00000000000000000
 -0.00278709224470758  0.01018091353293474  0.02211701737065569  0.03330676803682601
  0.04428154081095780  0.05470291278343033  0.06480626161685987  0.07510504466404223
  0.08639191375582425  0.09651922779503974  0.10605889367431157  0.11522161324950068
  0.12450730176904687  0.13382759554523033  0.14312451292558176  0.15349842267768360
  0.16420880354202003  0.17432724248646428  0.18448973669237051  0.19560481131750937
  0.20851297487715820  0.22387566144750687  0.23860609139841391  0.25273522976720331
  0.26650188501264277  0.28043855338000545  0.29388331116208882  0.30726825916604478
  0.31972318116763482  0.33063637926474171  0.33976686549067198  0.34803411573310322
  0.35660713904787428  0.36481054383695405  0.37295098724221193  0.38077702366796695
  0.38818332183399268  0.39559191620776823  0.40548960265611067  0.41430001429511615
  0.42199181435939581  0.42979004308452345  0.43794442199964939  0.44621907160947494
  0.45478665710533511  0.46412709440562511  0.47408537420560487  0.48464324765392203
  0.49643696863066850  0.50928156964276172  0.52247314578042292  0.53568218887001651
  0.54852901521121811  0.56212279858485426  0.57446988404500099  0.58652246319297163
  0.59771521580555032  0.60953189688522846  0.62221273206852645  0.63286612785064067
  0.64349223200732031  0.65433920834357229  0.66416351385957517  0.67334033574623209
  0.68266415258016311  0.69230800454602948  0.70440932667430600  0.71699788992740043
  0.73031895897980192  0.74244820673956535  0.75422496038093845  0.76633313118110613
  0.77724863260288213  0.78889178569024809  0.79930588680624626  0.80873691451377205
  0.81746930937974416  0.82617095542850549  0.83522913106537444  0.84551149647592594
  0.85842623270770169  0.87327193298889172  0.88581437483956271  0.89780264373724461
  0.91027609135026955  0.92244981874909870  0.93296424102204489  0.94138880895710852
  0.94937378636654757  0.95936020317416171  0.96804388716637590  0.97639466544338538
  0.98344124983472636  0.98890208749246244  0.99457893784204332  1.00000000000000000
 -0.00345333618800087  0.01355783637314059  0.02749087465770654  0.03992554470990291
  0.05157640426594495  0.06134096978853841  0.07167347253754167  0.08138963005961522
  0.09000853666812589  0.09830303548051811  0.10623067719525189  0.11390546416819598
  0.12177480504522184  0.13013930521865624  0.13706124354458907  0.14417867593747397
  0.15320113560448187  0.16463314572648222  0.17648463061717451  0.18893441742867770
  0.20312352955187124  0.21814191331831823  0.23229149801024737  0.24465789165402219
  0.25653759443087248  0.26831789651100135  0.27986137173033121  0.29159269709035962
  0.30332767110680064  0.31411646328933535  0.32388138960534602  0.33403177008180052
  0.34458399709996518  0.35595672158306718  0.36638088756646081  0.37689488487042344
  0.38658032814863158  0.39615771672597699  0.40537613706986386  0.41485376281481817
  0.42507382021779705  0.43580035667145944  0.44537110618054598  0.45525370588593161
  0.46474118035209289  0.47445543867931250  0.48498415772215075  0.49510441846635145
  0.50573142702321838  0.51592483976021419  0.52600473891949739  0.53637161875055483
  0.54736786850729968  0.55892896840761019  0.57080245658579032  0.58251900305718318
  0.59550756871771204  0.60773098797928915  0.62028862232525983  0.63059299560049076
  0.63857767500435791  0.64630090241906435  0.65315824071589801  0.66026913784836638
  0.66800599508662417  0.67674902295636274  0.68505256084758281  0.69273239935883080
  0.70079394797497541  0.70927813396730155  0.71942074593449246  0.73047825800986599
  0.74118209917956845  0.75198160661969005  0.76409358616468692  0.77551235482592551
  0.78496259791459488  0.79365985472605505  0.80215518542030162  0.81110942722680179
  0.82036410432096951  0.82959970789436499  0.84044605737938327  0.85305340269370811
  0.86533782339555476  0.87748519531001634  0.89022883544312492  0.90292224083575878
  0.91545388347910683  0.92746337004723312  0.93930177430700779  0.95180831769444063
  0.96367757998675341  0.97551143375212646  0.98716351445658856  1.00000000000000000
 -0.00303610484312421  0.01043418723391658  0.02247391623833964  0.03507087259532936
  0.04489099043767793  0.05285316338020710  0.06148593638012056  0.06949008507986353
  0.07707716523847015  0.08499348747241542  0.09287301738113070  0.09989865711243842
  0.10812569998996915  0.11971960816804948  0.13199983544286076  0.14216741192820817
  0.15211619819203406  0.16160005685688089  0.17147610079063805  0.18184278030435680
  0.19396480927121953  0.20689244510836574  0.21895617193900185  0.23039254119102659
  0.24161866788027719  0.25141398890180744  0.26034306155203596  0.26933961572864745
  0.27900900966050080  0.29024461135926699  0.30098408114771108  0.31169628868585370
  0.32338538296219105  0.33525944310242339  0.34686568448766086  0.35817460678710017
  0.36954634379761564  0.38085095759313742  0.39215534392305962  0.40457829677218354
  0.41763251755740294  0.43039940580244651  0.44225182439069738  0.45385920847160582
  0.46657578627837570  0.47762469862667661  0.48940557372773208  0.50206430154513693
  0.51576321152662341  0.53110762993605054  0.54531660455025965  0.55771870439702831
  0.56980243461104096  0.58101597184213505  0.59105967053595698  0.60096968703755993
  0.61162715492099773  0.62235456737570116  0.63251293742040182  0.64232207465973601
  0.65112379238508100  0.65963143791168166  0.66833303453648707  0.67686959344318087
  0.68608875342485687  0.69461899177375952  0.70304702630457250  0.71151372185915518
  0.72361776186875837  0.73410158928396918  0.74527623932320064  0.75526951043972590
  0.76518804500202042  0.77491247688645781  0.78459488207821260  0.79503185268563792
  0.80600809754435299  0.81696413927926992  0.82794165259158292  0.83877940056836919
  0.84987599256114743  0.86029660355572324  0.87090115772504051  0.88074147744237286
  0.88927379229164871  0.89846825920963780  0.90811763833950609  0.91820162224949831
  0.92868228209018955  0.93984949557328201  0.95095762292343422  0.96147796151948228
  0.97188359873657948  0.98086607049484409  0.99089650172222588  1.00000000000000000
 -0.00293850055960042  0.01208454992497024  0.02462519752304372  0.03744134046129119
  0.04956831825716217  0.06092277489367305  0.07188969854632188  0.08364958116287720
  0.09568214658512822  0.10883076880027025  0.12153283469262216  0.13123751428780078
  0.14082348315452478  0.15114061735995024  0.16108755111463777  0.17024693000581190
  0.17812103953907790  0.18557414664541513  0.19539072594726792  0.20755660319015959
  0.22044162204864143  0.23362128808674956  0.24445995120540442  0.25310214970788730
  0.26148873281589230  0.26987137407583711  0.28136439043793943  0.29238029530501697
  0.30383165542585966  0.31610593712591939  0.32878287434880643  0.34165299751182798
  0.35351653933447880  0.36477226665556484  0.37515514021701923  0.38578681889390393
  0.39745758160062478  0.40942547020358200  0.42070911749059836  0.43201945508189932
  0.44263611516043871  0.45487442522618088  0.46517595297726566  0.47531251617283188
  0.48565029801266940  0.49538779651847648  0.50436880272648010  0.51336210353520262
  0.52357817689649044  0.53369985164988765  0.54297865393025946  0.55283373439145833
  0.56364912272228462  0.57365873180264437  0.58165996305469336  0.58976909911314357
  0.59826842532196722  0.60726299256764604  0.61614710918300808  0.62572021303960490
  0.63613269354219870  0.64695995699210285  0.65804398752788984  0.66884094992340903
  0.67943952540675268  0.68918047595269438  0.69850838727241493  0.70685654788110919
  0.71772677048850153  0.72868666929320636  0.73783980899844404  0.74626159631736344
  0.75364216999625211  0.76083244754807855  0.76824062308636376  0.77650574407125250
  0.78449850678540223  0.79238229986730813  0.80122654496606505  0.81058229638489931
  0.82061177547379494  0.83110547888358766  0.84280114457075617  0.85528496504490070
  0.86752128430695141  0.87955684506971843  0.89181449670871993  0.90420952950928390
  0.91534751777913426  0.92635169451495947  0.93686709032509830  0.94877557779244881
  0.96087766015878140  0.97408665761731916  0.98710906793281306  1.00000000000000000
 -0.00192408003692000  0.00802038764598723  0.01741183950619897  0.02606114031231287
  0.03487979422443037  0.04448449239566771  0.05512251588514649  0.06562654029670550
  0.07681419440459698  0.08787870716290061  0.09940516288157125  0.11177642748115513
  0.12451861767276741  0.13692644161818532  0.14880153956480044  0.15969315985254423
  0.17053124801973998  0.18112810040534250  0.19241764004602485  0.20460604757864836
  0.21733034549914593  0.22820439266879658  0.24232421396652809  0.25330849059698896
  0.26390413002549751  0.27496620777771485  0.28571693099895495  0.29539036571477395
  0.30429253487413505  0.31407956615355448  0.32493618060879748  0.33412389713901236
  0.34262964112732464  0.35188408601939730  0.36289864096798152  0.37518311789722036
  0.38814825774735412  0.40138369383001726  0.41408588200855906  0.42664639078899136
  0.43986275758316840  0.45322985074080990  0.46399283638865418  0.47393403841490389
  0.48414553507815594  0.49460331850944717  0.50414457817033242  0.51217959847293870
  0.52017018120028347  0.52850277699774972  0.53779184972625849  0.54715626500785353
  0.55714529446167493  0.56811504569522575  0.58069629288993918  0.59370921865785065
  0.60537168775952754  0.61748930954764492  0.62959733555377517  0.64241906325748355
  0.65393988426670824  0.66407996319515894  0.67496747894976661  0.68624758092867133
  0.69561470440171347  0.70386610953806494  0.71150586561598861  0.71873769303599244
  0.72723265197867581  0.73660687731673202  0.74532028780127690  0.75422750664761939
  0.76529675182092316  0.77779613376434298  0.79091491500526845  0.80149721260606344
  0.81252237009171491  0.82403798261798999  0.83733830660506747  0.85123543768766374
  0.86531866196346041  0.87852349199357849  0.89024070409225076  0.90190235514075390
  0.91262786435517551  0.92248584575052506  0.93119353953737993  0.94048085669740666
  0.94934523662626003  0.95803087048394098  0.96469279801594465  0.97075740787485010
  0.97701296119166192  0.98439043655445113  0.99241682124644959  1.00000000000000000
 -0.00402046479436277  0.01336598176592600  0.02661976645086177  0.03948010646463662
  0.05356486804626905  0.06680271713938665  0.07784352126676362  0.08702559732303378
  0.09589782381271551  0.10348349506093980  0.11144900025032553  0.11995599964100240
  0.13182402198341467  0.14459718630091564  0.15462294227963844  0.16317840786590287
  0.17208078955778311  0.18245678882889393  0.19438640401019727  0.20673524749128208
  0.21928340426651372  0.23093708815805070  0.24127622462545489  0.25117146720592487
  0.26271351501416612  0.27403398197333456  0.28575584462265213  0.29703263714516448
  0.30796561862322841  0.31938345990965339  0.33229842589921299  0.34531811805758333
  0.36047925134710135  0.37492812010279775  0.38725441984359399  0.39854487020119539
  0.40939269220097319  0.42083912722092942  0.43328005435286010  0.44573051830684585
  0.45774596427676539  0.46874115432617142  0.47954493323867364  0.48937586747290357
  0.49879064809697948  0.50901461681295190  0.51871146917954547  0.52814585416486215
  0.53777948888915217  0.54855200424297101  0.56086897026307470  0.57391880075691593
  0.58604715527763374  0.59732822928086537  0.60718045630076123  0.61681776027066693
  0.62718636805458983  0.63711469687005629  0.64574120044809868  0.65478829885915635
  0.66463113514873906  0.67620998277929811  0.68872778348744601  0.70108332955042674
  0.71285181791504149  0.72259298828017771  0.73221193899145698  0.74255061420418389
  0.75277336456924338  0.76432985158350542  0.77575017602609297  0.78940535932525202
  0.79876490231078012  0.80876620641163821  0.81772022787956711  0.82756007870551418
  0.83738585075626581  0.84769705665806550  0.85982568669073045  0.87044072130501349
  0.87993903058875689  0.88797433612325172  0.89605698114541632  0.90430605289104260
  0.91380740292279294  0.92280447725072312  0.93211241804286860  0.94126955870183893
  0.94902790857270503  0.95618816532483430  0.96316396823210981  0.97004661874812326
  0.97697889333640231  0.98493774736022466  0.99248384855833671  1.00000000000000000
 -0.00521641165681113  0.03048305078457027  0.05785793054157508  0.08171688391887846
  0.09975290532257539  0.11597638721760072  0.13268570884757672  0.14883432310911049
  0.16364437535468385  0.17689811453480384  0.18996898278471372  0.20406554031101015
  0.21665584218888351  0.22735628013972367  0.23708316449595546  0.24674990518849660
  0.25648312844224419  0.26643564161926864  0.27479722731612261  0.28302603352637873
  0.29070159855319777  0.29878958152892310  0.30719396390666109  0.31476499631683769
  0.32167107320696281  0.32885705797584680  0.33618393369912308  0.34374593212150795
  0.35091553790503294  0.35750550114275459  0.36379233533980065  0.37025789738986509
  0.37817435842675562  0.38740840722009739  0.39679164352502633  0.40603547886101765
  0.41475881151358213  0.42213404155094714  0.42868242345634827  0.43624611499282040
  0.44330402838424593  0.45056625309879328  0.45760647671154214  0.46516581196730333
  0.47335863585029375  0.48090804588869485  0.48865833721992563  0.49589531320130131
  0.50403721132850077  0.51340835100814441  0.52196461528901283  0.52911739386872703
  0.53641383536555709  0.54298903526724973  0.54934136362141994  0.55566497265587500
  0.56252424096096854  0.56965986517211131  0.57684462747153997  0.58385707139922605
  0.59128252653676472  0.59912069206613860  0.60715061171307350  0.61599661517790738
  0.62433503593378858  0.63236758186835229  0.64022130183364956  0.64785097332124419
  0.65644390319318036  0.66588145713277958  0.67513602036103249  0.68408841895289363
  0.69357898349836355  0.70297142195093709  0.71254817695527939  0.72245520406408092
  0.73229086652168029  0.74231335665877463  0.75221431683568407  0.76146281251532744
  0.77052619006606515  0.77945379624512034  0.78948397099741840  0.80157566120715762
  0.81541790637884892  0.82773740582279209  0.83927990500827143  0.85132010462783847
  0.86551774252649127  0.88023173041543423  0.89368560705627631  0.90933821898561495
  0.92387103778437529  0.93969905052665514  0.96341327220063477  1.00000000000000000
 -0.00290689515493865  0.01209477981867580  0.02284917017824615  0.03267920421647597
  0.04224877349868903  0.05233742249518601  0.06435084685468762  0.07420407210952305
  0.08363607369512013  0.09285715277799157  0.10314156355739976  0.11299634331562920
  0.12235734021244955  0.13293332284384188  0.14345027597911106  0.15311428465001442
  0.16101492354093361  0.16841228651192483  0.17757143947005163  0.18709461939904562
  0.19880019382688394  0.21106787285550521  0.22344825497026555  0.23454294624591596
  0.24493740859722976  0.25575384435869275  0.26675848618293585  0.27780086429157042
  0.28990234403600695  0.30362703488434850  0.31713522491444124  0.32909003563383543
  0.33948971861986699  0.34883452601692000  0.35873850283841258  0.36892290443793530
  0.38082981409341782  0.39213562612638847  0.40376990434895671  0.41495230914028131
  0.42490274056789756  0.43423532372349360  0.44364041392489850  0.45370267232086048
  0.46414499979810492  0.47443082244566931  0.48445236907706296  0.49548404864956458
  0.50704723285957043  0.52012043242115913  0.53213675378712677  0.54232980644556150
  0.55261344378609734  0.56266628872330504  0.57157451459287800  0.58051053478099923
  0.58854624727839355  0.59523281108253812  0.60283006243560777  0.60941386907408990
  0.61665020770302870  0.62383495975372283  0.63213469013262935  0.63930195814459800
  0.64573960170346534  0.65229791066794995  0.65928250155409995  0.66679428855210299
  0.67743554540964768  0.68770628086550412  0.69801145571040724  0.70874778650821557
  0.72023137187392972  0.73205680303775722  0.74356133797058088  0.75425034432901406
  0.76461633930106343  0.77586720218457672  0.78804121816168760  0.80230044564451808
  0.81799256834634770  0.83269705928645421  0.84592991339438617  0.85766110581248411
  0.86882161781896283  0.88063539252312073  0.89312242365981709  0.90469830443078403
  0.91455897596725200  0.92454046636652609  0.93562441824206177  0.95043757083853331
  0.96403787857771972  0.97623662515461640  0.98820435505466586  1.00000000000000000
 -0.01506796193895619  0.17434901151732646  0.24679722135630636  0.29436480955932315
  0.33421495500591936  0.36555673014387730  0.39660286434250214  0.42351813389151122
  0.44632349640657232  0.46627440919039975  0.48808763600233590  0.50869590302234680
  0.52772103098754808  0.54725078106762981  0.56659328095758599  0.58345139466732288
  0.59659398177847578  0.60808515291335663  0.61924517514723465  0.62994815947439287
  0.64048208869425227  0.65102925642252252  0.66181655035229348  0.67070976519797865
  0.67849540104155559  0.68570996575711662  0.69298470010233004  0.70009515142706891
  0.70711157459878471  0.71358381820850936  0.71987104125972001  0.72617588997190985
  0.73250106271402338  0.73895981708588698  0.74521386872585371  0.75098461702010399
  0.75679957358176464  0.76232991617403623  0.76725843690084983  0.77225215246435930
  0.77718674767265006  0.78205022106113997  0.78705915790650416  0.79230433079398321
  0.79783395117216327  0.80367447993681640  0.80910986620809144  0.81446548608333647
  0.82003885716081104  0.82546654080641979  0.83051111961440316  0.83551787609875150
  0.84047128093157708  0.84521099947919576  0.85042829445046675  0.85556121006963870
  0.86058608705169404  0.86555249298446479  0.87043240158028601  0.87478464926055199
  0.87882055251559954  0.88289342022134509  0.88701150455004796  0.89110412325291843
  0.89510973112804382  0.89882856947327339  0.90223162508182242  0.90561937407065551
  0.90894791106982331  0.91221318142693575  0.91542648724934073  0.91891919984437631
  0.92232594634158760  0.92550016382269762  0.92902619295821587  0.93250730998603448
  0.93597258006843864  0.93950069285057258  0.94221171716061913  0.94463191608289920
  0.94701611343294589  0.94938203656326892  0.95178157766041116  0.95457259993902310
  0.95725493280057183  0.95991028280276802  0.96255868338059924  0.96526517246481913
  0.96826377725264379  0.97137620100362598  0.97457453930196647  0.97774265092199852
  0.98094560932468278  0.98459739363397758  0.98967776754248060  1.00000000000000000
 -0.01622537648186636  0.12342724184287357  0.18047871103924723  0.21827777020792727
  0.24489424053837017  0.26214663236029018  0.27806847153531633  0.29383183825748416
  0.31138185864580820  0.32754488070941712  0.34071090917779095  0.35166397855598108
  0.36224601752666263  0.37363543266369031  0.38342153996598249  0.39210307451064591
  0.40028598231903556  0.40808602050738285  0.41569629404108721  0.42320064061493018
  0.43063127851566058  0.43879421686985209  0.44654183701758321  0.45366748946383578
  0.46044941157296998  0.46760715332936015  0.47482168758599019  0.48155708381621415
  0.48782350666885255  0.49399712889449154  0.50002245187533945  0.50535690776698428
  0.51043242625492324  0.51550212150823771  0.52010779348329006  0.52435390637884782
  0.52866598538069609  0.53309110185218456  0.53795404805285196  0.54230347235015752
  0.54669885958869724  0.55133391360911010  0.55580877308199372  0.56017873926346240
  0.56440902150696581  0.56877612720520099  0.57322437834992956  0.57782423501814373
  0.58260543079470062  0.58820533334259428  0.59220856457741344  0.59608375522123114
  0.59990870145428843  0.60393033936389962  0.60848505354118654  0.61368947134692986
  0.61869376797602371  0.62356741581833797  0.62843615952506415  0.63383896478527180
  0.63998006992364975  0.64668744698562741  0.65361301588513943  0.66004721557935864
  0.66578954149661329  0.67058218598995234  0.67509823605351216  0.67996557970519544
  0.68520439105769460  0.69019649343324874  0.69512239264760745  0.70015952776596335
  0.70594902620492817  0.71185555273809664  0.71763677961633021  0.72296672589148436
  0.72766651123421811  0.73298526903384709  0.73871765880722795  0.74470354768821401
  0.75077145331713135  0.75732173460209895  0.76401178105363565  0.77066676573755266
  0.77790573705444277  0.78564165799742103  0.79411525113171921  0.80382718287879673
  0.81374619675012738  0.82525527827540324  0.83810433896343173  0.85230408069567776
  0.86743814565636668  0.88538845023022239  0.91670867303187920  1.00000000000000000
   4.7490292793382123E-010  -1.0000000000000000     
 F F F F F F F F F F F F F F F F F F F F F F F F F F F F F F F F F F F F F F F F F F F F F F F F F F F F F F F F F F F F F F F F F F F F F F F F F F F F F F F F F F F F F F F F F F F F F F F F F F F F F F F F F F F F F F F F F F F F F F F F F F F F F F F F F F F F F F F F F F F F F F F F F F F F F F F F F F F F F F F F F F F F F F F F F F F F F F F F F F F F F F F F F F F F F F F F T F F F F F F F T F F F F F F F F F F F F F F F F F F F F F F F F F F F F F F F F F F F F F F F F F F F F F F F F F F F F F F F F F F F F F F F F F F F F F F F F F F F F F F F F F F F F F F F F F F F F F F F F F F F F F F F F F F F F F F F F F F F F F F F F F F F F F F F F F F F F F F F F F F F F F F F F F F F F F F F F F F F F F F F F F F F F F F F F F F F F F F F F F F F F F F F F F F F F F F F F F F F F F F F F F F F F F F F F F F F F F F F F F F F F F F F F F F F F F F F F F F F F F F F F F F F F F F F T F F F F F F F T F F F F F F F F F F F F F F F F F F F F F F F F F F F F F F F F F F F F F F F F F F F F F F F F F F F F F F F
  <DiscreteSampler_grid>
  grouped_processes
  1 # 1 for a reference and 2 for a running grid.
  10 # Attribute 'min_bin_probing_points' of the grid.
  1 # Attribute 'grid_mode' of the grid. 1=='default',2=='initialization'
  0.0000000000000000 # Attribute 'small_contrib_threshold' of the grid.
  0.5000000000000000 # Attribute 'damping_power' of the grid.
 # binID   n_entries weight   weight_sqr   abs_weight
    55   10   1.139966678659903E+000   4.047942034978931E+000   1.139966678659903E+000
    56   10   1.139966678659877E+000   4.047942034978744E+000   1.139966678659877E+000
    58   10   6.122883823119041E-002   1.167782624515365E-002   6.122883823119041E-002
    59   10   6.122883823118903E-002   1.167782624515309E-002   6.122883823118903E-002
    61   10   6.122883823119041E-002   1.167782624515365E-002   6.122883823119041E-002
    62   10   6.122883823118903E-002   1.167782624515309E-002   6.122883823118903E-002
    64   10   1.139966678659903E+000   4.047942034978931E+000   1.139966678659903E+000
    65   10   1.139966678659877E+000   4.047942034978744E+000   1.139966678659877E+000
    67   10   6.122883823119054E-002   1.167782624515368E-002   6.122883823119054E-002
    68   10   6.122883823118920E-002   1.167782624515317E-002   6.122883823118920E-002
    70   10   3.288666854322820E-003   3.368912514892519E-005   3.288666854322820E-003
    71   10   3.288666854322744E-003   3.368912514892351E-005   3.288666854322744E-003
    73   10   3.288666854322820E-003   3.368912514892519E-005   3.288666854322820E-003
    74   10   3.288666854322744E-003   3.368912514892351E-005   3.288666854322744E-003
    76   10   6.122883823119054E-002   1.167782624515368E-002   6.122883823119054E-002
    77   10   6.122883823118920E-002   1.167782624515317E-002   6.122883823118920E-002
    79   10   6.122883823119054E-002   1.167782624515368E-002   6.122883823119054E-002
    80   10   6.122883823118920E-002   1.167782624515317E-002   6.122883823118920E-002
    82   10   3.288666854322820E-003   3.368912514892519E-005   3.288666854322820E-003
    83   10   3.288666854322744E-003   3.368912514892351E-005   3.288666854322744E-003
    85   10   3.288666854322820E-003   3.368912514892519E-005   3.288666854322820E-003
    86   10   3.288666854322744E-003   3.368912514892351E-005   3.288666854322744E-003
    88   10   6.122883823119054E-002   1.167782624515368E-002   6.122883823119054E-002
    89   10   6.122883823118920E-002   1.167782624515317E-002   6.122883823118920E-002
    91   10   1.139966678659903E+000   4.047942034978931E+000   1.139966678659903E+000
    92   10   1.139966678659877E+000   4.047942034978744E+000   1.139966678659877E+000
    94   10   6.122883823119041E-002   1.167782624515365E-002   6.122883823119041E-002
    95   10   6.122883823118903E-002   1.167782624515309E-002   6.122883823118903E-002
    97   10   6.122883823119041E-002   1.167782624515365E-002   6.122883823119041E-002
    98   10   6.122883823118903E-002   1.167782624515309E-002   6.122883823118903E-002
    100   10   1.139966678659903E+000   4.047942034978931E+000   1.139966678659903E+000
    101   10   1.139966678659877E+000   4.047942034978744E+000   1.139966678659877E+000
  </DiscreteSampler_grid>
