  0.02346411708053750  0.03485272627111738  0.04476583932994303  0.05528430308850716
  0.06535861373318592  0.07576248257175251  0.08661027534717880  0.09725441231100060
  0.10817438808160425  0.12056475808931645  0.13254378664863134  0.14468367382852804
  0.15640526056740636  0.16835094472035061  0.17999324059961230  0.19118461312693480
  0.20063405498970463  0.20920347500528202  0.21739673076279667  0.22607962598889780
  0.23567943306262390  0.24551132598735928  0.25541439124168314  0.26569436279259817
  0.27619695152091650  0.28585448668288899  0.29621596664721755  0.30649722480133729
  0.31649194999321700  0.32775994862637314  0.34005862276983712  0.35291690901163669
  0.36390766056017032  0.37356588505260663  0.38369944370715003  0.39356138835996157
  0.40251808966995306  0.41113353284225335  0.42041544824045096  0.43040994846065594
  0.44030683819823230  0.44952115812641580  0.45887232386137350  0.46977972146356545
  0.48019194223612516  0.49028796926729984  0.49979755076567101  0.50899353157393190
  0.51758164768901527  0.52551552800525692  0.53329070725301675  0.54131792979316218
  0.54913538160804320  0.55728882001006597  0.56707219136270981  0.57844247339098553
  0.58847183112985646  0.59796535586100319  0.60845992734127674  0.62037751298694988
  0.63248686359154460  0.64391033591252644  0.65435403154551841  0.66459741677866235
  0.67501563846733847  0.68548025589084971  0.69518094797849606  0.70407955672177847
  0.71336504293072145  0.72338390892266469  0.73417033374192042  0.74452248359525952
  0.75298123902012248  0.76182963782054791  0.77178025101279135  0.78361530540097679
  0.79629790873226636  0.80749472540211664  0.81905037646085721  0.83133775214364658
  0.84429570869722625  0.85623404361331423  0.86699546358835478  0.87768828789843079
  0.88853010860837323  0.89957821867049959  0.91046572557935168  0.92091085883097579
  0.93030199740850184  0.93860683148666524  0.94619024448634725  0.95346516254028435
  0.96059770067083738  0.96761570509509798  0.97040393576531847  1.00000000000000000
  0.02391352881458835  0.03184048408757027  0.04192391178322435  0.05187127817353297
  0.06332895159495755  0.07354676229406740  0.08281139478923363  0.09166964184161183
  0.10136462590210668  0.11197551566935160  0.12290523800428550  0.13352473913599036
  0.14412435655638575  0.15542999653017373  0.16778652565251051  0.18072340349019883
  0.19417413809692821  0.20773432004490772  0.22141619592315767  0.23496212417069923
  0.24767985286297697  0.25919512703223530  0.26952489236334420  0.27957331364533561
  0.28972026090950354  0.30019148507877702  0.31008237741995370  0.31961477670973143
  0.32951245528303447  0.33999110637199004  0.34950278925696066  0.35904216392721466
  0.36853497319567369  0.37855490067193265  0.38833970260295447  0.39737804848856007
  0.40624094876005235  0.41534050688769225  0.42497846628072028  0.43422252323904420
  0.44229937894721227  0.45055004055591813  0.45922904888855698  0.46955916789731189
  0.47980797672370418  0.48942568025371419  0.49872637567961536  0.50925256010544717
  0.51953706183816728  0.53143730245078602  0.54334795486585319  0.55494363701674010
  0.56671631277351353  0.57765124584781358  0.58824622659322978  0.59848927572932298
  0.60829226872445730  0.61846829150027227  0.62863640499802786  0.63866570042025939
  0.64939602211631120  0.66053743270190435  0.67118426609992277  0.68083887686248323
  0.69082756989113281  0.70146287910587790  0.71159248581909829  0.72102109276941118
  0.73078684734491739  0.74139920453626473  0.75245696004490847  0.76158988075396683
  0.76967014527126987  0.77730118650713342  0.78533787882898187  0.79421319303509275
  0.80220586855780862  0.81057946964358751  0.81941571660996460  0.82855012466985123
  0.83801568931947024  0.84783547464923603  0.85730001301420800  0.86740380418214824
  0.87729255196962974  0.88647217449581550  0.89506172500068060  0.90401792784019175
  0.91310574452914084  0.92361677820910293  0.93457432035813226  0.94594126567814696
  0.95686562027294375  0.96578090772704084  0.97089291574123715  1.00000000000000000
  0.00889691136488493  0.01785511033769495  0.03030067171250198  0.04260711016808372
  0.05473011616188576  0.06637685302184497  0.07772768374301839  0.08916286491209974
  0.10044013661517993  0.11071357828866608  0.12107957049254826  0.13107765455815151
  0.14075760830037437  0.15045177249263533  0.16052664733295141  0.17095358579810083
  0.18045040462735856  0.19035418260810966  0.20123934936161206  0.21241523795760836
  0.22406647299735266  0.23478655548008057  0.24555086871745341  0.25575848513700716
  0.26526270076529929  0.27494157974994565  0.28449824646427641  0.29347772857099252
  0.30246733751198274  0.31179314450522111  0.32082641249763394  0.32989234508290916
  0.33872890680148882  0.34710706684120474  0.35575400883584157  0.36568678738513610
  0.37667093189555634  0.38787737117751497  0.39865048751977078  0.40929203105900458
  0.41911763156643783  0.42904174756489372  0.43879168279131409  0.44972610641288374
  0.46108378548145357  0.47282936462684300  0.48402578372714011  0.49451877456728738
  0.50516961912135205  0.51603322137096042  0.52723444084128546  0.53847732273413951
  0.55009513689048428  0.56139936686938785  0.57171999958192232  0.58165405061088860
  0.59210312692490119  0.60324045054885611  0.61490010235417414  0.62713646196130302
  0.64030930917075057  0.65262149259301361  0.66285130301478246  0.67343098007965441
  0.68400423563065260  0.69401563028378388  0.70424994530490059  0.71597898059104781
  0.72843253930019014  0.74072739757833039  0.75393085249840652  0.76835306523139224
  0.78120022671723233  0.79283719256690721  0.80163547278781078  0.81004597814576074
  0.81760858956572358  0.82658108151078458  0.83649691841796214  0.84555524246412428
  0.85416151141000518  0.86370689439071535  0.87495475949990942  0.88688506629620867
  0.89895814242754024  0.90967052905759482  0.92046471361952797  0.93200678113102997
  0.94260977462895768  0.95186298923193380  0.96034282637748747  0.96870099928553410
  0.97727757109787416  0.98592655902413395  0.99008939791941331  1.00000000000000000
  0.00264000796584194  0.01266943646101698  0.02406671408332846  0.03585366454691330
  0.04566732534714659  0.05430212768182863  0.06257049899871545  0.07024521129631502
  0.07832176019501143  0.08718354510925697  0.09637292964720916  0.10578071529801999
  0.11576025176773908  0.12495779746043284  0.13615767172025212  0.14773911126660821
  0.15926841972989636  0.16953732210150654  0.17919586111506589  0.18874087137203199
  0.19789866093613873  0.20614000563804880  0.21449707797492790  0.22367526719406533
  0.23490213122216602  0.24830447064730976  0.25927619501093674  0.26869701336991192
  0.27712166074604372  0.28560048201546018  0.29486976785447438  0.30434312317977658
  0.31409503268920713  0.32356106590451206  0.33259332471273267  0.34234779583360297
  0.35248662005192605  0.36356122595745527  0.37414703554828815  0.38492855775875101
  0.39654843250746963  0.40921068152544432  0.42197489828184126  0.43342598118738068
  0.44461166746834302  0.45585740546909692  0.46701449659245747  0.47788378063197634
  0.48944807775501065  0.50071608466851225  0.51190602711001643  0.52383568310066475
  0.53736349272317463  0.55110430935939703  0.56393261675617334  0.57465699896602629
  0.58517067233371178  0.59531022954064394  0.60621745385651804  0.61752310916558451
  0.62863990956974969  0.64021146388023364  0.65090237456382538  0.66191309158237188
  0.67337939801971447  0.68284958953830610  0.69193293369296138  0.70117186069068482
  0.71145501968305580  0.72313227600370422  0.73540307804445704  0.74806881612478671
  0.75920028097608061  0.77076064865865701  0.78284825195939733  0.79475783336645667
  0.80537992566173333  0.81488359909527397  0.82467131967266394  0.83398316175464393
  0.84300248382679166  0.85257774831386934  0.86434367673228896  0.87643741823877075
  0.88748766278383695  0.89784126207002757  0.90745297447666728  0.91754008920326091
  0.92723615222778788  0.93730840268141091  0.94691196166031510  0.95594189782289185
  0.96416126172591476  0.97299581391079903  0.98221423902716809  1.00000000000000000
 -0.00026605374406209  0.00191559647223342  0.00346971256657283  0.00560380609293338
  0.00790613944002224  0.01038333828176614  0.01345790741778465  0.01719962322962850
  0.02129488922738457  0.02541285006638584  0.03003379083804866  0.03470916144114557
  0.03990492570376394  0.04554124750188290  0.05087195749365436  0.05674244064843121
  0.06334736820644327  0.07001314275010172  0.07634368768880849  0.08259253797657665
  0.08978232249767312  0.09797553596200519  0.10741863273098917  0.11804629093201860
  0.12742742523815034  0.13513083667024345  0.14258637769345994  0.15027389342994396
  0.15973091623896377  0.16915402901125770  0.17873906347007179  0.18946525107451606
  0.20074502110906209  0.21149176290923427  0.22153059393528957  0.23119451313719924
  0.24053768123821773  0.25003446632270998  0.25982092315837296  0.27011271429551836
  0.28057402522706748  0.29164709049049214  0.30435275840516629  0.31876719665612901
  0.33348439201296853  0.34703472456922546  0.35982383690923692  0.37117044241845448
  0.38289739772891529  0.39521445101695346  0.40804925390725039  0.42080884648225264
  0.43352296954161401  0.44562839819518002  0.45770466311705754  0.46982467080871632
  0.48113011703192304  0.49267115666390404  0.50474338339076463  0.51751694981084062
  0.52951217518165050  0.54055749449359025  0.55098451468294174  0.56105549956728840
  0.57111267156241230  0.58121358492344322  0.59091466402545556  0.60010960446383299
  0.60981644373662858  0.62010276891737892  0.63173544467201015  0.64397684981934378
  0.65675790302083803  0.67054242145736587  0.68532379536968668  0.69886624191050584
  0.71161648524098819  0.72396574829038096  0.73670439190159565  0.74983732468914277
  0.76305085439519982  0.77792218378721356  0.79258797495156741  0.80757281528077174
  0.82324206034295822  0.83936163245064777  0.85616061061836446  0.87309473391906067
  0.89012629270191612  0.90782801565403493  0.92489183874909064  0.94140601918198108
  0.95681193145867760  0.97142132298703099  0.98573742553110277  1.00000000000000000
 -0.00228266215515320  0.00869871589529713  0.01812314479991733  0.02856318520792042
  0.03926170224011676  0.04981917537559367  0.05998141151931978  0.06921135650419105
  0.07843402232420242  0.08794761181092291  0.09711088650554535  0.10682167453044331
  0.11757437432163402  0.12840052440079908  0.13847117102731579  0.14849453728934819
  0.15897147452598270  0.16950463946750663  0.18004444393348021  0.18996197884702501
  0.19991171368909638  0.21045272955682282  0.22142378614060340  0.23345518502096654
  0.24583864637306901  0.25758401952254717  0.26845219264073317  0.27908323050252704
  0.29051198604649914  0.30017892698328535  0.30993446101401040  0.31695424657381849
  0.32382873427601216  0.33165106544898554  0.34072491934331034  0.34975471795606849
  0.35857268618882732  0.36791700479573380  0.37833006877639425  0.39258602736254122
  0.40638572223960440  0.41945945836663789  0.43065992997094793  0.44056538972626363
  0.44970654691920464  0.45881114562247627  0.46925662756472192  0.47959325828055471
  0.49016641374407316  0.50011795876394050  0.51058685706802076  0.52149541816941936
  0.53247475157814705  0.54389189095177115  0.55483249576474858  0.56574258615733930
  0.57569527588774405  0.58476063264732780  0.59361362053975120  0.60304587581867808
  0.61333530052835294  0.62555576642636612  0.63944868567596003  0.65273241755570133
  0.66458426409360849  0.67776770622696259  0.69196627308864489  0.70457796760214642
  0.71849672796430231  0.73016474947407051  0.74048877326927776  0.75114185150199364
  0.76124901603821404  0.77058732720941092  0.77968535098821146  0.78873577730822508
  0.79950516381397230  0.81129667734675626  0.82231008979074138  0.83325301593315881
  0.84218571947204324  0.85138563123535771  0.86107981776451159  0.87069523277642979
  0.87987025902983740  0.88824825171129995  0.89662792234557354  0.90711225956643149
  0.91821796977790382  0.92937627981826010  0.94061569672027945  0.95179714102088275
  0.96379110440762461  0.97668465039519892  0.98853505775607375  1.00000000000000000
 -0.00248715937659871  0.01080843800769105  0.02133340777189580  0.03153709336354793
  0.04105636962656242  0.05126269420534543  0.06181577446935274  0.07207193845909286
  0.08182966801452879  0.09144050687904724  0.10149503851977358  0.11237425032505304
  0.12352135055655535  0.13412119372440073  0.14461059359443590  0.15467852550722688
  0.16573566425007827  0.17670394791114072  0.18815402496850311  0.19884207884524643
  0.20915035223394790  0.21975679785305030  0.23005068066836090  0.23989430994061717
  0.25035395317602011  0.26198984480870852  0.27340943653951283  0.28374884832999536
  0.29320431952229248  0.30240184655566243  0.31216024560636202  0.32281428653077682
  0.33382039189822987  0.34455554335384342  0.35470786583729247  0.36521480042957233
  0.37511829642292793  0.38437639684156899  0.39245770643943234  0.40094423248615302
  0.40979155719065830  0.42034520330135161  0.43014528401240393  0.44020207659057647
  0.45299649027981242  0.46475472656549432  0.47586018237753569  0.48833996977257887
  0.50049522393809309  0.51097696865151376  0.52131972556925488  0.53318991925869252
  0.54523943545335918  0.55728558109315107  0.56960012359755963  0.58057488320469164
  0.59106730073630398  0.60090808828348174  0.61046695274697571  0.62032260513858539
  0.62993791938420307  0.64029364398741839  0.65130588902318554  0.66285431230134662
  0.67383751280226178  0.68440053685826263  0.69496513425974693  0.70543149346629885
  0.71631593853301312  0.72756593393320257  0.73975777800532183  0.75245894235062882
  0.76482540595778936  0.77625048762098792  0.78656923855887628  0.79642664674688279
  0.80637435708276084  0.81711287402216648  0.82817271228583667  0.83899887624521541
  0.84965242014374931  0.86022463042185759  0.87095305882702279  0.88178840986245344
  0.89335501592121069  0.90530889675213078  0.91757955532975366  0.92935650872088293
  0.93990073034809862  0.94853500474766050  0.95719220183073406  0.96595812438378981
  0.97542277558594914  0.98402577180501860  0.99207822387714928  1.00000000000000000
 -0.00207426308215101  0.00875158994898761  0.01868592591017249  0.02697556703219589
  0.03546032125874404  0.04357670025186230  0.05187655617018801  0.06075750940136186
  0.06942747992186099  0.07923317162054574  0.08923060022854376  0.09946959800619248
  0.10900406217296645  0.11764668387627908  0.12662570498824829  0.13785584424916375
  0.14979659854173472  0.16164614382034601  0.17273376128511322  0.18336485436737771
  0.19409088152788437  0.20496472958283998  0.21674833373503655  0.22891653354350477
  0.24110306987427610  0.25282192365031964  0.26537900521616387  0.27659982208212491
  0.28799576323479686  0.29921960937050790  0.31059172296271104  0.32205414238035807
  0.33379119691202769  0.34484799464969090  0.35558925891655485  0.36679674988680483
  0.37820739881056037  0.38968995929365874  0.40133693387517022  0.41331382191327337
  0.42644804196550518  0.43931363626304604  0.45055703873127462  0.46131821399465361
  0.47224680775535727  0.48274018679158270  0.49304156353857737  0.50438094744664441
  0.51611933872439353  0.52662860622721264  0.53674437114224383  0.54846446196867449
  0.56161808837703597  0.57315417752731102  0.58436703926953926  0.59588651803761072
  0.60762094821589363  0.61965389673936166  0.63153168174168195  0.64346998410736933
  0.65626704417660864  0.66851716654511883  0.67955465484437683  0.68980601243551021
  0.70053086977922152  0.71095367537216692  0.72068545403943396  0.73014476109979887
  0.73929841959552056  0.74857225476620215  0.75871486592741400  0.76904631103020238
  0.77841093361508651  0.78664548528996059  0.79483990761676826  0.80352604170608621
  0.81307947172885831  0.82272047614225485  0.83096877703483407  0.83941073975497427
  0.84916477289957482  0.85829723375997213  0.86861435524324815  0.87921100138884500
  0.89031432305238789  0.90202332362428894  0.91320344236098971  0.92447732092713519
  0.93580750675449864  0.94656514735243091  0.95684704451884717  0.96656536700965012
  0.97507953261911784  0.98363626197773679  0.99167094933757183  1.00000000000000000
 -0.00304396192467008  0.01428232502270105  0.02569700704383712  0.03588746272696762
  0.04634587926868949  0.05745248345960288  0.06891103145144850  0.08021252008907770
  0.09165475204218050  0.10227171938604235  0.11171251331827080  0.12086271829817785
  0.12931325978478217  0.13769595446647975  0.14660329278445097  0.15539694461685721
  0.16490713247059555  0.17362072435274736  0.18237567598828658  0.19129293779961870
  0.20092897592599468  0.21070951097443910  0.22131144090328864  0.23327274236120440
  0.24649455865038616  0.25950845218753865  0.27137130092133421  0.28358821074365870
  0.29575157891205156  0.30805708364519535  0.31997004419406078  0.33166739182279537
  0.34226695344299213  0.35209275411322138  0.36146069421703592  0.37032169459391223
  0.37928819340016851  0.38847507925234431  0.39791584769197685  0.40779497177285462
  0.41762761773939333  0.42808836946656442  0.43902440862694159  0.45078103569167544
  0.46256377601424453  0.47308514100047827  0.48302777441602118  0.49242950739215491
  0.50270340534876079  0.51187455695288853  0.52077925597827757  0.53032537589973083
  0.53864967488094961  0.54847832764461057  0.55864574675504430  0.56849027517724060
  0.58084389179211338  0.59150802671929381  0.60312536272550687  0.61505366708867282
  0.62677884855809485  0.63651095889848497  0.64556021657427975  0.65502319604365011
  0.66442414731453503  0.67328417785794947  0.68180970375362959  0.69074463388313900
  0.70050555102444634  0.71145445982758360  0.72250831750095290  0.73380632765868770
  0.74489165860029094  0.75511238801338620  0.76513594334053159  0.77528682589825926
  0.78524270501011917  0.79474412572347963  0.80377084389862163  0.81323722065637116
  0.82472163906452456  0.83643570055196403  0.84878674581981473  0.86280507796817685
  0.87703737567392148  0.89012784233914111  0.90283324986796232  0.91465372758446051
  0.92549453791267866  0.93616517636858632  0.94710578169489312  0.95784237788786197
  0.96795172493187542  0.97808676831866093  0.98836120341656009  1.00000000000000000
 -0.00359787492087140  0.01117967311468731  0.02395533378781804  0.03612917675212308
  0.04882690468012328  0.06187479911931263  0.07452493813280521  0.08657291602075837
  0.09791069431362487  0.10940762646987036  0.12051949759275818  0.13124474522886062
  0.14115011304536884  0.15105403532484604  0.16084962446114484  0.17103577936026190
  0.18194824492008593  0.19373622743421168  0.20615909914157213  0.21677374128948110
  0.22650090290635794  0.23640230124656311  0.24635569197462850  0.25733326503804027
  0.26855517813795038  0.28178357838593443  0.29617171886651272  0.30796067998831267
  0.31955340386714598  0.33052879234342014  0.34156524116135117  0.35241680693859079
  0.36353369011366155  0.37497147069217840  0.38642658041929495  0.39769021975615215
  0.40850375101233055  0.41920644573137805  0.43048337918502044  0.44162905684047027
  0.45233368216451658  0.46350178920013135  0.47521447258674665  0.48743609776769631
  0.50071111403953306  0.51222079891315542  0.52402527812704314  0.53473112924011568
  0.54528402250119512  0.55596633163998921  0.56536583330913381  0.57476339368765750
  0.58454097382592096  0.59445793752850340  0.60479565622097420  0.61475684381917539
  0.62421082034791331  0.63343884595262534  0.64274078256443745  0.65278135584595587
  0.66180454660251886  0.67104730955264602  0.67980345353366911  0.68990193144454681
  0.70183107637744269  0.71435561940830461  0.72734832431241070  0.74021576408524359
  0.75212420502177535  0.76316765791971664  0.77324469589606726  0.78233904363964879
  0.79057346395634776  0.79884101331839019  0.80741488709975340  0.81614265911567774
  0.82459543796565504  0.83462262862872694  0.84713163445385864  0.85950870590718254
  0.87029168341596197  0.87986935064887561  0.88888832987422950  0.89823134292426710
  0.90766644415437892  0.91754440660418257  0.92767487206272281  0.93716212331322235
  0.94570507345282462  0.95370485890802892  0.96159398922715544  0.96939375242526893
  0.97699626972433251  0.98484535518541994  0.99257271282091342  1.00000000000000000
 -0.00204833251378113  0.00735106822236734  0.01662141674336442  0.02625627086344101
  0.03694239768690587  0.04681703497546207  0.05574688525853728  0.06468397399948504
  0.07333880030295974  0.08223132348005668  0.09149834940525765  0.10019275135792192
  0.11066882124018008  0.12165099250402613  0.13156325170698790  0.14085310264569895
  0.15000639736779742  0.15927406221067708  0.16759289559022306  0.17601517359539606
  0.18434934577182799  0.19375276122086155  0.20536322323395975  0.21711789007542276
  0.22848826883198631  0.23964168889843646  0.25010911464037322  0.25943244214591571
  0.26863542329582940  0.27762846121201140  0.28713586912747641  0.29605205182335925
  0.30499474347664840  0.31446971395055490  0.32462526235102768  0.33453268358690064
  0.34590711781922212  0.35774982492812074  0.36968118710504300  0.38070833162119072
  0.39147451067730127  0.40165820298293697  0.41118535713681520  0.42261693678073081
  0.43330863440607442  0.44251163116570397  0.45089678318469611  0.45949456035066416
  0.46946119744496945  0.48064972259075101  0.49069992707837040  0.50104299496005089
  0.51215224825372230  0.52491745501558951  0.53581920563535934  0.54698109697189179
  0.55862743172808704  0.57066649986295603  0.58254682540729275  0.59315001781764864
  0.60325115059400147  0.61461416599927088  0.62616659220292470  0.63689025935790344
  0.64765567472175634  0.65926781197702666  0.67019027964185829  0.68028798582951966
  0.69118292813873783  0.70286601415393912  0.71281184402804554  0.72249627504900182
  0.73329015939700570  0.74612845492569468  0.75782006456723550  0.76879594150688801
  0.77912422395381820  0.78954579908815381  0.80004861271245664  0.81125294938048709
  0.82220423701544498  0.83308140211264314  0.84462828912734478  0.85685189816309926
  0.86945231430134173  0.88133218983493311  0.89394451272311093  0.90541292712290966
  0.91675044217089419  0.92708848942437683  0.93707359045175176  0.94753622464209086
  0.95935815736390040  0.97264818415427334  0.98610689986360789  1.00000000000000000
 -0.00405336529974985  0.01499217972038727  0.02866488770849852  0.04095873329726214
  0.05287266121078266  0.06482347033801682  0.07710295216009928  0.08943384236412684
  0.10116845838831968  0.11178265816330661  0.12161862570959904  0.12974923905177413
  0.13859333862943712  0.14728134207992080  0.15615347854590558  0.16501058388435805
  0.17416497232829528  0.18411913205240879  0.19354976006087976  0.20388329818890680
  0.21366251812555362  0.22281116193789594  0.23163056138839777  0.24060071625969306
  0.25008233610188335  0.25997323192432370  0.26995617761633456  0.27942989247398070
  0.28873726308155773  0.29829552845825585  0.30845952347866396  0.31910872696624559
  0.32996668867193557  0.34031965366129369  0.35039377949243516  0.36050308880553539
  0.37136134448378311  0.38424971280566039  0.39662194064904827  0.40503628949092096
  0.41392733071248938  0.42327359689280136  0.43315152697975212  0.44225190667724323
  0.45049642441657223  0.45902342228885346  0.46961339838071536  0.48052014862343329
  0.49037254151279097  0.49959305215345384  0.50818146086244298  0.51712216380181342
  0.52618384307438160  0.53565629922099789  0.54460189088285416  0.55369972233604292
  0.56328808404127517  0.57390293273875692  0.58509457303375090  0.59642711943715476
  0.60811481204385098  0.62043375908572884  0.63255236217405186  0.64368022850209539
  0.65527006140708044  0.66691280425178390  0.67864580443300360  0.69030459094182339
  0.70235174586810190  0.71449213019270474  0.72707631819417606  0.73999293769457908
  0.75224252383790347  0.76327786112808471  0.77392342448195772  0.78523074859848019
  0.79716959384488839  0.80950326300790065  0.82149399448564031  0.83361532911524616
  0.84548673080743397  0.85598303879619619  0.86418775176795992  0.87273869071016308
  0.88249637761274558  0.89212853391924962  0.90087294908398974  0.90927830773858642
  0.91831255641611464  0.92947692433339313  0.94252045436820742  0.95577915773927968
  0.96790933778681976  0.97883801534148052  0.98910366863179466  1.00000000000000000
 -0.00787756347725195  0.04273369554956531  0.07089784284633507  0.08807026079561499
  0.10146339460720138  0.11345016777641229  0.12525019857941114  0.13817940671202192
  0.15149205102609944  0.16382472911772442  0.17431054168384849  0.18416149768542658
  0.19400216871670650  0.20377795380270264  0.21357823940978077  0.22342999647803538
  0.23298143875185426  0.24212946829301904  0.25075679776559967  0.25972021082267405
  0.26888994554271389  0.27800878475612767  0.28678709155462673  0.29543389443447438
  0.30412257802778336  0.31297389783649904  0.32133824743830730  0.32963674669592713
  0.33767625718265476  0.34603592314490222  0.35419977390585800  0.36112327457829363
  0.36758043325573131  0.37440677040106213  0.38216446164814893  0.39086750955670729
  0.39970035305950574  0.40794763602813222  0.41571327483857989  0.42301948006778101
  0.42976619677861211  0.43694449927313150  0.44456931905579133  0.45373599873845133
  0.46220948897923320  0.47091493306959087  0.47893026350506662  0.48621278735661577
  0.49285210976992733  0.49943300588031198  0.50641232343781328  0.51428007248325902
  0.52271661600329244  0.53048642065758211  0.53778323695319552  0.54477981267857989
  0.55255043789275549  0.56052749612491315  0.56932381254313946  0.57813272821804029
  0.58670358277955570  0.59552688807204279  0.60515022495067150  0.61656947726997124
  0.62835665021164233  0.63889508862518141  0.64751182880214964  0.65440282130656857
  0.66075628570361999  0.66768262670285528  0.67506491981879413  0.68323523759197702
  0.69149548565856545  0.69950122297301642  0.70669741262495167  0.71409590524992217
  0.72291563105321865  0.73231642831523747  0.74282002029397298  0.75279748266750557
  0.76304389989803589  0.77273011759969823  0.78383837326632566  0.79556123917471522
  0.80893840574733378  0.82283604718469017  0.83638915713031026  0.84921921529073374
  0.86234314320571792  0.87592403081802439  0.88960375014577642  0.90397164920553796
  0.91948241988355550  0.93834265290435348  0.96437881651681956  1.00000000000000000
 -0.00148870590212138  0.00722207460583749  0.01485322167775055  0.02375820731173171
  0.03318835084523638  0.04282653902866657  0.05284314786731104  0.06451347068331656
  0.07746706991293516  0.08998868496249422  0.10164405290215910  0.11325452740537682
  0.12492231388807226  0.13614541490662155  0.14660708627648286  0.15588244543213395
  0.16596572947616078  0.17559026127721977  0.18521226842393657  0.19504333552915795
  0.20493977175647740  0.21571181471557790  0.22654428254291720  0.23752691083629995
  0.24935835493441805  0.26149619812812103  0.27355909787405747  0.28632632732657409
  0.29863181742885081  0.30953177854672870  0.32011022504994713  0.33025617190614970
  0.33857689953475545  0.34675124041665678  0.35547269358347861  0.36449174139644502
  0.37418984791561161  0.38357341955414215  0.39311511585873188  0.40375596779492817
  0.41650163272247021  0.42886848652567561  0.44047227914516562  0.45268224109914845
  0.46364617368365180  0.47222067342195667  0.48108016674894383  0.49007834781203019
  0.50055652463380662  0.51002299714457755  0.51914498684333565  0.52902048622800768
  0.53898697816550012  0.54868469313953316  0.55814384926617089  0.56776668572750466
  0.57757549398304209  0.58730425255923568  0.59671085140236690  0.60629408970900689
  0.61645976218587339  0.62693569223477863  0.63849723669663772  0.65042723359919341
  0.66320648096239632  0.67523608661667534  0.68634432483296404  0.69618205067233696
  0.70529353910860437  0.71442322490768062  0.72392041399723384  0.73362444880880839
  0.74400333716475964  0.75461990997915551  0.76609025000533193  0.77875731001550674
  0.79092978569318606  0.80241051146014974  0.81225731545763147  0.82114611606384014
  0.83015581128224980  0.83973423703632832  0.84965391588853445  0.85949235996224971
  0.86890894107551153  0.87871946541546819  0.88920309856447599  0.89922886707464900
  0.90881503762139426  0.91913631032107013  0.93089199158895997  0.94352855057847962
  0.95711960017179676  0.97283544873677075  0.98707554263023578  1.00000000000000000
 -0.01187738125877915  0.17609958637998996  0.24734528819503573  0.30045162019718374
  0.33836993701839307  0.37097015882318179  0.40403480550598492  0.43207318685448215
  0.45574767769359725  0.47687482152927413  0.49854291821682034  0.51911272549049381
  0.54025822893888453  0.55937963603869345  0.57340593237670279  0.58530970305457497
  0.59764699036659996  0.60999185163416481  0.62072283888466873  0.63170642441219682
  0.64349004590687620  0.65489179865103808  0.66537273091564630  0.67512647526509639
  0.68468456784585841  0.69358365576346970  0.70215545358331766  0.71075918317994302
  0.71888001275250568  0.72680604427934292  0.73407679666855319  0.74121688115820694
  0.74818049318435098  0.75439103714679012  0.76041615162504761  0.76634863831768540
  0.77243648031749934  0.77891296961895662  0.78540882512941834  0.79131353088484979
  0.79637914801395826  0.80091801324149936  0.80531325926926101  0.81002826304888709
  0.81485560656432132  0.82002163424276275  0.82464352928103812  0.82881218385736999
  0.83275601631573926  0.83669143064782814  0.84091649425692216  0.84529394109231282
  0.84977171448892375  0.85408542840514423  0.85790109206803977  0.86156339525386372
  0.86490704084785885  0.86821518991582824  0.87162116051740524  0.87524758225507593
  0.87885593018633523  0.88278400123142864  0.88652713946589190  0.89014494455409743
  0.89356864401855374  0.89677450357691668  0.89986513618517550  0.90280374293350119
  0.90590554191385886  0.90904631346636311  0.91202522445727918  0.91490283639349845
  0.91773517728084397  0.92051991691511059  0.92319349664662576  0.92560930388144325
  0.92794258905000826  0.93026958193410259  0.93272017882757685  0.93549288668135688
  0.93828214848839187  0.94116337592419375  0.94411913171632322  0.94723342837951663
  0.95050171833198638  0.95379236076802643  0.95674605107707900  0.95994318104359744
  0.96316274007693914  0.96635576394288780  0.96963567233694758  0.97314724510151673
  0.97738847284624786  0.98258409401198799  0.98955083000674982  1.00000000000000000
 -0.01905762358210068  0.12847039908260099  0.18313441136557418  0.21531536322158251
  0.23819317007377835  0.25838273630666048  0.27624248148034813  0.29117027599228112
  0.30492081124695414  0.31789826645002872  0.32934387004753607  0.33939390937786429
  0.34800624400181851  0.35573050090103403  0.36335342446071284  0.37124432148496367
  0.37949049158381132  0.38798478102310618  0.39710139645063369  0.40636210374660603
  0.41508867225586377  0.42311349232378204  0.43072995227508626  0.43824495746702824
  0.44524111538089228  0.45178585696586993  0.45804668562525586  0.46439326051938867
  0.47099584092160074  0.47777799206538774  0.48457247993232538  0.49104708685215576
  0.49770417710671916  0.50490797244012509  0.51295072548703691  0.52099962432890590
  0.52855113063776793  0.53544439077118011  0.54154083822313559  0.54614383213976736
  0.55082309926081252  0.55546502125969854  0.56006883893181925  0.56462797959214073
  0.56882519928687070  0.57292269382835614  0.57718285338674780  0.58185428202703049
  0.58710013741615352  0.59267481412729950  0.59817326212352095  0.60366602584268358
  0.60924122202660025  0.61429361522724213  0.61939698989926728  0.62434798926324953
  0.62892594066980345  0.63395885554892362  0.63929742610741458  0.64460724944266756
  0.64952906623960005  0.65402430928585442  0.65831484592655165  0.66267499082573667
  0.66731540592016614  0.67253888665038031  0.67781360535498214  0.68289268943580517
  0.68789775019925570  0.69250300861064007  0.69728613584084576  0.70253381401366111
  0.70789158786384954  0.71312626392767164  0.71837842142512254  0.72379302633921394
  0.72977097348139675  0.73675502171704632  0.74418904708446332  0.75121192897974864
  0.75737025266768176  0.76327595727817288  0.76935447530548395  0.77552669153769282
  0.78195530094943366  0.78875183612498623  0.79586097754468599  0.80319100849726444
  0.81041622844872341  0.81885036645236797  0.82854500343220494  0.84066196450479114
  0.85875699978864739  0.88296850362171864  0.91908964561944084  1.00000000000000000
   5.2529548206459824E-011  -1.0000000000000000     
 F F F F F F F F F F F F F F F F F F F F F F F F F F F F F F F F F F F F F F F F F F F F F F F F F F F F F F F F F F F F F F F F F F F F F F F F F F F F F F F F F F F F F F F F F F F F F F F F F F F F F F F F F F F F F F F F F F F F F F F F F F F F F F F F F F F F F F F F F F F F F F F F F F F F F F F F F F F F F F F F F F F F F F F F F F F F F F F F F F F F F F F F F F F F F F F F T F F T T F F T T F F T T F F T F F F F F F F F F F F F F F F F T F F T T F F T T F F T T F F T F F F F F F F F F F F F F F F F F F F F F F F F F F F F F F F F F F F F F F F F F F F F F F F F F F F F F F F F F F F F F F F F F F F F F F F F F F F F F F F F F F F F F F F F F F F F F F F F F F F F F F F F F F F F F F F F F F F F F F F F F F F F F F F F F F F F F F F F F F F F F F F F F F F F F F F F F F F F F F F F F F F F F F F F F F F F F F F F F F F F F F F F F F F F F F F F F F F F F F F F F F F F F F F F T F F T T F F T T F F T T F F T F F F F F F F F F F F F F F F F T F F T T F F T T F F T T F F T F F F F F F F F F F F F F F F F
  <DiscreteSampler_grid>
  grouped_processes
  1 # 1 for a reference and 2 for a running grid.
  10 # Attribute 'min_bin_probing_points' of the grid.
  1 # Attribute 'grid_mode' of the grid. 1=='default',2=='initialization'
  0.0000000000000000 # Attribute 'small_contrib_threshold' of the grid.
  0.5000000000000000 # Attribute 'damping_power' of the grid.
 # binID   n_entries weight   weight_sqr   abs_weight
    31   10   1.042492319648346E+000   6.591449107304531E+000   1.042492319648346E+000
    32   10   1.042492319648445E+000   6.591449107306100E+000   1.042492319648445E+000
    34   10   1.335911872453922E+000   1.076749536220295E+001   1.335911872453922E+000
    35   10   1.335911872454060E+000   1.076749536220575E+001   1.335911872454060E+000
    37   10   5.599338541372436E-002   1.901553844243140E-002   5.599338541372436E-002
    38   10   5.599338541372965E-002   1.901553844243591E-002   5.599338541372965E-002
    40   10   7.175326565313686E-002   3.106292996509249E-002   7.175326565313686E-002
    41   10   7.175326565314422E-002   3.106292996510051E-002   7.175326565314422E-002
    43   10   5.599338541372436E-002   1.901553844243140E-002   5.599338541372436E-002
    44   10   5.599338541372965E-002   1.901553844243591E-002   5.599338541372965E-002
    46   10   7.175326565313686E-002   3.106292996509249E-002   7.175326565313686E-002
    47   10   7.175326565314422E-002   3.106292996510051E-002   7.175326565314422E-002
    49   10   1.042492319648346E+000   6.591449107304531E+000   1.042492319648346E+000
    50   10   1.042492319648445E+000   6.591449107306100E+000   1.042492319648445E+000
    52   10   1.335911872453922E+000   1.076749536220295E+001   1.335911872453922E+000
    53   10   1.335911872454060E+000   1.076749536220575E+001   1.335911872454060E+000
  </DiscreteSampler_grid>
