     
 Collinear #          81
 
 part:           1
 comp:           0
   1.0000000141267729        276.25000390252097        276.24999999999994     
   1.0000000013536243        276.25000037393863        276.24999999999994     
   1.0000000001347988        276.25000003723812        276.24999999999994     
   1.0000000000134743        276.25000000372222        276.24999999999994     
   1.0000000000013476        276.25000000037221        276.24999999999994     
   1.0000000000001348        276.25000000003718        276.24999999999994     
   1.0000000000000135        276.25000000000369        276.24999999999994     
   1.0000000000000016        276.25000000000040        276.24999999999994     
   1.0000000000000002        276.25000000000000        276.24999999999994     
   1.0000000000000000        276.24999999999994        276.24999999999994     
 comp:           1
   0.0000000000000000        0.0000000000000000     
   0.0000000000000000        0.0000000000000000     
   0.0000000000000000        0.0000000000000000     
   0.0000000000000000        0.0000000000000000     
   0.0000000000000000        0.0000000000000000     
   0.0000000000000000        0.0000000000000000     
   0.0000000000000000        0.0000000000000000     
   0.0000000000000000        0.0000000000000000     
   0.0000000000000000        0.0000000000000000     
   0.0000000000000000        0.0000000000000000     
 comp:           2
   0.0000000000000000        0.0000000000000000     
   0.0000000000000000        0.0000000000000000     
   0.0000000000000000        0.0000000000000000     
   0.0000000000000000        0.0000000000000000     
   0.0000000000000000        0.0000000000000000     
   0.0000000000000000        0.0000000000000000     
   0.0000000000000000        0.0000000000000000     
   0.0000000000000000        0.0000000000000000     
   0.0000000000000000        0.0000000000000000     
   0.0000000000000000        0.0000000000000000     
 comp:           3
   1.0000000141267729        276.25000390252097        276.24999999999994     
   1.0000000013536243        276.25000037393863        276.24999999999994     
   1.0000000001347988        276.25000003723812        276.24999999999994     
   1.0000000000134743        276.25000000372222        276.24999999999994     
   1.0000000000013476        276.25000000037221        276.24999999999994     
   1.0000000000001348        276.25000000003718        276.24999999999994     
   1.0000000000000135        276.25000000000369        276.24999999999994     
   1.0000000000000016        276.25000000000040        276.24999999999994     
   1.0000000000000002        276.25000000000000        276.24999999999994     
   1.0000000000000000        276.24999999999994        276.24999999999994     
 
 part:           2
 comp:           0
  0.99999999893594249        276.25007414790775        276.25007444185371     
  0.99999999989843658        276.25007441379682        276.25007444185371     
  0.99999999998988942        276.25007443906065        276.25007444185371     
  0.99999999999898948        276.25007444157455        276.25007444185371     
  0.99999999999989897        276.25007444182580        276.25007444185371     
  0.99999999999998967        276.25007444185087        276.25007444185371     
  0.99999999999999900        276.25007444185343        276.25007444185371     
  0.99999999999999978        276.25007444185366        276.25007444185371     
   1.0000000000000000        276.25007444185371        276.25007444185371     
   1.0000000000000000        276.25007444185371        276.25007444185371     
 comp:           1
   0.0000000000000000        0.0000000000000000     
   0.0000000000000000        0.0000000000000000     
   0.0000000000000000        0.0000000000000000     
   0.0000000000000000        0.0000000000000000     
   0.0000000000000000        0.0000000000000000     
   0.0000000000000000        0.0000000000000000     
   0.0000000000000000        0.0000000000000000     
   0.0000000000000000        0.0000000000000000     
   0.0000000000000000        0.0000000000000000     
   0.0000000000000000        0.0000000000000000     
 comp:           2
   0.0000000000000000        0.0000000000000000     
   0.0000000000000000        0.0000000000000000     
   0.0000000000000000        0.0000000000000000     
   0.0000000000000000        0.0000000000000000     
   0.0000000000000000        0.0000000000000000     
   0.0000000000000000        0.0000000000000000     
   0.0000000000000000        0.0000000000000000     
   0.0000000000000000        0.0000000000000000     
   0.0000000000000000        0.0000000000000000     
   0.0000000000000000        0.0000000000000000     
 comp:           3
  0.99999999893594249       -276.25007414790775       -276.25007444185371     
  0.99999999989843658       -276.25007441379682       -276.25007444185371     
  0.99999999998988942       -276.25007443906065       -276.25007444185371     
  0.99999999999898948       -276.25007444157455       -276.25007444185371     
  0.99999999999989897       -276.25007444182580       -276.25007444185371     
  0.99999999999998967       -276.25007444185087       -276.25007444185371     
  0.99999999999999900       -276.25007444185343       -276.25007444185371     
  0.99999999999999978       -276.25007444185366       -276.25007444185371     
   1.0000000000000000       -276.25007444185371       -276.25007444185371     
   1.0000000000000000       -276.25007444185371       -276.25007444185371     
 
 part:           3
 comp:           0
   1.0000000366376010        123.90442655923633        123.90442201967556     
   1.0000000113613998        123.90442342740323        123.90442201967556     
   1.0000000035859100        123.90442246398568        123.90442201967556     
   1.0000000011337473        123.90442216015188        123.90442201967556     
   1.0000000003585157        123.90442206409723        123.90442201967556     
   1.0000000001133722        123.90442203372289        123.90442201967556     
   1.0000000000358518        123.90442202411775        123.90442201967556     
   1.0000000000113372        123.90442202108029        123.90442201967556     
   1.0000000000035851        123.90442202011978        123.90442201967556     
   1.0000000000011338        123.90442201981604        123.90442201967556     
 comp:           1
  0.99999938165536750        3.4178075683947404        3.4178096817790120     
  0.99999980824998125        3.4178090264139414        3.4178096817790120     
  0.99999993947943500        3.4178094749312389        3.4178096817790120     
  0.99999998086537756        3.4178096163805143        3.4178096817790120     
  0.99999999394921679        3.4178096610985866        3.4178096817790120     
  0.99999999808657802        3.4178096752392997        3.4178096817790120     
  0.99999999939492168        3.4178096797109694        3.4178096817790120     
  0.99999999980865784        3.4178096811250409        3.4178096817790120     
  0.99999999993949229        3.4178096815722081        3.4178096817790120     
  0.99999999998086586        3.4178096817136150        3.4178096817790120     
 comp:           2
   1.0000000943412015       -77.708845847986836       -77.708838516841638     
   1.0000000292554123       -77.708840790245745       -77.708838516841638     
   1.0000000092336581       -77.708839234378473       -77.708838516841638     
   1.0000000029193805       -77.708838743703311       -77.708838516841638     
   1.0000000009231715       -77.708838588580221       -77.708838516841638     
   1.0000000002919318       -77.708838539527321       -77.708838516841638     
   1.0000000000923170       -77.708838524015491       -77.708838516841638     
   1.0000000000291931       -77.708838519110202       -77.708838516841638     
   1.0000000000092317       -77.708838517559016       -77.708838516841638     
   1.0000000000029194       -77.708838517068500       -77.708838516841638     
 comp:           3
   1.0000000000000000       -53.242321840824133       -53.242321840824133     
   1.0000000000000000       -53.242321840824133       -53.242321840824133     
   1.0000000000000000       -53.242321840824133       -53.242321840824133     
   1.0000000000000000       -53.242321840824133       -53.242321840824133     
   1.0000000000000000       -53.242321840824133       -53.242321840824133     
   1.0000000000000000       -53.242321840824133       -53.242321840824133     
   1.0000000000000000       -53.242321840824133       -53.242321840824133     
   1.0000000000000000       -53.242321840824133       -53.242321840824133     
   1.0000000000000000       -53.242321840824133       -53.242321840824133     
   1.0000000000000000       -53.242321840824133       -53.242321840824133     
 
 part:           4
 comp:           0
   1.0000000282903927        16.104085684649412        16.104085229058516     
   1.0000000087729124        16.104085370338243        16.104085229058516     
   1.0000000027689260        16.104085273649535        16.104085229058516     
   1.0000000008754437        16.104085243156735        16.104085229058516     
   1.0000000002768343        16.104085233516681        16.104085229058516     
   1.0000000000875424        16.104085230468307        16.104085229058516     
   1.0000000000276836        16.104085229504335        16.104085229058516     
   1.0000000000087543        16.104085229199494        16.104085229058516     
   1.0000000000027685        16.104085229103099        16.104085229058516     
   1.0000000000008753        16.104085229072613        16.104085229058516     
 comp:           1
  0.99999995209183479        5.7334781763556126        5.7334784510360457     
  0.99999998514357347        5.7334783658570441        5.7334784510360457     
  0.99999999531098183        5.7334784241516612        5.7334784510360457     
  0.99999999851748589        5.7334784425360832        5.7334784510360457     
  0.99999999953119678        5.7334784483481727        5.7334784510360457     
  0.99999999985175170        5.7334784501860669        5.7334784510360457     
  0.99999999995311972        5.7334784507672589        5.7334784510360457     
  0.99999999998517519        5.7334784509510479        5.7334784510360457     
  0.99999999999531197        5.7334784510091668        5.7334784510360457     
  0.99999999999851752        5.7334784510275458        5.7334784510360457     
 comp:           2
   1.0000001018777211       -9.3528053576652361       -9.3528044048228374     
   1.0000000315925035       -9.3528047003013430       -9.3528044048228374     
   1.0000000099712958       -9.3528044980824170       -9.3528044048228374     
   1.0000000031525975       -9.3528044343084655       -9.3528044048228374     
   1.0000000009969199       -9.3528044141468332       -9.3528044048228374     
   1.0000000003152532       -9.3528044077713375       -9.3528044048228374     
   1.0000000000996920       -9.3528044057552364       -9.3528044048228374     
   1.0000000000315254       -9.3528044051176877       -9.3528044048228374     
   1.0000000000099691       -9.3528044049160766       -9.3528044048228374     
   1.0000000000031526       -9.3528044048523231       -9.3528044048228374     
 comp:           3
   1.0000000000000000       -11.789564694313878       -11.789564694313878     
   1.0000000000000000       -11.789564694313878       -11.789564694313878     
   1.0000000000000000       -11.789564694313878       -11.789564694313878     
   1.0000000000000000       -11.789564694313878       -11.789564694313878     
   1.0000000000000000       -11.789564694313878       -11.789564694313878     
   1.0000000000000000       -11.789564694313878       -11.789564694313878     
   1.0000000000000000       -11.789564694313878       -11.789564694313878     
   1.0000000000000000       -11.789564694313878       -11.789564694313878     
   1.0000000000000000       -11.789564694313878       -11.789564694313878     
   1.0000000000000000       -11.789564694313878       -11.789564694313878     
 
 part:           5
 comp:           0
   1.0000000357228178        186.11487925911300        186.11487261056533     
   1.0000000110777234        186.11487467229441        186.11487261056533     
   1.0000000034963756        186.11487326129281        186.11487261056533     
   1.0000000011054395        186.11487281630406        186.11487261056533     
   1.0000000003495639        186.11487267562438        186.11487261056533     
   1.0000000001105418        186.11487263113878        186.11487261056533     
   1.0000000000349565        186.11487261707126        186.11487261056533     
   1.0000000000110540        186.11487261262266        186.11487261056533     
   1.0000000000034956        186.11487261121593        186.11487261056533     
   1.0000000000011056        186.11487261077107        186.11487261056533     
 comp:           1
   1.0000000210399886       -150.87846334884173       -150.87846017436064     
   1.0000000065245462       -150.87846115877414       -150.87846017436064     
   1.0000000020592918       -150.87846048506341       -150.87846017436064     
   1.0000000006510805       -150.87846027259468       -150.87846017436064     
   1.0000000002058858       -150.87846020542437       -150.87846017436064     
   1.0000000000651066       -150.87846018418384       -150.87846017436064     
   1.0000000000205886       -150.87846017746702       -150.87846017436064     
   1.0000000000065106       -150.87846017534295       -150.87846017436064     
   1.0000000000020590       -150.87846017467129       -150.87846017436064     
   1.0000000000006510       -150.87846017445887       -150.87846017436064     
 comp:           2
   1.0000001598877226       -68.873324496316272       -68.873313484319027     
   1.0000000495815313       -68.873316899163385       -68.873313484319027     
   1.0000000156490327       -68.873314562119759       -68.873313484319027     
   1.0000000049477120       -68.873313825084352       -68.873313484319027     
   1.0000000015645740       -68.873313592076428       -68.873313484319027     
   1.0000000004947607       -68.873313518394838       -68.873313484319027     
   1.0000000001564573       -68.873313495094763       -68.873313484319027     
   1.0000000000494760       -68.873313487726605       -68.873313484319027     
   1.0000000000156457       -68.873313485396594       -68.873313484319027     
   1.0000000000049476       -68.873313484659789       -68.873313484319027     
 comp:           3
   1.0000000000000000        84.444672726889905        84.444672726889905     
   1.0000000000000000        84.444672726889905        84.444672726889905     
   1.0000000000000000        84.444672726889905        84.444672726889905     
   1.0000000000000000        84.444672726889905        84.444672726889905     
   1.0000000000000000        84.444672726889905        84.444672726889905     
   1.0000000000000000        84.444672726889905        84.444672726889905     
   1.0000000000000000        84.444672726889905        84.444672726889905     
   1.0000000000000000        84.444672726889905        84.444672726889905     
   1.0000000000000000        84.444672726889905        84.444672726889905     
   1.0000000000000000        84.444672726889905        84.444672726889905     
 
 part:           6
 comp:           0
  0.99999994856492591        226.37660849700237        226.37662014070060     
  0.99999998404987078        226.37661652996425        226.37662014070060     
  0.99999999496578484        226.37661900107199        226.37662014070060     
  0.99999999840834597        226.37661978038733        226.37662014070060     
  0.99999999949668439        226.37662002676171        226.37662014070060     
  0.99999999984083798        226.37662010467002        226.37662014070060     
  0.99999999994966882        226.37662012930679        226.37662014070060     
  0.99999999998408384        226.37662013709755        226.37662014070060     
  0.99999999999496680        226.37662013956120        226.37662014070060     
  0.99999999999840838        226.37662014034029        226.37662014070060     
 comp:           1
  0.99999997275604868        141.72716818033743        141.72717204154560     
  0.99999999155159114        141.72717084417650        141.72717204154560     
  0.99999999733349454        141.72717166362932        141.72717204154560     
  0.99999999915693827        141.72717192206085        141.72717204154560     
  0.99999999973340559        141.72717200376192        141.72717204154560     
  0.99999999991569555        141.72717202959737        141.72717204154560     
  0.99999999997334066        141.72717203776725        141.72717204154560     
  0.99999999999156952        141.72717204035078        141.72717204154560     
  0.99999999999733402        141.72717204116776        141.72717204154560     
  0.99999999999915690        141.72717204142612        141.72717204154560     
 comp:           2
  0.99999991410397160        155.93494301179004        155.93495640598348     
  0.99999997336345359        155.93495225241477        155.93495640598348     
  0.99999999159291419        155.93495509502492        155.93495640598348     
  0.99999999734195455        155.93495599150128        155.93495640598348     
  0.99999999915946824        155.93495627491521        155.93495640598348     
  0.99999999973420106        155.93495636453613        155.93495640598348     
  0.99999999991594724        155.93495639287673        155.93495640598348     
  0.99999999997342004        155.93495640183875        155.93495640598348     
  0.99999999999159483        155.93495640467282        155.93495640598348     
  0.99999999999734202        155.93495640556901        155.93495640598348     
 comp:           3
   1.0000000000000000       -19.412786191751891       -19.412786191751891     
   1.0000000000000000       -19.412786191751891       -19.412786191751891     
   1.0000000000000000       -19.412786191751891       -19.412786191751891     
   1.0000000000000000       -19.412786191751891       -19.412786191751891     
   1.0000000000000000       -19.412786191751891       -19.412786191751891     
   1.0000000000000000       -19.412786191751891       -19.412786191751891     
   1.0000000000000000       -19.412786191751891       -19.412786191751891     
   1.0000000000000000       -19.412786191751891       -19.412786191751891     
   1.0000000000000000       -19.412786191751891       -19.412786191751891     
   1.0000000000000000       -19.412786191751891       -19.412786191751891     
 
 part:           7
 comp:           0
   1.0484750688490603        7.8050427684766400E-005   7.4441853701342163E-005
   1.0046463333333280        7.4787735367589427E-005   7.4441853701342163E-005
   1.0004627123278731        7.4476298864759502E-005   7.4441853701342163E-005
   1.0000462521093720        7.4445296794101417E-005   7.4441853701342163E-005
   1.0000046250197903        7.4442197996388751E-005   7.4441853701342163E-005
   1.0000004625000674        7.4441888130704519E-005   7.4441853701342163E-005
   1.0000000462499878        7.4441857144276998E-005   7.4441853701342163E-005
   1.0000000046249991        7.4441854045635672E-005   7.4441853701342163E-005
   1.0000000004624998        7.4441853735771505E-005   7.4441853701342163E-005
   1.0000000000462494        7.4441853704785061E-005   7.4441853701342163E-005
 comp:           1
   9.4237539591205589E-006   0.0000000000000000     
   2.9223266866715095E-006   0.0000000000000000     
   9.2235121778911952E-007   0.0000000000000000     
   2.9161727553314295E-007   0.0000000000000000     
   9.2215715891414412E-008   0.0000000000000000     
   2.9161114057814061E-008   0.0000000000000000     
   9.2215521870155914E-009   0.0000000000000000     
   2.9161107987689973E-009   0.0000000000000000     
   9.2215518671635014E-010   0.0000000000000000     
   2.9161109068243480E-010   0.0000000000000000     
 comp:           2
   3.2690178282892722E-005   0.0000000000000000     
   1.0137295689441151E-005   0.0000000000000000     
   3.1995557056949473E-006   0.0000000000000000     
   1.0115948239845101E-006   0.0000000000000000     
   3.1988825324300417E-007   0.0000000000000000     
   1.0115735423621701E-007   0.0000000000000000     
   3.1988758020022752E-008   0.0000000000000000     
   1.0115733317948746E-008   0.0000000000000000     
   3.1988756910483832E-009   0.0000000000000000     
   1.0115733692783304E-009   0.0000000000000000     
 comp:           3
  0.94362758729193430       -7.0245386801736653E-005  -7.4441853701342163E-005
  0.99459987267915972       -7.4039858213355552E-005  -7.4441853701342163E-005
  0.99946224988486299       -7.4401822585943257E-005  -7.4441853701342163E-005
  0.99994624751110672       -7.4437852266427888E-005  -7.4441853701342163E-005
  0.99999462497623481       -7.4441453574609391E-005  -7.4441853701342163E-005
  0.99999946249987437       -7.4441813688836444E-005  -7.4441853701342163E-005
  0.99999994625001043       -7.4441849700093300E-005  -7.4441853701342163E-005
  0.99999999462500189       -7.4441853301217338E-005  -7.4441853701342163E-005
  0.99999999946250007       -7.4441853661329669E-005  -7.4441853701342163E-005
  0.99999999994624966       -7.4441853697340888E-005  -7.4441853701342163E-005
 
 part: i_fks+j_fks
 comp:           0
   1.0000000119986470        276.25015219833546        276.25014888370742     
   1.0000000011504961        276.25014920153217        276.25014888370742     
   1.0000000001145777        276.25014891535955        276.25014888370742     
   1.0000000000114531        276.25014888687133        276.25014888370742     
   1.0000000000011453        276.25014888402382        276.25014888370742     
   1.0000000000001141        276.25014888373897        276.25014888370742     
   1.0000000000000113        276.25014888371055        276.25014888370742     
   1.0000000000000011        276.25014888370771        276.25014888370742     
   1.0000000000000000        276.25014888370742        276.25014888370742     
   1.0000000000000000        276.25014888370742        276.25014888370742     
 comp:           1
   9.4237539591205589E-006   0.0000000000000000     
   2.9223266866715095E-006   0.0000000000000000     
   9.2235121778911952E-007   0.0000000000000000     
   2.9161727553314295E-007   0.0000000000000000     
   9.2215715891414412E-008   0.0000000000000000     
   2.9161114057814061E-008   0.0000000000000000     
   9.2215521870155914E-009   0.0000000000000000     
   2.9161107987689973E-009   0.0000000000000000     
   9.2215518671635014E-010   0.0000000000000000     
   2.9161109068243480E-010   0.0000000000000000     
 comp:           2
   3.2690178282892722E-005   0.0000000000000000     
   1.0137295689441151E-005   0.0000000000000000     
   3.1995557056949473E-006   0.0000000000000000     
   1.0115948239845101E-006   0.0000000000000000     
   3.1988825324300417E-007   0.0000000000000000     
   1.0115735423621701E-007   0.0000000000000000     
   3.1988758020022752E-008   0.0000000000000000     
   1.0115733317948746E-008   0.0000000000000000     
   3.1988756910483832E-009   0.0000000000000000     
   1.0115733692783304E-009   0.0000000000000000     
 comp:           3
  0.99999998374512045       -276.25014439329453       -276.25014888370742     
  0.99999999844325005       -276.25014845365502       -276.25014888370742     
  0.99999999984498045       -276.25014884088324       -276.25014888370742     
  0.99999999998450462       -276.25014887942683       -276.25014888370742     
  0.99999999999845057       -276.25014888327939       -276.25014888370742     
  0.99999999999984490       -276.25014888366456       -276.25014888370742     
  0.99999999999998435       -276.25014888370310       -276.25014888370742     
  0.99999999999999833       -276.25014888370697       -276.25014888370742     
  0.99999999999999978       -276.25014888370737       -276.25014888370742     
   1.0000000000000000       -276.25014888370742       -276.25014888370742     
