  0.02413159335954836  0.03156017211589255  0.04159680698793426  0.05184719496450474
  0.06154561960892124  0.07096471660849846  0.08033671481923116  0.09047779396358732
  0.10095234347660911  0.11142250471221885  0.12160740897202260  0.13226377214781346
  0.14297418861976374  0.15268577923896284  0.16170018942171929  0.17075174128208681
  0.17980223917336885  0.18836111047861440  0.19672718416931903  0.20505842804353558
  0.21421183540495251  0.22435894181412161  0.23446807603430550  0.24489300265616040
  0.25572506063473455  0.26704592570121832  0.27786707141799538  0.28824543107708628
  0.29843798139339994  0.30881996139146445  0.31889765417802907  0.32916413118578952
  0.33972371303624876  0.35085533862053558  0.36262799118838362  0.37440687400528450
  0.38534442447932865  0.39563399585969927  0.40591613227568557  0.41567248503468951
  0.42580648198254101  0.43570996230423159  0.44688766089320892  0.45751795134862561
  0.46770949791632915  0.47801387800477319  0.48877780170117135  0.49942533087372631
  0.50927960311509035  0.51890328992201473  0.52944549587037026  0.54066295740897441
  0.55143100351772267  0.56162441877032188  0.57206070182735502  0.58260314298481464
  0.59309508884927331  0.60316854901675987  0.61343513174713582  0.62361701518442836
  0.63376124470348039  0.64342868237987527  0.65304983678842754  0.66250079036041765
  0.67211626525431512  0.68187110849831589  0.69130786846429004  0.70042521125679436
  0.70989243464439633  0.71949605524869598  0.72913842715514809  0.73808387811779630
  0.74695112196670455  0.75634893513446366  0.76600866394775213  0.77586511384859336
  0.78601652557731250  0.79694735400598760  0.80840817886457517  0.81914729985093149
  0.82942659447311895  0.83976239225099369  0.85036642572237642  0.86107635043144026
  0.87174910058378430  0.88210734514694411  0.89212004269847045  0.90212639055515553
  0.91224136423660684  0.92222649439431303  0.93234711723849073  0.94330794246208838
  0.95643723150526239  0.96612458846552529  0.97112271284160334  1.00000000000000000
  0.02442728237801277  0.03051792179680706  0.03927948757620594  0.04852113748223843
  0.05815910236978013  0.06758170021173801  0.07631520867357389  0.08506380861481937
  0.09398559081129346  0.10301110726553489  0.11194583368431406  0.12131359297451554
  0.13157261737231316  0.14283602461749806  0.15383963329771977  0.16450803622771104
  0.17482469774323281  0.18495318459347218  0.19521124460914524  0.20558378882132805
  0.21676833933340006  0.22779582296734560  0.23856772413057453  0.24913606297805513
  0.25981082556823504  0.27081532986870110  0.28232818118776692  0.29409446944572848
  0.30497828697547558  0.31504114682816348  0.32422913179207996  0.33371173793018316
  0.34340351304511813  0.35322544637166714  0.36321342142933033  0.37320529751383197
  0.38406224323555710  0.39536188546547602  0.40615833391646178  0.41692031035082561
  0.42712757062068618  0.43727181117305930  0.44760227950221970  0.45769772872231701
  0.46757648831955567  0.47736387076340392  0.48732940122979207  0.49768551038006031
  0.50805779483813440  0.51819486666522463  0.52798373135479970  0.53765047429357715
  0.54711672283647905  0.55687717301830608  0.56713546862465658  0.57795702258146986
  0.58855303483793731  0.59874281714842903  0.60889912131203094  0.61928449491330295
  0.62953892697321667  0.63970407367214754  0.64994977774988894  0.66033103205906762
  0.67071329008998726  0.68115282374841524  0.69193962541284171  0.70279330333577283
  0.71335377321697735  0.72363531551249294  0.73378617511166877  0.74383055097351025
  0.75392561043404804  0.76382032512744835  0.77335489024172832  0.78250130905748461
  0.79175394045278380  0.80141126306654276  0.81162327829931946  0.82221992371424746
  0.83252941346320031  0.84270123752950021  0.85244468085047753  0.86213113904128980
  0.87176274563463396  0.88182538983150949  0.89200627985300707  0.90229298669578206
  0.91225587005518416  0.92262251686915375  0.93328732650994795  0.94376227039528360
  0.95463221930083875  0.96494904737631582  0.97140549741807614  1.00000000000000000
  0.00960311900585165  0.01518901121560497  0.02409295196533123  0.03420467489427032
  0.04409838291022841  0.05380370440217947  0.06379027058374218  0.07426206036268682
  0.08503574572718424  0.09595283672785872  0.10670859244129766  0.11779449976939833
  0.12813792130710186  0.13835237530283789  0.14885170876017004  0.16010188640646572
  0.17154594862366371  0.18239847809057269  0.19299283764615721  0.20318270885576353
  0.21301519471060656  0.22267537534593335  0.23270772076861898  0.24367520851519978
  0.25485470641010322  0.26644691341000798  0.27763026004579233  0.28902108432989926
  0.30004753232481612  0.31177338093085527  0.32105271424308651  0.33037697139926703
  0.33969145466609990  0.34899427196125221  0.35832971018971949  0.36769765094293533
  0.37763932314758519  0.38826291482958092  0.39877401990520661  0.40886279038602047
  0.41876419283003058  0.42853579106778678  0.43845057460357373  0.44860058789583174
  0.45922349178013194  0.46997935845037719  0.48085173823604499  0.49229458826310740
  0.50344884857884786  0.51411001031943127  0.52462852537944504  0.53525557609314656
  0.54582586132382716  0.55621840027267666  0.56660707559327794  0.57755803028289565
  0.58864355962295345  0.59960895584304996  0.61020506280895703  0.61972711836794503
  0.62929155068274067  0.63894093290004073  0.64878573841267251  0.65879497448568658
  0.66919027673700526  0.68077589577521713  0.69255513036528527  0.70390979102817586
  0.71449115844395505  0.72455862013476835  0.73474013266800076  0.74574130739879396
  0.75693362715823531  0.76831441824785218  0.77868533606085655  0.78909860789721931
  0.79885331670099835  0.80837265593796759  0.81753174489808045  0.82685394884258212
  0.83651777347517386  0.84654349513864047  0.85647587674303050  0.86641667504362363
  0.87663034267829520  0.88724080040070030  0.89817478059035316  0.90953500124708275
  0.92086827147142492  0.93199584449481854  0.94292524214432538  0.95409940314585007
  0.96544992175053301  0.97685904456577610  0.98833916687929579  1.00000000000000000
  0.00279999052180954  0.01243670582816935  0.02407561160805563  0.03503336902409490
  0.04604323040666362  0.05613955613758576  0.06615291259056771  0.07572876877009627
  0.08547688645274890  0.09516209850706499  0.10497778720962224  0.11508351083305811
  0.12565019397563282  0.13629221665107982  0.14673997471079789  0.15713426196819402
  0.16778810415789613  0.17862864647917470  0.18903545837904015  0.19897705966713425
  0.20920287665435047  0.21980043372566288  0.23017307777185761  0.24000028228226100
  0.24991135955319491  0.26036867450268181  0.27105988058178726  0.28165090695799477
  0.29246139575861024  0.30378786771403665  0.31478487980837550  0.32551706149517373
  0.33667599489302497  0.34771495856519513  0.35848564962028445  0.36903961483049647
  0.37983678400973048  0.39104121336374570  0.40269131086128696  0.41462261479578444
  0.42627671001160466  0.43755483440088744  0.44873724785065450  0.45965575288149618
  0.47052855814044997  0.48127692803261107  0.49233058428662591  0.50288365740514085
  0.51344144937109581  0.52402365563733577  0.53484951266388658  0.54593558117226959
  0.55703924033957930  0.56806995853910724  0.57880386032238229  0.58959016498885541
  0.60066088754926950  0.61225769023686905  0.62392549412269560  0.63524149556191400
  0.64616083188943807  0.65665023856605986  0.66681542304883490  0.67650224708641993
  0.68597563068069767  0.69563282911795499  0.70544164661788500  0.71519798115354982
  0.72459147755565290  0.73439416994102269  0.74472819523277578  0.75487921334276797
  0.76485212025905647  0.77488126415217518  0.78524486933444293  0.79518741180710684
  0.80495491353695370  0.81499570521373432  0.82508633589016267  0.83525613858883974
  0.84533940289920306  0.85532467792881917  0.86544022763676021  0.87535206359283846
  0.88557935182717584  0.89627333203683412  0.90724228328299694  0.91818210113957877
  0.92876864990995178  0.93973993755031304  0.94957510076041163  0.95978192925306660
  0.97004972997738270  0.98034791970775759  0.99025243701253984  1.00000000000000000
 -0.00029857157915855  0.00197809587427550  0.00356623862703481  0.00543940846378200
  0.00769118548001143  0.01054584740064575  0.01371888793274343  0.01715857459104908
  0.02117306625401563  0.02547329723448912  0.03006004787432536  0.03446464521873458
  0.03905942911488222  0.04447194053555125  0.05022973299738906  0.05616102898798409
  0.06237604388645056  0.06910738509109426  0.07581733465169731  0.08211839374578535
  0.08862108339898243  0.09563656607821877  0.10323611334109346  0.11112249888060301
  0.11902927000257360  0.12719911253263200  0.13559173871112953  0.14445862960027367
  0.15362099198349502  0.16310754935868210  0.17261829411687957  0.18182348122358949
  0.19033212437713357  0.19930023874165459  0.20822738586396680  0.21758293892198033
  0.22714897162788303  0.23649876486331403  0.24572708904671997  0.25504026170922089
  0.26473686605161145  0.27497956566314874  0.28597984832607737  0.29707079445815870
  0.30856527684878265  0.32003261690797230  0.33125056350699983  0.34229611162046303
  0.35360571129240437  0.36547195557096940  0.37780037685029505  0.39033994780528186
  0.40289780692605603  0.41534368577574249  0.42738368429437890  0.43895399004645697
  0.45014506972282387  0.46127814352713942  0.47281400643790633  0.48461027895814657
  0.49658165201716292  0.50905506013340662  0.52226766551934767  0.53552230220762542
  0.55043591219483501  0.56555066606378235  0.58026120963464445  0.59450300653319388
  0.60852088756933431  0.62305955900621490  0.63798430199918044  0.65290871905313308
  0.66771131460267208  0.68246406456753950  0.69730193887354808  0.71199091188871444
  0.72664059305596784  0.74123998306731254  0.75537782858194891  0.76869474330204002
  0.78220491837504036  0.79575689255064652  0.81005133600061374  0.82470010441769914
  0.83924283400160171  0.85349514458017817  0.86746664069850021  0.88139482406773928
  0.89541250984079146  0.90953093962774689  0.92329112896442422  0.93780968995379743
  0.95318313030701651  0.96888044150716945  0.98449601547913868  1.00000000000000000
 -0.00296781985063077  0.01087012489936398  0.02220056030426433  0.03244999582306954
  0.04244449890204460  0.05226728363185986  0.06194486036754063  0.07141773990516211
  0.08084189232735781  0.09028327086475768  0.09960448838963341  0.10904779110348989
  0.11853041813196738  0.12847494165881476  0.13819808759527474  0.14775814659529152
  0.15791902465822488  0.16831728869056362  0.17906421061123221  0.18986434338131652
  0.20054936315754268  0.21192909067039195  0.22387906180684491  0.23535518077586279
  0.24580434728862702  0.25644380456604754  0.26751264126879787  0.27754721458221493
  0.28694041993952846  0.29619288381603198  0.30601586508011513  0.31598589036175684
  0.32597117972467010  0.33652720076288012  0.34807278572531802  0.35942305183708401
  0.37028250360729192  0.38152170622656201  0.39355312084809413  0.40533298550827135
  0.41683356444592917  0.42796235256430715  0.43895197355265736  0.44922183285431733
  0.45947658134019359  0.46950341309867960  0.47959861344389076  0.48966760691271249
  0.49989327590329341  0.51034315433241195  0.52087550531944971  0.53143273585640471
  0.54240140169325002  0.55361733057682416  0.56499376182535332  0.57630889046971423
  0.58761630013381450  0.59856236830486298  0.60927710230281240  0.61989395496817556
  0.63037459990248423  0.64075409544831652  0.65123716494317085  0.66170924360807049
  0.67190837763582734  0.68177305645233910  0.69169470950490519  0.70174288562689979
  0.71178315960791705  0.72172679824272279  0.73160820641081870  0.74169738547666619
  0.75171985256917806  0.76180855654212742  0.77229686121209695  0.78339732070353152
  0.79488705930076675  0.80675200420682325  0.81892610737698013  0.83146793227609905
  0.84378602536494995  0.85578287056717872  0.86740567302283389  0.87859917224187301
  0.88934663464488617  0.89987420005570584  0.91006159286818178  0.92036677927007760
  0.93121509221408982  0.94134639063863934  0.95137757766746767  0.96150782093216436
  0.97171632439969846  0.98151141299030709  0.99081534008697425  1.00000000000000000
 -0.00265678942155065  0.00984749759696441  0.02036311551642217  0.03103735935360063
  0.04144288304035636  0.05128584956356286  0.06104398030999503  0.07053449356693839
  0.08006148976400128  0.08971325938348007  0.09911931167132818  0.10851881661433356
  0.11797587023448439  0.12785546478923546  0.13850394225250598  0.14884736572996482
  0.15928137273497517  0.17020258930211474  0.18128411919635623  0.19220937764618048
  0.20230839131687256  0.21291216879656974  0.22356479978235402  0.23440573523304856
  0.24457759947762414  0.25500637340580146  0.26486370940810072  0.27491069761343923
  0.28512346969510377  0.29566092104393465  0.30656118021356554  0.31751415014023970
  0.32904366316538392  0.34023428400589528  0.35100315868324217  0.36153807126908272
  0.37224025380911119  0.38336461698163132  0.39521804463189003  0.40710161788780719
  0.41892537924871043  0.42979244508382036  0.44044949542776846  0.45128434136179996
  0.46231311661583113  0.47330768351077085  0.48459299754573021  0.49589254697466578
  0.50714000125395287  0.51862966405666111  0.53037233860637312  0.54254238644757624
  0.55495688078202421  0.56719146498592443  0.57905986537488385  0.59024581333442971
  0.60088108505532967  0.61107488119542486  0.62086966763114293  0.63064975373637189
  0.64005473694721204  0.64958003567177136  0.65944877415039460  0.66999610132094500
  0.68125131645783421  0.69256854166211645  0.70393107729474746  0.71553674931537636
  0.72727592714684552  0.73860297808640740  0.74950485139521483  0.76054958317976629
  0.77119476528991293  0.78131770828796576  0.79123126961277523  0.80125246729631139
  0.81127794098268813  0.82118063808332309  0.83111918606710378  0.84130903241572230
  0.85185899338461080  0.86275695080201875  0.87395200317556421  0.88552624378610856
  0.89694615459136917  0.90769354720605167  0.91784798990551564  0.92721813360434990
  0.93604065801523817  0.94461863042750505  0.95329460750510875  0.96240098965913412
  0.97205800759511762  0.98124712322065633  0.99077881655927169  1.00000000000000000
 -0.00232143601419674  0.00845680383397306  0.01756969513642084  0.02748710421697967
  0.03753625054070484  0.04752838045559492  0.05719837707894972  0.06749705271258294
  0.07840637793909243  0.08946322075548438  0.10026593126646799  0.11115534968468672
  0.12189197156044936  0.13255238988001763  0.14348043565014526  0.15460911288131396
  0.16573526583098566  0.17691225152709522  0.18788940091532924  0.19832529510364066
  0.20902343144369770  0.21963099889549054  0.22970648451843798  0.23933211102195134
  0.24899149411472421  0.25984847287838714  0.27142287822062655  0.28284900571831384
  0.29373261121479755  0.30397745285757505  0.31423876430677217  0.32467398840142020
  0.33541205798803442  0.34682063214484227  0.35850189228034313  0.37085246916012221
  0.38193257620878518  0.39254562185158320  0.40296681548365160  0.41320643871229867
  0.42308535779515088  0.43265364298656633  0.44254427750978637  0.45276874712503212
  0.46268037589610256  0.47201704592773164  0.48216441006950617  0.49252555711354112
  0.50286499945226004  0.51258975444061150  0.52232092946440523  0.53173693702769997
  0.54124706342065099  0.55111177779535270  0.56095700252264669  0.57076870120422896
  0.58059709901712264  0.59109142335887155  0.60165444127156220  0.61121675694117228
  0.62026662135956101  0.62981188519326048  0.64002138191146907  0.65004913244944118
  0.65980604180215519  0.66999428387440296  0.68117648161602062  0.69296876152316256
  0.70469429230687763  0.71600127165254757  0.72672077122644296  0.73702621325784134
  0.74732489437905447  0.75792424133522296  0.76902444410607629  0.78039210341561061
  0.79157390139516826  0.80236591417923597  0.81289297755569678  0.82312384929387605
  0.83306521676989143  0.84321347398588420  0.85376453865016899  0.86482613987120749
  0.87560347975890129  0.88617979901818245  0.89678786888321294  0.90777126950870135
  0.91866197736040989  0.92930816949456485  0.94031616299213316  0.95175823165937734
  0.96372562970666686  0.97575782651525655  0.98804192327593232  1.00000000000000000
 -0.00236137651701255  0.00893415340440057  0.01856283759355716  0.02902040677228451
  0.03937053844185458  0.04982966360120419  0.06022161284481978  0.07055137343364294
  0.08104515849724096  0.09133956335284787  0.10153072716120465  0.11151118761641463
  0.12159752324516726  0.13205773921281078  0.14333944068607735  0.15404714312917703
  0.16493248300888599  0.17611195865690471  0.18752313307961460  0.19891785052920580
  0.20993563791255845  0.22045816822063002  0.23125566552044752  0.24238381461263653
  0.25398092302767916  0.26550366419744253  0.27648119865697318  0.28690936387555704
  0.29729235161542716  0.30802436772397390  0.31879518585266986  0.32952454589414965
  0.34033205505319947  0.35117253440221419  0.36190599604850743  0.37246939198334822
  0.38271040145556073  0.39243707945629941  0.40226255032692787  0.41233161422530890
  0.42254855215165565  0.43301172363385654  0.44403885898333212  0.45569236536319485
  0.46708448336882280  0.47786795976477148  0.48839741982281937  0.49882036723570994
  0.50921712267316654  0.51945930649270866  0.52975652145413765  0.54029392299379086
  0.55096465717601084  0.56183668264786124  0.57303184622213432  0.58416543377798824
  0.59513889073898019  0.60657747146391761  0.61863440555431448  0.63080750466194280
  0.64257041178782959  0.65403004285760591  0.66514156915599332  0.67528871324041539
  0.68502494613155795  0.69457966006722016  0.70402542823466274  0.71319225844227374
  0.72225250059986301  0.73166916426509276  0.74109655873495972  0.75043509014158583
  0.75990984604765421  0.76952559425512523  0.78078680345940377  0.79228373335301783
  0.80348454322372165  0.81458074328155750  0.82566191603831007  0.83666271905722867
  0.84759764789088654  0.85857200877309225  0.86947144676171606  0.88006732427169732
  0.89039848942336952  0.90096154506951920  0.91176180757905956  0.92240978471458279
  0.93285872544854798  0.94313655356120829  0.95305739643161191  0.96242034066974835
  0.97144987135775163  0.98050239893117319  0.99015045444516148  1.00000000000000000
 -0.00278997591230331  0.01106924710304560  0.02249007437553185  0.03298576376686520
  0.04354272313117478  0.05411530082590252  0.06439900066506907  0.07397381051483276
  0.08344169648564248  0.09308669598640089  0.10281292990495282  0.11256546209152678
  0.12213666298105826  0.13295666578142420  0.14427023329600458  0.15574276684104021
  0.16692657422488713  0.17834268366250514  0.18913668491164784  0.19976990174219569
  0.21029064748928275  0.22112123969691658  0.23199151461295794  0.24293164377393220
  0.25354154541092433  0.26403252831485491  0.27456723761487678  0.28520181255125293
  0.29583032900661649  0.30623681213575266  0.31685028568388718  0.32783409851131862
  0.33925934087472986  0.35093440084446598  0.36244726116047427  0.37374507090725356
  0.38502426643218540  0.39618888439490718  0.40684066030807969  0.41718088316755236
  0.42766807537024304  0.43824275736827462  0.44889664316876793  0.45963557795644061
  0.47041948507532683  0.48112231350127022  0.49153766920788311  0.50194364612513309
  0.51254841517172767  0.52319424746883902  0.53391700080967941  0.54449286856482892
  0.55479982184870535  0.56524906720675872  0.57584127857349532  0.58636028460428191
  0.59576119229297153  0.60552400084468994  0.61544388514044368  0.62531737339870008
  0.63444502895757149  0.64312004095722275  0.65214040981163068  0.66173360765630262
  0.67122437218588982  0.68021597634224529  0.68913215172904829  0.69915935488844050
  0.70936523483831682  0.72006328729874280  0.73112258256556839  0.74277948247137005
  0.75459746744948586  0.76591376674028511  0.77779210676572696  0.78935409978682991
  0.80021102081556161  0.81036999351406180  0.82053572407714015  0.83072023803126882
  0.84135957685442442  0.85194469085901836  0.86265085409348907  0.87299039472528761
  0.88255685986244670  0.89192638230784071  0.90185219316129617  0.91221642730764474
  0.92246937145372110  0.93251850023966509  0.94301137255636613  0.95416323875772702
  0.96582690064666687  0.97738514981644864  0.98865211513532758  1.00000000000000000
 -0.00218081099934554  0.00772842637248168  0.01605329277440398  0.02497067594088390
  0.03367285880776633  0.04260498054970673  0.05155086951207368  0.06076149936523517
  0.06989828972090679  0.07891090144781783  0.08811546524425733  0.09752449977504499
  0.10688813072608667  0.11628558284360373  0.12585197142326482  0.13579895694572067
  0.14590164083150733  0.15575839300860589  0.16541743961840030  0.17644886137693935
  0.18701144558573435  0.19731312336334408  0.20771338692019375  0.21751856768309752
  0.22746266768299447  0.23713883824427040  0.24711473265336578  0.25661779211489533
  0.26575424659154467  0.27492135215126767  0.28412051551538453  0.29341749278407570
  0.30327682469977063  0.31369037347515805  0.32423061068128090  0.33498892432054095
  0.34641467537151921  0.35811589151663842  0.36958308189761774  0.38052451141265070
  0.39098590860231774  0.40136361499511508  0.41160639799664372  0.42174856961355317
  0.43207982776078369  0.44292996719569305  0.45386249213390678  0.46436187503607940
  0.47503209241924971  0.48606451130275946  0.49709058400210282  0.50898383899775401
  0.52161887021059594  0.53446620638208941  0.54697607178073215  0.55936679719577154
  0.57183245616524192  0.58403759813207867  0.59588616492084956  0.60801444010113670
  0.62067979660600836  0.63379699590621075  0.64684391990482304  0.65976807464865561
  0.67216939985560786  0.68415462316059783  0.69605110639014045  0.70785757947824191
  0.71948954675499144  0.73082291405268007  0.74204837319738948  0.75338582310953484
  0.76468452883444138  0.77566030921395324  0.78634647972752325  0.79725365613661525
  0.80840141189005765  0.81911534744198011  0.82944928525661621  0.83995024663749729
  0.85070501948778199  0.86128994490025346  0.87148144019923801  0.88150506664391293
  0.89148133002929442  0.90149634674166157  0.91146111254925410  0.92130075290730085
  0.93103161230383868  0.94068290943672828  0.95028519842935233  0.95985108671466046
  0.96946790795780924  0.97924518629507074  0.98982520800448359  1.00000000000000000
 -0.00182322045278750  0.00748053448291941  0.01530470069685400  0.02374045689222523
  0.03252333927360145  0.04160689101770512  0.05147625840013329  0.06160789373530879
  0.07148998955043276  0.08139275767790452  0.09162569317459188  0.10227222007809673
  0.11315924493379259  0.12405887923624356  0.13496494397767400  0.14588677487485210
  0.15692651164117116  0.16848423498027892  0.18064859392098312  0.19254210594332702
  0.20399049135002709  0.21483711468954070  0.22554107581730820  0.23651756713743979
  0.24803993530959209  0.25956828853272873  0.27071493673991398  0.28128290452225779
  0.29162445828700595  0.30191724908028039  0.31225875143897747  0.32285773652902550
  0.33380252912896763  0.34574346263848255  0.35777892005040263  0.36907749503934106
  0.38007414191728583  0.39062453510912054  0.40144539344586050  0.41196014460201313
  0.42296843509888693  0.43425031334283176  0.44529596242561065  0.45611136547787090
  0.46727781045971978  0.47873425178068335  0.48924816215592143  0.49912691910354146
  0.50851693126594466  0.51786398165770697  0.52712277309985200  0.53614438010005649
  0.54582798469632743  0.55609636820543362  0.56642605859149586  0.57700647704786134
  0.58767736705080176  0.59841373823080124  0.60902831338172214  0.61971934066570555
  0.63016192848861352  0.64021966190545876  0.65073751561698867  0.66151848505695876
  0.67237094138805076  0.68280284490347520  0.69374651944744836  0.70482356529793122
  0.71538226701736396  0.72588063028605587  0.73622049609217788  0.74647600999602193
  0.75745292919366858  0.76871867560975948  0.77958647910703638  0.79016350559497994
  0.80065636897708026  0.81121050336063927  0.82142976024281900  0.83188202038440584
  0.84252750871976190  0.85317191975032192  0.86328096858890535  0.87360918216422478
  0.88478156892090398  0.89599267665913795  0.90648328285683544  0.91666084325311625
  0.92686004500049546  0.93713623723619466  0.94763424948935726  0.95826299561762018
  0.96851931954309889  0.97899205984161031  0.98946177467588692  1.00000000000000000
 -0.00554339207284465  0.03254625264296725  0.05857472189197597  0.07833550985022242
  0.09366523722003396  0.10710314618769173  0.12025380714457050  0.13327919486358264
  0.14670112937628679  0.16064030079778832  0.17198903710774130  0.18172584085042282
  0.19116003568501963  0.20055443143230911  0.20957554125140723  0.21833110898143304
  0.22712602409792132  0.23654991279757639  0.24629160209592732  0.25593425500868910
  0.26534544106210306  0.27443041161781717  0.28340779892294049  0.29254392979309130
  0.30160547614069605  0.31039807132505531  0.31861504874883728  0.32660574809315135
  0.33468003872472957  0.34291779673563372  0.35139789897377294  0.35991008475507441
  0.36868148036775672  0.37754384344894004  0.38634846746889734  0.39499597976032508
  0.40326226338149118  0.41138137996934876  0.41942632035578531  0.42743229753451101
  0.43543716194999155  0.44329585779788389  0.45071122375356332  0.45792013880062021
  0.46554513766905348  0.47349390093739424  0.48124088492883921  0.48843402598823460
  0.49576878171902533  0.50314970479290755  0.51050629920790302  0.51780993922028540
  0.52515002341501227  0.53251283575603547  0.53988907410676878  0.54798411578011108
  0.55674955947833038  0.56517758456421885  0.57308407915239012  0.58101870309753378
  0.58891725694251740  0.59693849015101896  0.60494445478257330  0.61316831244685244
  0.62155280962517223  0.63009887491219829  0.63922778244405210  0.64816766686092953
  0.65717698641959144  0.66616612862198732  0.67505124049598997  0.68396149387036054
  0.69304845246194136  0.70239768304965466  0.71191534413662727  0.72151804185681434
  0.73134758294634938  0.74126907087770644  0.75150986693637190  0.76141936678540234
  0.77184589770928702  0.78268353584467465  0.79315106727955986  0.80329879700916162
  0.81387528726765390  0.82558762015337539  0.83793550173067832  0.85038440969435847
  0.86344757617486134  0.87687107366672201  0.89126877469008781  0.90606373371334159
  0.92217126955444761  0.94098707906169332  0.96517975327073391  1.00000000000000000
 -0.00223880565902999  0.00871494129977416  0.01821779413932448  0.02854356189286500
  0.03923489924057635  0.05047798798648373  0.06163987189338378  0.07307447253517528
  0.08412555664017540  0.09604854229268239  0.10748007472642263  0.11927039244209506
  0.13105086839816149  0.14286134442401480  0.15420326582114108  0.16525552480793790
  0.17611441079806689  0.18678124536586874  0.19755777554228127  0.20884001725345766
  0.22037062687009076  0.23123219929030547  0.24127517328457471  0.25117593952230360
  0.26137349560423750  0.27175847907454065  0.28212033615378013  0.29204957411791094
  0.30177625451081108  0.31171443113415964  0.32197070712579290  0.33207332155399844
  0.34168006349542568  0.35121137989447054  0.36109950503002725  0.37150850751322451
  0.38237697045472530  0.39375035232107097  0.40401355735331518  0.41406325692757906
  0.42384505799070488  0.43370226841274157  0.44367920067298328  0.45322334283390359
  0.46340364554704538  0.47420154814211174  0.48516494800007276  0.49627283730134619
  0.50681791268778686  0.51720949830149343  0.52752719371902257  0.53819578528039902
  0.54884442874617934  0.55979556716272150  0.57113362447962579  0.58260328223113511
  0.59407526264248323  0.60556720029340083  0.61716271737603434  0.62853355606428607
  0.63970936759046049  0.65049939332746687  0.66121296985489297  0.67132577336182708
  0.68124575083604233  0.69095587106759793  0.70073532819397810  0.71051219016491329
  0.72008068230745814  0.72970302975886192  0.73848245025156389  0.74768712666959558
  0.75709725351265178  0.76717327611816755  0.77690598354114437  0.78632509042324095
  0.79649996067615536  0.80808116133341312  0.81974018810586680  0.83059379724634652
  0.84086766204719787  0.85084506266684679  0.86088224768185961  0.87096629469209641
  0.88170170548070204  0.89317172739183026  0.90476025057673570  0.91613742555538968
  0.92749435196436214  0.93873109347670691  0.94935824868026875  0.95923689824556257
  0.96925693874098251  0.97913755860535501  0.98970187965627943  1.00000000000000000
 -0.01627030746828392  0.18690724159930480  0.25602117753374615  0.30869205992185567
  0.35044575757233448  0.38525723637003345  0.41471158029284738  0.44230605117364363
  0.46695874380194624  0.48906930022624273  0.50983067001959392  0.52885516082424600
  0.54679883129939433  0.56386204911862658  0.57976154758058251  0.59504982737281531
  0.60929647740584825  0.62247464809475817  0.63453889170767142  0.64580862906614944
  0.65628678470234270  0.66638422774700001  0.67626189011431359  0.68572239784436684
  0.69465989181129584  0.70320360065333709  0.71141122144618640  0.71930967466807616
  0.72692833063767415  0.73417120360240407  0.74111444374612756  0.74780232415755932
  0.75418225604914990  0.76043164326936652  0.76674692866319005  0.77311025319935289
  0.77929807637456439  0.78523890333954616  0.79078350166227496  0.79592782385412264
  0.80086891461267218  0.80567356680786451  0.81043872365578584  0.81510334293469500
  0.81970021554362082  0.82436105952065863  0.82884403418796448  0.83323522929584692
  0.83756273655554137  0.84174403526515029  0.84583463288702665  0.84979239573676357
  0.85374712263813013  0.85776643554555554  0.86175778682347337  0.86565981412777093
  0.86955500416297782  0.87340434055182026  0.87709921984207373  0.88064476084326804
  0.88412558311434364  0.88758963003120328  0.89102431099206281  0.89436771571314388
  0.89761528587232764  0.90079914729437027  0.90397001819360745  0.90707620229928099
  0.91014734017331622  0.91329987229418885  0.91637733846089520  0.91929257437765655
  0.92223474462225696  0.92507889728023140  0.92791261103897216  0.93080758165717503
  0.93365856191501850  0.93651306391550793  0.93921701688306514  0.94189751219901241
  0.94456509815013490  0.94719386386740612  0.94981501129768231  0.95245172533779077
  0.95512570576367428  0.95786040407925221  0.96076347334617052  0.96378356484611061
  0.96678546446127422  0.96981219719570155  0.97289612597423303  0.97611322095619824
  0.97978042725098669  0.98423262432375014  0.99038547707758295  1.00000000000000000
 -0.01925211385396247  0.13139651525666116  0.18858973569684556  0.22568649881294725
  0.25300588726814710  0.27391197380556953  0.29154921901160341  0.30703526211686888
  0.32172461781931527  0.33555401190916112  0.34804615072408585  0.36020552857399646
  0.37206017236673172  0.38298277608271197  0.39311448363635876  0.40259514734543578
  0.41164023978613407  0.42014915560471955  0.42836030716335521  0.43601911283702033
  0.44359385599484485  0.45079970090431565  0.45783304897735871  0.46450979224438532
  0.47083035812620599  0.47728741180340289  0.48350305983189917  0.48955813302443196
  0.49544127377931135  0.50113928398476348  0.50672650466928126  0.51231089705227173
  0.51790318907059785  0.52330419340136614  0.52850453754236126  0.53373617389307737
  0.53894024660464279  0.54411980027028095  0.54902929299375069  0.55396979791897105
  0.55888493501858449  0.56375723029740787  0.56853456336977615  0.57316913210357756
  0.57777958850420241  0.58233600054470014  0.58688590265269436  0.59151523062844380
  0.59617735373362701  0.60085590585405613  0.60567129772840345  0.61061829158917746
  0.61552088403857064  0.62039967335924573  0.62546942815006368  0.63075079183289984
  0.63623950065290880  0.64171528439286196  0.64693969342006274  0.65205618690454814
  0.65708453299636926  0.66209438226893891  0.66706763383888501  0.67195819932684275
  0.67698651643435992  0.68200527540178479  0.68710625893888089  0.69219407325858995
  0.69720879743951514  0.70202436333008245  0.70694651751580784  0.71214586863536589
  0.71755377674603382  0.72309123341142723  0.72868796163766514  0.73427548802462250
  0.73994331892869813  0.74570476807205355  0.75173991143796637  0.75803222777867563
  0.76428530155653041  0.77065902655351604  0.77714084155165974  0.78389485506708423
  0.79125679701062135  0.79942115810319114  0.80793013580766504  0.81681494129522347
  0.82638156417231579  0.83686433510331304  0.84855961711937267  0.86200833098523122
  0.87785132861579229  0.89699193133637545  0.92716158296108964  1.00000000000000000
   1.7843601793476328E-011  -1.0000000000000000     
 T T T T F F F F F F F F T T T T F F F F F F F F F F F F F F F F F F F F F F F F F F F F F F F F T T T T F F F F F F F F T T T T F F F F F F F F F F F F F F F F F F F F F F F F F F F F F F F F F F F F F F F F F F F F F F F F F F F F F F F F F F F F F F F F F F F F F F F F F F F F F F F F F F F F F F F F F F F F F F F F F F F F F F F F F F F F F F F F F F F F F F F F F F F F F F F F T T T T F F F F F F F F T T T T F F F F F F F F F F F F F F F F F F F F F F F F F F F F F F F F T T T T F F F F F F F F T T T T T T T T F F F F F F F F T T T T F F F F F F F F F F F F F F F F F F F F F F F F F F F F F F F F T T T T F F F F F F F F T T T T F F F F F F F F F F F F F F F F F F F F F F F F F F F F F F F F F F F F F F F F F F F F F F F F F F F F F F F F F F F F F F F F F F F F F F F F F F F F F F F F F F F F F F F F F F F F F F F F F F F F F F F F F F F F F F F F F F F F F F F F F F F F F F F F T T T T F F F F F F F F T T T T F F F F F F F F F F F F F F F F F F F F F F F F F F F F F F F F T T T T F F F F F F F F T T T T
  <DiscreteSampler_grid>
  grouped_processes
  1 # 1 for a reference and 2 for a running grid.
  10 # Attribute 'min_bin_probing_points' of the grid.
  1 # Attribute 'grid_mode' of the grid. 1=='default',2=='initialization'
  0.0000000000000000 # Attribute 'small_contrib_threshold' of the grid.
  0.5000000000000000 # Attribute 'damping_power' of the grid.
 # binID   n_entries weight   weight_sqr   abs_weight
    19   10   2.654808169544891E+000   6.576241804506512E+001   2.654808169544891E+000
    20   10   2.654808169543810E+000   6.576241804500958E+001   2.654808169543810E+000
    22   10   3.426831624825496E+000   1.095745475650463E+002   3.426831624825496E+000
    23   10   3.426831624824102E+000   1.095745475649539E+002   3.426831624824102E+000
    25   10   3.426831624825496E+000   1.095745475650463E+002   3.426831624825496E+000
    26   10   3.426831624824101E+000   1.095745475649538E+002   3.426831624824101E+000
    28   10   4.423577730866059E+000   1.825952227804099E+002   4.423577730866059E+000
    29   10   4.423577730864261E+000   1.825952227802561E+002   4.423577730864261E+000
  </DiscreteSampler_grid>
