 -0.00000000400632037  0.00000015625720877  0.00000076920210839  0.00000198499539485
  0.00000343979509299  0.00000499880905453  0.00000673839848411  0.00000856283659368
  0.00001048816202798  0.00001237405866352  0.00001426290930053  0.00001612907166049
  0.00001795590815256  0.00001967998711427  0.00002102915902717  0.00002228399426496
  0.00002351746678779  0.00002478235377966  0.00002580627289267  0.00002669030532792
  0.00002751153677092  0.00002829960165947  0.00002912218811815  0.00002980303845825
  0.00003044497911336  0.00003105057986067  0.00003164929723055  0.00003227830151893
  0.00003291235768181  0.00003349458569184  0.00003402289404684  0.00003453586028089
  0.00003504920000308  0.00003557146460415  0.00003611668172244  0.00003675504797926
  0.00003767379420360  0.00006138012978696  0.00006299079442359  0.00006426742275979
  0.00006537972294254  0.00006646374073284  0.00006750898426992  0.00006864735285096
  0.00006985096040959  0.00007127903690076  0.00007275582681509  0.00007429966229349
  0.00007598537018317  0.00007781497794942  0.00007961766288534  0.00008119638995754
  0.00008283107514757  0.00008451763583371  0.00008627535691551  0.00008817855994066
  0.00009020171256205  0.00009232665440396  0.00009486421619140  0.00009789672906093
  0.00010142204915549  0.00010561547483444  0.00011002482646934  0.00011456049915923
  0.00011905830956270  0.00012351720841457  0.00012839232545242  0.00013381087110417
  0.00013972103223185  0.00014629969788280  0.00015580492028249  0.00016802872390687
  0.00017914229337710  0.00019051096685079  0.00020451539185810  0.00021848170232834
  0.00023229631166820  0.00025018433826300  0.00027060457635558  0.00029760988091334
  0.00033509729622822  0.00037491638176764  0.00041530875973583  0.00045891574778437
  0.00051005998857745  0.00057012274779270  0.00065809404764003  0.00076711517957078
  0.00089448427907304  0.00104528357753559  0.00123678478682242  0.00149066241359780
  0.00184145409042415  0.00246242671772535  0.00432526889148941  1.00000000000000000
  0.02371531406962887  0.03465693086932343  0.04716564908218831  0.05872661410654614
  0.06934528090926541  0.07971207567831697  0.09091837268082142  0.10357255769181135
  0.11621101349040278  0.12946954540502476  0.14184607476197711  0.15241147508670244
  0.16197564253687424  0.17079946779017377  0.18014181147340166  0.18965735174179921
  0.20076298705495116  0.20970725581085772  0.21736293379117530  0.22443428102146795
  0.23119313853696050  0.23814084742348701  0.24499559269705218  0.25197172005521890
  0.25992763056689788  0.26784021893602428  0.27818058568990467  0.29160852287524486
  0.30313598006758752  0.31418142360866269  0.32513868659138301  0.33580921475373826
  0.34635213735479742  0.35747754617390021  0.36828774996515701  0.37824744836386542
  0.38822075139044060  0.39929056456197742  0.41171227093413970  0.42352359256821964
  0.43418286698990111  0.44524908570061572  0.45664867250102831  0.46805767579481733
  0.48028146913058167  0.49357170891027258  0.50795567998657754  0.52100588192372899
  0.53112320246934397  0.54066839921645060  0.55030297774830039  0.56039415148600846
  0.56980594942398144  0.57909539849423441  0.58858942266634018  0.59818123779985999
  0.60747092030318939  0.61661110843583633  0.62748681693101716  0.63886938969517859
  0.64853130409069304  0.65618674569887814  0.66390683756190649  0.67165989131957027
  0.67936343086678541  0.68867803676480233  0.69785773915394078  0.70676730033229995
  0.71566006878357868  0.72410386552511585  0.73245405295303012  0.74111924854436850
  0.75046134566020839  0.76096792069121277  0.77172395646139891  0.78223118851317652
  0.79345338124711251  0.80676315729557946  0.81983236111898750  0.83204880533912096
  0.84272975879300782  0.85259196112798996  0.86367105243158415  0.87389253612791162
  0.88223873155502774  0.88903806548269337  0.89587393806190707  0.90366935264705672
  0.91288811149865567  0.92316588066728911  0.93281114201914872  0.94219442099314088
  0.95252705922634018  0.96303762024557871  0.97214806051114933  1.00000000000000000
  0.00787354785601868  0.01975339605766547  0.03061671045212469  0.04152793675179456
  0.05247200281611863  0.06361416587768580  0.07382624877621287  0.08435913476957645
  0.09701509319357615  0.10883080858172571  0.11873743594838268  0.12838003053492164
  0.13829479635579817  0.14749983054091562  0.15595800922156691  0.16433113774412322
  0.17469142212534994  0.18667036469695483  0.19865859946411954  0.20855075500345766
  0.21841093068623607  0.22859678574709069  0.23983891396057783  0.25209217506041598
  0.26424535035283048  0.27512407658960836  0.28367548263237330  0.29260935042780190
  0.30145768521962951  0.31176465966795142  0.32079736653400209  0.32984485608840763
  0.34051157626903644  0.35257646053497621  0.36297331902438673  0.37285669356722390
  0.37979642846822237  0.38693937237535636  0.39386547362675040  0.40119355624852099
  0.40785581933161236  0.41442924474366455  0.42125124056107610  0.42923040443302996
  0.43751546901426325  0.44645809832087480  0.45605419673696657  0.46499911744268230
  0.47411237677148943  0.48339455222115324  0.49430193103927683  0.50547151923435651
  0.51619055522836466  0.52638673932816638  0.53685336717354826  0.54974116191460332
  0.56217231544783408  0.57277038940192526  0.58236208997649808  0.59224015088469728
  0.60314145366802085  0.61455027965390774  0.62611704929293976  0.63718097397650009
  0.64835943436889276  0.65734599204036082  0.66703540275092599  0.67720100481330980
  0.68848492781052673  0.70199323292656024  0.71448974968876622  0.72595691788276084
  0.73617876567029639  0.74598831160895129  0.75512434856996014  0.76408273333011056
  0.77394518490418207  0.78677450670398297  0.80153177268609588  0.81362849656565228
  0.82465426057163727  0.83387923793057606  0.84428865307711187  0.85459047948435973
  0.86597017412160970  0.87681104812974786  0.88687106411855066  0.89843774266838106
  0.91204642563172167  0.92558210051043077  0.93759044576906314  0.94807394882887641
  0.95780327235894791  0.96944584525954569  0.98421741350449354  1.00000000000000000
  0.00099883762245801  0.01947170086965689  0.04002734034718976  0.05056610499755135
  0.06078524404954019  0.07217161182390418  0.08420198045643391  0.09544056763120280
  0.10466201552020241  0.11391748464121788  0.12308967525182284  0.13286120008757818
  0.14394878386059068  0.15801520496614690  0.17163931335754740  0.18376075952420101
  0.19851318963932166  0.21348210289898126  0.22805965914921175  0.24233580184958431
  0.25695008621274978  0.27244987877014065  0.28858857666486148  0.30466664492694007
  0.31675546235023999  0.32596285740455544  0.33657879999035439  0.34737222756833108
  0.35796514865540224  0.36739612849871728  0.37698795646349653  0.38835265076678432
  0.40157850622136365  0.41391577031590443  0.42459545461869314  0.43513704499933464
  0.44557020578928719  0.45573714181688529  0.46661451664832726  0.47713146583067784
  0.48854340945955071  0.49953105556799854  0.51067545354869770  0.51961770236119098
  0.52921103087969845  0.53776859752933748  0.54539191566795953  0.55218817801422326
  0.55963636327197941  0.56700715952954894  0.57439593289734292  0.58175744041942845
  0.58933476133631391  0.59633533153059326  0.60390156602328515  0.61340529712643699
  0.62289755470003483  0.63205757258890527  0.64167829686689359  0.65150189669657099
  0.66086649298449607  0.66876781039389532  0.67685805107322272  0.68506872228396498
  0.69411178567634801  0.70417712546034794  0.71525372124846331  0.72764061822610815
  0.74024578356167614  0.75356184491694000  0.76867315597217201  0.77791345218922148
  0.78574359716567765  0.79364556089226079  0.80223699233014056  0.81061790886409280
  0.81805387625459558  0.82436346541137062  0.83010956842326655  0.84250745126947768
  0.85946491264762481  0.87485441383981688  0.88682291663458579  0.89793419316483736
  0.90806706206333732  0.91795469561200083  0.92555855169666723  0.93345894287201125
  0.94186986475798329  0.95125070337298090  0.95992576176275590  0.96896409973448205
  0.97733977365765756  0.98557535714263944  0.99243110778246424  1.00000000000000000
 -0.00054996516680072  0.00328431272103835  0.00522147878114708  0.00766703821433156
  0.01114187146726340  0.01535505746608016  0.01932758465943037  0.02335848332170705
  0.02739819611666504  0.03249721469647036  0.03734366710416018  0.04281019504076645
  0.04821993355465305  0.05322348956004835  0.05800115268237148  0.06444782575185298
  0.07281044125147708  0.07856518443538173  0.08402605865041909  0.09171177436576339
  0.10050423585483560  0.10853508058985112  0.11532169204704082  0.12162982037517883
  0.12791504871579221  0.13436478934321539  0.14083637392173065  0.14722289582541351
  0.15365218254509463  0.16023922708344501  0.16777209956508393  0.17620696069834976
  0.18368979789244302  0.19051590560130441  0.19756085527240841  0.20582447544567126
  0.21514964391656172  0.22412534928157557  0.23304349010154507  0.24304727134415030
  0.25384774826066414  0.26558759678131444  0.27994134573643903  0.29363895185567385
  0.30673288344624600  0.31903294140409605  0.33102904731787203  0.34591196543721836
  0.36019067416244221  0.37465590589595910  0.38953700891362847  0.40409521704758705
  0.41652391090583019  0.42921225013842079  0.44155814327792980  0.45338877951880180
  0.46541128034269347  0.48020853571468991  0.49575684015585353  0.51038510497524903
  0.52493302493818250  0.53804460891125261  0.55163261749750481  0.56859189924448394
  0.58452271623066998  0.59869960595224248  0.61099272624192635  0.62121439053560146
  0.62902483459641045  0.63809830312392068  0.64748798482595682  0.65760595924439047
  0.67013635729498489  0.68159051423087780  0.69393916103555053  0.70521105291401853
  0.71641085899579182  0.72876216076735678  0.74283102455497241  0.75952731717254574
  0.77736165458195705  0.79436171866669247  0.81086693819868216  0.82357035171816340
  0.83650997118327775  0.84867946373905556  0.86062009145346829  0.87206374239512985
  0.88707448093236663  0.90395241977814311  0.92080937528174234  0.93722192301874518
  0.95335723062661271  0.96902120621047771  0.98493745893410600  1.00000000000000000
 -0.00296186044285569  0.00960100082578297  0.02085834081098295  0.03236643096532103
  0.04414823228551200  0.05549699294411459  0.06596421526702928  0.07574540884815305
  0.08532110315998147  0.09285948812943752  0.09876745424211025  0.10472088066861947
  0.11120553307554312  0.12016619405572380  0.13032839554093159  0.14290609620861303
  0.15927331118026111  0.17277746549895473  0.18423797600669906  0.19469057108259238
  0.20535441325378453  0.21668039532386490  0.22821838708569903  0.23980350928290103
  0.25126096860593566  0.26023469810067640  0.27165987741159153  0.28565720218587670
  0.30030620006500741  0.31279001574874971  0.32303957047630116  0.33228601936688662
  0.34190739649565516  0.35019377077205455  0.35784654083187772  0.36535251685547121
  0.37393276450332419  0.38498569601239002  0.39713618608987344  0.40985374465439489
  0.41729328249033104  0.42304119393596984  0.42940316573954712  0.43743138408994814
  0.44516789503865223  0.45179696407451914  0.45796600044098673  0.46360120604924121
  0.46958239846774275  0.47530779257450601  0.48161796353104319  0.48929633362392089
  0.49763790918995443  0.50647227237256842  0.51629644182510259  0.52849292324986197
  0.54049697347650028  0.55224834425546532  0.56439252129076212  0.57626646224963296
  0.58609689951470589  0.59624237169141237  0.60642685791773965  0.61503793526856432
  0.62553185279058965  0.63607770656068219  0.64799205949596428  0.66088484360143185
  0.67410829476988654  0.68801551998371302  0.70133739798512795  0.71395293002023585
  0.72783359166553563  0.74085274787645627  0.75336466886364051  0.76684564840333702
  0.77910399190340640  0.79051376391279160  0.80127478789798012  0.81150140728011155
  0.82212932216130119  0.83406953146748719  0.84661080369347841  0.85937380022061571
  0.87265861490302599  0.88690418709130392  0.90141167339683581  0.91575164726894054
  0.93108001546961194  0.94362643060103102  0.95476537993799060  0.96396679736406976
  0.97308784912604929  0.98225033392717531  0.99114698231583476  1.00000000000000000
 -0.00211196967592419  0.00750056803210661  0.01657380724842401  0.02549418120449926
  0.03500225178354741  0.04636694257426010  0.05970695946326145  0.07055550938977956
  0.08019324291882010  0.08982628367564788  0.09913716413669792  0.10826566907717057
  0.11750307323397650  0.12768545321882913  0.14022819486455029  0.15270674527693651
  0.16397401669876524  0.17471710717320177  0.18489498848894273  0.19484041996360899
  0.20402518248982027  0.21343542203536334  0.22318616882384312  0.23326342070029307
  0.24243258046591451  0.25220157468763987  0.26570316325596199  0.27859968258547063
  0.28970197087760713  0.30040699310976327  0.31146081091565742  0.32370128726594466
  0.33627451796598001  0.35003135001622360  0.36468855536200262  0.37865157190658649
  0.39093247854221308  0.40200101861890192  0.41283552909500570  0.42406590363456231
  0.43575409856384117  0.44689010663813333  0.45745504031972112  0.46816256597949601
  0.47961942791097079  0.49072316002632016  0.50171009285222512  0.51272389293350573
  0.52215252042579152  0.53058541616528798  0.53874977815365521  0.54713600026141018
  0.55618678322748560  0.56697812142134518  0.57732804113061009  0.58481298024973727
  0.59147824723229303  0.59785541527924324  0.60587653778000161  0.61722213129148640
  0.62832127476204969  0.63988345283496217  0.65177331279123996  0.66506411803802978
  0.67858467553187529  0.69101609894725469  0.70379935439058383  0.71692432175508181
  0.72980196939673392  0.74221715736546479  0.75581380962827938  0.76827179767258158
  0.77684806875956147  0.78349824001071933  0.79021514998680165  0.79727561479092746
  0.80536620949966131  0.81242473380595792  0.81779545550632882  0.82318556361458983
  0.82982443460110522  0.83823402610147890  0.84804280989373670  0.85843847067037671
  0.86912578879618152  0.88012486595827299  0.89163122554694751  0.90335718818619881
  0.91499505133060244  0.92762509705119722  0.94146550980688370  0.95534293600495901
  0.96841982692874251  0.97978426317976830  0.99032092775713554  1.00000000000000000
 -0.00275574277251247  0.01041040827028830  0.02156918093358181  0.02997983734484566
  0.03851054113055209  0.04712406258360446  0.05756075658224580  0.06796162209093258
  0.07710938466542237  0.08525484889072529  0.09354667324846348  0.10297017068613652
  0.11346718692567367  0.12577537959810534  0.13989518858803240  0.15134717457331237
  0.16235449643811911  0.17176918397266525  0.18109044247221046  0.19161518020110518
  0.20318649347074069  0.21543319639628439  0.22822913596230138  0.24148769495234937
  0.25443882003129947  0.26675952993681129  0.27942931895662998  0.29231982534141993
  0.30524188834451949  0.31764126208737969  0.33067324823318478  0.34293528152107555
  0.35719984520644565  0.36920719441353356  0.38186073226431722  0.39538415177325786
  0.40943567349184579  0.42231982260369733  0.43514100589420723  0.44764117974100193
  0.46054205167848150  0.47294281770519481  0.48186908158631908  0.48915732537476947
  0.49617814752324230  0.50301840083978733  0.50986956023422991  0.51691453060490344
  0.52331672868439505  0.52871712938019910  0.53389320741326629  0.54005703594307741
  0.54885229291868454  0.55837958116226183  0.56700205201264720  0.57845019836002931
  0.58928119737148743  0.60143583154574098  0.61296489392414732  0.62414149285950460
  0.63453886093964706  0.64521935067832037  0.65685664335521732  0.66933608409919298
  0.68197272805823816  0.69424167899345812  0.70675826390972485  0.71917694888647588
  0.73009919883086150  0.74012837288518463  0.75026138592725700  0.76110623659740728
  0.77278275875524405  0.78458068175341289  0.79542824511244037  0.80517381398990939
  0.81463518997743822  0.82412893908748119  0.83558875162168278  0.84577387390053316
  0.85710196886661649  0.86785109864936527  0.87807282670018061  0.88725650950687907
  0.89684101521720871  0.90829252479359268  0.92064996916429165  0.93409867681668401
  0.94373371312174337  0.95121893847462924  0.95880051194496163  0.96628974847676741
  0.97435855241188962  0.98201570956923612  0.99021374222177172  1.00000000000000000
 -0.00252022454970075  0.01059978178400331  0.01912247013086779  0.02870729853283522
  0.03866182974942393  0.04984445460407604  0.06096176721639813  0.07104092658558982
  0.08148980767943208  0.09314866946887451  0.10568180123082228  0.12086259817784395
  0.13483063565441469  0.14552382260817553  0.15595343985931875  0.16654165310035518
  0.17820133429974949  0.19324748578200016  0.20783464698358772  0.22072912255652397
  0.23297264850350685  0.24572463982381537  0.25936186930240807  0.27284052819128413
  0.28577900329241313  0.29766363753926156  0.30817654820958912  0.31702397060804699
  0.32635451456209241  0.33728305644655288  0.34923291237920073  0.36163048078366872
  0.37453525444002417  0.38745360353574287  0.39934956347238670  0.41180187128996038
  0.42361244403952625  0.43363417499931456  0.44360699215625571  0.45308442191658038
  0.46203873041943017  0.47069430353452146  0.48235261974873478  0.49566711243171468
  0.50932824189318360  0.52215990813834801  0.53371437211125394  0.54465502786981401
  0.55545389428586445  0.56653905502088431  0.57916931041138520  0.59024274917413821
  0.59985323472534602  0.60774893531042296  0.61462747984135813  0.62149051734092342
  0.62843278362268407  0.63564415690702036  0.64294896983234684  0.65409022816501849
  0.66701344570906984  0.67683966967797671  0.68541593216792418  0.69378558082757191
  0.70061074161654346  0.70680713212289858  0.71248089286529503  0.71929965738466850
  0.72533231766228556  0.73272493736003774  0.74482996491810893  0.75603550720902957
  0.76670066526331482  0.77677274112569428  0.78585089336776348  0.79441089096926898
  0.80276155406926819  0.81255501272960717  0.82277892489336701  0.83270117936005095
  0.84279337862725623  0.85404734134258287  0.86506694355184943  0.87526398759936597
  0.88579490458767352  0.89695872261749787  0.90649821893858917  0.91476683276324944
  0.92428863856599386  0.93422555124717999  0.94518673157603217  0.95650550997221007
  0.96728561422076409  0.97774288461721282  0.98903782591672906  1.00000000000000000
 -0.00094319457608455  0.00446848204019262  0.01026231115408413  0.01519663797310122
  0.02268792623877394  0.03234683327768793  0.04238084589927366  0.05231714309064420
  0.06393602586633147  0.07839661532415121  0.09464904958726875  0.11066355041250328
  0.12606240459788337  0.14071616127985451  0.15404905998783472  0.16602627934941688
  0.17645257092992697  0.18580981992812715  0.19496937356509586  0.20372985289969037
  0.21348207228079633  0.22373890391452500  0.23352228564961633  0.24258520535200395
  0.25139724865815344  0.26027668162363266  0.26957134249830161  0.27908017910813382
  0.28765611524947376  0.29415218498199486  0.29884520694380018  0.30372070209613217
  0.31024637102651226  0.31720542437839433  0.32470172918631429  0.33229384735319778
  0.33935501716182170  0.34672596885048862  0.35443907325229879  0.36341351336745981
  0.37267502946313513  0.38153271966454338  0.39042699227996297  0.40074130486188231
  0.41370374439272722  0.42741836766680286  0.44201122684118205  0.45535123763910856
  0.46830584139964004  0.48087987842533847  0.49280743132774402  0.50321764262804292
  0.51316389873277513  0.52238364235915502  0.53098653688367725  0.53948246172485559
  0.54859279112013215  0.55859972588461382  0.56898337172823921  0.57937258229261579
  0.59056038546671874  0.60379002507698809  0.61775522468966393  0.62985022534917134
  0.63973260910814900  0.64914102460056367  0.65936457973263440  0.67468387171950983
  0.69305742722174313  0.71121850719868107  0.72690446453362001  0.74084322284634740
  0.75400509879018651  0.76578978001347786  0.77747463347154677  0.78781373447365943
  0.79733984409759495  0.80745337480962631  0.81972178661484252  0.83289000686848602
  0.84390602144701243  0.85286618972881423  0.86180491454159625  0.87119950137138746
  0.88141647594009920  0.88982592176192044  0.89771545258228624  0.90816761677337488
  0.91860085941542291  0.92930830374547024  0.94062972277917278  0.95242038280184838
  0.96434426325809308  0.97549917602021841  0.98665007574123154  1.00000000000000000
 -0.00127360234680017  0.00579597961320758  0.01228137324964064  0.01923224329058270
  0.02626183971102104  0.03324179310262127  0.03952068099270500  0.04578520205822253
  0.05232675080046474  0.05863535516452125  0.06416741885970328  0.06929443126526483
  0.07459365779893164  0.08053856808040821  0.08693506117267785  0.09313851738544829
  0.09901785595400389  0.10454240072509870  0.10956810163723325  0.11473872882274552
  0.11970757024815296  0.12369668870429348  0.12954420716189402  0.13800612554380651
  0.14599238638499576  0.15476103563364993  0.16407181699193199  0.17244363066376245
  0.18025306764724916  0.18749489093614224  0.19391101762121155  0.20023501814367159
  0.20707391498028174  0.21432502950729504  0.22169171400202045  0.22952660522830967
  0.23762334544783861  0.24630529357941475  0.25597464049544205  0.26614921681611542
  0.27532646159892399  0.28322736099955026  0.29077059558274426  0.29804461937885718
  0.30545897958050894  0.31244555137803481  0.31822802231410380  0.32418076325208595
  0.33005127453477567  0.33669571447265173  0.34482348330082913  0.35591673375145672
  0.37001393103340852  0.38364115805926330  0.40045004622747848  0.41934419445148796
  0.43630043023745974  0.45067657585910753  0.46264007761786557  0.47422091440128206
  0.48659142625811330  0.49780068532362010  0.50813718646513883  0.51884917355468207
  0.53160662325213948  0.54521773769585669  0.55895242530455136  0.57369813521065449
  0.59015828318381947  0.60741176849685918  0.62438890213673226  0.64167348709903760
  0.66080936499194898  0.67859533172310205  0.69354349508053137  0.70771760081975454
  0.72529554701290322  0.74147593254157729  0.75551822232117782  0.76896417680194473
  0.78287454781955912  0.79840937242708510  0.81576026848743732  0.83166386394254577
  0.84812556329667765  0.86395293718789978  0.87971557030850833  0.89251888269884438
  0.90433307245480121  0.91634379433600466  0.92753042353522408  0.93899683235043951
  0.95143233387884829  0.96607585282609387  0.98241845727509092  1.00000000000000000
 -0.00181783158591223  0.00838623105240293  0.01704292620215199  0.02773709941606152
  0.03780550050102249  0.04689340151401266  0.05589355658474656  0.06522479834501239
  0.07791358852089267  0.09216090077202492  0.10802009439200107  0.12274370444489895
  0.13631204134063665  0.14980216346539083  0.16473215367713651  0.18038383059394714
  0.19501329765448677  0.20818051939477455  0.22125347191873970  0.23837648443160836
  0.25242977968527536  0.26200174410077187  0.27120533181865197  0.28104447575250968
  0.29270499028777197  0.30308795742482669  0.31035145244155893  0.31836015351366764
  0.32759981704396596  0.33684208670440208  0.34638605547018181  0.35513152340102355
  0.36330491487138489  0.37295921576706043  0.38260818013785941  0.39300209123746155
  0.40271474403096447  0.41137041739898761  0.41828780967202911  0.42690685943912404
  0.43581544877229739  0.44577821254533317  0.45625565901102128  0.46723458029850040
  0.47877017550719103  0.49171203001025215  0.50628707206472023  0.52110796642236235
  0.53377159510250116  0.54521439827605378  0.55687709986199962  0.56678457863604370
  0.57490402423785103  0.58362485005740750  0.59318787583820165  0.60336585275900412
  0.61331859921739407  0.62282055166745987  0.63366612502518360  0.64587237625038063
  0.65873127193627468  0.67117475070330057  0.68211045315361085  0.69255067517547564
  0.70406072666133435  0.71664420312715282  0.72799453599525588  0.74044304248517656
  0.75170653351572503  0.76432950816866740  0.77589843940360037  0.78568075905585677
  0.79437658945566070  0.80303311342685435  0.81232263660407933  0.82236306484829524
  0.83233990973051086  0.84185348382358094  0.85172976878685625  0.86144756024170166
  0.87172535363091341  0.88028653725257333  0.88854023054853437  0.89653077322263419
  0.90331585955271532  0.91188137006014480  0.92065819578521813  0.92835525191314328
  0.93632640689932400  0.94453722904629134  0.95217440377384877  0.95916155005714498
  0.96722265340760427  0.97642477235997149  0.98630612948620322  1.00000000000000000
 -0.00317677044003402  0.01852143203748087  0.03928052798303405  0.06030178911262359
  0.08080389901546797  0.09500641848900479  0.10800213957191410  0.11961655203457226
  0.13010383468743000  0.14657816352098541  0.16349701229875593  0.17367373872642572
  0.18089512961323551  0.18756253020048269  0.19491977076034442  0.20292430879403081
  0.21046128255537114  0.21724725501332143  0.22431105696734291  0.23396552480170180
  0.24491771991066180  0.25394233795240367  0.26319854799327735  0.27228666182056344
  0.28142498276004613  0.29053957816211462  0.29980390063475193  0.30873351846298908
  0.31619744772146346  0.32371909103690366  0.33090210910077444  0.33876809576451616
  0.34857525793744526  0.35831640792178360  0.36796174696174300  0.37752309876481427
  0.38765080062197244  0.39597212439000679  0.40369518175032709  0.41142093685925080
  0.41870625667447670  0.42731248122505577  0.43747611153417443  0.44802188187788278
  0.45784009448067631  0.46703924677802172  0.47512502179858440  0.48343981488677318
  0.49213948120088175  0.50022464778698406  0.50946179710153916  0.51804588780633032
  0.52675946649142225  0.53551372536922903  0.54349955372600089  0.55157534580354428
  0.56026227385446614  0.56863642216072230  0.57766891474867255  0.58747640686050229
  0.59690320134660424  0.60618840534064367  0.61585825588725107  0.62570042645891732
  0.63567571992919392  0.64484972319632228  0.65385491975170973  0.66347461578116629
  0.67672550191712866  0.69000723478918791  0.70214392621682975  0.71391811017117734
  0.72590453667062571  0.73868583334289595  0.75272081135298285  0.76604939618857604
  0.77755290975322555  0.78990305078936307  0.80170148440772571  0.81204261631711439
  0.82105704892373343  0.82989918056304257  0.83956569402081116  0.85033335282363287
  0.86168406137074394  0.87290229587962842  0.88444731514858066  0.89561414546100981
  0.90656402138300685  0.91738176144143402  0.92759586580086129  0.93734705396663254
  0.94832184848981882  0.95983388124838809  0.97584118827998556  1.00000000000000000
 -0.00275379682082849  0.00915085193845843  0.02030732908080122  0.03104221688941000
  0.04182531033398382  0.05012710985462052  0.05791404988403306  0.06493386837525143
  0.07390393284435920  0.08291797346196275  0.09146125855093744  0.09760062119532044
  0.10285333746411418  0.10868112752521107  0.11520991779363911  0.12513960937987578
  0.13803520543209577  0.14928157313455925  0.15947841975892610  0.16953019739304620
  0.18070815744201291  0.19113208220256575  0.19944562238792696  0.20793973845237651
  0.21866394624240004  0.23048739216176958  0.24218362999139026  0.25351265319838928
  0.26585248003160578  0.27839625066857682  0.29169709200176763  0.30589874497316361
  0.31949658796476782  0.33195573236120995  0.34380333986488615  0.35367528409471527
  0.36256918785883613  0.37160594594905033  0.38270897797413517  0.39586542189535784
  0.40467487168786298  0.41361681916911830  0.42230611312364835  0.43189976649230988
  0.44363416900533098  0.45638844539429269  0.46907446709768341  0.48173519730438624
  0.49426087765320337  0.50619138044109968  0.51833487212780927  0.53190909590155078
  0.54630138033184317  0.55899445540056691  0.57075036182540151  0.58249766981331985
  0.59364040181344802  0.60360563339337669  0.61289627867276597  0.62199915234645486
  0.63152714910650398  0.64291062534164400  0.65626851605811742  0.67041544659152263
  0.68673074658313493  0.70287198341286550  0.71699874266746955  0.72811691729268802
  0.73623629151099490  0.74400299121576996  0.75133428729138663  0.75856682300687484
  0.76450096558709568  0.76906394479105267  0.77365601147718988  0.77823240039316355
  0.78446060139421192  0.79178273239347241  0.80482111769001630  0.82090347842351830
  0.83500762535678552  0.84883634789138140  0.85842458666077448  0.86732606907352960
  0.87738420731985090  0.89068994559311598  0.90306254037566336  0.91216882474920002
  0.92091758635108834  0.93056371458483433  0.94127976929100088  0.95027238009109538
  0.95965086703793678  0.97076686810834856  0.98263013916229314  1.00000000000000000
  0.05065958831925811  0.18078018656479372  0.22465105344653646  0.26147944006884288
  0.29012113385570454  0.30961897199266109  0.32800286999050576  0.34642900433807672
  0.36891970113077405  0.39037080191537715  0.41068641913878479  0.42887283770585888
  0.44404154698843074  0.45803823813361061  0.47203073674719825  0.48635504436753063
  0.49940228865825631  0.51034256894706209  0.52010056444444364  0.52940082725260251
  0.53828388486137335  0.54772646313702611  0.55750992581439773  0.56808927067359072
  0.57901325690391070  0.59108154481431585  0.60009648508596780  0.60808441815449266
  0.61529055414971479  0.62238744591034667  0.62998619751088969  0.63785275444048772
  0.64477495148333586  0.65164050094286607  0.65867491289560343  0.66660062654023655
  0.67472619719244031  0.68309601680015131  0.69172432234378334  0.70153057488748394
  0.71085234751407145  0.72002835443462454  0.72760881847580605  0.73488094761350808
  0.74189132174358341  0.74892064569228367  0.75635436386915744  0.76447793081775539
  0.77265381957450163  0.78010542497760871  0.78749408523429121  0.79250093577667935
  0.79673844727391618  0.80109953663023670  0.80525165811925070  0.80958041596812558
  0.81355805783194834  0.81791236384777144  0.82208956594585958  0.82595849161988755
  0.82958545524102278  0.83315020135974194  0.83697094770825087  0.84113225880742959
  0.84554790157907778  0.84980768255780692  0.85411583393524348  0.85891425697795032
  0.86323934503437527  0.86696256807634919  0.87052659515790465  0.87380708761666692
  0.87755244836597002  0.88168017752842698  0.88562417979668195  0.89005527262019668
  0.89427857522948195  0.89851865506316342  0.90257642205425881  0.90640445401031444
  0.91049030914477269  0.91527191136531594  0.92022180541069665  0.92435264058439770
  0.92847334867142473  0.93240148433843106  0.93679655445142929  0.94157246191165611
  0.94622011885265001  0.95050065177528875  0.95471386225427912  0.95944182633688124
  0.96481350089391171  0.97205946362278151  0.98263548729021066  1.00000000000000000
 -0.01972382123115370  0.12171885460961436  0.18204574770863116  0.21702675469476168
  0.24242122740651456  0.26693710652121067  0.28710334218492595  0.30230747143290726
  0.31511460183846945  0.32759343244408540  0.33920169441886650  0.34950183662575646
  0.36023854380791187  0.37233612653224613  0.38493237091266536  0.39677814732544242
  0.40768437909528732  0.41761980107199975  0.42642826557193503  0.43442467555079495
  0.44283593240537450  0.45129987515723446  0.45951594716673877  0.46406473642329843
  0.46872228409221062  0.47309577710648071  0.47737195324304549  0.48237758207395487
  0.48833311126196166  0.49304857187278461  0.49727734258643941  0.50147107784813827
  0.50607601262878621  0.51080234331796537  0.51523494248021651  0.51945778498912343
  0.52450463275877635  0.53015214375983788  0.53577422858750456  0.54014142167884716
  0.54394205255549233  0.54844784513005040  0.55296637417043415  0.55732018030723596
  0.56221691613040758  0.56780550740951952  0.57360031325695426  0.57976111657127671
  0.58593002012534168  0.59196913776360760  0.59784766217796159  0.60370063520913464
  0.60911086676800108  0.61485915011203762  0.62058502721823749  0.62648749224967504
  0.63236443584064350  0.63825142333067753  0.64431688010993082  0.65049087766498626
  0.65651310803897056  0.66227329625182718  0.66792935020496735  0.67390920332936066
  0.67999980075002942  0.68607680302443286  0.69175233555694449  0.69686047444367594
  0.70173355693772443  0.70650548614319686  0.71180995491979049  0.71766050166029904
  0.72354557118951890  0.72899399209285332  0.73382817083538554  0.73823213607807492
  0.74281875845672163  0.74787797217910379  0.75388111014885817  0.75999304789913691
  0.76597749620114985  0.77207137762360001  0.77850758917993201  0.78501064957165001
  0.79196377812749508  0.79968116025556579  0.80822328885892647  0.81691374839893260
  0.82657966433283914  0.83806040851169583  0.84893354121299980  0.85998061838026907
  0.87366435304012602  0.89298383310799401  0.92514401056143092  1.00000000000000000
   8.5523532536286300E-012  -1.0000000000000000     
 T F F T F F F F F F F F T F F T F F F F F F F F F F F F F F F F F F F F F F F F F F F F F F F F T F F T F F F F F F F F T F F T F F F F F F F F F F F F F F F F F F F F F F F F F F F F F F F F F F F F F F F F F F F F F F F F F F F F F F F F F F F F F F F F F F F F F F F F F F F F F F F F F F F F F F F F F F F F F F F F F F F F F F F F F F F F F F F F F F F F F F F F F F F F F F F F T F F T F F F F F F F F T F F T F F F F F F F F F F F F F F F F F F F F F F F F F F F F F F F F T F F T F F F F F F F F T F F T T F F T F F F F F F F F T F F T F F F F F F F F F F F F F F F F F F F F F F F F F F F F F F F F T F F T F F F F F F F F T F F T F F F F F F F F F F F F F F F F F F F F F F F F F F F F F F F F F F F F F F F F F F F F F F F F F F F F F F F F F F F F F F F F F F F F F F F F F F F F F F F F F F F F F F F F F F F F F F F F F F F F F F F F F F F F F F F F F F F F F F F F F F F F F F F F T F F T F F F F F F F F T F F T F F F F F F F F F F F F F F F F F F F F F F F F F F F F F F F F T F F T F F F F F F F F T F F T
  <DiscreteSampler_grid>
  grouped_processes
  1 # 1 for a reference and 2 for a running grid.
  10 # Attribute 'min_bin_probing_points' of the grid.
  1 # Attribute 'grid_mode' of the grid. 1=='default',2=='initialization'
  0.0000000000000000 # Attribute 'small_contrib_threshold' of the grid.
  0.5000000000000000 # Attribute 'damping_power' of the grid.
 # binID   n_entries weight   weight_sqr   abs_weight
    43   10   8.877364299728364E-006   3.665180086945316E-010   8.877364299728364E-006
    44   10   8.877364299728218E-006   3.665180086945158E-010   8.877364299728218E-006
    46   10   8.877364299728364E-006   3.665180086945316E-010   8.877364299728364E-006
    47   10   8.877364299728218E-006   3.665180086945158E-010   8.877364299728218E-006
    49   10   1.246468992987055E-005   7.157630838143588E-010   1.246468992987055E-005
    50   10   1.246468992987035E-005   7.157630838143290E-010   1.246468992987035E-005
    52   10   1.139974560439441E-005   5.967002505730218E-010   1.139974560439441E-005
    53   10   1.139974560439443E-005   5.967002505730235E-010   1.139974560439443E-005
    55   10   1.601362116881213E-005   1.167214142357865E-009   1.601362116881213E-005
    56   10   1.601362116881216E-005   1.167214142357869E-009   1.601362116881216E-005
    58   10   1.601362116881213E-005   1.167214142357865E-009   1.601362116881213E-005
    59   10   1.601362116881216E-005   1.167214142357869E-009   1.601362116881216E-005
    61   10   1.246468992987054E-005   7.157630838143575E-010   1.246468992987054E-005
    62   10   1.246468992987035E-005   7.157630838143286E-010   1.246468992987035E-005
    64   10   1.246468992987054E-005   7.157630838143575E-010   1.246468992987054E-005
    65   10   1.246468992987035E-005   7.157630838143286E-010   1.246468992987035E-005
    67   10   1.792751622348973E-005   1.465085150633558E-009   1.792751622348973E-005
    68   10   1.792751622348942E-005   1.465085150633495E-009   1.792751622348942E-005
    70   10   1.601362116881211E-005   1.167214142357863E-009   1.601362116881211E-005
    71   10   1.601362116881216E-005   1.167214142357869E-009   1.601362116881216E-005
    73   10   2.304400962767691E-005   2.393891169234808E-009   2.304400962767691E-005
    74   10   2.304400962767694E-005   2.393891169234808E-009   2.304400962767694E-005
    76   10   2.304400962767691E-005   2.393891169234808E-009   2.304400962767691E-005
    77   10   2.304400962767694E-005   2.393891169234808E-009   2.304400962767694E-005
  </DiscreteSampler_grid>
