  0.02407774280844100  0.03143791223429830  0.04160466518358583  0.05185839181829807
  0.06186501490095927  0.07125695725945766  0.08082099153064247  0.09070998371806642
  0.10076599426786118  0.11089907108389942  0.12118274984963481  0.13129028784134922
  0.14117200131160265  0.15148420879624483  0.16266831555724495  0.17350269109407268
  0.18413495267895552  0.19483370147140205  0.20525679967518679  0.21554823676486998
  0.22563777967799217  0.23596269852015594  0.24648679475727306  0.25706806278779903
  0.26735711728882361  0.27751306120755748  0.28764877612953138  0.29811493439249348
  0.30871853800157156  0.31921539849314651  0.32948897401182226  0.33945866564385141
  0.34929773091735261  0.35931839335594429  0.36956460418813558  0.38002164785288917
  0.39070399101446751  0.40144221895333254  0.41222236347502833  0.42306249598209333
  0.43384225923615599  0.44460083450279569  0.45529060853150866  0.46592098595608022
  0.47679694882378310  0.48684076295133122  0.49694990331717553  0.50697273269308119
  0.51727390883168400  0.52723030966219597  0.53720181779295351  0.54718185344912107
  0.55828422810773459  0.56900252123713224  0.57929793077332148  0.58932561349227464
  0.59927345645030372  0.60937374961173651  0.61914736532351844  0.62907229264346398
  0.63954196995086487  0.65029779336539195  0.66095146218888434  0.67120966282656647
  0.68100120547242560  0.69032815161469230  0.69929395606125511  0.70808372328964442
  0.71723424457779450  0.72664293826683324  0.73624700851897729  0.74613702877469112
  0.75646057069391603  0.76686206588175054  0.77715438863391872  0.78741726220662356
  0.79820681594101528  0.80925789166688344  0.81996888185369277  0.83041723665937051
  0.84100850147133932  0.85165514785283492  0.86192097883600238  0.87173269807034426
  0.88156985377579300  0.89163121696563397  0.90134884027605378  0.91070907447619542
  0.92011703863411309  0.92985547866762808  0.93912863352306863  0.94808089024288733
  0.95748233865446486  0.96637968406805386  0.97066002864515355  1.00000000000000000
  0.02414486122987865  0.03095390225207950  0.04034031083341778  0.04994079647924364
  0.05893145827659907  0.06903641117253481  0.07967464443214581  0.09020167850846977
  0.10054659872965746  0.11099550856388649  0.12174248669534886  0.13209495319216485
  0.14243882079663889  0.15312438297556821  0.16416098563982298  0.17499782051516072
  0.18534775121476144  0.19537862805636022  0.20546229258775300  0.21556728282415699
  0.22584513734931949  0.23655729258712704  0.24759793677968561  0.25867949327111889
  0.26946152104994464  0.27962310394043505  0.28965515181821205  0.30010233229245564
  0.31074112778621044  0.32094621248612232  0.33077369632407094  0.34089159413907877
  0.35135766588180745  0.36189838890391512  0.37240643642713028  0.38298305033970953
  0.39344308049393856  0.40371569177761568  0.41383439462942040  0.42394412308846829
  0.43428357468646039  0.44512361639035247  0.45624214907127747  0.46687711981823715
  0.47702176288032211  0.48689199085976392  0.49651546659006274  0.50603885226439893
  0.51543206310240008  0.52505430232975447  0.53477472829762596  0.54458241732811397
  0.55453312933262477  0.56467951578282771  0.57502767706885394  0.58555055377330900
  0.59607956816769536  0.60635140733365778  0.61657496764870856  0.62676750287421346
  0.63735323360945206  0.64797132552465198  0.65860816408465883  0.66934873430662911
  0.67988696345730049  0.68998878988392054  0.69962052273017628  0.70941907407122928
  0.71916854743068970  0.72877514294458223  0.73851659921731660  0.74849063239239777
  0.75876095153811618  0.76915002983019842  0.77902602464359205  0.78873582749575599
  0.79820213252988026  0.80756690897789840  0.81679041484147907  0.82611546717292539
  0.83604067001089366  0.84660949247192030  0.85685659784446100  0.86685954532692922
  0.87658229498031803  0.88630941708070965  0.89597155942794815  0.90537867187702536
  0.91468870898877430  0.92406335100861836  0.93356961735904032  0.94350006780782547
  0.95384445069065216  0.96453607728345736  0.97130514961274128  1.00000000000000000
  0.00893379176145389  0.01734197138287691  0.02873273111760311  0.04021891151552250
  0.05111785928516667  0.06172372425769489  0.07242973091086058  0.08304306778394321
  0.09459279578019673  0.10600879723699215  0.11662585484924663  0.12696412229016599
  0.13743388059943024  0.14792813321821607  0.15810564807938329  0.16816529623231941
  0.17847735966251335  0.18872072784246793  0.19916967040373545  0.20999238531963382
  0.22137647330274732  0.23253771059295580  0.24310173947235486  0.25368415340469336
  0.26415867538879251  0.27435730169542016  0.28431474165757609  0.29445247802025892
  0.30480209920526075  0.31519029697710588  0.32531387617664348  0.33562244511872491
  0.34603599676991414  0.35634146306339887  0.36691819206290599  0.37733977563933679
  0.38784736621457527  0.39884100775624537  0.40999265166521198  0.42089204977788169
  0.43103886713522499  0.44115634615910582  0.45166325002974389  0.46219782226281719
  0.47247142042118684  0.48320320760518776  0.49415322318563826  0.50498366910200576
  0.51562272066847181  0.52561906602434150  0.53525998313879797  0.54465553517041509
  0.55427219037872744  0.56394758810970380  0.57407361926399492  0.58459357587276306
  0.59596757265015754  0.60730791860808619  0.61841391283458225  0.62923679429469570
  0.63985898670354535  0.65047013684002042  0.66079734853544825  0.67141778619812886
  0.68216010445615172  0.69339864709791499  0.70497157133165944  0.71676922019688705
  0.72833214505043897  0.73974792291900648  0.75103984344768182  0.76197070557553459
  0.77256866058195561  0.78291773206506776  0.79351147609222883  0.80443410054922848
  0.81545040245817924  0.82618432541390219  0.83646401761287570  0.84654896626467591
  0.85633011691644079  0.86589050532561196  0.87578753935156073  0.88559194636314686
  0.89526815061736953  0.90450972102746019  0.91341238598310137  0.92271019107065244
  0.93233026575984135  0.94256967491100940  0.95312890942459771  0.96312620398004101
  0.97269880276798237  0.98251685590892346  0.99115879952508879  1.00000000000000000
  0.00212505948670939  0.01489129384868374  0.02762191501712822  0.03888679851335727
  0.05044442741128314  0.06246814066616754  0.07346005930261015  0.08409016103487719
  0.09503864089710645  0.10573316908621941  0.11600678451279112  0.12618624080331597
  0.13599511305196105  0.14571311943776230  0.15511327439560449  0.16441015958801344
  0.17398988924469888  0.18365328498159789  0.19417825482809814  0.20521503891177836
  0.21576323191105132  0.22602480662263458  0.23592370398297227  0.24577056905312583
  0.25583315351349850  0.26559570968193630  0.27538215231957941  0.28521109154311408
  0.29555135076557848  0.30673841615790465  0.31768020687860210  0.32796823099842859
  0.33780753007503928  0.34754248903526769  0.35793343806166350  0.36896150031864799
  0.38016337103517089  0.39133010670568952  0.40260415545550160  0.41391851624171488
  0.42506383209667292  0.43581179997925329  0.44648926534199218  0.45696160481969583
  0.46740111847983601  0.47780015177059965  0.48871272087495038  0.49968657015756274
  0.51036564836444176  0.52054002283726009  0.53033161262016648  0.54031328761876318
  0.55058548975784716  0.56126652437091706  0.57102352970737058  0.58096036946250473
  0.59128674976404993  0.60223913541590790  0.61261029825855262  0.62261841678908303
  0.63210544904715293  0.64176868353012473  0.65154286398508143  0.66196718208119154
  0.67227188205852140  0.68264909812182528  0.69317459537056347  0.70391158184798153
  0.71463931838157024  0.72567224310523049  0.73645169958725687  0.74713377231469569
  0.75748588914305048  0.76748701655982343  0.77760281291584477  0.78779021232431379
  0.79894208880551398  0.81060245184609236  0.82225919328343267  0.83358172026501598
  0.84528687458614249  0.85738017143887790  0.86991061468217878  0.88103550317551438
  0.89191186201937778  0.90169968555382729  0.91144249744206773  0.92125645760216490
  0.93079440742265085  0.94031689867714885  0.95004857682876342  0.96019934069432955
  0.97059960600865436  0.98087067546249718  0.99041904863956509  1.00000000000000000
 -0.00029615517654396  0.00192318922914514  0.00347505086330346  0.00533351234257036
  0.00756978474394338  0.01028957680250396  0.01332000424854580  0.01682796087271425
  0.02082489513287572  0.02495561523408295  0.02946601245123679  0.03413104580618982
  0.03916494355707793  0.04470011975626083  0.05039456705239494  0.05654945573228735
  0.06282516116725964  0.06916909867307655  0.07577291293482599  0.08267544312931038
  0.08948198167147038  0.09612440033262996  0.10294977197300494  0.11013957433426218
  0.11764749072691508  0.12565014683947798  0.13355456073228858  0.14162070287042730
  0.14987256119188719  0.15823493466716640  0.16672627065692994  0.17563011236924969
  0.18490033355163280  0.19460448374860112  0.20455510110349853  0.21443927445767802
  0.22399668923292743  0.23350821324002816  0.24327879544544137  0.25344610981896765
  0.26404378215797614  0.27501744917761722  0.28594989252076830  0.29701721427485067
  0.30827208858121086  0.31995498249995608  0.33156763245977267  0.34328833429071592
  0.35479510144642862  0.36610477846797196  0.37734917151391995  0.38866058671644244
  0.40026728466335731  0.41237994075078083  0.42490523803698810  0.43747996289398239
  0.45080990950462851  0.46374556267865896  0.47645819655877636  0.48909650436561058
  0.50167305289999364  0.51419849801605355  0.52680396639617622  0.53934457605800479
  0.55188765729321998  0.56464892085750784  0.57791975621158087  0.59182330196867750
  0.60611399657924403  0.62033041681611323  0.63483952056430704  0.64928551232261211
  0.66371192913204935  0.67840149871060695  0.69363661153974554  0.70890009987475311
  0.72401990466751520  0.73954407982259962  0.75481514116446724  0.76908657601407882
  0.78295339559083610  0.79680609848187789  0.81079066071180972  0.82484108246571397
  0.83891540623753313  0.85312089547316206  0.86735048061189246  0.88167496758984543
  0.89601856754652864  0.91004495656625239  0.92364136526848317  0.93803737285727062
  0.95359205619293441  0.96914569584265908  0.98458953750140621  1.00000000000000000
 -0.00226102307173186  0.00966843461409064  0.01940151286833038  0.02911485045610474
  0.03907286658650418  0.04918286264811067  0.05918568823309885  0.06915888902269987
  0.07966140246554015  0.09054194318844537  0.10161103184921452  0.11229438005442086
  0.12299359587334785  0.13413021183931653  0.14594056118746807  0.15869980182398105
  0.17080511863632386  0.18232201156643812  0.19307352655215310  0.20374773815358510
  0.21388203498771061  0.22361735406108299  0.23322833031564308  0.24271111195186207
  0.25210732153514215  0.26201154326527332  0.27172232113432332  0.28254260654964647
  0.29344389988376562  0.30481077342715812  0.31553840305102987  0.32586318780797952
  0.33632830981623774  0.34709650192118052  0.35772734393253680  0.36732889598189955
  0.37712241597068247  0.38730829738535466  0.39766720526012977  0.40807356001948314
  0.41883756676342571  0.43067763030188333  0.44281824308441087  0.45479589880798876
  0.46611773218614133  0.47674297268147225  0.48672576241426335  0.49637759859444786
  0.50589655800177014  0.51542442942025735  0.52527197988389285  0.53551153075535629
  0.54571446712473548  0.55648522375772780  0.56681941975367511  0.57705073982067490
  0.58730058434705712  0.59764372331312066  0.60778150830578281  0.61763659723660891
  0.62740304140419678  0.63741843893901096  0.64766893529291258  0.65834408986868842
  0.66913248569717487  0.67999849731671680  0.69048242160677775  0.70054689796830472
  0.71099729780797949  0.72191543680226311  0.73231513961608397  0.74239563711472090
  0.75269685287548127  0.76364671427656083  0.77473154793326815  0.78529626464195246
  0.79641272486341586  0.80828969018485664  0.81922855215511881  0.83020289693600735
  0.84129066455551482  0.85230570869332478  0.86253740307396598  0.87244584241293999
  0.88348615609216197  0.89430708399387615  0.90458852709585846  0.91449194785142207
  0.92493070695795288  0.93556098243992969  0.94604755807754115  0.95579005908730941
  0.96638004907650943  0.97770508880402274  0.98901118304661262  1.00000000000000000
 -0.00269495321015599  0.00979248277659441  0.02038878369428304  0.03111752162422811
  0.04195524154390527  0.05275538349428948  0.06306915243018069  0.07313238748368187
  0.08332357544613782  0.09419075376905416  0.10513034397226136  0.11582265716928550
  0.12648934663967923  0.13747893966521660  0.14858664034052194  0.15956530994087512
  0.17054823422452131  0.18172026627191185  0.19239735027196189  0.20251067058968841
  0.21187380221552735  0.22087678289824320  0.22999372532347948  0.23940040252956249
  0.24925616246394461  0.25930889573341837  0.26949386874008269  0.28026185218089045
  0.29149628566506969  0.30275419491017663  0.31368425846968856  0.32414591270256532
  0.33430008880356116  0.34443116718807104  0.35459918392766254  0.36503013414850677
  0.37514300285612051  0.38524816483464969  0.39510872014309834  0.40526644328727690
  0.41560874079340721  0.42628235615409643  0.43714457517971422  0.44825167519960946
  0.45945135220821337  0.47068003693267746  0.48183184416962366  0.49267565636192501
  0.50316115153820862  0.51306843936720070  0.52293531632162504  0.53272024478028512
  0.54274870565903166  0.55281727432763283  0.56310691655147171  0.57370703862140526
  0.58431394438543471  0.59499365849225061  0.60545307400561410  0.61605710065024877
  0.62675600665357800  0.63731172258916602  0.64748493150834385  0.65766318615315011
  0.66793520598438749  0.67776821078387273  0.68746217513745467  0.69723013183010640
  0.70725546609210288  0.71787216262258857  0.72894411285134642  0.74001903634026600
  0.75096602431806125  0.76179064051871703  0.77243780482607494  0.78270042018076302
  0.79273364833128879  0.80398939804893232  0.81524829806922872  0.82634862414570798
  0.83730657751528503  0.84808647024195971  0.85886473981205425  0.86984934364797184
  0.88034294800594637  0.89058422718963637  0.90050091415152178  0.90984235911899458
  0.91949074930906938  0.92939491902484150  0.93997770635754152  0.95143912160861044
  0.96295720700314313  0.97515560777876209  0.98738987662196676  1.00000000000000000
 -0.00212096287828638  0.00872089548119377  0.01726309101133142  0.02633678243385153
  0.03594041630693195  0.04648957188207618  0.05791796870457467  0.06879313090832524
  0.07964075679006870  0.09053255603088438  0.10145945397648862  0.11200102979333770
  0.12237215288473276  0.13320529555866495  0.14401235050963451  0.15474993472039936
  0.16569128920266057  0.17743036025403158  0.18913999111865371  0.19962980005943057
  0.20968354139880527  0.21983819693030901  0.23023823844866192  0.24082205993780550
  0.25139467346885397  0.26250982626540798  0.27351660176468745  0.28426924625735045
  0.29455091705421538  0.30440091640461470  0.31432155876386519  0.32438768212122238
  0.33462244973214739  0.34517980247027846  0.35548504285875004  0.36594715381384924
  0.37674553707734143  0.38630733120964406  0.39639053721733869  0.40589831028326656
  0.41563524234121585  0.42523257207713178  0.43460967167964326  0.44446060975005064
  0.45495118521799488  0.46528031371773809  0.47578777325225657  0.48678340216573912
  0.49786480426765850  0.50828733029583539  0.51805682645967277  0.52828716050147451
  0.53892018049157986  0.54991431129982904  0.56107155110097107  0.57228435637987563
  0.58351663299510848  0.59461761772783750  0.60554596146510131  0.61599864241085300
  0.62661248638038625  0.63755540812819156  0.64900862969106810  0.66031784289600637
  0.67141367350478121  0.68235481426766076  0.69322743451814639  0.70402831517368591
  0.71470496578595133  0.72516705614422650  0.73535970880379542  0.74527848523170648
  0.75557043129338886  0.76598436697723915  0.77619843532531962  0.78636674898344860
  0.79716276575144862  0.80866042712548736  0.81938997703379668  0.82953580041798902
  0.83948979101848775  0.84944129282299008  0.85974914587627316  0.87010661772856934
  0.88045082256485963  0.89094818173920165  0.90198317464130606  0.91370338434174014
  0.92520799241872786  0.93626475780352658  0.94725381826716015  0.95769350509464757
  0.96797067786978341  0.97864270095094397  0.98937400252960972  1.00000000000000000
 -0.00271494216493834  0.00967087764335577  0.02037181533374879  0.03061968936460951
  0.04087387757956652  0.05088016589191581  0.06131161473634585  0.07269664403590906
  0.08422891812787618  0.09566272661812784  0.10648957566641788  0.11678292293565461
  0.12701950323336403  0.13739525148924028  0.14788237283761355  0.15798847722412518
  0.16815610960055033  0.17882724630049018  0.18981078408749671  0.20047430488763107
  0.21077325060272206  0.22147710704056153  0.23167268968680771  0.24152341355534662
  0.25109261457560927  0.26038214084689337  0.26991844407473370  0.27926057540918331
  0.28849768156887234  0.29889293429306302  0.31039888980959696  0.32268961389197609
  0.33528472683953836  0.34734796670011009  0.35901948057374911  0.37012002522712861
  0.38095310729263943  0.39176272949197649  0.40305854184551537  0.41460321217768925
  0.42549496335840997  0.43589373032445106  0.44607174458807453  0.45611452525841661
  0.46603096007883033  0.47592688170893904  0.48606833139967370  0.49642153256311133
  0.50637306027572671  0.51603907847773178  0.52617459545430167  0.53622627453043514
  0.54640472039610100  0.55706395485074411  0.56830151644100124  0.57982590175188731
  0.59038838960638995  0.60059754048596814  0.61082126683732463  0.62123254054629384
  0.63188839181399825  0.64253207734791007  0.65338241085187210  0.66402054918246434
  0.67520811182758611  0.68601505175374633  0.69605330788356479  0.70635452987965031
  0.71676794799875510  0.72679607331663443  0.73650615695464217  0.74624124789110347
  0.75652219169186752  0.76720068624911963  0.77767313014608586  0.78810510065630224
  0.79888389770562040  0.80952246086165969  0.82027413828016749  0.83063117640350448
  0.84083265889323699  0.85106456271867126  0.86202509458444387  0.87295970039911053
  0.88384543675253868  0.89469631524863880  0.90647722230858785  0.91844706440256507
  0.92934985128347569  0.93997154134170724  0.95015296427580087  0.96011592097777432
  0.96988478661532818  0.97966263414971633  0.98999272638015667  1.00000000000000000
 -0.00258610184974925  0.00999493806979281  0.02076440678466233  0.03203610192791911
  0.04325547933131202  0.05465426332754759  0.06621044175169237  0.07803389634911337
  0.08942467912735187  0.09995594759843253  0.11045587018931759  0.12116073698178807
  0.13189089858359335  0.14288869750113062  0.15375736473744256  0.16517818231353829
  0.17642531496460093  0.18726559076342536  0.19794503202038818  0.20826482332155355
  0.21830913237046656  0.22833616040174384  0.23855756938898645  0.24873997428876085
  0.25847935068836675  0.26823652692915634  0.27848434612441086  0.28882405346941353
  0.29891692069793668  0.30929048343317150  0.31913946742111898  0.32944282621969051
  0.33917116170997924  0.34949749422678239  0.35943170953794285  0.36894519124013120
  0.37822846897668683  0.38822037501509443  0.39849278581739894  0.40891827163234079
  0.41932259239955499  0.43033330694237426  0.44138344780953076  0.45172471449440427
  0.46184852294819229  0.47162138736921572  0.48136427249971764  0.49115048824739754
  0.50111438988038159  0.51170102267740469  0.52256183783626142  0.53353974821978245
  0.54421919528643581  0.55458907371278754  0.56510500427568744  0.57560076041820185
  0.58613620785668841  0.59650291009700318  0.60676761385255795  0.61722382637267847
  0.62827342907303696  0.63992153974696619  0.65165577760129845  0.66290545898387943
  0.67412791917717008  0.68486210294633598  0.69503573511568528  0.70518327400394931
  0.71571832400745949  0.72649961924514384  0.73720132450990095  0.74764800970406564
  0.75867385018103284  0.76984603340851088  0.78056175389969584  0.79070453189657508
  0.80079724694173893  0.81093247135604840  0.82136563265850548  0.83148026272833520
  0.84158133491994447  0.85156085001466608  0.86167644750822392  0.87175907228647409
  0.88217504712641792  0.89263562393788076  0.90327138135750051  0.91406944948330393
  0.92475184410321032  0.93591104111966894  0.94641468627622394  0.95688145027432714
  0.96762956447333426  0.97830180440451442  0.98932693208330780  1.00000000000000000
 -0.00268468492384304  0.00922978570232445  0.01965572828407946  0.02988730128266878
  0.03971248758195340  0.04887691145306450  0.05766696504490607  0.06626280616207234
  0.07472818776617650  0.08329535345169813  0.09205595978676048  0.10069396214402110
  0.11011822704267814  0.11971130467467773  0.12962069071611329  0.13966920985850959
  0.14962539678484743  0.15940557420565360  0.16917732179850109  0.17870889587665800
  0.18842347509141594  0.19838753860968933  0.20860354799920819  0.21919898379164021
  0.23006486334382970  0.24134217164261934  0.25233475831803043  0.26327633257095728
  0.27436625896204042  0.28584385551516034  0.29735183339067550  0.30866016480715269
  0.31982792503312207  0.33096619911682346  0.34224222410092031  0.35342762579788212
  0.36432024393608742  0.37525709222126274  0.38659594513351653  0.39774622003049187
  0.40833988985150088  0.41907660428277416  0.43060097600345143  0.44259084436026352
  0.45447130083219334  0.46579129535452513  0.47662915819148827  0.48710061488432221
  0.49734974924382225  0.50762405283645684  0.51790945740114058  0.52919319204362303
  0.54071735948677524  0.55308644766316473  0.56532798022935171  0.57722258727602793
  0.58877118923684757  0.60060118556334841  0.61250952855707874  0.62419689778575782
  0.63542253546869232  0.64655512885889699  0.65781761154631302  0.66893591494596261
  0.67956457807667026  0.69031913380670262  0.70158255279645731  0.71216676066656570
  0.72236209233332027  0.73275631282405318  0.74443589540158595  0.75641323070382382
  0.76827902396613956  0.78002233702171975  0.79163596588784191  0.80284692927560930
  0.81387431829555823  0.82422946397902463  0.83447314911522663  0.84456357534285764
  0.85459742334239419  0.86388046298785937  0.87292964446309207  0.88252825817001157
  0.89244103684679799  0.90229878474591596  0.91146078168696143  0.92053547857294460
  0.92951246011399258  0.93879055969869463  0.94852883293480383  0.95812452585758678
  0.96800870306906661  0.97782750175353017  0.98880439606817105  1.00000000000000000
 -0.00228741003151700  0.00880070468488486  0.01816046396354399  0.02837385195574631
  0.03793763348110195  0.04746850388508596  0.05733784034991574  0.06768480692971779
  0.07822155426327795  0.08887844538160196  0.09961099626305055  0.11027901778044999
  0.12082872607391615  0.13132029754486210  0.14172040667044858  0.15184792372267225
  0.16196465125125054  0.17198959715695314  0.18206754193110564  0.19204430992251242
  0.20191565325831837  0.21198877324957358  0.22240457895464313  0.23324372550729444
  0.24429178298278229  0.25529818148135475  0.26608970083409716  0.27719072241199566
  0.28809905679210962  0.29878415160166311  0.30923840743929892  0.31928640488730664
  0.32937245999969372  0.33917538805147357  0.34918672946080653  0.35919582682552248
  0.36903677523203288  0.37907842130339076  0.38972456417425927  0.40021260158816024
  0.41011326320021207  0.42024682890714926  0.43100569387199089  0.44188114527893740
  0.45236767039421127  0.46310416104716512  0.47433009924462649  0.48566581202105569
  0.49676677064318558  0.50756984072220157  0.51818462537860144  0.52865423939608669
  0.53891209514022709  0.54867424654473784  0.55816920390775648  0.56789836630342971
  0.57791378039583940  0.58835831037340980  0.59882249448778035  0.60942957923496310
  0.62042920389534861  0.63172183293501138  0.64317378149074456  0.65420295074255119
  0.66494650358586438  0.67615095044428974  0.68781053967397443  0.69951928048354983
  0.71100704976970808  0.72237587249656499  0.73292179916299127  0.74292140977903542
  0.75295838097125889  0.76326548975798802  0.77416960884917496  0.78486400711472526
  0.79540323365574794  0.80577557891860263  0.81631311088064173  0.82720493623053781
  0.83839009429963884  0.84868174967885557  0.86004823046341417  0.87194521294202065
  0.88355687655689952  0.89386978883174562  0.90437627740019011  0.91510579027854999
  0.92521349649151408  0.93535594876888628  0.94553679120340661  0.95641819191641186
  0.96717451526831666  0.97820172147046547  0.98910453876739768  1.00000000000000000
 -0.00585136681040639  0.03175086558755917  0.05565928019979154  0.07401025172413370
  0.08998919979014011  0.10478318961560293  0.11891311759969632  0.13268697630944148
  0.14645857658013808  0.15939905783835198  0.17173382633541442  0.18304541542843406
  0.19399806930512167  0.20485107209556064  0.21535097160631342  0.22552934753378312
  0.23528406643279487  0.24546707111256513  0.25501723475104182  0.26436000589682213
  0.27368477004723502  0.28296508017117689  0.29216852233545165  0.30112750736579724
  0.30986221049485602  0.31854826997372393  0.32723037892377393  0.33594049230808870
  0.34451138953369065  0.35299592577083122  0.36141035601532717  0.36987624192616114
  0.37834880318909608  0.38640462969233669  0.39453831743512319  0.40276846266000582
  0.41111583564540155  0.41882454589887858  0.42610038446362425  0.43319913769627566
  0.44041657170596366  0.44776469980571454  0.45513247280543928  0.46263102345045665
  0.46983099087507524  0.47723081284266050  0.48497407488433736  0.49318387335123037
  0.50118415345809164  0.50930055755022119  0.51754693591609324  0.52620468297519696
  0.53496769261345656  0.54323435086284466  0.55122133164267773  0.55914116632044508
  0.56700835877541989  0.57493896267766786  0.58297509317988527  0.59102467206538978
  0.59866991861339369  0.60627555505804875  0.61420578985393970  0.62267474928267297
  0.63080259711103259  0.63900188098938748  0.64695829143396644  0.65499969453300599
  0.66329310977430600  0.67175336009024067  0.68065546361772578  0.68970750558141691
  0.69879612142769076  0.70767825980799459  0.71661756056368286  0.72588073470843761
  0.73527926847087455  0.74456216385078755  0.75379298196048028  0.76346086468997310
  0.77390005637755210  0.78482987096711987  0.79552235738805865  0.80613752013468976
  0.81694209043090815  0.82788960640609843  0.83905660370625901  0.85077565805867772
  0.86339522628614462  0.87653769159777994  0.89021245842921792  0.90501964230977017
  0.92128388544072914  0.94052545163369561  0.96623935142829509  1.00000000000000000
 -0.00252735735539456  0.00946667814435899  0.01951127778651051  0.02998644289659659
  0.04062575945671591  0.05188242838801210  0.06365911856341276  0.07556510105442150
  0.08688491890443698  0.09743217872715849  0.10797623438881862  0.11863402916201908
  0.12972632736999565  0.14082646508280611  0.15190287348166190  0.16296201666147861
  0.17313357779930477  0.18274349699080880  0.19243226109866468  0.20235783145378589
  0.21218863294349610  0.22137792620623320  0.23112722248890252  0.24174241010626735
  0.25252068961865692  0.26334009284464444  0.27408213686828758  0.28438687437155952
  0.29444816039569321  0.30447389934136987  0.31519421613316018  0.32655340357256074
  0.33787337824645741  0.34857497442241814  0.35875013949318246  0.36888234859875529
  0.37904276634633549  0.38922020178487349  0.39974273632798174  0.41051335040731957
  0.42163107023451285  0.43258238284471956  0.44411892932852126  0.45576319360597400
  0.46701823285542360  0.47804629703742363  0.48891960524183836  0.49978978486308823
  0.51061701080794608  0.52172208057433178  0.53286741977482999  0.54399823644168688
  0.55485376784505469  0.56535633629835857  0.57556730612296370  0.58564520876155057
  0.59564039436571281  0.60580447629661704  0.61617362244212059  0.62649850838387600
  0.63646180884912751  0.64656367622815059  0.65739539069365416  0.66831814889313779
  0.67863313443942774  0.68882636515284967  0.69882766768402360  0.70876115227337189
  0.71856503631088731  0.72819846613514283  0.73832452724230835  0.74861535148609604
  0.75943741328618208  0.77020543459468283  0.78087227730148101  0.79137844043612804
  0.80177239795338906  0.81194959382615983  0.82180729214457504  0.83149954650529412
  0.84114889552490191  0.85070534596776348  0.86063770309702980  0.87102038491453770
  0.88109108478228049  0.89100895316436068  0.90113937315044867  0.91176034509914350
  0.92244621323733955  0.93352729223581132  0.94438071691719960  0.95539767657437891
  0.96633062280481929  0.97775379512127181  0.98876997243201281  1.00000000000000000
 -0.01250137024407054  0.18476880196751383  0.25238741838742607  0.30483076184636149
  0.34774636895842098  0.38432710633749717  0.41554002094999692  0.44326258907230176
  0.46773023500967192  0.49021906766656809  0.51089728510992849  0.53074015282354703
  0.54959564135668437  0.56662868203587069  0.58258278335503244  0.59701209912565767
  0.61068570682967127  0.62377022075532174  0.63557089599175265  0.64646603022370241
  0.65656239808254013  0.66593731462249672  0.67477626029235993  0.68335979461481611
  0.69202560742639352  0.70068711709352771  0.70909340048285385  0.71699383871540190
  0.72458905164323295  0.73193373129934192  0.73917678293606504  0.74630659744459615
  0.75327809297891335  0.76008849267305367  0.76703993167848283  0.77333278644160408
  0.77925783768412438  0.78494523425011575  0.79047424858035031  0.79580200053078598
  0.80091099332895277  0.80595269592358409  0.81092883316788766  0.81570396906777742
  0.82030009279049532  0.82481268920772433  0.82919136622662737  0.83344872992391306
  0.83767140201835266  0.84199944092167134  0.84629622622947898  0.85049523756038303
  0.85450159488510047  0.85830475388665284  0.86197485338325897  0.86558514667893849
  0.86915162291087544  0.87269121035635655  0.87624575948374206  0.87983669346751436
  0.88347875072042659  0.88713574867663725  0.89079712777911979  0.89436056259357966
  0.89768816563823817  0.90091004475185765  0.90400587492509565  0.90717321169066445
  0.91036768833452031  0.91350644147945326  0.91655721445269778  0.91953118962896196
  0.92245567799476136  0.92548255636850218  0.92854805644561822  0.93148969780250612
  0.93430569436970379  0.93706678817802169  0.93976104874614885  0.94230362361189779
  0.94496002631991249  0.94762986670526694  0.95029375071282629  0.95299095903905817
  0.95576452885261165  0.95847674687745144  0.96126889690893280  0.96407987127441019
  0.96691767263105288  0.96982803196932554  0.97289103200750626  0.97621311404406219
  0.97988468008004670  0.98423654445443698  0.99028138500846896  1.00000000000000000
 -0.01999636750258834  0.13574095413521975  0.19234616491535084  0.22744191994481758
  0.25474039520803904  0.27647764539492209  0.29450538694013606  0.31066602519150455
  0.32528562887926715  0.33864304033477632  0.35117234401528058  0.36296520714061364
  0.37425823996386393  0.38450088253694553  0.39433948107530514  0.40348450115714629
  0.41222351052045331  0.42019707957685098  0.42771557571188590  0.43526936284419893
  0.44284158714718547  0.45019327742592025  0.45699819029998451  0.46348069170488171
  0.46970374247563706  0.47584942030728888  0.48191908101700492  0.48782920594497908
  0.49376629944053790  0.49969332434195041  0.50548477116323598  0.51114065041524348
  0.51671482291744941  0.52230416806252256  0.52799757721159446  0.53381524173329742
  0.53969290615680676  0.54516781576456086  0.55059243611907549  0.55591111682181948
  0.56106645468991423  0.56622691068243369  0.57142568741774169  0.57666851023794230
  0.58178579847722212  0.58660955222344446  0.59124617181901773  0.59582383435080333
  0.60052020229155367  0.60523498583751068  0.60991276694445062  0.61469218472842868
  0.61944765847020344  0.62432735388317495  0.62927592589003634  0.63418168311039569
  0.63899228294445298  0.64373129766426995  0.64852752823547177  0.65342295806299255
  0.65833858589850514  0.66320071732286812  0.66814958531802904  0.67308748774774008
  0.67802070633173106  0.68296958666764007  0.68797047544114787  0.69297071910281016
  0.69792789632638952  0.70291048226544361  0.70781529096357232  0.71276141126492276
  0.71784958152691891  0.72323246532884056  0.72873194746903047  0.73434139115135344
  0.73995134205055668  0.74549284173604236  0.75131640238438868  0.75739764738171167
  0.76352271190483700  0.76967539798397600  0.77597635037184265  0.78252175352519737
  0.78946164533450813  0.79699785479168062  0.80513159364111342  0.81399307207226779
  0.82379640001784682  0.83444681033084311  0.84600928803628173  0.85923665915821168
  0.87489588085035863  0.89406666373249544  0.92406646700724682  1.00000000000000000
   1.7940100453996096E-011  -1.0000000000000000     
 T T T T F F F F F F F F T T T T F F F F F F F F F F F F F F F F F F F F F F F F F F F F F F F F T T T T F F F F F F F F T T T T F F F F F F F F F F F F F F F F F F F F F F F F F F F F F F F F F F F F F F F F F F F F F F F F F F F F F F F F F F F F F F F F F F F F F F F F F F F F F F F F F F F F F F F F F F F F F F F F F F F F F F F F F F F F F F F F F F F F F F F F F F F F F F F F T T T T F F F F F F F F T T T T F F F F F F F F F F F F F F F F F F F F F F F F F F F F F F F F T T T T F F F F F F F F T T T T T T T T F F F F F F F F T T T T F F F F F F F F F F F F F F F F F F F F F F F F F F F F F F F F T T T T F F F F F F F F T T T T F F F F F F F F F F F F F F F F F F F F F F F F F F F F F F F F F F F F F F F F F F F F F F F F F F F F F F F F F F F F F F F F F F F F F F F F F F F F F F F F F F F F F F F F F F F F F F F F F F F F F F F F F F F F F F F F F F F F F F F F F F F F F F F F T T T T F F F F F F F F T T T T F F F F F F F F F F F F F F F F F F F F F F F F F F F F F F F F T T T T F F F F F F F F T T T T
  <DiscreteSampler_grid>
  grouped_processes
  1 # 1 for a reference and 2 for a running grid.
  10 # Attribute 'min_bin_probing_points' of the grid.
  1 # Attribute 'grid_mode' of the grid. 1=='default',2=='initialization'
  0.0000000000000000 # Attribute 'small_contrib_threshold' of the grid.
  0.5000000000000000 # Attribute 'damping_power' of the grid.
 # binID   n_entries weight   weight_sqr   abs_weight
    19   10   1.420917245229545E+000   2.016954423404256E+001   1.420917245229545E+000
    20   10   1.420917245229504E+000   2.016954423404140E+001   1.420917245229504E+000
    22   10   1.834215173031408E+000   3.360988685024482E+001   1.834215173031408E+000
    23   10   1.834215173031356E+000   3.360988685024290E+001   1.834215173031356E+000
    25   10   1.834215173031408E+000   3.360988685024482E+001   1.834215173031408E+000
    26   10   1.834215173031354E+000   3.360988685024285E+001   1.834215173031354E+000
    28   10   2.367893327522430E+000   5.601470271506474E+001   2.367893327522430E+000
    29   10   2.367893327522362E+000   5.601470271506152E+001   2.367893327522362E+000
  </DiscreteSampler_grid>
