     
 Soft #           7
 
 part:           1
 comp:           0
   1.0000004569653469        276.25012623667709        276.25000000000000     
   1.0000000435100898        276.25001201966228        276.25000000000000     
   1.0000000043313115        276.25000119652481        276.25000000000000     
   1.0000000004329359        276.25000011959855        276.25000000000000     
   1.0000000000432918        276.25000001195934        276.25000000000000     
   1.0000000000043290        276.25000000119587        276.25000000000000     
   1.0000000000004330        276.25000000011960        276.25000000000000     
   1.0000000000000435        276.25000000001199        276.25000000000000     
   1.0000000000000042        276.25000000000114        276.25000000000000     
   1.0000000000000004        276.25000000000011        276.25000000000000     
 comp:           1
   0.0000000000000000        0.0000000000000000     
   0.0000000000000000        0.0000000000000000     
   0.0000000000000000        0.0000000000000000     
   0.0000000000000000        0.0000000000000000     
   0.0000000000000000        0.0000000000000000     
   0.0000000000000000        0.0000000000000000     
   0.0000000000000000        0.0000000000000000     
   0.0000000000000000        0.0000000000000000     
   0.0000000000000000        0.0000000000000000     
   0.0000000000000000        0.0000000000000000     
 comp:           2
   0.0000000000000000        0.0000000000000000     
   0.0000000000000000        0.0000000000000000     
   0.0000000000000000        0.0000000000000000     
   0.0000000000000000        0.0000000000000000     
   0.0000000000000000        0.0000000000000000     
   0.0000000000000000        0.0000000000000000     
   0.0000000000000000        0.0000000000000000     
   0.0000000000000000        0.0000000000000000     
   0.0000000000000000        0.0000000000000000     
   0.0000000000000000        0.0000000000000000     
 comp:           3
   1.0000004569653469        276.25012623667709        276.25000000000000     
   1.0000000435100898        276.25001201966228        276.25000000000000     
   1.0000000043313115        276.25000119652481        276.25000000000000     
   1.0000000004329359        276.25000011959855        276.25000000000000     
   1.0000000000432918        276.25000001195934        276.25000000000000     
   1.0000000000043290        276.25000000119587        276.25000000000000     
   1.0000000000004330        276.25000000011960        276.25000000000000     
   1.0000000000000435        276.25000000001199        276.25000000000000     
   1.0000000000000042        276.25000000000114        276.25000000000000     
   1.0000000000000004        276.25000000000011        276.25000000000000     
 
 part:           2
 comp:           0
   1.1111106033720688        306.94430418153399        276.25000000000000     
   1.0101009661514264        279.04039189933155        276.25000000000000     
   1.0010009966653541        276.52652532880410        276.25000000000000     
   1.0001000095680206        276.27762764316566        276.25000000000000     
   1.0000100000567089        276.25276251566584        276.25000000000000     
   1.0000009999966708        276.25027624908029        276.25000000000000     
   1.0000000999995773        276.25002762488322        276.25000000000000     
   1.0000000099999571        276.25000276248812        276.25000000000000     
   1.0000000009999954        276.25000027624873        276.25000000000000     
   1.0000000000999996        276.25000002762488        276.25000000000000     
 comp:           1
   0.0000000000000000        0.0000000000000000     
   0.0000000000000000        0.0000000000000000     
   0.0000000000000000        0.0000000000000000     
   0.0000000000000000        0.0000000000000000     
   0.0000000000000000        0.0000000000000000     
   0.0000000000000000        0.0000000000000000     
   0.0000000000000000        0.0000000000000000     
   0.0000000000000000        0.0000000000000000     
   0.0000000000000000        0.0000000000000000     
   0.0000000000000000        0.0000000000000000     
 comp:           2
   0.0000000000000000        0.0000000000000000     
   0.0000000000000000        0.0000000000000000     
   0.0000000000000000        0.0000000000000000     
   0.0000000000000000        0.0000000000000000     
   0.0000000000000000        0.0000000000000000     
   0.0000000000000000        0.0000000000000000     
   0.0000000000000000        0.0000000000000000     
   0.0000000000000000        0.0000000000000000     
   0.0000000000000000        0.0000000000000000     
   0.0000000000000000        0.0000000000000000     
 comp:           3
   1.1111106033720688       -306.94430418153399       -276.25000000000000     
   1.0101009661514264       -279.04039189933155       -276.25000000000000     
   1.0010009966653541       -276.52652532880410       -276.25000000000000     
   1.0001000095680206       -276.27762764316566       -276.25000000000000     
   1.0000100000567089       -276.25276251566584       -276.25000000000000     
   1.0000009999966708       -276.25027624908029       -276.25000000000000     
   1.0000000999995773       -276.25002762488322       -276.25000000000000     
   1.0000000099999571       -276.25000276248812       -276.25000000000000     
   1.0000000009999954       -276.25000027624873       -276.25000000000000     
   1.0000000000999996       -276.25000002762488       -276.25000000000000     
 
 part:           3
 comp:           0
  0.99997063412270559        178.68238848975861        178.68763580894580     
  0.99999719799895848        178.68713512600416        178.68763580894580     
  0.99999972104531520        178.68758596319267        178.68763580894580     
  0.99999997211689373        178.68763082657946        178.68763580894580     
  0.99999999721181287        178.68763531073122        178.68763580894580     
  0.99999999972118248        178.68763575912456        178.68763580894580     
  0.99999999997211819        178.68763580396367        178.68763580894580     
  0.99999999999721190        178.68763580844760        178.68763580894580     
  0.99999999999972122        178.68763580889598        178.68763580894580     
  0.99999999999997213        178.68763580894083        178.68763580894580     
 comp:           1
  0.99768460240178813        16.829784828431197        16.868842906782174     
  0.99977923256623336        16.865118815623031        16.868842906782174     
  0.99997802289867566        16.868472178512388        16.868842906782174     
  0.99999780327888310        16.868805850638743        16.868842906782174     
  0.99999978033777104        16.868839201334541        16.868842906782174     
  0.99999997803387597        16.868842536239079        16.868842906782174     
  0.99999999780338866        16.868842869727882        16.868842906782174     
  0.99999999978033882        16.868842903076743        16.868842906782174     
  0.99999999997803379        16.868842906411629        16.868842906782174     
  0.99999999999780331        16.868842906745119        16.868842906782174     
 comp:           2
  0.99996328020288228       -87.245056583485550       -87.248260321903444     
  0.99999649885817254       -87.247954853369862       -87.248260321903444     
  0.99999965146603664       -87.248229912921474       -87.248260321903444     
  0.99999996516228840       -87.248257282373714       -87.248260321903444     
  0.99999999651638549       -87.248260017964142       -87.248260321903444     
  0.99999999965164010       -87.248260291509652       -87.248260321903444     
  0.99999999996516409       -87.248260318864070       -87.248260321903444     
  0.99999999999651634       -87.248260321599503       -87.248260321903444     
  0.99999999999965161       -87.248260321873047       -87.248260321903444     
  0.99999999999996514       -87.248260321900403       -87.248260321903444     
 comp:           3
   1.0000000000000000        125.36826973671657        125.36826973671657     
   1.0000000000000000        125.36826973671657        125.36826973671657     
   1.0000000000000000        125.36826973671657        125.36826973671657     
   1.0000000000000000        125.36826973671657        125.36826973671657     
   1.0000000000000000        125.36826973671657        125.36826973671657     
   1.0000000000000000        125.36826973671657        125.36826973671657     
   1.0000000000000000        125.36826973671657        125.36826973671657     
   1.0000000000000000        125.36826973671657        125.36826973671657     
   1.0000000000000000        125.36826973671657        125.36826973671657     
   1.0000000000000000        125.36826973671657        125.36826973671657     
 
 part:           4
 comp:           0
   1.0001212417487357        97.102117562095728        97.090346158742094     
   1.0000115578726658        97.091468316600086        97.090346158742094     
   1.0000011505496398        97.090457866004897        97.090346158742094     
   1.0000001150029776        97.090357324421007        97.090346158742094     
   1.0000000114997785        97.090347275259560        97.090346158742094     
   1.0000000011499728        97.090346270393340        97.090346158742094     
   1.0000000001149971        97.090346169907207        97.090346158742094     
   1.0000000000114997        97.090346159858612        97.090346158742094     
   1.0000000000011500        97.090346158853748        97.090346158742094     
   1.0000000000001150        97.090346158753263        97.090346158742094     
 comp:           1
   1.0004493541704387       -47.253224957031854       -47.232001060377215     
   1.0000428418900753       -47.234024568574675       -47.232001060377215     
   1.0000042648250054       -47.232202496596393       -47.232001060377215     
   1.0000004262903004       -47.232021194921138       -47.232001060377215     
   1.0000000426271094       -47.232003073740891       -47.232001060377215     
   1.0000000042626918       -47.232001261712675       -47.232001060377215     
   1.0000000004262690       -47.232001080510749       -47.232001060377215     
   1.0000000000426268       -47.232001062390566       -47.232001060377215     
   1.0000000000042626       -47.232001060578547       -47.232001060377215     
   1.0000000000004263       -47.232001060397351       -47.232001060377215     
 comp:           2
   1.0000216038514720        80.584125749587812        80.582384859714040     
   1.0000020597334816        80.582550837950166        80.582384859714040     
   1.0000002050423742        80.582401382517546        80.582384859714040     
   1.0000000204949968        80.582386511249766        80.582384859714040     
   1.0000000020494073        80.582385024860173        80.582384859714040     
   1.0000000002049398        80.582384876228573        80.582384859714040     
   1.0000000000204941        80.582384861365497        80.582384859714040     
   1.0000000000020495        80.582384859879184        80.582384859714040     
   1.0000000000002049        80.582384859730553        80.582384859714040     
   1.0000000000000204        80.582384859715688        80.582384859714040     
 comp:           3
   1.0000000000000000       -26.498163018930576       -26.498163018930576     
   1.0000000000000000       -26.498163018930576       -26.498163018930576     
   1.0000000000000000       -26.498163018930576       -26.498163018930576     
   1.0000000000000000       -26.498163018930576       -26.498163018930576     
   1.0000000000000000       -26.498163018930576       -26.498163018930576     
   1.0000000000000000       -26.498163018930576       -26.498163018930576     
   1.0000000000000000       -26.498163018930576       -26.498163018930576     
   1.0000000000000000       -26.498163018930576       -26.498163018930576     
   1.0000000000000000       -26.498163018930576       -26.498163018930576     
   1.0000000000000000       -26.498163018930576       -26.498163018930576     
 
 part:           5
 comp:           0
  0.99995591444401233        135.51112960379120        135.51710395066470     
  0.99999579453266263        135.51653403791039        135.51710395066470     
  0.99999958133230782        135.51704721403155        135.51710395066470     
  0.99999995815188214        135.51709827952897        135.51710395066470     
  0.99999999581537469        135.51710338357640        135.51710395066470     
  0.99999999958153929        135.51710389395612        135.51710395066470     
  0.99999999995815403        135.51710394499386        135.51710395066470     
  0.99999999999581535        135.51710395009761        135.51710395066470     
  0.99999999999958156        135.51710395060800        135.51710395066470     
  0.99999999999995803        135.51710395065902        135.51710395066470     
 comp:           1
  0.99918610701150290        36.365232189536954        36.394853705785472     
  0.99992239680004258        36.392029348675919        36.394853705785472     
  0.99999227470085994        36.394572544653435        36.394853705785472     
  0.99999922781769213        36.394825602323344        36.394853705785472     
  0.99999992278524263        36.394850895565675        36.394853705785472     
  0.99999999227855896        36.394853424764754        36.394853705785472     
  0.99999999922785632        36.394853677683415        36.394853705785472     
  0.99999999992278565        36.394853702975269        36.394853705785472     
  0.99999999999227862        36.394853705504453        36.394853705785472     
  0.99999999999922784        36.394853705757370        36.394853705785472     
 comp:           2
   1.0000220261462927        110.31244444869706        110.31001474417477     
   1.0000021001525496        110.31024641203349        110.31001474417477     
   1.0000002090674960        110.31003780641332        110.31001474417477     
   1.0000000208973425        110.31001704936092        110.31001474417477     
   1.0000000020896402        110.31001497468301        110.31001474417477     
   1.0000000002089631        110.31001476722548        110.31001474417477     
   1.0000000000208964        110.31001474647984        110.31001474417477     
   1.0000000000020897        110.31001474440527        110.31001474417477     
   1.0000000000002089        110.31001474419782        110.31001474417477     
   1.0000000000000209        110.31001474417707        110.31001474417477     
 comp:           3
   1.0000000000000000       -69.799718724717550       -69.799718724717550     
   1.0000000000000000       -69.799718724717550       -69.799718724717550     
   1.0000000000000000       -69.799718724717550       -69.799718724717550     
   1.0000000000000000       -69.799718724717550       -69.799718724717550     
   1.0000000000000000       -69.799718724717550       -69.799718724717550     
   1.0000000000000000       -69.799718724717550       -69.799718724717550     
   1.0000000000000000       -69.799718724717550       -69.799718724717550     
   1.0000000000000000       -69.799718724717550       -69.799718724717550     
   1.0000000000000000       -69.799718724717550       -69.799718724717550     
   1.0000000000000000       -69.799718724717550       -69.799718724717550     
 
 part:           6
 comp:           0
  0.99999620091633856        141.20437763236541        141.20491408164742     
  0.99999963569708417        141.20486264028548        141.20491408164742     
  0.99999996371458144        141.20490895796800        141.20491408164742     
  0.99999999637289672        141.20491356948261        141.20491408164742     
  0.99999999963730413        141.20491403043297        141.20491408164742     
  0.99999999996373057        141.20491407652599        141.20491408164742     
  0.99999999999637312        141.20491408113529        141.20491408164742     
  0.99999999999963729        141.20491408159620        141.20491408164742     
  0.99999999999996381        141.20491408164230        141.20491408164742     
  0.99999999999999634        141.20491408164690        141.20491408164742     
 comp:           1
   1.0051171991567627       -6.0625609395839533       -6.0316955521904347     
   1.0004879066395096       -6.0346384564978486       -6.0316955521904347     
   1.0000485703969193       -6.0319885140375016       -6.0316955521904347     
   1.0000048548533926       -6.0317248351880499       -6.0316955521904347     
   1.0000004854634925       -6.0316984803584228       -6.0316955521904347     
   1.0000000485461309       -6.0316958450059159       -6.0316955521904347     
   1.0000000048546109       -6.0316955814719693       -6.0316955521904347     
   1.0000000004854612       -6.0316955551185885       -6.0316955521904347     
   1.0000000000485461       -6.0316955524832503       -6.0316955521904347     
   1.0000000000048546       -6.0316955522197162       -6.0316955521904347     
 comp:           2
  0.99997557282972382       -103.64160754894699       -103.64413928198536     
  0.99999767095667036       -103.64389789029411       -103.64413928198536     
  0.99999976814712122       -103.64411525179329       -103.64413928198536     
  0.99999997682514852       -103.64413688004782       -103.64413928198536     
  0.99999999768261916       -103.64413904180242       -103.64413928198536     
  0.99999999976826293       -103.64413925796717       -103.64413928198536     
  0.99999999997682631       -103.64413927958354       -103.64413928198536     
  0.99999999999768263       -103.64413928174518       -103.64413928198536     
  0.99999999999976830       -103.64413928196134       -103.64413928198536     
  0.99999999999997680       -103.64413928198296       -103.64413928198536     
 comp:           3
   1.0000000000000000       -29.070387993068437       -29.070387993068437     
   1.0000000000000000       -29.070387993068437       -29.070387993068437     
   1.0000000000000000       -29.070387993068437       -29.070387993068437     
   1.0000000000000000       -29.070387993068437       -29.070387993068437     
   1.0000000000000000       -29.070387993068437       -29.070387993068437     
   1.0000000000000000       -29.070387993068437       -29.070387993068437     
   1.0000000000000000       -29.070387993068437       -29.070387993068437     
   1.0000000000000000       -29.070387993068437       -29.070387993068437     
   1.0000000000000000       -29.070387993068437       -29.070387993068437     
   1.0000000000000000       -29.070387993068437       -29.070387993068437     
 
 part:           7
 comp:           0
   30.694417130200211        0.0000000000000000     
   2.7904037981937382        0.0000000000000000     
  0.27652652413169126        0.0000000000000000     
   2.7627762752356216E-002   0.0000000000000000     
   2.7625276250370658E-003   0.0000000000000000     
   2.7625027624788440E-004   0.0000000000000000     
   2.7625002762476365E-005   0.0000000000000000     
   2.7625000276247618E-006   0.0000000000000000     
   2.7625000027624767E-007   0.0000000000000000     
   2.7625000002762483E-008   0.0000000000000000     
 comp:           1
  0.12076887864764725        0.0000000000000000     
   1.1514860773567247E-002   0.0000000000000000     
   1.1462874680647766E-003   0.0000000000000000     
   1.1457714709789575E-004   0.0000000000000000     
   1.1457199095869921E-005   0.0000000000000000     
   1.1457147538306430E-006   0.0000000000000000     
   1.1457142382588363E-007   0.0000000000000000     
   1.1457141867016938E-008   0.0000000000000000     
   1.1457141815459799E-009   0.0000000000000000     
   1.1457141810304087E-010   0.0000000000000000     
 comp:           2
  -9.9060658523343580E-003  -0.0000000000000000     
  -9.4450631968040629E-004  -0.0000000000000000     
  -9.4024216101939518E-005  -0.0000000000000000     
  -9.3981891447036926E-006  -0.0000000000000000     
  -9.3977662124466683E-007  -0.0000000000000000     
  -9.3977239223612690E-008  -0.0000000000000000     
  -9.3977196933841309E-009  -0.0000000000000000     
  -9.3977192704867300E-010  -0.0000000000000000     
  -9.3977192281969937E-011  -0.0000000000000000     
  -9.3977192239680215E-012  -0.0000000000000000     
 comp:           3
  -30.694177944856872       -0.0000000000000000     
  -2.7903798796692931       -0.0000000000000000     
 -0.27652413227934042       -0.0000000000000000     
  -2.7627523567122069E-002  -0.0000000000000000     
  -2.7625037065136604E-003  -0.0000000000000000     
  -2.7624788439554397E-004  -0.0000000000000000     
  -2.7624763577242321E-005  -0.0000000000000000     
  -2.7624761091013575E-006  -0.0000000000000000     
  -2.7624760842390717E-007  -0.0000000000000000     
  -2.7624760817528438E-008  -0.0000000000000000     
 
 part: i_fks reduced
 comp:           0
   1.1111101223601887        306.94417130200213        276.25000000000000     
   1.0101009224230726        279.04037981937381        276.25000000000000     
   1.0010009923319139        276.52652413169119        276.25000000000000     
   1.0001000091350665        276.27762752356210        276.25000000000000     
   1.0000100000134173        276.25276250370655        276.25000000000000     
   1.0000009999923416        276.25027624788436        276.25000000000000     
   1.0000000999991441        276.25002762476356        276.25000000000000     
   1.0000000099999136        276.25000276247613        276.25000000000000     
   1.0000000009999912        276.25000027624759        276.25000000000000     
   1.0000000000999991        276.25000002762476        276.25000000000000     
 comp:           1
   1.0540925533894596        1.2076887864764725        1.1457141809731228     
   1.0050378152592119        1.1514860773567246        1.1457141809731228     
   1.0005003753127737        1.1462874680647765        1.1457141809731228     
   1.0000500037503124        1.1457714709789575        1.1457141809731228     
   1.0000050000375000        1.1457199095869921        1.1457141809731228     
   1.0000005000003747        1.1457147538306427        1.1457141809731228     
   1.0000000500000037        1.1457142382588361        1.1457141809731228     
   1.0000000049999997        1.1457141867016936        1.1457141809731228     
   1.0000000004999998        1.1457141815459797        1.1457141809731228     
   1.0000000000499998        1.1457141810304083        1.1457141809731228     
 comp:           2
   1.0540925533894596       -9.9060658523343573E-002  -9.3977192234981327E-002
   1.0050378152592121       -9.4450631968040627E-002  -9.3977192234981327E-002
   1.0005003753127739       -9.4024216101939520E-002  -9.3977192234981327E-002
   1.0000500037503126       -9.3981891447036919E-002  -9.3977192234981327E-002
   1.0000050000375003       -9.3977662124466677E-002  -9.3977192234981327E-002
   1.0000005000003749       -9.3977239223612674E-002  -9.3977192234981327E-002
   1.0000000500000037       -9.3977196933841295E-002  -9.3977192234981327E-002
   1.0000000050000000       -9.3977192704867291E-002  -9.3977192234981327E-002
   1.0000000005000000       -9.3977192281969921E-002  -9.3977192234981327E-002
   1.0000000000500000       -9.3977192239680193E-002  -9.3977192234981327E-002
 comp:           3
   1.1111110843881136       -306.94177944856870       -276.24760814765955     
   1.0101010098801588       -279.03798796692928       -276.24760814765955     
   1.0010010009988324       -276.52413227934039       -276.24760814765955     
   1.0001000100009785       -276.27523567122068       -276.24760814765955     
   1.0000100001000010       -276.25037065136604       -276.24760814765955     
   1.0000010000009998       -276.24788439554391       -276.24760814765955     
   1.0000001000000101       -276.24763577242317       -276.24760814765955     
   1.0000000100000004       -276.24761091013573       -276.24760814765955     
   1.0000000009999999       -276.24760842390714       -276.24760814765955     
   1.0000000001000000       -276.24760817528431       -276.24760814765955     
 
 part: i_fks full/reduced
 comp:           0
   9.9999999999999992E-002   30.694417130200211        306.94417130200213     
   1.0000000000000000E-002   2.7904037981937382        279.04037981937381     
   1.0000000000000002E-003  0.27652652413169126        276.52652413169119     
   1.0000000000000002E-004   2.7627762752356216E-002   276.27762752356210     
   1.0000000000000001E-005   2.7625276250370658E-003   276.25276250370655     
   1.0000000000000002E-006   2.7625027624788440E-004   276.25027624788436     
   1.0000000000000004E-007   2.7625002762476365E-005   276.25002762476356     
   1.0000000000000002E-008   2.7625000276247618E-006   276.25000276247613     
   1.0000000000000003E-009   2.7625000027624767E-007   276.25000027624759     
   1.0000000000000003E-010   2.7625000002762483E-008   276.25000002762476     
 comp:           1
  0.10000000000000001       0.12076887864764725        1.2076887864764725     
   1.0000000000000000E-002   1.1514860773567247E-002   1.1514860773567246     
   1.0000000000000000E-003   1.1462874680647766E-003   1.1462874680647765     
   1.0000000000000000E-004   1.1457714709789575E-004   1.1457714709789575     
   1.0000000000000001E-005   1.1457199095869921E-005   1.1457199095869921     
   1.0000000000000004E-006   1.1457147538306430E-006   1.1457147538306427     
   1.0000000000000002E-007   1.1457142382588363E-007   1.1457142382588361     
   1.0000000000000002E-008   1.1457141867016938E-008   1.1457141867016936     
   1.0000000000000001E-009   1.1457141815459799E-009   1.1457141815459797     
   1.0000000000000003E-010   1.1457141810304087E-010   1.1457141810304083     
 comp:           2
  0.10000000000000001       -9.9060658523343580E-003  -9.9060658523343573E-002
   1.0000000000000000E-002  -9.4450631968040629E-004  -9.4450631968040627E-002
   1.0000000000000000E-003  -9.4024216101939518E-005  -9.4024216101939520E-002
   1.0000000000000000E-004  -9.3981891447036926E-006  -9.3981891447036919E-002
   1.0000000000000001E-005  -9.3977662124466683E-007  -9.3977662124466677E-002
   1.0000000000000002E-006  -9.3977239223612690E-008  -9.3977239223612674E-002
   1.0000000000000001E-007  -9.3977196933841309E-009  -9.3977196933841295E-002
   1.0000000000000000E-008  -9.3977192704867300E-010  -9.3977192704867291E-002
   1.0000000000000003E-009  -9.3977192281969937E-011  -9.3977192281969921E-002
   1.0000000000000003E-010  -9.3977192239680215E-012  -9.3977192239680193E-002
 comp:           3
  0.10000000000000001       -30.694177944856872       -306.94177944856870     
   1.0000000000000002E-002  -2.7903798796692931       -279.03798796692928     
   1.0000000000000000E-003 -0.27652413227934042       -276.52413227934039     
   1.0000000000000000E-004  -2.7627523567122069E-002  -276.27523567122068     
   1.0000000000000001E-005  -2.7625037065136604E-003  -276.25037065136604     
   1.0000000000000002E-006  -2.7624788439554397E-004  -276.24788439554391     
   1.0000000000000001E-007  -2.7624763577242321E-005  -276.24763577242317     
   1.0000000000000000E-008  -2.7624761091013575E-006  -276.24761091013573     
   1.0000000000000001E-009  -2.7624760842390717E-007  -276.24760842390714     
   1.0000000000000003E-010  -2.7624760817528438E-008  -276.24760817528431     
