     
 Soft #           7
 ME*wgt:
   1.0055553978848191        3.4806694240801595E-018   3.4614397490200250E-018
   1.0000505056964488        3.4616145714452652E-018   3.4614397490200250E-018
   1.0000005089041684        3.4614415105611416E-018   3.4614397490200250E-018
   1.0000002687119223        3.4614406791501535E-018   3.4614397490200250E-018
  0.99999973434437328        3.4614388294690790E-018   3.4614397490200250E-018
  0.99999494815285028        3.4614222623554949E-018   3.4614397490200250E-018
  0.99983900476589582        3.4608824737172938E-018   3.4614397490200250E-018
   1.0047004285909238        3.4777099993820786E-018   3.4614397490200250E-018
   1.0000000005000000        3.4614397507507454E-018   3.4614397490200250E-018
   1.0000000000500000        3.4614397491930968E-018   3.4614397490200250E-018
 wgt:
   1.1111111111111114        7.2577453972594535E-004   6.5319708575335071E-004
   1.0101010101010099        6.5979503611449553E-004   6.5319708575335071E-004
   1.0010010010010009        6.5385093669004073E-004   6.5319708575335071E-004
   1.0001000100010000        6.5326241199455018E-004   6.5319708575335071E-004
   1.0000100001000012        6.5320361778952872E-004   6.5319708575335071E-004
   1.0000010000010000        6.5319773895108966E-004   6.5319708575335071E-004
   1.0000001000000101        6.5319715107306584E-004   6.5319708575335071E-004
   1.0000000100000004        6.5319709228532175E-004   6.5319708575335071E-004
   1.0000000010000001        6.5319708640654782E-004   6.5319708575335071E-004
   1.0000000001000000        6.5319708581867042E-004   6.5319708575335071E-004
