  0.02299539985796095  0.03385603423464922  0.04455990438879549  0.05565983654126944
  0.06558159347445544  0.07460667205923954  0.08366698372354929  0.09246009757621972
  0.10108549224442205  0.10960568644158113  0.11824646033686553  0.12782077423206090
  0.13803576821323899  0.14722402979966634  0.15567954366127376  0.16337038693478872
  0.17292620466361841  0.18202139996327987  0.19186746919202829  0.20084122108104591
  0.21007123634775571  0.22038141203055703  0.23088960457217406  0.24138875788396497
  0.25283500363957467  0.26464187477297718  0.27506070879514588  0.28441684921861832
  0.29314361616443818  0.30156588934754713  0.31015401929470682  0.31885231123763114
  0.32829797211510303  0.33858781543250388  0.34943315121510393  0.35896790897045916
  0.36886686629256471  0.37816484763953001  0.38747695429620188  0.39732669430240636
  0.40629312745790452  0.41531933821822575  0.42451722073748266  0.43401607863288177
  0.44463826460679601  0.45535375664360483  0.46724371731841313  0.47943831424163713
  0.49049600912157637  0.50135926020063692  0.51242847898869481  0.52347076415168980
  0.53471277245075766  0.54531569738348229  0.55621996807864094  0.56735826767692266
  0.57922031345084346  0.59166639747769556  0.60296080969569532  0.61277256942042335
  0.62251547968791665  0.63295808808080423  0.64377008036341743  0.65441010665108190
  0.66544110455383321  0.67786398763972044  0.68907378740118141  0.69937481254241773
  0.70957266475573377  0.72022052700422934  0.73191321216149863  0.74249904759705920
  0.75402522490803892  0.76478566100874645  0.77472124035890366  0.78503115249052580
  0.79636010898181986  0.80939869235966833  0.82129491332432358  0.83240060116715331
  0.84098533639838524  0.84947618886414433  0.85809737340933356  0.86616748189448911
  0.87472753250624824  0.88298455102231654  0.89090568659548164  0.89947475008151212
  0.90920612360346975  0.92013513646884149  0.93224793528115768  0.94379137903257437
  0.95485504016419132  0.96450479596159022  0.97110518110399091  1.00000000000000000
  0.02471381026675571  0.02893510763179457  0.03547048685179654  0.04397449875267649
  0.05207297920165629  0.05964124974504074  0.06683467944333321  0.07440600426955210
  0.08340774411941554  0.09283875726139094  0.10251564523936552  0.11244006356936105
  0.12373795895919852  0.13480346464842805  0.14555374082830405  0.15582622203254415
  0.16678277548218975  0.17724032922208169  0.18795409419323059  0.19933639894799957
  0.21062987071768141  0.22175831696367698  0.23298601178261549  0.24462899476566488
  0.25637694923062260  0.26653579214465406  0.27724999311350551  0.28777398401329546
  0.29753692736997894  0.30614221049298024  0.31530253425678051  0.32465132658484541
  0.33313256202813679  0.34121847264213490  0.34947927496581954  0.35976949238124339
  0.37185095523209338  0.38193615634610162  0.39042203799861086  0.39918519907445732
  0.40818972076263155  0.41754003456563604  0.42660183156624421  0.43498315218235950
  0.44391826129313244  0.45333053404676976  0.46257553045299699  0.47206351827726012
  0.48275612212777474  0.49484089255194302  0.50811577789587581  0.52121492958956972
  0.53265078913919550  0.54313056037571883  0.55279944910927215  0.56284731878819649
  0.57289163526291687  0.58326955608832776  0.59402798149072311  0.60484657259122521
  0.61582190709725670  0.62597023346930769  0.63554026261919894  0.64539091563621764
  0.65715955744446786  0.66833000612579807  0.67771063158761402  0.68657008461884783
  0.69574527056614999  0.70484168377604828  0.71345399377810070  0.72153708027851204
  0.72991059977985140  0.73969919224656133  0.75234032762718350  0.76741563632289522
  0.78204323314020285  0.79500704120405041  0.80756481196304197  0.81895778089464666
  0.83043465941261041  0.84225878485643901  0.85517563781094774  0.86724133024456196
  0.87909867110915452  0.89092697140573218  0.90193984766418167  0.91277924249059461
  0.92323992608251493  0.93270709466040413  0.94166001141592304  0.95025671402392364
  0.95841959753125472  0.96630256370038758  0.97080076842944985  1.00000000000000000
  0.00974001173715437  0.01485196603428926  0.02383363557829255  0.03398706736991781
  0.04440012472982083  0.05431429071315336  0.06424898929475809  0.07435813395433229
  0.08493738614362224  0.09550401086063340  0.10637843248108993  0.11747820987676483
  0.12847614600189744  0.13868005252992735  0.14818933271873219  0.15777621767255123
  0.16776854061891100  0.17835505681307745  0.19007364964212536  0.20220632481697312
  0.21420135348166369  0.22539185732248948  0.23646425812443236  0.24774801378808500
  0.25939314647140682  0.27055753257805487  0.28024484596206745  0.28966863643686025
  0.29947900878068162  0.30978895638770748  0.31994655327830751  0.32959460710878596
  0.34170030862972550  0.35373071225409852  0.36593842631708318  0.37713225030872150
  0.38916112115065549  0.40304819487207222  0.41872915010738487  0.43435248459203568
  0.44799845348563122  0.46056019581633317  0.47229110346319536  0.48335203037341817
  0.49366561671573356  0.50405759142652695  0.51446511963544439  0.52481774226385358
  0.53524353780954315  0.54555162734010465  0.55503385140084138  0.56412050665515712
  0.57336708751378895  0.58215680241106349  0.58970179909426557  0.59692869901570911
  0.60438417935379973  0.61215525355155986  0.62082085176237445  0.62945898857635130
  0.63712496259825135  0.64516247376649660  0.65414712368452321  0.66370851910557871
  0.67243362867410372  0.68099495038456026  0.69138180958880358  0.70402876553423699
  0.71688832854967555  0.72881359655066413  0.74018516175476723  0.75069915197603532
  0.76024644237151295  0.76944644186840494  0.77886901212748250  0.78825394621329492
  0.79834688638195772  0.80656981233085501  0.81477345973568094  0.82308493842449681
  0.83274347263840698  0.84383185658503379  0.85487716302289718  0.86380494147912734
  0.87317587603168978  0.88309556216467477  0.89348434670277954  0.90440720975507183
  0.91515909908457937  0.92559694189842334  0.93539933273967479  0.94516311383688623
  0.95556964252876042  0.96730384060404173  0.98207478470065301  1.00000000000000000
  0.00197424451956181  0.01646893229749329  0.03114060079700505  0.04410909906347153
  0.05700740894266961  0.06701639059262243  0.07652056477170800  0.08549044845929175
  0.09383267776590774  0.10211341613386950  0.11115457241529662  0.11895769870577902
  0.12696288300348874  0.13724513695745416  0.14824271188213961  0.15887475143687946
  0.16892422738772381  0.17865940435451902  0.18921818767252291  0.20101605102144637
  0.21196896509059437  0.22119899597592133  0.23085797327957713  0.24078179095928562
  0.25033951844552121  0.25871282164403331  0.26716154238239359  0.27619999217535440
  0.28650836836208710  0.29592502019346884  0.30476689573054827  0.31340070862610919
  0.32208617651838334  0.33026465456128556  0.33832738993753103  0.34644062395423281
  0.35602898855916343  0.36889341743168513  0.38342484885732631  0.39724477413100062
  0.41039437551511920  0.42146666588958065  0.43041224508049386  0.43933853537731948
  0.44834882895200889  0.45701084562383421  0.46525777306659444  0.47268802968713874
  0.48064743102292679  0.49066863181440140  0.50057124182350621  0.51080176559771695
  0.52095946352833822  0.53137636252198062  0.54122007461638499  0.55091742982385283
  0.56148654499763262  0.57262113159562267  0.58469697306648050  0.59696904848734611
  0.60795218620055125  0.61743841416077727  0.62731207753293394  0.63780595238984628
  0.64846304433281432  0.65911322649086523  0.66965330069149742  0.68111683891480745
  0.69366970592106691  0.70627400471162927  0.72003205236993395  0.73261526281253009
  0.74377896535446508  0.75386544536225042  0.76374181781823480  0.77379704428227802
  0.78401122995415029  0.79441873608814007  0.80491396970034468  0.81527977991237011
  0.82587905572855957  0.83738133573334950  0.84959940970428660  0.86083473240875485
  0.87161785351650889  0.88269656428386745  0.89445766175407426  0.90620346879542124
  0.91805069495618108  0.93044339872909521  0.94272621060337436  0.95460053787109034
  0.96650386144573164  0.97765868412366097  0.98871848306651211  1.00000000000000000
 -0.00026281767407177  0.00185135735550588  0.00343388367659381  0.00523968705945877
  0.00740486572937769  0.01019775062575325  0.01333447161053699  0.01665494274817911
  0.02046926507036423  0.02475650527085336  0.02919618845910197  0.03369154381815175
  0.03854445352357379  0.04337796066452815  0.04818508275084860  0.05293496685043694
  0.05842953335328954  0.06538720613566262  0.07226508973003420  0.07816532255565926
  0.08452292212568385  0.09252809859614944  0.10063683922014281  0.10806642328010813
  0.11480061780143153  0.12234382272871176  0.13015984202613404  0.13773026406352445
  0.14558197089426117  0.15465950505955431  0.16562682798482070  0.17685311389201194
  0.18770970399988843  0.19736660193427963  0.20766055449036688  0.21723812129307690
  0.22634752599102023  0.23647556593692334  0.24771299096421376  0.25961993344395257
  0.27173622151411897  0.28304535463912212  0.29359184118488080  0.30361901198166374
  0.31361563919441926  0.32442917134584143  0.33555140426860836  0.34716608010530187
  0.35922396672412765  0.37204411514629776  0.38459845714389113  0.39701920148333480
  0.41004625219475976  0.42352124962284476  0.43702014581625120  0.45052180220223231
  0.46446092364562624  0.47804107408092583  0.49140837443394908  0.50412812456226042
  0.51703942145553594  0.53037438135739234  0.54233913195947470  0.55380882547454457
  0.56546183268579087  0.57642930347999000  0.58819444728942361  0.60005158441467610
  0.61265560953062459  0.62682271896430886  0.63940863241435075  0.65091815997902513
  0.66301093843553038  0.67550886262861454  0.68985040670671827  0.70491257957717246
  0.72096331066369712  0.73775593309808518  0.75407667329614669  0.77050584639273656
  0.78677315300806372  0.80302564263464948  0.81975750084697918  0.83460237271316939
  0.84862244738194281  0.86173022813176570  0.87415468283290487  0.88697956340207573
  0.90028114872239895  0.91449054067056379  0.92866727929069248  0.94284980978785815
  0.95699681187583041  0.97112713283224761  0.98544348465209275  1.00000000000000000
 -0.00368426339054256  0.01454606215143187  0.02533281199670234  0.03402087012205385
  0.04310371521058305  0.05316000440515127  0.06298200661571111  0.07227804862004382
  0.08102488896511008  0.09122103129202773  0.10315910921136706  0.11559797177544617
  0.12919084681876331  0.14287654424105747  0.15558014002231293  0.16735908715709424
  0.17909198647510458  0.19125399729432574  0.20335474278183366  0.21365417769369091
  0.22257147011002551  0.23034999085113292  0.23700030815811551  0.24341460173915130
  0.25046227649937419  0.25750059573996409  0.26441611140288312  0.27182221595173006
  0.27994851300108431  0.28880714257563533  0.29814290731663978  0.30843801968444479
  0.31973368370223476  0.33157167616939581  0.34323666171336431  0.35457970688676876
  0.36576556411731187  0.37654853551279605  0.38676357611410850  0.39613401358376565
  0.40527028166986456  0.41498030099784156  0.42575762925775917  0.43463860199182003
  0.44317113244882045  0.45206159143114416  0.46204830855532408  0.47471038948652300
  0.48807373007294835  0.50194584532862740  0.51683463258335283  0.53066793580810157
  0.54284600912834435  0.55554804222476406  0.56674979757483590  0.57890127579699679
  0.59043675144283858  0.60226447657310112  0.61323299841873813  0.62365596563881009
  0.63569589495021972  0.64796233174342288  0.66054781895527381  0.67106151072148434
  0.67986396252770276  0.68857194577553149  0.69702016584742743  0.70531153643326316
  0.71336168981021975  0.72157676856677333  0.73026108024772463  0.74011732027282862
  0.75049912156278731  0.76135842141357934  0.77179053592941893  0.78174748272209205
  0.79169473163377146  0.80165932260792583  0.81189515834304427  0.82184604254925941
  0.83172015050277492  0.84216175244719493  0.85285551917289426  0.86316081608382378
  0.87323695115668998  0.88369728800566172  0.89472186135461995  0.90714685153363028
  0.91975305274348795  0.93272790994931909  0.94360613182495356  0.95438562641347657
  0.96485712267989543  0.97554131018125145  0.98721391057793551  1.00000000000000000
 -0.00182691103813320  0.00856852718069829  0.01815027089696183  0.02852102157356201
  0.03901295139526276  0.05026816765336974  0.06246969051779822  0.07340983119724928
  0.08375220571608818  0.09351424453374949  0.10292460619491010  0.11398158142981750
  0.12419770720081369  0.13439631997392373  0.14452294334006657  0.15617499530638429
  0.16740893944960325  0.17883745351687172  0.18945222663359074  0.20243196612428618
  0.21494986266104774  0.22697919519100745  0.23888847387192622  0.25065485198129356
  0.26225838874021190  0.27348889513145064  0.28434599944311639  0.29523267431971356
  0.30702627167089602  0.32005416207367837  0.33318247764256442  0.34627801136330005
  0.35893910745893420  0.37071059501971265  0.38140344314171915  0.39112271969195794
  0.40171862095361582  0.41131845645070547  0.42071493366535478  0.42923826251904562
  0.43810201704096657  0.44705881327651659  0.45615759313038745  0.46564835566702578
  0.47606112314143539  0.48582756781958480  0.49417004180859686  0.50183005133566083
  0.50902862233253532  0.51641461235942987  0.52435787743781737  0.53258385488056825
  0.54106795459912227  0.55142144426512718  0.56092519169977939  0.56972708484575973
  0.57908471648580107  0.58852593093960370  0.59832261379549656  0.60724904767648580
  0.61569836507163023  0.62478666060872445  0.63429958688666133  0.64447169765208567
  0.65386776206522268  0.66215548195765384  0.67132531381068716  0.68283132639570587
  0.69405039684167680  0.70527668196344440  0.71589248429206354  0.72615164148154432
  0.73541460031640149  0.74576539107379369  0.75772230598490264  0.77059429990839878
  0.78337231230530568  0.79576313543461807  0.80764574362424935  0.81933609219560011
  0.83082221989778438  0.84274522056356349  0.85534255683244720  0.86714324272589904
  0.87868527247653938  0.88827197471274122  0.89935020758920170  0.90964797958861421
  0.92041434614986761  0.93048455547307130  0.94086733986022075  0.95127094814132118
  0.96232217107548423  0.97423835827423644  0.98712209927900318  1.00000000000000000
 -0.00300932450039009  0.01126396269694581  0.02323405572910153  0.03613033729861725
  0.04868977417279614  0.05987711809989641  0.06998477960950519  0.07967121595132336
  0.08947342583840937  0.09939528262207613  0.10836219995772604  0.11677658345587977
  0.12483414706703599  0.13189446542129096  0.13911700546401781  0.14648893455257955
  0.15366630447456026  0.16095536374240116  0.16860632741262108  0.17644819938968528
  0.18429695583251712  0.19375415682770047  0.20524538382096569  0.21677794712883283
  0.22811729331262762  0.23935109978820243  0.25060943425266941  0.26184124411764009
  0.27363742461287155  0.28658032426156727  0.29935375163736505  0.31169818542241901
  0.32465658538450992  0.33679383524913065  0.34703480218349125  0.35634901574433681
  0.36574037399175224  0.37549532990135970  0.38493224626147426  0.39463039890820628
  0.40513259024334858  0.41579043494564649  0.42568220381331073  0.43537916852083813
  0.44610512565518051  0.45780469857914613  0.47063112736460727  0.48488592554044729
  0.49886257999368738  0.51180820089070833  0.52301459876881595  0.53398302963030042
  0.54408307296980507  0.55442399069257997  0.56410020126526939  0.57263733398135319
  0.58188486513516557  0.59289841490319573  0.60377365987619280  0.61329163489772798
  0.62276336102545793  0.63365153976689781  0.64418296282962240  0.65458380132075433
  0.66463250761122605  0.67455189645333780  0.68463629147069105  0.69490055864812483
  0.70515349869625554  0.71456585904728409  0.72431150176787695  0.73543278941299395
  0.74756548769481412  0.75844481629175842  0.76816610843168887  0.77791047745803565
  0.78818655132300008  0.79932746292431278  0.81113197096756584  0.82337359596641324
  0.83444590541779828  0.84555866913176492  0.85732024237010174  0.86983559490442486
  0.88284321770606067  0.89566278186029646  0.90765635192401972  0.91912672729848610
  0.93080440860795288  0.94098546564089347  0.95169350393650309  0.96230846009855386
  0.97266874538994119  0.98218413060319831  0.99091745384285057  1.00000000000000000
 -0.00209189386931420  0.00989569108251347  0.01930286579889122  0.02798876987934969
  0.03655293217156033  0.04574704447788214  0.05484086188934046  0.06438907043796381
  0.07491885709496016  0.08600218101365931  0.09669222772915301  0.10646607331962658
  0.11426946978546543  0.12196403883949709  0.12954662271739106  0.13722259933817013
  0.14489356809805132  0.15230767756688968  0.15985728604117813  0.16792989176655032
  0.17760901333063991  0.18856752642882779  0.20090651657448091  0.21322248907638394
  0.22423977989551622  0.23370199332601180  0.24224464041208385  0.25074912789445702
  0.25964112955724639  0.26872559186857981  0.27768882864085664  0.28644621821772653
  0.29578819857900329  0.30708378165160194  0.31850873074984515  0.32971491905508832
  0.34033435553225544  0.35050653622890254  0.36017682309983151  0.36959265008643505
  0.37932204009522685  0.38930026278433610  0.39985886600508330  0.41059600150994308
  0.42267846751186655  0.43633131819793008  0.45001141614247392  0.46347102671074608
  0.47647787922270901  0.48841235968678004  0.49971227702207432  0.51136409803009097
  0.52360825515032983  0.53582996984728937  0.54786508553283098  0.55954935406593653
  0.57069723460711086  0.58173996484188750  0.59306142686053265  0.60454098162531589
  0.61614184057450483  0.62780513594431220  0.63944317629175418  0.65132055285596646
  0.66380748310048010  0.67586174198416971  0.68802122027780122  0.69976187591211703
  0.71209286158453367  0.72356162975929983  0.73445199666898930  0.74498929874165165
  0.75510496638115199  0.76530159495897931  0.77454616923151642  0.78367901406443063
  0.79402290015212851  0.80351114162154358  0.81303749241358803  0.82139240551361892
  0.82947048972062565  0.83796837261003454  0.84737931258882671  0.85762550947554783
  0.86833733191500972  0.88098221797041676  0.89405135220637222  0.90549242267048990
  0.91637836160759578  0.92733294878889194  0.93978928057575795  0.95202583548701503
  0.96564751314727337  0.97862180275645327  0.98980622526208251  1.00000000000000000
 -0.00232718802787110  0.00979167153756511  0.01991547094479814  0.02934001693174646
  0.03938554581082884  0.04995030715721012  0.06106612054867159  0.07233866578341688
  0.08463290808273774  0.09763603169041879  0.11089844175510614  0.12375399837913405
  0.13611121844950436  0.14785413940841302  0.15667635392389956  0.16587376374069296
  0.17593826256937373  0.18711266117927439  0.19581044632537392  0.20371769841174081
  0.21111833378683942  0.21894717653172105  0.22725531429488927  0.23604853847980994
  0.24506079380851775  0.25593620507440729  0.26859139142280752  0.28075574769884820
  0.29268340512147994  0.30499243574860457  0.31710438241468714  0.32800153068638427
  0.33842612946137457  0.34939648036058796  0.36045618402543611  0.37112925025574783
  0.38201015026720875  0.39284238129204463  0.40487304838082078  0.41608190548999241
  0.42661021690729167  0.43704839906190535  0.44765357896025271  0.45747428466630091
  0.46608916462033084  0.47452970561542002  0.48250199564953417  0.49050439512780414
  0.49845306552257967  0.50789634591005273  0.51836252515053016  0.52892313140943903
  0.53898969191994783  0.54885972495661817  0.55918376633424216  0.57064929538809406
  0.58146707267435616  0.59283025057281158  0.60397495616884345  0.61513835083233204
  0.62718602777602728  0.63916840661184571  0.65165353073266774  0.66359058919424929
  0.67555792609062615  0.68681431301259233  0.69717064673236517  0.70855091989728902
  0.72349673184150043  0.73977514679287426  0.75206713519437673  0.76187612419251671
  0.77049975512321101  0.77822353020368396  0.78627445092390102  0.79603124996067431
  0.80544430308061155  0.81491140926235783  0.82360957872107821  0.83282808126529151
  0.84299790435616773  0.85360402809619418  0.86560663978941943  0.87973670577821739
  0.89524557779284675  0.91019018296614007  0.92154794122630623  0.93028926736742079
  0.93881876426519606  0.94733049400564395  0.95605618310159612  0.96531600128042527
  0.97391777319827832  0.98231725462820740  0.99114641229896061  1.00000000000000000
 -0.00215468027367129  0.00830546251109031  0.01624367512948962  0.02368395008645762
  0.03087705138394568  0.03746010388759193  0.04538857805902889  0.05395939083366837
  0.06281743189872792  0.07140553099262939  0.08004907359768898  0.08915101143681842
  0.09899835774960401  0.10910401725883759  0.12042759199072482  0.13224085098669797
  0.14364580241101935  0.15435178343141318  0.16536068893494626  0.17629873383859168
  0.18670643299431555  0.19760037635078079  0.20836516551224935  0.21967889706465291
  0.23088410076740731  0.24278048458953960  0.25574360938190061  0.26708138111459273
  0.27722253912201295  0.28687736714285539  0.29729718531507121  0.30804499188905604
  0.31760839130966562  0.32699544235334577  0.33682984520622833  0.34858692738160713
  0.36182734175858111  0.37576862847204229  0.38993101333660235  0.40369748064178618
  0.41662437685560699  0.42911598604281354  0.44078472139806657  0.45102163952482588
  0.46217567196438919  0.47265660203628684  0.48244823609183152  0.49237506882262572
  0.50340264327492834  0.51610505834212717  0.52755661374531704  0.53756740913962331
  0.54733076591777829  0.55716153143225156  0.56727290923322427  0.57798746003884438
  0.58964741190551495  0.60268208398784462  0.61637754270917877  0.63004472062007744
  0.64332390159843267  0.65555672893139416  0.66669509092405266  0.67776394517262217
  0.68842178944249843  0.69978657226193230  0.71118822356806921  0.72214749069129458
  0.73345913575920618  0.74521285548214544  0.75725838473180351  0.77005929594941092
  0.78373289727231010  0.79547088857223602  0.80399383106971145  0.81151064250247573
  0.81890538894294185  0.82622896322767447  0.83354539304872310  0.84125750339920713
  0.84991445797588394  0.85857042662682204  0.86742059149962714  0.87602031568123173
  0.88466879512736918  0.89351472832624501  0.90326018232345318  0.91340094223960189
  0.92242835070018192  0.93182629014939722  0.94277156035692700  0.95543386864207436
  0.96680537923696463  0.97738802553193815  0.98795707952141310  1.00000000000000000
 -0.00229837388799616  0.00906184978168792  0.01853571861644847  0.02908539987435861
  0.03932885084429348  0.04985039818140231  0.06094968111782754  0.07320932930773519
  0.08588834670809635  0.09699836146547204  0.10793155299397397  0.11865562650660733
  0.12929172305717829  0.14066246808355157  0.15218467523352061  0.16328620114458317
  0.17409277444335652  0.18434852499498613  0.19530733163687788  0.20665951554907011
  0.21973813044713328  0.23117621843102690  0.23999778976334712  0.24802648146863551
  0.25627334271614260  0.26457233151345577  0.27320809166977350  0.28173376742182521
  0.29032641194998310  0.29998501512156989  0.31052922381468656  0.32137928177070302
  0.33024551903012922  0.34124279365604648  0.35194072411275035  0.36357149090920715
  0.37521612273188437  0.38576059165705789  0.39528671411663635  0.40407335036195124
  0.41212561313643603  0.41977478730356815  0.42726194847603222  0.43553256154850795
  0.44499403484856814  0.45402126921758457  0.46540517460438047  0.47817104136378469
  0.48902911203926935  0.49875571603534952  0.50779629620158317  0.51686632468579607
  0.52654259590887420  0.53688144245917402  0.54918508155096935  0.56258948665728081
  0.57678290774195584  0.59049300931737014  0.60410853106028595  0.61808590999281021
  0.63143606797859164  0.64595954363065944  0.66012496134592991  0.67493528211756382
  0.68844660620739284  0.70179667888332875  0.71363868523536911  0.72482456571460208
  0.73504162783344762  0.74448621360098455  0.75409509780578032  0.76298718083352079
  0.77217586302505636  0.78143907863641004  0.79230817768107542  0.80310768752987316
  0.81389068903865336  0.82386483925741261  0.83398016317865098  0.84474498949485566
  0.85555023420390175  0.86572744827213677  0.87497604261861517  0.88411421520809519
  0.89326069661159724  0.90250171666264500  0.91206909473125253  0.92175467993156190
  0.93156096266634048  0.94148489983680494  0.95113494586191183  0.96058545903376857
  0.97030618093971621  0.97986499843145280  0.99013709590302368  1.00000000000000000
 -0.00734330964984854  0.03809213884457473  0.05865236525885544  0.07484895505633825
  0.08694574510987496  0.09902570728948390  0.11324197995142327  0.12793033694406394
  0.14153275347639210  0.15449201889753622  0.16768895274019460  0.18204177753604223
  0.19582299305563861  0.20889498814588509  0.22186784134115639  0.23476094744247963
  0.24734488553742884  0.25931878457414892  0.26988615126205129  0.27966612368444438
  0.28942053359762948  0.29967105880590578  0.30988992909212942  0.31959172638860101
  0.32873674993276591  0.33717444792833379  0.34491232836369451  0.35268248157842419
  0.36096351212834432  0.37014767944856153  0.37925889029192833  0.38767260479413734
  0.39575512967684057  0.40384914937691430  0.41271189056598873  0.42217633214693218
  0.43286548669869873  0.44509654619299172  0.45615980161506775  0.46436697174659530
  0.47249298840910881  0.48006710086544446  0.48711110466329449  0.49316215830445798
  0.49923865023037095  0.50542392207207454  0.51236921809280300  0.51974739845151785
  0.52732553139941485  0.53473138456156866  0.54125833705971416  0.54720559363875221
  0.55331107307977978  0.55984786388850249  0.56601220955765263  0.57164078886373992
  0.57732030698449466  0.58321674779797461  0.58969358804915561  0.59599938549395293
  0.60103771272026130  0.60643564579697806  0.61285348721148947  0.62010986240383481
  0.62785487428895670  0.63584658688427365  0.64429148039129480  0.65309423772584463
  0.66173994856662388  0.67005722868896955  0.67825152724926396  0.68732094777074559
  0.69912836385337906  0.71057655268256203  0.72188302975317353  0.73265856002996677
  0.74291500839123803  0.75267319368264074  0.76166488073952754  0.77102807500372839
  0.77977758260502250  0.78922270538555506  0.79895806701653937  0.80986948103727285
  0.82082943842975564  0.83188623708983322  0.84367687150436488  0.85722939980108581
  0.87060626948581621  0.88279780931629759  0.89544117042758564  0.90917327799375725
  0.92395467011444998  0.94054043382147601  0.96254204477271887  1.00000000000000000
 -0.00164365608258240  0.00645606713613332  0.01509920954922573  0.02334929819262633
  0.03107472418142797  0.03925984686597479  0.04730858464893848  0.05519866743140603
  0.06295476705254288  0.07075756886171132  0.07838190552628931  0.08632327171120709
  0.09600950893375272  0.10609564030924064  0.11648130508330376  0.12732975305870040
  0.13892343746129382  0.15176270792387681  0.16394221853621241  0.17576723921222334
  0.18728354746625941  0.19888391420988247  0.21016242430826801  0.22069188185964864
  0.23041428069433584  0.24054180993102783  0.25108837395506001  0.26218237331297489
  0.27278502318277675  0.28319850688906073  0.29457258935157316  0.30669532194767407
  0.31860853085916135  0.32943691359964772  0.33888529565619457  0.34778407034666292
  0.35719708608893053  0.36698592046604095  0.37656509691789580  0.38595317206818514
  0.39423212391390694  0.40652570986953701  0.41752622493891028  0.42712013941812105
  0.43696193194609789  0.44778454223552433  0.45815534609004022  0.46761313947959987
  0.47698252696355836  0.48879454999661531  0.49960512704177823  0.50997641605622601
  0.51883922297894147  0.52779367038722513  0.53687158582359351  0.54680187392861390
  0.55801605203040172  0.56924008959381833  0.58046583181306810  0.59135025109508521
  0.60243181840601756  0.61288399972651175  0.62288539506119633  0.63259861703563269
  0.64331304040443582  0.65426509244389874  0.66356143816065971  0.67259182399222306
  0.68143345105900588  0.69054022631192147  0.69928494204158531  0.70847242880762640
  0.71889788748606998  0.73027585203713663  0.74126530890580178  0.75207001639102999
  0.76162556272669657  0.77147449017309366  0.78100052342700610  0.79173329473646492
  0.80303040104395174  0.81581005296143705  0.83003990255375182  0.84421292952633353
  0.85685223904455343  0.86753181589699502  0.87752420711033730  0.88810687799807986
  0.89912452250841568  0.91095474891262329  0.92321837329992640  0.93668606017250522
  0.95138605254671726  0.96632940957386915  0.98088771692145804  1.00000000000000000
 -0.00547529640902618  0.17383909481143678  0.22719778758452144  0.26929131649029026
  0.30097975551446882  0.32996349505792721  0.35841947303962052  0.38462388227056243
  0.40789765136076517  0.42717466842354906  0.44506255982007820  0.46234398743401839
  0.47874808280921222  0.49333695668464062  0.50735153429928526  0.52067434383196487
  0.53237972007134393  0.54319545413934500  0.55390507644091413  0.56407936311100648
  0.57455253630988856  0.58510504631316795  0.59532903941103432  0.60518653407841727
  0.61408879315408949  0.62215428147358420  0.63008284375140899  0.63819727245885238
  0.64671261130035751  0.65539603686218906  0.66405149652863238  0.67243766438552721
  0.67972485797817228  0.68607908883582391  0.69235621010652726  0.69849666300219893
  0.70538003279213357  0.71282235083700352  0.72025989155113934  0.72702486259099042
  0.73286416622438033  0.73839122837500482  0.74400367802648615  0.74976143775733006
  0.75473542813526884  0.75962414888881036  0.76499324041750016  0.76990611079012483
  0.77448353572017226  0.77843290351857886  0.78236923960529259  0.78662882614126672
  0.79107655101141172  0.79521777418352302  0.79927447519254224  0.80313255475514123
  0.80725150660318978  0.81108885893384097  0.81549305908924086  0.81999564233115374
  0.82466345772827299  0.82949139872621536  0.83410532081674238  0.83835514312239856
  0.84233837967394398  0.84617470042138654  0.84996249685784075  0.85377792951644416
  0.85778147517717307  0.86163717208299828  0.86542135012962285  0.86907312708855966
  0.87259977530308053  0.87621936826505631  0.87985149163982945  0.88377465693054447
  0.88794666489284324  0.89230207695911179  0.89676990279092084  0.90127793270471401
  0.90580002209054944  0.91058476920207809  0.91546580744190564  0.92029902423755972
  0.92506394306300799  0.92970985658507499  0.93428546889060837  0.93910896871902350
  0.94408049792060089  0.94896363886556356  0.95361875462952983  0.95877126473525365
  0.96445548908797807  0.97181693119020829  0.98182792280957776  1.00000000000000000
 -0.02325161683415725  0.13639222645585605  0.17448374348962575  0.19968939470253061
  0.21761722295285868  0.23344060104300032  0.24715773819368825  0.25720460678675261
  0.26531544770078225  0.27361899424843406  0.28255292003577526  0.29225207665067182
  0.30080111373491475  0.30894336812228268  0.31624590781933376  0.32270342112995143
  0.32924858199718815  0.33577215779445641  0.34203968468380269  0.34815602418707592
  0.35361875085156957  0.35877291157339486  0.36354767179195557  0.36871111655369576
  0.37400592596306381  0.37972575374599588  0.38536029793802051  0.39099509841800401
  0.39644547227534588  0.40158429768864812  0.40624793081434851  0.41081069996175046
  0.41526173553955598  0.41991790606708523  0.42464573477885947  0.42950037325929780
  0.43427483570793002  0.43885723115892195  0.44321222642407065  0.44745255784288729
  0.45180214779441846  0.45651823625338783  0.46158071652755744  0.46612771091934319
  0.47036186346832615  0.47441094366909320  0.47862668056547036  0.48346845498383145
  0.48838312035460368  0.49317808710574651  0.49783114332400452  0.50253328325924695
  0.50747530172059696  0.51253143137363100  0.51793367037041271  0.52306604880503715
  0.52803704881159708  0.53296704172965603  0.53796479376352246  0.54313171375808666
  0.54854732727567534  0.55425311304309721  0.56033937157720948  0.56600016609155857
  0.57116088707496881  0.57594242516217620  0.58049077309245767  0.58512515654479813
  0.59037531435730195  0.59645082736799249  0.60317429513042919  0.61014233575139121
  0.61689498111804753  0.62326475622816491  0.62923936846751671  0.63547474770982226
  0.64215081763868342  0.64956623884627329  0.65645636814806030  0.66318808466687340
  0.67000125516539277  0.67626584848423688  0.68263086004947837  0.68959865645237650
  0.69738240773610516  0.70718283942419091  0.71729255555433702  0.72973566891900210
  0.74290189567616582  0.75724294484727639  0.77216515395499175  0.78784483931145122
  0.80558106159837894  0.82828767356022759  0.86613952342580935  1.00000000000000000
   6.8435379204368066E-013  -1.0000000000000000     
 T F F T F F F F F F F F T F F T T F F T F F F F F F F F T F F T T F F T F F F F F F F F T F F T T F F T F F F F F F F F T F F T T F F T F F F F F F F F T F F T T F F T F F F F F F F F T F F T T F F T F F F F F F F F T F F T T F F T F F F F F F F F T F F T T F F T F F F F F F F F T F F T T F F T F F F F F F F F T F F T T F F T F F F F F F F F T F F T T F F T F F F F F F F F T F F T T F F T F F F F F F F F T F F T T F F T F F F F F F F F T F F T T F F T F F F F F F F F T F F T T F F T F F F F F F F F T F F T T F F T F F F F F F F F T F F T T F F T F F F F F F F F T F F T T F F T F F F F F F F F T F F T T F F T F F F F F F F F T F F T T F F T F F F F F F F F T F F T T F F T F F F F F F F F T F F T T F F T F F F F F F F F T F F T T F F T F F F F F F F F T F F T T F F T F F F F F F F F T F F T T F F T F F F F F F F F T F F T T F F T F F F F F F F F T F F T T F F T F F F F F F F F T F F T T F F T F F F F F F F F T F F T T F F T F F F F F F F F T F F T T F F T F F F F F F F F T F F T T F F T F F F F F F F F T F F T
  <DiscreteSampler_grid>
  grouped_processes
  1 # 1 for a reference and 2 for a running grid.
  10 # Attribute 'min_bin_probing_points' of the grid.
  1 # Attribute 'grid_mode' of the grid. 1=='default',2=='initialization'
  0.0000000000000000 # Attribute 'small_contrib_threshold' of the grid.
  0.5000000000000000 # Attribute 'damping_power' of the grid.
 # binID   n_entries weight   weight_sqr   abs_weight
    13   10   2.835614728781843E-002   3.739105942178023E-003   2.835614728781843E-002
    14   10   2.835614728781895E-002   3.739105942178167E-003   2.835614728781895E-002
    16   10   3.697572805502965E-002   6.354109230880496E-003   3.697572805502965E-002
    17   10   3.697572805503051E-002   6.354109230880799E-003   3.697572805503051E-002
  </DiscreteSampler_grid>
