  0.02410986419358165  0.03171997164932576  0.04123818581044787  0.05078833649177651
  0.06039456764204833  0.07027610464229499  0.08018662955333328  0.08981344941770270
  0.09892941664796182  0.10796677716188965  0.11733247168915481  0.12687202540412179
  0.13664821648774947  0.14688861258081867  0.15778249889635038  0.16873628932420009
  0.17912515762248321  0.18917317216062501  0.19954930575345281  0.20976581709104528
  0.21980904152130926  0.22987696110325556  0.24032933640084109  0.25162355716371931
  0.26258136743522720  0.27346303543609607  0.28380333439576350  0.29425444972510650
  0.30433699120323415  0.31450260017408999  0.32470210106930447  0.33523620651584379
  0.34560533221223422  0.35586991641652255  0.36620192364246923  0.37682591800081833
  0.38744776924531626  0.39809404483980559  0.40853231375202248  0.41899940300701166
  0.42896276562060964  0.43872186538803976  0.44822423121353749  0.45828022546240421
  0.46856404283557840  0.47851794793261648  0.48773358158688440  0.49685784930665716
  0.50650530999888466  0.51602014426132370  0.52539646922607697  0.53496723103986366
  0.54508563167713331  0.55579796256883041  0.56644248341674697  0.57683879026186224
  0.58681950982068865  0.59648916836939248  0.60597367976043293  0.61496283826413267
  0.62371347856434944  0.63244918600920075  0.64142921601398195  0.65083948478572629
  0.66049650240666813  0.67010662015250499  0.67990674219157243  0.68950461207017599
  0.69897240731012122  0.70851349192567814  0.71790677483063836  0.72767307776476087
  0.73797494217805160  0.74856734163416483  0.75936157764653878  0.77042499639410289
  0.78184703479677820  0.79286377339221670  0.80368453752374547  0.81469379473202608
  0.82610755682662118  0.83757902447312138  0.84870289781451336  0.85989600664871246
  0.87097309531907630  0.88150461786039747  0.89186678076973036  0.90242457414439015
  0.91305501511822196  0.92381047653501092  0.93426641289382384  0.94458853466667114
  0.95527839970345507  0.96522414603966944  0.97110494582870377  1.00000000000000000
  0.02399966798038797  0.03195107588730334  0.04210466219168729  0.05213664088193284
  0.06211701938272041  0.07168703879380407  0.08129913446790872  0.09072920509808158
  0.10003097849298981  0.10926667638628026  0.11813975317860326  0.12739347080397892
  0.13658588676225253  0.14579749485216315  0.15484995229373910  0.16408461248341469
  0.17407698844329095  0.18435486773120752  0.19443131265405844  0.20420628391691745
  0.21420443585292742  0.22437640310757545  0.23484859646449674  0.24515757001520033
  0.25595940914254428  0.26697614971895228  0.27807218695264485  0.28899700094147773
  0.29917326147583045  0.30917759593764488  0.31929817938484295  0.32971435428067242
  0.33942071330436696  0.34906424364263794  0.35860351611940822  0.36821993743448894
  0.37741623105622252  0.38671719348923461  0.39591936474433370  0.40614909276024214
  0.41615224202670670  0.42775744454525250  0.43877190319189469  0.44893933001801212
  0.45910456525344490  0.46926373357621814  0.47937112211012906  0.48936519533117723
  0.49946809329750425  0.50999390401367672  0.52022666277095497  0.53023644324874353
  0.54013764092022065  0.54972110086748549  0.55908920781708260  0.56871053414855322
  0.57895011547300834  0.58973690940851187  0.60089598549587120  0.61169761482545726
  0.62247730787763678  0.63283433267931177  0.64318685971181055  0.65349960348498837
  0.66370848346145461  0.67393359802799491  0.68432941550381965  0.69525447639883109
  0.70662466657628253  0.71802996355325144  0.72912045877955989  0.73972601714122221
  0.75018915647450080  0.76020248765272391  0.76996869111038813  0.77951478168514654
  0.78912461421034252  0.79869531273103656  0.80854710965680199  0.81903980071279558
  0.82959554175083849  0.83990783021377191  0.85004129045071297  0.86029257888318755
  0.87025468441017717  0.88082220950276457  0.89117183424706781  0.90184608056830462
  0.91215630453053509  0.92255639600931805  0.93297282419726324  0.94356220756324827
  0.95472689291049262  0.96509554955485788  0.97113963871006714  1.00000000000000000
  0.00975374685356573  0.01470312162162352  0.02327717723098614  0.03262491107003270
  0.04193607611687229  0.05109290606822526  0.06059519209728140  0.07083198275881789
  0.08157114644213265  0.09212690047179969  0.10253435280685676  0.11280580337407421
  0.12343980970904789  0.13440347981061349  0.14508413973538423  0.15521386073297003
  0.16502811303147169  0.17502579069353721  0.18529921013803763  0.19572204229911133
  0.20622274044893282  0.21679755888234789  0.22733630289557319  0.23787788019834571
  0.24866046881715687  0.25944424914373104  0.27011455051913530  0.28107428814069951
  0.29230631326999978  0.30338572502231087  0.31387411289994271  0.32398533573064975
  0.33436726439553988  0.34514528803472183  0.35614375433015605  0.36707727372517357
  0.37789394795454645  0.38851953226401986  0.39885279676062674  0.40917412777116879
  0.41968631658239436  0.43035209699192628  0.44108857479716540  0.45164793205042719
  0.46202298323473884  0.47210898818031527  0.48194423281491361  0.49153805797614675
  0.50111146441038246  0.51076678599882808  0.52025498343317478  0.52947143167418564
  0.53894967393187232  0.54926269786674053  0.56002090353640532  0.57072822319585148
  0.58127687886105250  0.59181682274596703  0.60238092105407492  0.61269515038039446
  0.62262347854911049  0.63219249951860446  0.64162840247264408  0.65147258848871137
  0.66177473864136604  0.67180020254490336  0.68137376248341963  0.69132575241828298
  0.70138388909526861  0.71183643324222523  0.72222903706245134  0.73311547585397963
  0.74421284562344503  0.75467287708562991  0.76500224629290803  0.77578709252104017
  0.78690808230166331  0.79815168424066729  0.80901388515759454  0.81999774988227969
  0.83123654660910573  0.84284996026164449  0.85492141628204532  0.86682505280472855
  0.87795922481962740  0.88864369838376622  0.89943762374216574  0.91032609106368623
  0.92134443189714732  0.93226390526231606  0.94336445667599256  0.95496660164438918
  0.96683228039818736  0.97865806536797928  0.98940275968663860  1.00000000000000000
  0.00238401777215126  0.01476448105158041  0.02796265771185396  0.04005685200782128
  0.05117179688089194  0.06197083946422705  0.07287962964557856  0.08388203264106761
  0.09422147636531830  0.10422352921980317  0.11448404052078322  0.12483789376355132
  0.13557833961092822  0.14651312588524379  0.15776193937758159  0.16885423661371241
  0.17937954806688911  0.18942328800641936  0.19918809612661539  0.20881533742064329
  0.21838328413534880  0.22811720917229303  0.23819682970444178  0.24849717099646429
  0.25846476483636471  0.26829800624640704  0.27776376574141026  0.28692273242263372
  0.29598742798520455  0.30515122966283759  0.31506568894097442  0.32547635426066784
  0.33566038193069531  0.34613193377457518  0.35657958800755146  0.36754439739424122
  0.37856040863628826  0.38907513248173009  0.39966549762798892  0.41029051436101066
  0.42107287592465092  0.43155742824133303  0.44218596777151142  0.45275373849788902
  0.46331278439192752  0.47374179224074486  0.48433128389621100  0.49465351248700307
  0.50475159956323679  0.51509614980881568  0.52557959816839828  0.53622951461888635
  0.54690874695077873  0.55761968040050203  0.56850943248780561  0.57924365894911090
  0.58992840401600222  0.60092963392814802  0.61189730829587796  0.62318830134669434
  0.63369034444589933  0.64392119915967216  0.65352023238043888  0.66289883779841463
  0.67221077004385832  0.68192228676443822  0.69209570619450989  0.70299298809060129
  0.71395113421387502  0.72476423431938841  0.73519654313706551  0.74546715194953928
  0.75613563839455777  0.76683129138172224  0.77761229049410741  0.78842800590792095
  0.79920939958811454  0.80997453107489881  0.82082808268490004  0.83160235095619295
  0.84245575730327904  0.85306871506201531  0.86343499114541844  0.87399096530600207
  0.88462755858982323  0.89489870859789644  0.90470708218930007  0.91440044964193623
  0.92486965325402404  0.93583712459225155  0.94690456970958581  0.95795392254106737
  0.96788939966493071  0.97781513513365947  0.98819100840384100  1.00000000000000000
 -0.00028826021599410  0.00197845686260337  0.00356220453595036  0.00551957061271299
  0.00773225414550727  0.01042348490075205  0.01351482022869841  0.01686854699312192
  0.02069549982671519  0.02492389781138634  0.02926544251786244  0.03435620612457328
  0.03987179783357449  0.04519627522771744  0.05076854057885092  0.05676837144451521
  0.06304569437379998  0.06974005564437384  0.07666505530212880  0.08368033806339641
  0.09070049821258816  0.09779909930446418  0.10513984156221387  0.11267255755213672
  0.12087140457175030  0.12913912633884939  0.13715777653957112  0.14506522487354137
  0.15346329732156727  0.16279702398405330  0.17252611111075108  0.18204794169710947
  0.19133039162360724  0.20065731149390958  0.21049584883632327  0.22044520050829625
  0.23054549151571180  0.24084982269963612  0.25097949626381377  0.26051308953779878
  0.27034863331154624  0.28058732628693545  0.29121720100049669  0.30134231359800917
  0.31328389246002641  0.32520347560686275  0.33688318119278743  0.34848583999283372
  0.36018164921334933  0.37194106754770245  0.38330034458409429  0.39432649765181355
  0.40580731590664332  0.41769767245497647  0.42974215781831221  0.44217964628343748
  0.45485242767733031  0.46756694222985762  0.48033180647193119  0.49297791375225819
  0.50505729163949498  0.51716310433146906  0.52932594498518670  0.54157328151237849
  0.55416489706853511  0.56722075682049011  0.58063783013894377  0.59442171812380240
  0.60828212350118005  0.62194044284250927  0.63581198699334529  0.64959996814461163
  0.66330606880437715  0.67689342408874287  0.69040439024059674  0.70409113700255421
  0.71796674757642320  0.73221833966297423  0.74648561620018827  0.76099158485020379
  0.77582774255235054  0.79078081615036344  0.80542801939156605  0.82037340094566114
  0.83552463025023294  0.85068395018673837  0.86543637882514912  0.87999224902418638
  0.89421959682977281  0.90849964062974176  0.92320311415434742  0.93801922178839647
  0.95336109017345405  0.96883077674794349  0.98434243893194495  1.00000000000000000
 -0.00249578678693215  0.00956155480586954  0.01918710306612562  0.02940203612756628
  0.03950082156685285  0.04894805843945264  0.05852973366549073  0.06821343229464318
  0.07807703332636695  0.08778538689723889  0.09749354807009281  0.10711585448328788
  0.11677872933693052  0.12647680502573089  0.13639074449299265  0.14654781371880179
  0.15673013419815016  0.16703881023417566  0.17783921145272893  0.18897586156993529
  0.20036519223914523  0.21160810526767229  0.22335012268811191  0.23514566675722215
  0.24707185044143440  0.25822012882148587  0.26925451116859045  0.28044803124969436
  0.29158439433950217  0.30246186402047798  0.31290706389608902  0.32333603120168342
  0.33359992547983464  0.34412794167404959  0.35470602340353119  0.36513366703426392
  0.37570630743593159  0.38624736205792098  0.39664491882269765  0.40691593044877639
  0.41712059366665938  0.42704630190831483  0.43704622636133666  0.44721404009141058
  0.45745320162612119  0.46716817911673597  0.47691941637340207  0.48737487489009756
  0.49779219642892214  0.50795195700865414  0.51806764164565766  0.52825372436561191
  0.53896251820785046  0.54952516593316969  0.56043386478837653  0.57131200498985357
  0.58302650962422642  0.59521416246818015  0.60736328345894353  0.61920958725355801
  0.63086895914128882  0.64198057023898658  0.65277652804306796  0.66333010598011177
  0.67435396753954202  0.68512816529531984  0.69586160299679967  0.70666947413529901
  0.71755680257033339  0.72863529618185130  0.73888373462893042  0.74969012807331903
  0.76056309840863534  0.77125612112222974  0.78223029935792254  0.79306851539291889
  0.80387540717532513  0.81437798430764274  0.82482475438989045  0.83486069644459560
  0.84494051083045774  0.85450352538755370  0.86492343272036576  0.87499203163745587
  0.88570402454382591  0.89655803343896967  0.90724205139988223  0.91792328651430655
  0.92824270362418704  0.93882121417944375  0.94933681102145973  0.95998022867995436
  0.97069225562386896  0.98069176021655724  0.99048904801624971  1.00000000000000000
 -0.00244794090684957  0.00974639816408591  0.01952755528932004  0.02951096723633631
  0.03905248668691658  0.04910489115864917  0.05896780590131313  0.06916794369747048
  0.07970390655866252  0.09055135472841742  0.10203258046915846  0.11291826551954279
  0.12408429713606371  0.13464399381184336  0.14521905238371027  0.15482854388115624
  0.16446087695634470  0.17446363798822281  0.18482535457894514  0.19495408824120081
  0.20513189504938817  0.21541973687895749  0.22537110868770904  0.23516145067402461
  0.24536081908395277  0.25619768538661380  0.26721875132867179  0.27829633307960139
  0.28965758949923398  0.30106635449478569  0.31201515569992300  0.32184499250729609
  0.33191623514274443  0.34247461120459377  0.35296078454638935  0.36287866251095169
  0.37288673217910517  0.38357902802178184  0.39497026060969154  0.40571004948564776
  0.41665108776796261  0.42705956216216695  0.43774245691748992  0.44848373618803955
  0.45930753643516004  0.47017945044143461  0.48114475468740681  0.49284846035801028
  0.50417724385933838  0.51450752308845382  0.52491651836133213  0.53506108719846635
  0.54555777228332791  0.55543024420119469  0.56539563411006966  0.57561601440874832
  0.58602842202336780  0.59709518463427991  0.60780269655323549  0.61821819675758694
  0.62832494486512569  0.63815580846298914  0.64820671075663006  0.65808526343672014
  0.66826208295567835  0.67932985015272540  0.68995621489197156  0.70104891626375265
  0.71183978631809586  0.72307412206806687  0.73372626015995057  0.74409624921374962
  0.75423297766390851  0.76452558272168791  0.77484528763548344  0.78514334898086957
  0.79554378493588651  0.80609618061698241  0.81668952765036551  0.82694746474190672
  0.83714664791765980  0.84741414636840096  0.85817261308264237  0.86967918147539081
  0.88118419610918630  0.89277620905013733  0.90435601461747828  0.91643584177908999
  0.92720179708621209  0.93768515252314399  0.94757666242445149  0.95708631395689892
  0.96712458743022633  0.97718427265083019  0.98867352952355891  1.00000000000000000
 -0.00255144520913888  0.01030542503840561  0.02148084520601859  0.03245178820738275
  0.04292019973154713  0.05261055285404213  0.06244719574102796  0.07244689716892347
  0.08278301477943320  0.09286616069329229  0.10304753489356293  0.11372773126632618
  0.12454634384314636  0.13524837577062010  0.14593794043506367  0.15694448651124901
  0.16809085000216881  0.17902322411987645  0.18989792025878688  0.20111893232615702
  0.21245826216704267  0.22352166818208988  0.23402574323105593  0.24349390498844489
  0.25292255561153332  0.26228694382485090  0.27216696258600426  0.28239127370340750
  0.29271590652555868  0.30261617938262592  0.31267903121848217  0.32342536456760684
  0.33422031560257437  0.34461790100034112  0.35483093311840630  0.36482790558324246
  0.37491193062308303  0.38498560410867960  0.39503714408230955  0.40449371624397090
  0.41361849333820272  0.42296811391764166  0.43262123199366820  0.44261175810514247
  0.45281870163550142  0.46278594567286391  0.47243047659288978  0.48241425094228474
  0.49280858568010721  0.50331741402123154  0.51375179083066325  0.52445024278029029
  0.53528138520416035  0.54595121161679772  0.55649996682849745  0.56703421001142407
  0.57770567138486384  0.58849911152065593  0.59931510684217237  0.61014169873509638
  0.62099777878635998  0.63201992465627210  0.64285049332614097  0.65356509569555299
  0.66394243435894407  0.67451202353161166  0.68542623959168814  0.69669797229528840
  0.70821699512994452  0.71978095008876086  0.73170699967438357  0.74218349397740513
  0.75241141551411928  0.76199189338850681  0.77143730794300003  0.78108755227733706
  0.79075667703185493  0.80079122294752059  0.81099027432544590  0.82172013506417008
  0.83270012728231246  0.84349146794746588  0.85405004357391068  0.86484838257020935
  0.87587719633834449  0.88698585866639579  0.89850193286424385  0.90983280324720328
  0.92125498225397617  0.93241589310910211  0.94347210189111574  0.95437413009217098
  0.96534490345591528  0.97675686141511786  0.98819325219467868  1.00000000000000000
 -0.00248659813316399  0.00944281791616547  0.01944096656154054  0.03020345830839334
  0.04080561175652590  0.05105837941672734  0.06151016359929975  0.07265275218376166
  0.08412672264364041  0.09580267983516132  0.10678460006563592  0.11722424033207793
  0.12758495303583775  0.13788213274237021  0.14829634713062026  0.15825567734316603
  0.16860768069787840  0.17991592033739168  0.19200703723646922  0.20401217288746346
  0.21560773055812651  0.22688670103074562  0.23704522413740164  0.24664985244988546
  0.25649021880002665  0.26650246022931351  0.27630954534024244  0.28578186695702296
  0.29566648111341087  0.30614718794917228  0.31677422177865489  0.32732691116771234
  0.33815810065866814  0.34916483753142175  0.36024954908849188  0.37118700252994891
  0.38166724256361018  0.39182620366834009  0.40244947703864659  0.41349408007987332
  0.42393681477063361  0.43374162927514098  0.44360662047244875  0.45382458568252437
  0.46416471286140021  0.47454503790815200  0.48536322789220260  0.49665970704332241
  0.50801128455771039  0.51893828247725460  0.52909998692467730  0.53888240665776388
  0.54865019259482728  0.55815815802480040  0.56750950459999761  0.57673009994723656
  0.58629605644242000  0.59640700972004101  0.60682083749931326  0.61716261801424321
  0.62735183941027828  0.63754309903504847  0.64789144761563511  0.65852235781631496
  0.66949405092257241  0.68066422943721783  0.69180761190932960  0.70292732177362571
  0.71399260025232603  0.72501690841328559  0.73628367169741638  0.74745543731317499
  0.75826840702969411  0.76861226835281549  0.77877200315533046  0.78890413595556164
  0.79917947921530907  0.80953314408506127  0.81949327611201850  0.82932760336082101
  0.83946047195968421  0.85007510773286821  0.86078469614077679  0.87141918363115489
  0.88236366898510843  0.89330018314620740  0.90399043487980668  0.91429973747975302
  0.92446029272792485  0.93485148751121894  0.94525646644275685  0.95571972727945020
  0.96663351273887665  0.97796882741933555  0.98913260052098784  1.00000000000000000
 -0.00253457573248052  0.01018476582659177  0.01989535053537616  0.02999070601071640
  0.04018570796320779  0.05145139380621280  0.06317276275664577  0.07370148501033229
  0.08366071409485350  0.09312740784166849  0.10248253452577129  0.11168895799205514
  0.12091799863230755  0.13032345147554100  0.13979836524667957  0.14914846120280462
  0.15855056113781663  0.16823735599449452  0.17865563873587545  0.18924989037821913
  0.19972713706108117  0.20992451846730897  0.22003090231284331  0.23040316358248344
  0.24144979179681397  0.25281444804895870  0.26380227729154399  0.27425140988019320
  0.28448311277717031  0.29520889580675841  0.30645454435769209  0.31731566570750908
  0.32765204066168907  0.33815204178409747  0.34883838461360345  0.35916568288349676
  0.36927259563798714  0.38001774927416559  0.39160232945032569  0.40294657852659016
  0.41361648721373756  0.42410154728948207  0.43469919776054761  0.44525329505827033
  0.45558205333505319  0.46591778827281033  0.47593459394744875  0.48623335136667700
  0.49655179556368340  0.50737075813772003  0.51861471613059718  0.52995605922441402
  0.54153485027116965  0.55290334064226510  0.56406090605954851  0.57484814625054248
  0.58568832667344051  0.59693239046100033  0.60812804174701929  0.61889916436706938
  0.62975343097705838  0.64031385461453239  0.65058913842792221  0.66069685150943214
  0.67100141357624565  0.68199671294225250  0.69297184786502231  0.70426782631044571
  0.71572942611580315  0.72701106013064698  0.73810227601366074  0.74885262599007085
  0.75909986564423582  0.76914210035474717  0.77909935870390346  0.78913874984432864
  0.79922644383867225  0.80918263145382319  0.81911505676546137  0.82919837989507739
  0.83954415100610713  0.84983834090103116  0.86070408482499772  0.87198761923821066
  0.88350925074138098  0.89480072153148571  0.90540068697536713  0.91560173616843854
  0.92536473510879913  0.93514334820763823  0.94525159450111473  0.95574649249958121
  0.96678946510076691  0.97765082066117692  0.98893914949568884  1.00000000000000000
 -0.00211616971986422  0.00747104225903895  0.01552060735721211  0.02401042971517832
  0.03272722445562207  0.04162312356864684  0.05045632608613910  0.05928482670250226
  0.06834172570045002  0.07728996642150260  0.08633336672678585  0.09544163675640512
  0.10503183067598339  0.11476861983659048  0.12447439584376767  0.13384101741838042
  0.14308387214257923  0.15222635341175556  0.16157645566375606  0.17131175062373438
  0.18108870485137576  0.19107747338530159  0.20123528216899947  0.21229000873388398
  0.22398366826193294  0.23518603341100153  0.24576918740970269  0.25621826247079876
  0.26686684401753896  0.27695862567266999  0.28642286105012971  0.29601196228334775
  0.30608437763398949  0.31667457813129074  0.32756746112261387  0.33871120273500294
  0.35002791475534706  0.36139873977245529  0.37254157327001719  0.38333515811105129
  0.39419144076625301  0.40552689435428274  0.41710085589300500  0.42840907796929173
  0.43985440489790811  0.45204276217891343  0.46454156681426667  0.47682885381633849
  0.48868547760334435  0.50005828224973004  0.51128995313230641  0.52239598921450847
  0.53329503340353590  0.54408980565770471  0.55513298814917156  0.56673323128837061
  0.57845435750509455  0.58991715913065701  0.60138246272095319  0.61302129265384508
  0.62435137867741619  0.63547008603865485  0.64666923825260303  0.65805798532400095
  0.66935574752580573  0.68040238516538343  0.69129370319695094  0.70205176937380420
  0.71303049116398454  0.72371856856742278  0.73493859663212147  0.74666926303934222
  0.75904591204912131  0.77112392886629411  0.78248775388963376  0.79348534426103756
  0.80454794515998540  0.81550593283587514  0.82649314025865928  0.83782932092418738
  0.84979918048445480  0.86166362804386376  0.87280015970109737  0.88360384185786112
  0.89408845218366484  0.90430929899663670  0.91446441667378020  0.92490370851727144
  0.93498303276723416  0.94446205486980761  0.95388802257017480  0.96374624195295688
  0.97368328784265279  0.98309253530694773  0.99171344101661307  1.00000000000000000
 -0.00269930148312253  0.00960579673605456  0.02060353752515666  0.03153586343141709
  0.04259067150169027  0.05355889184483786  0.06514371362893705  0.07700657374081048
  0.08897773170712424  0.10069852239546036  0.11162509507265898  0.12190667840856165
  0.13225180124488614  0.14250712245718689  0.15274152136348337  0.16305477108377603
  0.17406662827732983  0.18532640970219541  0.19581300600642002  0.20632239277751399
  0.21771556575085191  0.22932488075220586  0.23997940402193210  0.25051512051745739
  0.26124192113784622  0.27183766905280105  0.28204509135399070  0.29234368874072730
  0.30294754842581934  0.31405642956796465  0.32544074715608184  0.33686496224700557
  0.34815119387707888  0.35889257330528296  0.36949064453392882  0.37983213691994111
  0.39002322431185349  0.39989400850698681  0.40953509988183801  0.41947125016900305
  0.43009230525288450  0.44067409302977090  0.45117891543000826  0.46115956081219378
  0.47096711699147914  0.48111769424450740  0.49119786087746276  0.50138788184587402
  0.51163878559488940  0.52209877261678295  0.53251908445429608  0.54289077802267527
  0.55340869526541225  0.56370614513466444  0.57392821840169261  0.58440476054788260
  0.59450628860487431  0.60437025002983502  0.61389406819719061  0.62330621742635051
  0.63297373284060388  0.64287047461733038  0.65348727288468222  0.66423583412737919
  0.67489564446688621  0.68583686271324806  0.69757829539555993  0.70903631019922708
  0.72044714982584812  0.73117683348209861  0.74141070623688654  0.75145950295735542
  0.76158715699744373  0.77219725884146118  0.78314675087484642  0.79402328666675881
  0.80504275565016181  0.81608184460654332  0.82714954695075027  0.83798903389759805
  0.84845114374571995  0.85853075724397832  0.86828611413349588  0.87790508251380284
  0.88750105878169594  0.89753539893655954  0.90783861424939449  0.91820393764079877
  0.92830598367896255  0.93839430459807260  0.94985419813495253  0.96060456668112970
  0.97093233325441219  0.98055220770815388  0.99053536120976748  1.00000000000000000
 -0.00551684693171595  0.03129023648040312  0.05667091631918657  0.07602129445475415
  0.09185826783285531  0.10607191093525735  0.12038103686716284  0.13433070642612183
  0.14793019810147365  0.16060626825776106  0.17254512013714429  0.18382772386848301
  0.19480430752014868  0.20526665370538966  0.21535358918263650  0.22522209406108640
  0.23535784465102713  0.24543227408936652  0.25490482577934587  0.26385407195399069
  0.27284878393929629  0.28197175312552614  0.29105054807173397  0.29994547386001563
  0.30863033519066346  0.31725902475456136  0.32607834038099542  0.33455752307529052
  0.34280231160644065  0.35105512845775066  0.35932448206003459  0.36762582713988090
  0.37610141219841808  0.38479650878255078  0.39352536964283030  0.40246652850090553
  0.41115997962610284  0.42021720273763857  0.42943562391400814  0.43831066127561918
  0.44665672555007846  0.45485482632155833  0.46318210846059149  0.47146317152263800
  0.47964025454486220  0.48693223450399881  0.49421762970213595  0.50160111837788779
  0.50938139864518950  0.51742860601129381  0.52546270323832844  0.53326643236963522
  0.54098368912395878  0.54882566061472915  0.55699027835562054  0.56545330151711948
  0.57396255751326586  0.58222968170851386  0.59018387382113413  0.59800073171388135
  0.60572461995440707  0.61349058846715032  0.62143389585805597  0.62973092302744160
  0.63788438812618942  0.64598592111214626  0.65375258929933588  0.66177158835675953
  0.66988272604484556  0.67808087605813372  0.68606162605357734  0.69424609034577556
  0.70212321884490092  0.71060333373080664  0.71940224365437755  0.72861975627785125
  0.73784870042757411  0.74738597675938945  0.75685916288372068  0.76619872743963768
  0.77563333814364355  0.78536533018585519  0.79600827025009957  0.80734623734359745
  0.81895919035791254  0.83058159006347421  0.84180728009642891  0.85329682232380044
  0.86492932620986585  0.87704363433473165  0.89027314983340367  0.90480595419265641
  0.92141434229360153  0.94112205196543652  0.96588535787447283  1.00000000000000000
 -0.00242682691186911  0.00979971668243776  0.01933177099394711  0.02871266582039724
  0.03854989081720281  0.04849796547944353  0.05931399430528397  0.06975011128475604
  0.08033907139821907  0.09071721047633220  0.10117332289970209  0.11190075430207172
  0.12318118844759231  0.13424209854068173  0.14546746472363048  0.15731873423168588
  0.16855122968443087  0.17912572940102181  0.18915957046999027  0.19923682857126060
  0.20935210370196974  0.21955891560371804  0.22987074101013261  0.24049235486007370
  0.25172818093745408  0.26346665703590161  0.27547794405078668  0.28698501812570548
  0.29828363326114393  0.30910848191328277  0.31975781370909467  0.33029513359206913
  0.34111600816131515  0.35235589541823437  0.36295600115322552  0.37356441745254376
  0.38363710173324289  0.39375945536273094  0.40414933370069683  0.41456688068275960
  0.42508658684070555  0.43552436994348520  0.44591520647065874  0.45633473340840613
  0.46570463483076513  0.47506884933649896  0.48468114678671315  0.49426813266328190
  0.50389385381761209  0.51352555572740211  0.52330217787690547  0.53324583384177082
  0.54312580458606674  0.55302242176004512  0.56318454243847615  0.57382755983619615
  0.58447837016554927  0.59499593672831019  0.60573447693249949  0.61669630942776799
  0.62762939021501518  0.63818629929326487  0.64892680180445461  0.65967627846970067
  0.67031831847221868  0.68120972016543813  0.69198412499758066  0.70256388663073344
  0.71314236489747440  0.72398569205635732  0.73475418399086612  0.74574928103072435
  0.75669515185558500  0.76752972327085567  0.77792688194922155  0.78837709838253911
  0.79912770114648257  0.80986061956919975  0.81982833628789487  0.82929356668335852
  0.83934556460887488  0.84991176211696196  0.86078508774537732  0.87127586214587804
  0.88131307388795888  0.89200688949044349  0.90241183678867731  0.91296137117753118
  0.92351342278482995  0.93387658786925987  0.94467440065588437  0.95562703422077266
  0.96662115104802260  0.97750393424398985  0.98864675319071915  1.00000000000000000
 -0.00977718500731322  0.17363648952491109  0.24248779506983692  0.29458209041538086
  0.33851039115830772  0.37503060402198624  0.40603523727068125  0.43419938928878254
  0.45839412318634182  0.48012520647884965  0.49958869817193285  0.51825306092211365
  0.53649303452836539  0.55318906913097077  0.56818088717247528  0.58158234741072978
  0.59395325343768213  0.60581637703899704  0.61757731744585320  0.62882630681389229
  0.63941097512578593  0.64968379060431991  0.65949102033658491  0.66906812889785483
  0.67806397632551474  0.68667722655145091  0.69501129958017682  0.70323883186566238
  0.71146698079958892  0.71950501615857498  0.72711986874915702  0.73413755991390850
  0.74075335249384888  0.74725864436528788  0.75365226845663724  0.75980956059456273
  0.76588962345308664  0.77178082294616901  0.77733650098883200  0.78279471745773166
  0.78816960208486364  0.79363886993918908  0.79913893820828241  0.80444310954127751
  0.80945687273210865  0.81441217173749303  0.81904012283338234  0.82375732577556093
  0.82839491807765120  0.83287101041623557  0.83705783945676426  0.84112241681894528
  0.84520398476652892  0.84922491783408971  0.85312833437372237  0.85684849009333419
  0.86038471719799081  0.86395287920394848  0.86756184550455107  0.87112445687357243
  0.87461391308386849  0.87799583435798401  0.88134183503259089  0.88475470366500819
  0.88821422712078180  0.89157594818796360  0.89486447418074988  0.89806442094681782
  0.90121069851881708  0.90432654155205028  0.90736375584541262  0.91033258736438483
  0.91326633567655524  0.91616637514945332  0.91903289597890681  0.92212756466585188
  0.92515097490528719  0.92817962099469353  0.93121925397408023  0.93422223722197184
  0.93717435139846550  0.94017867438128044  0.94328123248856965  0.94627354417717369
  0.94924726078786970  0.95226379477100964  0.95535629530999411  0.95857163178916405
  0.96223246864705270  0.96600099031714515  0.96982228748824817  0.97373444676335197
  0.97791797297867578  0.98298855652219297  0.98973480701074679  1.00000000000000000
 -0.01821709909219245  0.12551357145722647  0.18256621097357850  0.21978552309212418
  0.24560401438900137  0.26637284035318332  0.28445739273316606  0.30116033621448357
  0.31648058545680446  0.33018423652913065  0.34194992269937635  0.35271654108336686
  0.36260913872823458  0.37228850397476582  0.38130921942651780  0.39029999956383848
  0.39885794678092612  0.40702048871246610  0.41491364609888315  0.42201863113703331
  0.42875667676521723  0.43554914207170042  0.44190061166982175  0.44792475815858707
  0.45387288214894705  0.45979851540514999  0.46601729510615730  0.47225457708472429
  0.47848173900888047  0.48427649966687297  0.48983124733990535  0.49531310938822820
  0.50058190110351919  0.50561403606877764  0.51057459789326554  0.51552702193417754
  0.52051504524072789  0.52564747726972405  0.53076247215657613  0.53572812196956288
  0.54092071168031175  0.54627806588784211  0.55176437685702850  0.55724885427823789
  0.56260838557575765  0.56783391105925873  0.57306464479107977  0.57825577523193317
  0.58336982873366650  0.58840094530888032  0.59340335126246135  0.59836621443158733
  0.60324167250897720  0.60794062440083985  0.61258182233881053  0.61739971456273490
  0.62234580035652831  0.62740906621729220  0.63257049516830077  0.63762876897736331
  0.64278307247191468  0.64782605065236365  0.65272640345106991  0.65758160213438743
  0.66249538448107026  0.66747633975441911  0.67248042655913476  0.67750393419143429
  0.68238152350662928  0.68724046335975553  0.69204734703946869  0.69689816649921787
  0.70176110971152050  0.70688557399287644  0.71215873822665710  0.71771509302767156
  0.72334635750579368  0.72913639237233629  0.73526202445083400  0.74164974240739512
  0.74825809320449699  0.75521743227250293  0.76234572739474049  0.76956371734067175
  0.77704432672820545  0.78483809024538831  0.79329120699314204  0.80274264034732579
  0.81326963321193779  0.82516422473317685  0.83806222512230077  0.85197344737272074
  0.86807783871500166  0.88733706367941800  0.91919779313488204  1.00000000000000000
   7.3732641654201746E-011  -1.0000000000000000     
 F F F F F F F F F F F F F F F F F F F F F F F F F F F F F F F F F F F F F F F F F F F F F F F F F F F F F F F F F F F F F F F F F F F F F F F F F F F F F F F F F F F F F F F F F F F F F F F F F F F F F F F F F F F F F F F F F F F F F F F F F F F F F F F F F F F F F F F F F F F F F F F F F F F F F F F F F F F F F F F F F F F F F F F F F F F F F F F F F F F F F F F F F F F F F F F F T F F T F F F F F F F F T F F T F F F F F F F F F F F F F F F F F F F F F F F F F F F F F F F F F F F F F F F F F F F F F F F F F F F F F F F F F F F F F F F F F F F F F F F F F F F F F F F F F F F F F F F F F F F F F F F F F F F F F F F F F F F F F F F F F F F F F F F F F F F F F F F F F F F F F F F F F F F F F F F F F F F F F F F F F F F F F F F F F F F F F F F F F F F F F F F F F F F F F F F F F F F F F F F F F F F F F F F F F F F F F F F F F F F F F F F F F F F F F F F F F F F F F F F F F F F F F F F F T F F T F F F F F F F F T F F T F F F F F F F F F F F F F F F F F F F F F F F F F F F F F F F F F F F F F F F F F F F F F F F F
  <DiscreteSampler_grid>
  grouped_processes
  1 # 1 for a reference and 2 for a running grid.
  10 # Attribute 'min_bin_probing_points' of the grid.
  1 # Attribute 'grid_mode' of the grid. 1=='default',2=='initialization'
  0.0000000000000000 # Attribute 'small_contrib_threshold' of the grid.
  0.5000000000000000 # Attribute 'damping_power' of the grid.
 # binID   n_entries weight   weight_sqr   abs_weight
    199   10   7.551191773117720E-003   2.409508784329627E-004   7.551191773117720E-003
    200   10   7.551191773117398E-003   2.409508784329321E-004   7.551191773117398E-003
    202   10   7.551191773117720E-003   2.409508784329627E-004   7.551191773117720E-003
    203   10   7.551191773117398E-003   2.409508784329321E-004   7.551191773117398E-003
    205   10   9.744718816306473E-003   4.080008122892769E-004   9.744718816306473E-003
    206   10   9.744718816306012E-003   4.080008122892199E-004   9.744718816306012E-003
    208   10   9.744718816306473E-003   4.080008122892769E-004   9.744718816306473E-003
    209   10   9.744718816306012E-003   4.080008122892199E-004   9.744718816306012E-003
    211   10   4.055826439352087E-004   6.951143241782936E-007   4.055826439352087E-004
    212   10   4.055826439351913E-004   6.951143241782060E-007   4.055826439351913E-004
    214   10   4.055826439352087E-004   6.951143241782936E-007   4.055826439352087E-004
    215   10   4.055826439351913E-004   6.951143241782060E-007   4.055826439351913E-004
    217   10   5.233993441926512E-004   1.177033305473344E-006   5.233993441926512E-004
    218   10   5.233993441926265E-004   1.177033305473180E-006   5.233993441926265E-004
    220   10   5.233993441926512E-004   1.177033305473344E-006   5.233993441926512E-004
    221   10   5.233993441926265E-004   1.177033305473180E-006   5.233993441926265E-004
    223   10   4.055826439352087E-004   6.951143241782936E-007   4.055826439352087E-004
    224   10   4.055826439351913E-004   6.951143241782060E-007   4.055826439351913E-004
    226   10   4.055826439352087E-004   6.951143241782936E-007   4.055826439352087E-004
    227   10   4.055826439351913E-004   6.951143241782060E-007   4.055826439351913E-004
    229   10   5.233993441926512E-004   1.177033305473344E-006   5.233993441926512E-004
    230   10   5.233993441926265E-004   1.177033305473180E-006   5.233993441926265E-004
    232   10   5.233993441926512E-004   1.177033305473344E-006   5.233993441926512E-004
    233   10   5.233993441926265E-004   1.177033305473180E-006   5.233993441926265E-004
    235   10   7.551191773117720E-003   2.409508784329627E-004   7.551191773117720E-003
    236   10   7.551191773117398E-003   2.409508784329321E-004   7.551191773117398E-003
    238   10   7.551191773117720E-003   2.409508784329627E-004   7.551191773117720E-003
    239   10   7.551191773117398E-003   2.409508784329321E-004   7.551191773117398E-003
    241   10   9.744718816306473E-003   4.080008122892769E-004   9.744718816306473E-003
    242   10   9.744718816306012E-003   4.080008122892199E-004   9.744718816306012E-003
    244   10   9.744718816306473E-003   4.080008122892769E-004   9.744718816306473E-003
    245   10   9.744718816306012E-003   4.080008122892199E-004   9.744718816306012E-003
    247   10   4.055826439352087E-004   6.951143241782941E-007   4.055826439352087E-004
    248   10   4.055826439351913E-004   6.951143241782055E-007   4.055826439351913E-004
    250   10   4.055826439352087E-004   6.951143241782941E-007   4.055826439352087E-004
    251   10   4.055826439351913E-004   6.951143241782055E-007   4.055826439351913E-004
    253   10   5.233993441926511E-004   1.177033305473344E-006   5.233993441926511E-004
    254   10   5.233993441926264E-004   1.177033305473180E-006   5.233993441926264E-004
    256   10   5.233993441926511E-004   1.177033305473344E-006   5.233993441926511E-004
    257   10   5.233993441926264E-004   1.177033305473180E-006   5.233993441926264E-004
    259   10   2.178428068097613E-005   2.005321278844299E-009   2.178428068097613E-005
    260   10   2.178428068097521E-005   2.005321278844046E-009   2.178428068097521E-005
    262   10   2.178428068097613E-005   2.005321278844299E-009   2.178428068097613E-005
    263   10   2.178428068097521E-005   2.005321278844046E-009   2.178428068097521E-005
    265   10   2.811234255860559E-005   3.395599617608690E-009   2.811234255860559E-005
    266   10   2.811234255860427E-005   3.395599617608219E-009   2.811234255860427E-005
    268   10   2.811234255860559E-005   3.395599617608690E-009   2.811234255860559E-005
    269   10   2.811234255860427E-005   3.395599617608219E-009   2.811234255860427E-005
    271   10   2.178428068097613E-005   2.005321278844299E-009   2.178428068097613E-005
    272   10   2.178428068097521E-005   2.005321278844046E-009   2.178428068097521E-005
    274   10   2.178428068097613E-005   2.005321278844299E-009   2.178428068097613E-005
    275   10   2.178428068097521E-005   2.005321278844046E-009   2.178428068097521E-005
    277   10   2.811234255860559E-005   3.395599617608690E-009   2.811234255860559E-005
    278   10   2.811234255860427E-005   3.395599617608219E-009   2.811234255860427E-005
    280   10   2.811234255860559E-005   3.395599617608690E-009   2.811234255860559E-005
    281   10   2.811234255860427E-005   3.395599617608219E-009   2.811234255860427E-005
    283   10   4.055826439352087E-004   6.951143241782941E-007   4.055826439352087E-004
    284   10   4.055826439351913E-004   6.951143241782055E-007   4.055826439351913E-004
    286   10   4.055826439352087E-004   6.951143241782941E-007   4.055826439352087E-004
    287   10   4.055826439351913E-004   6.951143241782055E-007   4.055826439351913E-004
    289   10   5.233993441926511E-004   1.177033305473344E-006   5.233993441926511E-004
    290   10   5.233993441926264E-004   1.177033305473180E-006   5.233993441926264E-004
    292   10   5.233993441926511E-004   1.177033305473344E-006   5.233993441926511E-004
    293   10   5.233993441926264E-004   1.177033305473180E-006   5.233993441926264E-004
    295   10   4.055826439352087E-004   6.951143241782941E-007   4.055826439352087E-004
    296   10   4.055826439351913E-004   6.951143241782055E-007   4.055826439351913E-004
    298   10   4.055826439352087E-004   6.951143241782941E-007   4.055826439352087E-004
    299   10   4.055826439351913E-004   6.951143241782055E-007   4.055826439351913E-004
    301   10   5.233993441926511E-004   1.177033305473344E-006   5.233993441926511E-004
    302   10   5.233993441926264E-004   1.177033305473180E-006   5.233993441926264E-004
    304   10   5.233993441926511E-004   1.177033305473344E-006   5.233993441926511E-004
    305   10   5.233993441926264E-004   1.177033305473180E-006   5.233993441926264E-004
    307   10   2.178428068097613E-005   2.005321278844299E-009   2.178428068097613E-005
    308   10   2.178428068097521E-005   2.005321278844046E-009   2.178428068097521E-005
    310   10   2.178428068097613E-005   2.005321278844299E-009   2.178428068097613E-005
    311   10   2.178428068097521E-005   2.005321278844046E-009   2.178428068097521E-005
    313   10   2.811234255860559E-005   3.395599617608690E-009   2.811234255860559E-005
    314   10   2.811234255860427E-005   3.395599617608219E-009   2.811234255860427E-005
    316   10   2.811234255860559E-005   3.395599617608690E-009   2.811234255860559E-005
    317   10   2.811234255860427E-005   3.395599617608219E-009   2.811234255860427E-005
    319   10   2.178428068097613E-005   2.005321278844299E-009   2.178428068097613E-005
    320   10   2.178428068097521E-005   2.005321278844046E-009   2.178428068097521E-005
    322   10   2.178428068097613E-005   2.005321278844299E-009   2.178428068097613E-005
    323   10   2.178428068097521E-005   2.005321278844046E-009   2.178428068097521E-005
    325   10   2.811234255860559E-005   3.395599617608690E-009   2.811234255860559E-005
    326   10   2.811234255860427E-005   3.395599617608219E-009   2.811234255860427E-005
    328   10   2.811234255860559E-005   3.395599617608690E-009   2.811234255860559E-005
    329   10   2.811234255860427E-005   3.395599617608219E-009   2.811234255860427E-005
    331   10   4.055826439352087E-004   6.951143241782941E-007   4.055826439352087E-004
    332   10   4.055826439351913E-004   6.951143241782055E-007   4.055826439351913E-004
    334   10   4.055826439352087E-004   6.951143241782941E-007   4.055826439352087E-004
    335   10   4.055826439351913E-004   6.951143241782055E-007   4.055826439351913E-004
    337   10   5.233993441926511E-004   1.177033305473344E-006   5.233993441926511E-004
    338   10   5.233993441926264E-004   1.177033305473180E-006   5.233993441926264E-004
    340   10   5.233993441926511E-004   1.177033305473344E-006   5.233993441926511E-004
    341   10   5.233993441926264E-004   1.177033305473180E-006   5.233993441926264E-004
    343   10   7.551191773117720E-003   2.409508784329627E-004   7.551191773117720E-003
    344   10   7.551191773117398E-003   2.409508784329321E-004   7.551191773117398E-003
    346   10   7.551191773117720E-003   2.409508784329627E-004   7.551191773117720E-003
    347   10   7.551191773117398E-003   2.409508784329321E-004   7.551191773117398E-003
    349   10   9.744718816306473E-003   4.080008122892769E-004   9.744718816306473E-003
    350   10   9.744718816306012E-003   4.080008122892199E-004   9.744718816306012E-003
    352   10   9.744718816306473E-003   4.080008122892769E-004   9.744718816306473E-003
    353   10   9.744718816306012E-003   4.080008122892199E-004   9.744718816306012E-003
    355   10   4.055826439352087E-004   6.951143241782936E-007   4.055826439352087E-004
    356   10   4.055826439351913E-004   6.951143241782060E-007   4.055826439351913E-004
    358   10   4.055826439352087E-004   6.951143241782936E-007   4.055826439352087E-004
    359   10   4.055826439351913E-004   6.951143241782060E-007   4.055826439351913E-004
    361   10   5.233993441926512E-004   1.177033305473344E-006   5.233993441926512E-004
    362   10   5.233993441926265E-004   1.177033305473180E-006   5.233993441926265E-004
    364   10   5.233993441926512E-004   1.177033305473344E-006   5.233993441926512E-004
    365   10   5.233993441926265E-004   1.177033305473180E-006   5.233993441926265E-004
    367   10   4.055826439352087E-004   6.951143241782936E-007   4.055826439352087E-004
    368   10   4.055826439351913E-004   6.951143241782060E-007   4.055826439351913E-004
    370   10   4.055826439352087E-004   6.951143241782936E-007   4.055826439352087E-004
    371   10   4.055826439351913E-004   6.951143241782060E-007   4.055826439351913E-004
    373   10   5.233993441926512E-004   1.177033305473344E-006   5.233993441926512E-004
    374   10   5.233993441926265E-004   1.177033305473180E-006   5.233993441926265E-004
    376   10   5.233993441926512E-004   1.177033305473344E-006   5.233993441926512E-004
    377   10   5.233993441926265E-004   1.177033305473180E-006   5.233993441926265E-004
    379   10   7.551191773117720E-003   2.409508784329627E-004   7.551191773117720E-003
    380   10   7.551191773117398E-003   2.409508784329321E-004   7.551191773117398E-003
    382   10   7.551191773117720E-003   2.409508784329627E-004   7.551191773117720E-003
    383   10   7.551191773117398E-003   2.409508784329321E-004   7.551191773117398E-003
    385   10   9.744718816306473E-003   4.080008122892769E-004   9.744718816306473E-003
    386   10   9.744718816306012E-003   4.080008122892199E-004   9.744718816306012E-003
    388   10   9.744718816306473E-003   4.080008122892769E-004   9.744718816306473E-003
    389   10   9.744718816306012E-003   4.080008122892199E-004   9.744718816306012E-003
  </DiscreteSampler_grid>
