  0.02324082849268024  0.03516813486373165  0.04696937122314852  0.05846496389055972
  0.06825044167313016  0.07769217901171072  0.08742298363094936  0.09727514260960003
  0.10704720573732601  0.11676023170083848  0.12732427492491841  0.14000872233484882
  0.15312213518258475  0.16613169070951384  0.17775744651119305  0.18875450347613948
  0.19941400192448855  0.21000680701516755  0.22042945214327941  0.23025605682917019
  0.23914046916828169  0.24670907588252758  0.25430464764188732  0.26240066297965514
  0.27198571853015963  0.28350784830173359  0.29538865527384889  0.30604686434148809
  0.31571190805980914  0.32405623729871819  0.33227813456502264  0.34071036160757096
  0.35000017650277643  0.36121630553149331  0.37260233033352735  0.38430404981893418
  0.39527501537615228  0.40538888350360436  0.41551330690587968  0.42594837461574886
  0.43718839319870501  0.44915467666641190  0.46091447732870383  0.47219875006401346
  0.48321219219388400  0.49409370911880873  0.50498567587132759  0.51531484360583024
  0.52579894058889765  0.53610709741715701  0.54531163100863644  0.55443852888484735
  0.56316229899308223  0.57237367459881894  0.58211074785923078  0.59198057854296748
  0.60114410265586871  0.61004982739424507  0.61920302849880593  0.62869552039560883
  0.64110873168427440  0.65309286676447231  0.66518135326720818  0.67725398291087135
  0.68923920476826850  0.70125463491778084  0.71181957059466561  0.72081211211015384
  0.72949647978064314  0.73842756551152644  0.74715568114031239  0.75581344985827059
  0.76420644544624083  0.77298645762026530  0.78271280570410273  0.79288297342802072
  0.80207440535534169  0.81023405980021290  0.81854033779089885  0.82787389912700260
  0.83781642193264838  0.84752814010227273  0.85708694130912755  0.86680889913003911
  0.87635511011346789  0.88525056351167453  0.89372736056450741  0.90222816604431433
  0.91053580890358277  0.91905277959292453  0.92828108030081324  0.93852730338455137
  0.95137390903482688  0.96368285217660166  0.97188759979030370  1.00000000000000000
  0.02478503041051132  0.02930051540730571  0.03748180473077121  0.04602906646809816
  0.05424929909354148  0.06246546980407565  0.07300278562534565  0.08514741619331408
  0.09611370921847832  0.10605924174470313  0.11571518175344864  0.12543654294452769
  0.13564161476004069  0.14577784706925503  0.15721367529916552  0.16834231705854122
  0.17920111342563733  0.18933342805857550  0.19930911422708320  0.20919196971730170
  0.21963906512600512  0.23071685171010822  0.24243090898429037  0.25505366794564216
  0.26643138163409857  0.27582624917511156  0.28473256907630295  0.29283079557492175
  0.30150402419230260  0.31093928946019228  0.32022555110947931  0.32896938848918383
  0.33760205100901858  0.34637048648058777  0.35564660069040815  0.36596741396180821
  0.37705471143524805  0.38773130619415291  0.39792561451113023  0.40799035423918600
  0.41838782074724046  0.42899220854128672  0.43915394618717429  0.44879734873098903
  0.45830554157813885  0.46797497848557795  0.47685643654359078  0.48594452280524275
  0.49456714612127495  0.50488236349321880  0.51614784107671008  0.52853460392731710
  0.54086988207178410  0.55236242060917751  0.56224035696972419  0.57103233159286060
  0.58000243468680091  0.58883091476384175  0.59945736074125267  0.60999653844130153
  0.61932548769124618  0.62808093982500524  0.63662144676237786  0.64547950358679762
  0.65519663246119975  0.66608883137911923  0.67858916855196083  0.69050702166439326
  0.70159595723849233  0.71290578187137310  0.72471890468992173  0.73554067494693420
  0.74495326421144048  0.75437561871526770  0.76394268659303532  0.77353235992484837
  0.78385142895010629  0.79463640744107034  0.80568354256310970  0.81740975410042827
  0.83014255447878449  0.84015788744359854  0.85007971863382237  0.86109922597203470
  0.87170865064257996  0.88178802754016372  0.89133504716731693  0.90094182764736952
  0.91127454597100233  0.92243882399418820  0.93376020798876369  0.94513420430270789
  0.95584792785888328  0.96516029194740427  0.97110250478444149  1.00000000000000000
  0.00891385578861138  0.01674891801544660  0.03005503886311493  0.04312114748188689
  0.05304297701821189  0.06141803665984102  0.06956905442437727  0.07817948287289252
  0.08727110198599432  0.09593101408712347  0.10457204338391102  0.11364915451853708
  0.12242307828856985  0.13154041722653670  0.14093414572123614  0.15116378017646823
  0.16300706925154931  0.17419192082401885  0.18477491331361051  0.19497199592360154
  0.20531566711540528  0.21613584185450996  0.22654896754244885  0.23554517501186475
  0.24401068742979676  0.25259794729835272  0.26138412084105084  0.27061872777355123
  0.28019305574418957  0.28937719717795518  0.29983546045358245  0.31133882518382811
  0.32303858538287544  0.33496632629267870  0.34751517799106124  0.36027687542426295
  0.37209500027088988  0.38360355400775270  0.39534624603898244  0.40716160163968540
  0.41964800711368583  0.43210509573207212  0.44390896078937864  0.45513095395249820
  0.46591968177520665  0.47623632564936957  0.48529275984839065  0.49418319615773965
  0.50316708600304438  0.51256721319089682  0.52261068554826551  0.53234468352569264
  0.54168442119032756  0.55147041465877378  0.56185672512178064  0.57328482880826537
  0.58448777546105524  0.59257525452802351  0.59931952938917210  0.60593438579588088
  0.61308446574574826  0.62158742006796075  0.63060529862600878  0.63964238115349792
  0.64918124710738190  0.65934652579628306  0.66916616983648447  0.68033841145278084
  0.69228685444771221  0.70403347705954200  0.71539679415015123  0.72584504552458218
  0.73564096041005134  0.74521691853683247  0.75483833282929369  0.76443218415422265
  0.77415100012587279  0.78437234873009709  0.79618800142449686  0.80979207546715393
  0.82420439691117797  0.83761020074160120  0.84958761517498271  0.86050839617175656
  0.87106480294215072  0.88170776247190152  0.89314611948268874  0.90574379599524180
  0.91884890340874947  0.93087117347076287  0.94073483038048389  0.94974284220285032
  0.95928984538844342  0.96901970711605467  0.98049916939416448  1.00000000000000000
  0.00282644113112623  0.01113021090064895  0.02159140325120936  0.03256159650578803
  0.04480006267043507  0.05784497631661434  0.07051225448469944  0.08201161446850710
  0.09291149642277065  0.10345299940691552  0.11337250914934822  0.12326826522628727
  0.13339657541480196  0.14414720448965726  0.15503710446703028  0.16620499521990112
  0.17739731734460690  0.18832289543072622  0.19877405918376029  0.20874331969707086
  0.21759913796105040  0.22640894392395108  0.23545142198463531  0.24429669338207233
  0.25248623345857218  0.26062804285266611  0.26902574274670110  0.27806640192080900
  0.28781423985296206  0.29789499251216883  0.30798138376353412  0.31796187718235791
  0.32833709255820920  0.33826538061251765  0.34827121269748135  0.35800646193947022
  0.36821345907192149  0.37768991747685737  0.38655500652787439  0.39585538224727945
  0.40538444836779219  0.41407896697248581  0.42248413078695696  0.43112845422144019
  0.44198695938991800  0.45381807736428553  0.46550261361420542  0.47647253252492949
  0.48756338729894039  0.49811224756637629  0.50796315209899212  0.51771708052169929
  0.52786877537491517  0.53817936736951788  0.54892860002885979  0.56026755833339681
  0.57275422640262152  0.58575485670161009  0.59928452797977905  0.61328206441938116
  0.62538706665509614  0.63521235843113477  0.64423666237258070  0.65364076507289814
  0.66330560937176752  0.67238257352715758  0.68091926213970400  0.69071769949956130
  0.70212861238777124  0.71407257464423002  0.72562323413159868  0.73565357632293915
  0.74451037350170302  0.75320335483626744  0.76226127246232622  0.77178009599631581
  0.78098555162240868  0.79049489327360745  0.80213207555820454  0.81430930275124480
  0.82621172571535673  0.83747755308246552  0.84803212620451240  0.85936967019054433
  0.87182247050295658  0.88336365432817665  0.89488078528121828  0.90707667954427484
  0.91923535570828740  0.92957160239126890  0.93970822961815659  0.94999415401234566
  0.96074792358201844  0.97260780097078947  0.98517755927408590  1.00000000000000000
 -0.00025748099281519  0.00191466461494281  0.00341616419553793  0.00517336088887619
  0.00737695105187265  0.01020435169763833  0.01290979393243389  0.01618895635892328
  0.02000710575114428  0.02380032670540612  0.02807772155210079  0.03281560542971604
  0.03778553786799294  0.04314396949888042  0.04844017323333778  0.05379198683923139
  0.05962532390862391  0.06626097060340877  0.07325951550583866  0.07908692655133351
  0.08470480105466591  0.09108880852214246  0.09867018772903799  0.10596487014668758
  0.11321924933474058  0.12030873427518061  0.12845369012167387  0.13720131089866530
  0.14608018951236168  0.15536167458678748  0.16509634121571221  0.17531420233288553
  0.18606446138786573  0.19711359730346623  0.20842733748493775  0.21970416520625277
  0.22994225751728392  0.23965076713888639  0.24921556920557905  0.25888621090421593
  0.26978076371492032  0.28195578507471231  0.29580587566401950  0.30820419427315637
  0.31945995963027229  0.33061537518205930  0.34228116640860984  0.35360799077028005
  0.36427103325661275  0.37448710378836830  0.38457067627853592  0.39518282206990951
  0.40583088674794432  0.41576253221137094  0.42575792400465973  0.43591551829816416
  0.44648414595027003  0.45694304909468719  0.46822623144943448  0.48104812718235201
  0.49297195817647699  0.50699514408224833  0.52089528352534575  0.53484230225551599
  0.54888081008872369  0.56276564152096664  0.57635845506012440  0.59039778757157535
  0.60458981819704793  0.61932057771978477  0.63459358346286154  0.64916310485615947
  0.66489595424422177  0.68100094692461066  0.69724924278111400  0.71376041793039224
  0.72955157856312292  0.74480289702399516  0.75958910211438480  0.77397032853237413
  0.78786659101417700  0.80223080163379668  0.81699938422411822  0.83166326734917517
  0.84555532164465408  0.85884697823846112  0.87208108862336553  0.88407193206811419
  0.89588900834490526  0.90873004003996061  0.92294729335058379  0.93855404352895422
  0.95406921685542567  0.96980015862082380  0.98522592994525293  1.00000000000000000
 -0.00237429351132479  0.00849110483552429  0.01905720475219107  0.03045940684340575
  0.04206375258752962  0.05215698162573755  0.06109601867176585  0.07040968780111886
  0.08039684891099140  0.09130126219958026  0.10233059106889671  0.11436723912270000
  0.12638662060342717  0.13800404454180154  0.14914026877520936  0.15915773561571864
  0.16860210138682247  0.17874381178322701  0.18920131866513298  0.19861642006977931
  0.20806457124310726  0.21806281458044435  0.22838258289583868  0.23844545090328709
  0.24887529912900530  0.25990187977107487  0.27082622886336138  0.28014013905771040
  0.28942182276534451  0.29768261337432184  0.30600554969563215  0.31448064352855515
  0.32253133443702242  0.33051679880519469  0.33885370779202995  0.34683085556568471
  0.35566333188738958  0.36640102592818696  0.37763226619882084  0.38824988040279673
  0.39809728663393046  0.40775090501872879  0.41872048941713580  0.43101307845019571
  0.44209043870574860  0.45218655373198002  0.46195824818787534  0.47112566128635330
  0.48040300022744520  0.49054919513745893  0.50180919519179790  0.51361913917248692
  0.52557158858799979  0.53727027324499999  0.54800045421180643  0.55873196491558696
  0.56886461481007311  0.57860714788764578  0.58821935068798004  0.59848230808825187
  0.60966020911642860  0.62149070970863840  0.63493169407235994  0.64851776902123026
  0.66045388235940750  0.67184419153825958  0.68256155069297642  0.69418182314192478
  0.70449540500861185  0.71457260508365839  0.72416236656353372  0.73387944853183595
  0.74357935854659252  0.75231182317696077  0.76117245715577697  0.77072713335744303
  0.78162683884096418  0.79260959302613898  0.80307675715434468  0.81351833594347034
  0.82425456198401514  0.83568363314391569  0.84837075067918433  0.86223324262700629
  0.87517975572382334  0.88715163873505554  0.89918139347270420  0.91187246536945910
  0.92506096083630351  0.93814894770775670  0.95049761955927514  0.96252699592674318
  0.97339682505020431  0.98327244069210995  0.99180875595516771  1.00000000000000000
 -0.00219340377067414  0.00896477712343151  0.01822805353375656  0.02648125115273406
  0.03532144543144562  0.04370301873861435  0.05304594007573685  0.06226465677773466
  0.07192464339669447  0.08116501243296012  0.09010727363445836  0.09884797151254301
  0.10821690309359690  0.11872142000301975  0.12886426444219340  0.13957866555129744
  0.14965293106484365  0.16003641025854057  0.16965691105328462  0.17953967699132953
  0.18929608170055406  0.19934783479410048  0.20977235471824865  0.22126493052253907
  0.23285407673769257  0.24465891308631654  0.25489650151712301  0.26393146747817442
  0.27208318722831415  0.28085136216931605  0.29024205850420148  0.29910952264136298
  0.30672925286632186  0.31509572951110043  0.32567876286733427  0.33761972356690650
  0.34884963076228559  0.36249313499085584  0.37590961541038426  0.38863534552292694
  0.40030642347926337  0.41148174545782973  0.42249402658831042  0.43252123374696705
  0.44242630704007863  0.45259978479393259  0.46326192688193990  0.47395635968851751
  0.48548786062869348  0.49877317994020254  0.51140701469504135  0.52351099216461527
  0.53311010261448921  0.54220763204482492  0.55147138067390300  0.56085658437637576
  0.57032114680977930  0.57883240450148143  0.58873072296694395  0.59749303444691815
  0.60647458029828560  0.61535669067436793  0.62540612634845161  0.63831163847897709
  0.65188514586942325  0.66489422348571703  0.67703200485854120  0.68842961740899811
  0.69989153260212289  0.71038504549064252  0.72089465071271019  0.73101530735739773
  0.74130769775563421  0.75089938469976258  0.76079955527353460  0.77210847565305774
  0.78351210783809466  0.79434325128323147  0.80519647671176675  0.81690866044477828
  0.82930513703132347  0.84260588991415075  0.85613240853497397  0.86911100914103390
  0.88170962060380287  0.89412489476573931  0.90554640855761170  0.91404118980502536
  0.92465291839206176  0.93538542630085009  0.94621557915108956  0.95780207912503457
  0.96939679130249445  0.98024335562554299  0.99054497046004653  1.00000000000000000
 -0.00268545358755329  0.01050986724488411  0.02148174158776236  0.03304872941332433
  0.04363278797059975  0.05343808273029321  0.06340602056312486  0.07443309219951831
  0.08488769352806450  0.09497776785805548  0.10486085391219946  0.11546486111728892
  0.12548295276695770  0.13454773184129395  0.14349218933087007  0.15324527774555799
  0.16350900321296330  0.17394675592372755  0.18389097182979749  0.19372884231670959
  0.20403916777685949  0.21351978500661126  0.22227623992070705  0.23141968361153981
  0.24066026079891040  0.24959601880644558  0.25810535787924960  0.26633897841995824
  0.27652180439110924  0.28780888246619291  0.29929802888581908  0.31139561516841818
  0.32432671125886681  0.33710010771438909  0.34859785271716609  0.35949979385727221
  0.36989083207747819  0.37902735518715314  0.38711857444042480  0.39545282965008871
  0.40423318209713932  0.41352141845951662  0.42356763641970951  0.43306747253797484
  0.44212192802056355  0.45187440235768062  0.46165360208780459  0.47211020021841987
  0.48357739384153053  0.49527794990907931  0.50686606811160961  0.51807434235899763
  0.52853425778206442  0.53847441153291931  0.54870088879451417  0.55915246116706374
  0.57062227654671027  0.58274205165374771  0.59610953580438863  0.60804599516306734
  0.61703745932480569  0.62571937204742833  0.63422836124089221  0.64296217750367091
  0.65148727841158893  0.65956954249620114  0.66839620903063024  0.67930347287805914
  0.69107255141703394  0.70191363225890313  0.71190472304144881  0.72184363737220392
  0.73374098874958760  0.74665397200176031  0.75817548081536745  0.76849035542966049
  0.77864051862452111  0.78856801100309715  0.79844866453157837  0.80869473098498301
  0.82048022324058967  0.83221771274615097  0.84352709013246407  0.85524274394854849
  0.86848250302499230  0.88254995823683002  0.89553219287098784  0.90838031758720439
  0.92084342138273856  0.93350358258591748  0.94654423614461924  0.95838323043395113
  0.96933529554136799  0.98001879537497216  0.99013246363790786  1.00000000000000000
 -0.00403823395779533  0.01459251433105001  0.02813252776942745  0.04054148011239195
  0.05227978240472603  0.06332767927308181  0.07341365958382041  0.08339825041844928
  0.09381357899025340  0.10435946970861550  0.11469043216545678  0.12471594721826812
  0.13420370937262219  0.14325424883931048  0.15228619463070228  0.16152833483089249
  0.17165105023509611  0.18255668649247833  0.19235718729587567  0.20181229997811662
  0.21174029040574455  0.22200025095063092  0.23138551463414148  0.24002845616137786
  0.24909306934262287  0.25894997605151981  0.26927117986766036  0.27969462471488643
  0.29025858463813226  0.30065344161273028  0.31073275397381817  0.32154449225745829
  0.33249981588173116  0.34326796702875945  0.35330605756602135  0.36229385991388235
  0.37115342064664769  0.38073348387196998  0.39097126582862674  0.40030155142410062
  0.40869082714557392  0.41720852825295512  0.42767168007893042  0.43905200340755068
  0.44931950089221218  0.45938946804091091  0.47028521715105881  0.48303393924862720
  0.49640521796466547  0.50890298122748490  0.52055900818881395  0.53120555560804894
  0.54104876637136079  0.55193787514546755  0.56234986266524689  0.57330488475297359
  0.58491147991524106  0.59745781521373875  0.60886525402055558  0.61944337785054204
  0.62829035319432147  0.63712736556817973  0.64585428155107871  0.65555951705438742
  0.66541259506032013  0.67555649028799158  0.68535889576924758  0.69496957587718000
  0.70537950494813473  0.71590586113305821  0.72658562774414748  0.73675030972289057
  0.74671305101302110  0.75764971035576945  0.76943105009672741  0.78169007483275499
  0.79433028176339915  0.80733286635422552  0.82034194365556556  0.83400837707452546
  0.84527736603356796  0.85716809552770401  0.86871855301178369  0.87879536286497983
  0.88693527020761975  0.89499657115623921  0.90250982553855996  0.91108595078193966
  0.92052266873896993  0.93088007110480808  0.94288764754306365  0.95518032440055001
  0.96707830885449497  0.97850214169053407  0.98950207594641670  1.00000000000000000
 -0.00185290555756769  0.00843923040315807  0.01672390398830536  0.02645435929162499
  0.03654720139829064  0.04784515002862735  0.05837897821545745  0.06916642890365138
  0.07821247140731419  0.08770149600764107  0.09697198872512747  0.10685017949718269
  0.11736745728407588  0.12905773872698756  0.14130917831274903  0.15465773088098123
  0.16726980180276993  0.17922783713651758  0.18982168483377732  0.19923071787370014
  0.20879550047770062  0.21877403723900662  0.22912383905156034  0.23931005975340136
  0.24880821504565984  0.25861685187193600  0.26951895409693427  0.28121221885698999
  0.29233485032809381  0.30239019105450399  0.31230377197020381  0.32145703807926990
  0.33020671422798753  0.33906902369578479  0.34790120476266373  0.35676329814205260
  0.36523174531915920  0.37340653081601871  0.38340005753015766  0.39394775090937578
  0.40498329044609316  0.41652852051008654  0.42876131892728053  0.44310270863431228
  0.45777783742800543  0.47056401842651807  0.48170789721544754  0.49263304145234033
  0.50362637853910197  0.51415690222205046  0.52446771624521726  0.53479348117057324
  0.54516686251421909  0.55532689429676352  0.56494797654700291  0.57377868222916628
  0.58148800690877311  0.58909796509313572  0.59722267470885304  0.60644739322546104
  0.61785906413455782  0.63029520246213977  0.64269772984592755  0.65493538654781425
  0.66642116298060161  0.67748989327792075  0.68818198785195417  0.69878567140042247
  0.71027565530981751  0.72123652365349955  0.73147399348207531  0.74155666315818536
  0.75222113389932910  0.76339197199520914  0.77396296842594869  0.78257763134914660
  0.79223786725068046  0.80252406186626724  0.81219963586660215  0.82223267725456683
  0.83296722437320581  0.84450659257440697  0.85531003225997360  0.86486557745029569
  0.87413863192874375  0.88302543604998640  0.89179939889183235  0.90100484509160428
  0.91143460073329075  0.92314596771255464  0.93620808105896369  0.95013799158831147
  0.96395405652867050  0.97596988728859646  0.98860083370476126  1.00000000000000000
 -0.00332851002578024  0.01042685881856806  0.02121318007829996  0.03127253016860546
  0.04139546447736651  0.05176293914623789  0.06239337419866391  0.07266234395205211
  0.08329764900382278  0.09483053934213326  0.10581352560796028  0.11531181299240212
  0.12400615212182706  0.13156430701354635  0.13880367267718516  0.14561625285628249
  0.15306680104859607  0.16043358778653244  0.16926806259640589  0.17785673794697310
  0.18686060752211295  0.19781868905522165  0.20977060003734424  0.21777067924456495
  0.22581577648146486  0.23365352929622260  0.24179690705855555  0.25086029922659714
  0.25956650426755851  0.26783424044599807  0.27602487847060614  0.28439935730993943
  0.29339877920493151  0.30426942935972379  0.31635894837635598  0.32831854405870320
  0.33951346239682617  0.35036799608608021  0.36092054357456482  0.37175046914172577
  0.38228180800833444  0.39307640653012504  0.40463166428299824  0.41544004289769965
  0.42665193949312563  0.43813221227010618  0.45045086643612825  0.46229220103215801
  0.47279647202650044  0.48347665338810858  0.49305673767097297  0.50268751976280945
  0.51259753692050802  0.52325205627843030  0.53607934961572934  0.54975992116557970
  0.56361439988616913  0.57512987437995278  0.58674748687916345  0.59825050316383688
  0.60879488632173540  0.61818612402491058  0.62773334558419691  0.63814766073916451
  0.65025172616379412  0.66326654045138478  0.67470506666458652  0.68560340910856987
  0.69765358512074649  0.70855774445216790  0.71901770793015629  0.72985659253426471
  0.74432057829567855  0.75637512122355810  0.76768048995257476  0.78022904991102227
  0.79341725666370566  0.80491883904112549  0.81560478977753748  0.82637171416038058
  0.83802353570094756  0.85056227221278258  0.86322219702881064  0.87452823088007181
  0.88609357524237897  0.89762433958736287  0.90925035700782220  0.92046438676813302
  0.93050103090037495  0.94000858707115564  0.94952992074178955  0.95911474416154341
  0.96958254494487084  0.97880313592791501  0.98964885893432741  1.00000000000000000
 -0.00339621867598941  0.01145556509069642  0.02299161090778620  0.03319172365130466
  0.04296325111274987  0.05240291734633929  0.06195137924451038  0.07139739201139683
  0.08066953897540370  0.09043295994655574  0.10102034349806679  0.11154333253305504
  0.12164313134455287  0.13184646542286485  0.14216163938943560  0.15187136775953117
  0.16124018277826085  0.17178823914091257  0.18550100650378365  0.19854457130943795
  0.21025441142219509  0.22313278427127617  0.23530893082321166  0.24756263161240361
  0.25974485575777678  0.27277745691164362  0.28582738919275696  0.29862978948496549
  0.30918767880987119  0.31892687347689253  0.32888827183888414  0.33924565363609299
  0.35002168163543773  0.36098454710270689  0.37237860882417556  0.38417045432108554
  0.39659371809277277  0.40981261739227487  0.42262896360957203  0.43471738378908953
  0.44497895217434646  0.45356550702158238  0.46195241138672088  0.47038125216779925
  0.47850125542278066  0.48639441109210485  0.49475700839885189  0.50424586800742088
  0.51647483136942374  0.52752201164671941  0.53836987535353220  0.54846728114888399
  0.55876263059198494  0.56918739602961244  0.58051366920468872  0.59216008753519433
  0.60383130338451563  0.61676671500137825  0.63039810377124261  0.64425518071043586
  0.65723520411700476  0.66973422452130194  0.68201743140204052  0.69430607565629987
  0.70460604217406386  0.71277505611204095  0.72049659120459342  0.72847472394399004
  0.73760989864894999  0.74840872642651302  0.75924876093995608  0.76983373671824329
  0.78052476188103570  0.79093674468491204  0.80138788836182218  0.81180248210209338
  0.82215251252052624  0.83337641285933040  0.84488085162520066  0.85555111894260805
  0.86409992616479003  0.87303783717889361  0.88170051328674426  0.89052725308679570
  0.89913054036169593  0.90692347994589706  0.91582941620681080  0.92581133960591411
  0.93617913400084685  0.94543513353566500  0.95421614190394566  0.96360501467834492
  0.97336758121809952  0.98254700279105933  0.99100097303470513  1.00000000000000000
 -0.00568543688529098  0.03244907019969363  0.05625518833925389  0.07332290362438976
  0.08885388538525370  0.10549502123474649  0.12028809285800025  0.13522107169238831
  0.15042293185341196  0.16365334594484574  0.17808707325175316  0.19080004829374758
  0.20238699687152678  0.21360744366952722  0.22421879202553122  0.23438230635192242
  0.24407440019170948  0.25300482182752526  0.26246669735971750  0.27179300455756822
  0.27992069640416223  0.28765855399922752  0.29529237942389852  0.30266277396709845
  0.30989504361897935  0.31722151647063523  0.32500754329725073  0.33272274332488910
  0.34054302193221653  0.34825625382278697  0.35592925100920647  0.36425751798717704
  0.37327918750712247  0.38290238869962140  0.39200726787328777  0.40185044220955557
  0.41113468824311505  0.42045159932588771  0.42956070860463103  0.43867251515360700
  0.44797156170664260  0.45690419414688715  0.46472425898375791  0.47099545970760498
  0.47769986879204251  0.48420291984863084  0.49088087005425024  0.49734027704130801
  0.50408436629684850  0.51116899815961847  0.51696454691150973  0.52369071604416428
  0.53089257930160605  0.53900236904146059  0.54906050434536890  0.55928633382333126
  0.56902007368458785  0.57891422276089133  0.58845198954925448  0.59702476660464865
  0.60446967381898375  0.61134768474014611  0.61854859175749943  0.62678455920187037
  0.63527142168344097  0.64365626750410676  0.65186249153800691  0.65973726530830812
  0.66894822846703073  0.67958031219439541  0.68869490170243586  0.69649875047191567
  0.70428675803279062  0.71324175387171551  0.72233084305444628  0.73048909421236907
  0.73837903638695657  0.74664684498896350  0.75569422271686504  0.76614718630647571
  0.77712347806162851  0.78714387525485019  0.79704158317847085  0.80715106813669690
  0.81865810376839532  0.83084292952033456  0.84346071845693227  0.85613625359087997
  0.86869050886061194  0.88186791005647880  0.89454425106100965  0.90723150776202299
  0.92173399952399770  0.94261173085642624  0.96918571871445902  1.00000000000000000
 -0.00334608830425707  0.01221492783990760  0.02388173318188484  0.03583463760054013
  0.04740582393318923  0.05828724369533067  0.06956584511021974  0.08035245453052738
  0.09091972471787545  0.10248778028149100  0.11419758515607152  0.12528217197810679
  0.13591080959393320  0.14566632971008284  0.15564282737832016  0.16492349294546138
  0.17375288489525942  0.18260599063769051  0.19247027155562293  0.20253553725500445
  0.21207617972791185  0.22104635001485812  0.23090719325929468  0.24228550651979378
  0.25497262755444011  0.26758230465948069  0.27807227060044082  0.28716106363620769
  0.29679172609376553  0.30652268199417748  0.31580469148146573  0.32377054141023220
  0.33202454136491499  0.34178193487855663  0.35233054439681649  0.36220330030725800
  0.37249571396133629  0.38367182566252062  0.39453959485096174  0.40436976414127357
  0.41337699136608441  0.42280725320687246  0.43247399909465101  0.44309194659994738
  0.45384663765145972  0.46504668410820554  0.47592574497877915  0.48905481795730388
  0.50306190263201545  0.51775457763746580  0.53321064706686427  0.54592055527435857
  0.55722613749687877  0.56826202684102889  0.57877412154806063  0.58879622054834824
  0.59911403475684155  0.60995702716084321  0.62087659038396614  0.63114323081164325
  0.64155980441464422  0.65167721978530846  0.66147230488144448  0.67167231533773697
  0.68300011287877105  0.69410715725891481  0.70344429402180730  0.71318810260736565
  0.72371283031932598  0.73410021991748986  0.74351981154604041  0.75229579518497902
  0.76129492343083405  0.77052570957425337  0.77973866881593945  0.78907992271256067
  0.80008563781988695  0.81283937016082053  0.82692635202669362  0.83838699722032362
  0.84743105680965003  0.85636149607363976  0.86547720635480729  0.87490748214944447
  0.88425752230886079  0.89369668306203731  0.90454684250480599  0.91570753147572492
  0.92543684904268964  0.93448934582926257  0.94363175528252474  0.95348591546341999
  0.96423947833335566  0.97474296452244502  0.98707816432952500  1.00000000000000000
 -0.01245899304449642  0.15798196720006086  0.21415952815464179  0.25769609958090678
  0.29579859651922480  0.33031217655952810  0.36082823739411696  0.38592966455736522
  0.40774245257845876  0.42783521635709948  0.44653095221123379  0.46489448404135719
  0.48273677442935636  0.49887153009138030  0.51346096743225544  0.52733444427727028
  0.53971103322091518  0.55073527571289893  0.56086027452556086  0.57066397075710151
  0.58082868557798117  0.59024978797373995  0.59934183766529447  0.60835951979392522
  0.61751385018623639  0.62679667207046441  0.63517325424357240  0.64296053648604690
  0.65081141307842572  0.65855736015407451  0.66549917591317331  0.67160651924943926
  0.67755256167154454  0.68408041209760750  0.69085850130683268  0.69758728213433541
  0.70414075739827187  0.71061438062176829  0.71748446614948058  0.72423160940654829
  0.73073818070449492  0.73690104726007688  0.74273869765881517  0.74868670609380084
  0.75550940074614192  0.76230243483532611  0.76841072454031822  0.77422357051293422
  0.77962058735970918  0.78511838385800137  0.79049644626326776  0.79556459244007449
  0.80038992099703621  0.80483235557731803  0.80898895144988103  0.81302169760659004
  0.81701146001565239  0.82112284510023048  0.82572027378785751  0.83015993300862057
  0.83457523031126901  0.83868667203271352  0.84270214760291806  0.84681215196675974
  0.85096466845242225  0.85518604239672202  0.85943009040343055  0.86351738036650971
  0.86750161877202459  0.87124125607056002  0.87483786313963718  0.87850975785001029
  0.88225836094454257  0.88609726819661916  0.88982183981639074  0.89345180733939533
  0.89717056235875392  0.90089564462291127  0.90449857755549634  0.90795733895781205
  0.91130065019675244  0.91470260380556745  0.91838959770955952  0.92219834176794879
  0.92650307835362089  0.93099722778263239  0.93559800718894182  0.94052421817188492
  0.94568872572384066  0.95056799630417110  0.95500062456292667  0.95948646889405154
  0.96493071921057483  0.97160070192734904  0.98161502382524135  1.00000000000000000
 -0.02450662868474107  0.14681380899766927  0.18053299039372694  0.20134091847739291
  0.21784729605930589  0.23306157433590910  0.24815250687109280  0.26149464991303312
  0.27342458688238275  0.28455447982419080  0.29486165068643783  0.30438363560302262
  0.31346679382803200  0.32227685158940295  0.33083803558194752  0.33849279329824872
  0.34494369650665208  0.35146134814655272  0.35748774620474827  0.36366122320969307
  0.36958744686690886  0.37545842511734978  0.38118722451736470  0.38675215324881568
  0.39149592923277088  0.39622068843442976  0.40124931545688342  0.40660749981700633
  0.41216464018757953  0.41770715475569969  0.42321139971579058  0.42871917315425567
  0.43434980564415349  0.43987501511374683  0.44518409713968676  0.45040522784671605
  0.45542494124375799  0.45985871076412771  0.46407659219414865  0.46835220562907259
  0.47294798095299634  0.47773248772033922  0.48250159910257145  0.48716660314049548
  0.49130172527361959  0.49519580458214352  0.49889718318699428  0.50248005696355791
  0.50631567927710264  0.51016384612628973  0.51406989300953987  0.51830536383802039
  0.52272216491375245  0.52725308925610448  0.53185669547656522  0.53652593140127125
  0.54114553057686743  0.54564022602432538  0.55011242540652516  0.55478695003871903
  0.56001168909785670  0.56582162675970460  0.57196145178098401  0.57786108281424053
  0.58401832712005219  0.58991863439277126  0.59556307563548938  0.60125214153057782
  0.60648650984922214  0.61135363734777459  0.61646960309535470  0.62165910582730377
  0.62661487511781588  0.63134760422065306  0.63603505531771309  0.64094369124688721
  0.64635459496231606  0.65216768161997840  0.65807445243036089  0.66380529173989133
  0.66953712754536232  0.67518450977835520  0.68091683960305449  0.68711872999719392
  0.69563348071157305  0.70561827218836526  0.71585424925212449  0.72665253183566292
  0.73800193091612099  0.75081051613097971  0.76416176981121298  0.77949951979121790
  0.79761823964206291  0.82179109444426435  0.85969719665357680  1.00000000000000000
   1.0280705837630322E-013  -1.0000000000000000     
 T T T T T T T T T T T T T T T T T T T T T T T T T T T T T T T T T T T T T T T T T T T T T T T T T T T T T T T T T T T T T T T T T T T T T T T T T T T T T T T T T T T T T T T T T T T T T T T T T T T T T T T T T T T T T T T T T T T T T T T T T T T T T T T T T T T T T T T T T T T T T T T T T T T T T T T T T T T T T T T T T T T T T T T T T T T T T T T T T T T T T T T T T T T T T T T T T T T T T T T T T T T T T T T T T T T T T T T T T T T T T T T T T T T T T T T T T T T T T T T T T T T T T T T T T T T T T T T T T T T T T T T T T T T T T T T T T T T T T T T T T T T T T T T T T T T T T T T T T T T T T T T T T T T T T T T T T T T T T T T T T T T T T T T T T T T T T T T T T T T T T T T T T T T T T T T T T T T T T T T T T T T T T T T T T T T T T T T T T T T T T T T T T T T T T T T T T T T T T T T T T T T T T T T T T T T T T T T T T T T T T T T T T T T T T T T T T T T T T T T T T T T T T T T T T T T T T T T T T T T T T T T T T T T T T T T T T T T T T T T T T T T T T T T T T T T T T T T T T T T T T T T T T T T T T T T T
  <DiscreteSampler_grid>
  grouped_processes
  1 # 1 for a reference and 2 for a running grid.
  10 # Attribute 'min_bin_probing_points' of the grid.
  1 # Attribute 'grid_mode' of the grid. 1=='default',2=='initialization'
  0.0000000000000000 # Attribute 'small_contrib_threshold' of the grid.
  0.5000000000000000 # Attribute 'damping_power' of the grid.
 # binID   n_entries weight   weight_sqr   abs_weight
    10   10   1.117759496596115E-002   5.170553380603094E-004   1.117759496596115E-002
    11   10   1.117759496596154E-002   5.170553380603431E-004   1.117759496596154E-002
  </DiscreteSampler_grid>
