  0.02342694814362219  0.03561390359023919  0.04546342413069621  0.05729191027626905
  0.06777969028990199  0.07669993814991496  0.08600982230684950  0.09406696175046270
  0.10112199109367830  0.10967962786330218  0.11841017140129893  0.12850131267022441
  0.14190117583735257  0.15586417681390569  0.16749176857846418  0.17817868491380287
  0.19055175648964620  0.20328604354169233  0.21680073135196107  0.23165507875113725
  0.24776810195651139  0.27153493113198568  0.28831832772903254  0.29934232606863925
  0.30707646141896405  0.31552773864869860  0.32266707687969437  0.32841233223449329
  0.33467387635588214  0.34395554650331828  0.35750738783519664  0.37220674159400202
  0.38555681819601911  0.39760890870798338  0.40847495569781145  0.41769786470956644
  0.42377677019682680  0.43121249540597473  0.43776362929496432  0.44587452609881539
  0.45608600554466222  0.46613306615861555  0.47551909649583679  0.48418674665803207
  0.49154453258964353  0.49908008388191727  0.50806511689096134  0.51916725372077044
  0.53356565772674602  0.54800522621450132  0.56131900854650341  0.57444447711134061
  0.58559444845615283  0.59422936489391598  0.60247026383407853  0.61091002026642949
  0.61956067657564029  0.62804874069441419  0.63652559107258011  0.64988712982992425
  0.66206083446148689  0.67064586238245627  0.67939891905278138  0.68630442340157838
  0.69387171065530184  0.70254949926033550  0.71031915571855542  0.71687941810352751
  0.72343735139611542  0.73135234619172884  0.73760279603395884  0.74374982847588755
  0.75026210425014417  0.75691256233994342  0.76475978122432842  0.77453611189563576
  0.78563068162412342  0.79618871320715534  0.80599949949129113  0.81505328978554870
  0.82213279996525435  0.82851768241863932  0.83874209908022890  0.84770942398653104
  0.85635901101478018  0.86559893704438040  0.87643497739431753  0.88880500566171172
  0.90192821366209219  0.91527351981072569  0.92989677915008173  0.94337892094784503
  0.95650584142019757  0.96750867221381065  0.97088878727359118  1.00000000000000000
  0.02463445969027138  0.03096184865913511  0.03774959799186826  0.04500843970071191
  0.05386476303541569  0.06213594458914803  0.07010484285777500  0.07821030652127473
  0.08799657778737435  0.10249786552663293  0.12262142958240008  0.14106003688995572
  0.15527751346132734  0.16758783947211714  0.17987277131709803  0.19077392952471001
  0.20080388598768917  0.21062274014949975  0.22208030224428427  0.23592509491512945
  0.24422843185592952  0.25488660901565569  0.26771498902343077  0.28009117450170878
  0.29073116678386579  0.30017722018978199  0.31149261215260965  0.32455976384283647
  0.34045271961265322  0.35569412300584918  0.37020167442865531  0.38423589811661996
  0.39744952264295647  0.41100536700381757  0.42017068871361379  0.42757371874853428
  0.43552746986233731  0.44258037772087216  0.44889948283038306  0.45593256583931385
  0.46285959662429571  0.47037430322757801  0.47883376523000509  0.48777589826330903
  0.49664855001495067  0.50442216157122588  0.51182663194743427  0.51823975085947771
  0.52367527002629966  0.52855964223126961  0.53472165169039343  0.54296440536849655
  0.55250889558654936  0.56084692125594426  0.56835752979816956  0.57436427614955354
  0.57974458125236583  0.58792474609858780  0.59968640986838917  0.61300976138569840
  0.62628725682672914  0.64240923466258715  0.66149833624294374  0.68306238015749587
  0.70825395067393282  0.72865574202034455  0.74576897765061068  0.75908596264792194
  0.76926622121490895  0.77832944001113047  0.78512167934691235  0.79189581449548063
  0.79944354394984174  0.80722261369235471  0.81543738227069629  0.82474773819323688
  0.83147989583182191  0.84133807997461918  0.85560087265353491  0.86782349793960079
  0.87756881329337189  0.88689899194730115  0.89555721147649514  0.90432353506115215
  0.91115379024957532  0.91712391475527089  0.92317833360946666  0.92949741041896561
  0.93444803939094445  0.93834467001935662  0.94375275771447631  0.95047671662773803
  0.95620472666903100  0.96429721950637448  0.97139491738042594  1.00000000000000000
 -0.00840240459559745  0.03504615122951997  0.05703713631261753  0.07278858880055564
  0.08606519191976893  0.09625961827945871  0.10407040358525435  0.10983435753174832
  0.11674402205247977  0.12484283368932331  0.13070924889362778  0.13573802240896266
  0.14064372197788233  0.14820520830466627  0.15719450171720792  0.16613077622163328
  0.17499306950365803  0.18323502385121243  0.19178116616956084  0.20215763848834489
  0.21207722109290866  0.22187392350814097  0.23312195304960079  0.24292375986767784
  0.25205123445840699  0.26027570590929233  0.26592189625131663  0.27576621480585733
  0.29561590319674785  0.31326305362712986  0.32917846193847017  0.34277790216899934
  0.35472653833581497  0.36662307942176875  0.38025953397560974  0.39630142006386254
  0.41113090734559904  0.42145996367380489  0.42927738315446096  0.43598850722111965
  0.44198971741862808  0.44799724727053691  0.45570762737424841  0.46272947625680161
  0.46688596758072670  0.47122160474929242  0.47572991511117713  0.48013987121933632
  0.48687556606315491  0.49740744108655521  0.50711997168918388  0.51698330321423358
  0.52790025985279698  0.53881201373949728  0.55173814378375818  0.56667809766971367
  0.58178376700961942  0.59662928942709570  0.61250757210605222  0.62965647442199024
  0.64825543955975418  0.66835177697778392  0.68777289551269316  0.70424372280320469
  0.71712093152480372  0.72744726730034792  0.73620878193138362  0.74330856330583295
  0.74932123126234984  0.75346571360169867  0.75926311195943497  0.76535160706076155
  0.77264861284150987  0.78078754302583298  0.78966738548806203  0.79731378455845370
  0.80266091405122197  0.80772015039673128  0.81240870396455034  0.81761078860555458
  0.82286235419645803  0.83133358684891390  0.83953303099565546  0.84886944231741490
  0.85709214337381001  0.86378724897896775  0.87073715338265711  0.87810488330165148
  0.89315112598516244  0.90959688904459812  0.92559053399004754  0.94010263656505477
  0.95442732757398796  0.96850472185820924  0.98398878956714675  1.00000000000000000
 -0.01234564589791735  0.05065174283339108  0.06097201778428708  0.06963126976473216
  0.07670488367619417  0.08362739976629738  0.09307429783724039  0.10415946894143482
  0.11552217902240400  0.13179169913105523  0.14402727167142648  0.15419989808956694
  0.16600263372309865  0.17731822960603696  0.18888629242689300  0.20168618986445064
  0.21625832944051560  0.23170950253935235  0.24181107055916748  0.24813600310037617
  0.25264659124912425  0.25763798089628465  0.26564910455731811  0.27815143373074569
  0.28739723370348302  0.29393369450240020  0.30403598208035992  0.32111482741025305
  0.33588033383988103  0.34923935067472228  0.36042370657346046  0.37122122457782170
  0.38192436178809464  0.39202997244445009  0.40054774451041658  0.41006888400835684
  0.41829070226253456  0.42494566940786388  0.43075067273183504  0.43489649073371189
  0.43971479843823091  0.44934547947647507  0.46177305054055168  0.47317732060893564
  0.48484149721980613  0.49182185260818595  0.50074023618176244  0.51296988430333601
  0.52447231360494928  0.53336761691251455  0.54361675479523375  0.55790581850902021
  0.57059538144333644  0.58114555618198438  0.59428822090090172  0.61019865628874415
  0.62286222339122910  0.63682666178225966  0.64914731945576964  0.65816212182941047
  0.66548568951225162  0.67300178786342157  0.67965936517653613  0.68356820710369348
  0.68888500106116979  0.69359260861970662  0.70180267154184106  0.71516408103862816
  0.72917840329190464  0.74227478568800187  0.75518210637624517  0.76732210623437136
  0.77835468304361000  0.78841036549393007  0.79829182961742329  0.80628456388275083
  0.81463424644312898  0.82109997622628406  0.82682647837924239  0.83544535038693146
  0.84643837038863534  0.85908844421690267  0.87219214182806049  0.88658341746121172
  0.90554217198446629  0.92258375913697399  0.93700701187172120  0.94963043648270451
  0.96114974324710167  0.97152559463661836  0.97935073001104389  0.98523947364262465
  0.99019573059279953  0.99384482357217296  0.99698939051628221  1.00000000000000000
 -0.00021217295382397  0.00294787745165869  0.00801252458112283  0.01293572375287856
  0.01921741923790851  0.02742880725494920  0.03702540425349228  0.04673419529603223
  0.05399224646634400  0.06157674209376367  0.07467820503910001  0.08575246488703410
  0.09413177876167414  0.10265628171979754  0.11065109693443845  0.12059729138979683
  0.13029940242359064  0.14016686536773323  0.15147451384599894  0.16371676054385753
  0.17551590107547424  0.18355348394252322  0.18892695826546330  0.19610423361718829
  0.20464703388454594  0.21397770039798664  0.22241706676718881  0.23033969499659415
  0.23933404254106222  0.24921860847384666  0.25724884012984767  0.26296604160863102
  0.26828154075973148  0.27334315743997817  0.27806934776304615  0.28243831148824367
  0.29291444061406041  0.30333144450014482  0.31467149747321488  0.32716235071015570
  0.34088492216368332  0.35606751554130761  0.37070937195606873  0.38357785945363260
  0.39573042528121838  0.40728232612060000  0.41729856915761354  0.42843125856005898
  0.43846434956178854  0.44737802639499946  0.45566267700302859  0.46379170468106407
  0.47297296232210828  0.48294077871729740  0.49309702546057577  0.50130235185583583
  0.50773587588560398  0.51413655072786579  0.51975196496317433  0.52540413739633984
  0.53202321171963529  0.53960047922935162  0.54626241858213787  0.55226017296028118
  0.55838103312108822  0.56521390292390761  0.57360440871863760  0.58252879327573348
  0.59192026610710291  0.60139052924424274  0.61057772358332674  0.61885860029245010
  0.62548977543242801  0.63176315023075169  0.63970082272361373  0.64660053763120706
  0.65449360610565233  0.66577219505640439  0.67984252766236930  0.69401559331403029
  0.70529550645853600  0.71546794586600782  0.72775517296427206  0.74270107436817223
  0.76193446402650056  0.78541290671574959  0.81378408083873144  0.83966407196489701
  0.86369185011656247  0.88491186400690824  0.90478669295404690  0.92375850783939917
  0.94248986598846984  0.96113373231855048  0.98049704265612103  1.00000000000000000
 -0.00606654197062652  0.01447965543222978  0.03233871477667528  0.04694557930538520
  0.06076967252230691  0.07374760676511996  0.08552676630755146  0.09903923833727231
  0.10930035319217037  0.11787197011698057  0.12818261237278655  0.13773651566869335
  0.14669099813396108  0.15675248176538717  0.16981990282424791  0.17956893354981304
  0.18924609236275233  0.19692602389398275  0.20401947978708945  0.21168157638867954
  0.21965725408626871  0.22651440647084661  0.23693725562871371  0.24790045210835446
  0.26013240285229239  0.27327633913353827  0.28547275368526126  0.29679842758887509
  0.30577384161789239  0.31582903594320327  0.32585723880914258  0.33406023529379941
  0.33890356925213089  0.34477790207266407  0.34957749717607656  0.35482192059783041
  0.36032337045812218  0.36664698876071816  0.37400814236385960  0.38166566594874990
  0.38931122936572637  0.40177840567682588  0.41093397635151918  0.42178971516143815
  0.43316985197502178  0.44440535085709376  0.45427539071123807  0.46412304550028255
  0.47388116430340543  0.48514385399840415  0.50011072815890156  0.51512531075807877
  0.52910080455888941  0.54129253183930370  0.55149592195080699  0.56001152476529614
  0.56622237486113258  0.57189231557960218  0.57688351077934608  0.58308480574598021
  0.59053276779286668  0.60096857752914457  0.61342989075083387  0.62716653898345476
  0.64359805481328203  0.66277423138712555  0.68183264826762058  0.69670027348198738
  0.70803310959232213  0.71438094865203139  0.71940575908217264  0.72420531980601199
  0.73124751161359125  0.73795584630170974  0.74692230924894065  0.75763268869072098
  0.76940658805007556  0.77973820357066126  0.79118507066698240  0.80280766104578793
  0.81473891695969058  0.82668515760537231  0.83820804594824416  0.84965203753204688
  0.86109307979931671  0.87379400714858646  0.88734006991499603  0.90188319697996899
  0.91476327503122068  0.92628548924497478  0.93855877411294331  0.94987547875743394
  0.95963678910617523  0.97113622415321710  0.98664306871441054  1.00000000000000000
 -0.00282374258369705  0.01125431620812250  0.02675964733326732  0.04066320763485929
  0.05187311583178145  0.06223097864659974  0.07379995529507172  0.08658519189145397
  0.10130972820931979  0.11829843203056638  0.13578078137313257  0.15300571023289930
  0.17036497720475668  0.18773625888967430  0.20492294849315071  0.21757521451311895
  0.23007116314675261  0.24167361803899040  0.25390645655396016  0.26667126501427740
  0.27785651623207885  0.28810850473768312  0.29749299273559049  0.30815074814674515
  0.31742620303257568  0.32448451625300129  0.33115399981375621  0.33703242502777647
  0.34278941903885229  0.34854610377644918  0.35535625653084746  0.36413326200059193
  0.37495484681695274  0.38669911858310113  0.39684489169532566  0.40270805101852192
  0.41091814124814896  0.42106623509740454  0.43046568916687100  0.43951610891626397
  0.44827677852573000  0.45631849688972120  0.46212450620803630  0.46711760918129874
  0.47260391023102405  0.47578321586404509  0.47985501281991472  0.48713421810362895
  0.49741051811051812  0.50797124620910983  0.51790457379976740  0.52891547190935950
  0.54115931118468208  0.55474901606405980  0.56692009854481917  0.57563376525430621
  0.58464084469217248  0.59564593863537241  0.60608136569414828  0.61443460658325910
  0.62265995158066878  0.63208956967153096  0.64961504915341939  0.66165272271487141
  0.67093430237710594  0.67999041642073421  0.68794519475181126  0.69614374025413517
  0.70744842643044603  0.72187555530869796  0.73951027573169070  0.75225818098540731
  0.76188628215932086  0.76889312080753114  0.77673846032927829  0.78495722075275420
  0.79298148218021325  0.80192104507594697  0.81011522050723939  0.81967025697731755
  0.83165274295088532  0.84381730327043114  0.85632746218255984  0.86694610099179548
  0.87304202693618582  0.87887418555678332  0.88513784144351448  0.89134864991873286
  0.89997423277914124  0.91070439014184779  0.92185282412849734  0.93161772201068482
  0.94505207802900959  0.96215131785566621  0.98069843135192203  1.00000000000000000
 -0.00372993797898989  0.01417877325037009  0.03137878391190620  0.04596826943221914
  0.05954699218924196  0.07269071200884228  0.08473508095263205  0.09793946217596096
  0.11172548091535130  0.12580112786167674  0.14091480292613293  0.15745128277524517
  0.17433216017558412  0.18908987057905643  0.20576647916800681  0.22400250523339649
  0.24265919006451916  0.25360505662131738  0.25866022451283849  0.26562579129521702
  0.27245657433093212  0.27909191176705284  0.28482440458153929  0.29093606952299977
  0.29813615864520482  0.30548160715716299  0.31119058917062731  0.32236750932101188
  0.33525592223560524  0.34841713911282679  0.36046584107939783  0.36743316364367495
  0.37721036796493984  0.38468685733650720  0.39109792545223099  0.39825901459348872
  0.40836909560814499  0.41718948126957861  0.42548541209145929  0.43534085405102874
  0.44660514282594521  0.45668132497920555  0.46690428059789252  0.47870561142635804
  0.49054669845827975  0.50171698275271093  0.51095366371427764  0.52016400657363815
  0.53211650781681086  0.54422485182873470  0.55277829443720006  0.56045649925733287
  0.57007712194892368  0.57984000363127319  0.59017352408317048  0.60097106796214150
  0.61223450221260467  0.62353575413144591  0.63512072508477135  0.64688273914335381
  0.65887376607592352  0.67410498364963267  0.68951229159062777  0.70493362237425927
  0.71880290988648232  0.73075297292193708  0.74484541164834994  0.75329560263212902
  0.75997526249462444  0.76686078961510162  0.77355410785610057  0.78146950307116914
  0.78980546624609460  0.79845533504515487  0.80962940813509732  0.82232091712506927
  0.83531591374987224  0.84868293552870055  0.86347683920286267  0.87318485731257323
  0.88135663939666997  0.88736029407306893  0.89221213190188875  0.89710597109747992
  0.90190032533959286  0.90947692093164489  0.91851585583732709  0.92576745908705205
  0.93231088759143466  0.94002951101183374  0.94758455173414291  0.95721511125074177
  0.96713870189154394  0.97703564441445889  0.98753941232368647  1.00000000000000000
 -0.00140294775023690  0.00781584794013689  0.01649315905164817  0.02628060551575943
  0.03614010893154889  0.04700992073274522  0.05568230007046229  0.06107731232922783
  0.06694611198522946  0.07401042479135937  0.08004383964877143  0.09128204876492713
  0.10281641196209532  0.11508727795829223  0.12799509520348470  0.14138416768454229
  0.15714665996645852  0.17539853701526503  0.19330935461295920  0.20639543551710612
  0.21790130436429650  0.22596713006020050  0.23563455931757901  0.24632451526604632
  0.25799177383117389  0.26707237181443122  0.27459851414305286  0.28134172963336151
  0.28995378499780960  0.30109005182719878  0.31166458235831013  0.32501223904000848
  0.33881237538421899  0.35324567922572059  0.36595076846679503  0.37590460204932746
  0.38484533217921835  0.39270269883802139  0.39965032278844775  0.40651106845895957
  0.41522773119230660  0.42839975722858381  0.44228688354647988  0.45562499035517756
  0.46833603106414395  0.48010691695182606  0.49174380091319936  0.50199692353193526
  0.51342457309429590  0.52700679499661685  0.54032848543139733  0.55335831588107331
  0.56608734648364312  0.57685018699177448  0.58850637563925523  0.60471963265481032
  0.62155032469891758  0.63624826695822989  0.64747180270866944  0.65472980290531380
  0.66193544900551082  0.67098069001781679  0.68003057773404152  0.68939371683932205
  0.69793555985785583  0.70600968473709058  0.71423371781395839  0.72314796214694121
  0.73390296104763020  0.74606827528621356  0.75814289025344772  0.77157833406034504
  0.78723243260708531  0.80435318189480354  0.82195557899085203  0.83906233115268403
  0.85526880136847394  0.87002418862586095  0.88230186501792829  0.89101935577266267
  0.89817295478558723  0.90528659554779989  0.91261568294000306  0.91760037138411932
  0.92136279030925194  0.92514878097605457  0.92933568220667984  0.93426947884030576
  0.94276194599621532  0.95108917848270846  0.95836731650120233  0.96644015479262468
  0.97577553695886188  0.98412517617797513  0.99250765666872542  1.00000000000000000
 -0.00234494436312847  0.00838347796333103  0.01929878856393197  0.02710890099716420
  0.03413733462828138  0.04472672866550587  0.05638836244320193  0.06624753881083800
  0.07461068824612090  0.08337302769646981  0.08968387967099550  0.09624514350488426
  0.10422192062124780  0.11101766455840485  0.11811234426887843  0.12549529888716476
  0.13375632189310527  0.14302261911732714  0.15691351350375285  0.17625218046716437
  0.19962555901390683  0.21378895204633094  0.22411303305187910  0.23239919925636443
  0.23969134178526069  0.24903315614565871  0.26093040628460690  0.27348262641100846
  0.28466357125967068  0.29532710270819695  0.30634003182657304  0.31828713941303671
  0.33092617175939393  0.34409548037993026  0.35885279762759081  0.37730222915044925
  0.39901348456733055  0.41970077379084147  0.43915643130424775  0.45676126395289202
  0.47280614078718242  0.48733409732745819  0.50001581929380257  0.50853287734862662
  0.51662130525631600  0.52492867478934102  0.53769715043224331  0.55096366566246469
  0.55813145323617452  0.56511365400122782  0.57408795959162984  0.58485313191582544
  0.59621371116545030  0.60359757541178538  0.61099645939353719  0.61832439609647460
  0.62643702001352664  0.63785037407405121  0.64937283882371255  0.66150384349910663
  0.67088113211472733  0.68724721478739637  0.70396835030996274  0.71727391104366689
  0.72814285071156681  0.73817082701156811  0.74750012422331102  0.75688035426887224
  0.76606879113503656  0.77559720784090058  0.78492985171167684  0.79426373928004812
  0.80607130180380260  0.81522716797490458  0.82221726970374165  0.83050114747282910
  0.83867201773592526  0.84438545755611827  0.84982328787654071  0.85535011416000750
  0.85866223160978650  0.86146027474154918  0.86745305792828276  0.87675244740098346
  0.88862543267996186  0.90114785296847977  0.91292003419533974  0.92215428060589100
  0.93013913299750639  0.93784510673595456  0.94701305381203948  0.95879887724226853
  0.96965464997957129  0.97864146205823399  0.98693067710320748  1.00000000000000000
 -0.00127934248786783  0.00499181933426218  0.01065026880491359  0.01577989398352667
  0.02171978203974368  0.02831267302366529  0.03612528055385195  0.04245818398544575
  0.04593044245231365  0.04839881462563095  0.05251074547453169  0.05712802125109949
  0.06385633542434309  0.07279665230108517  0.08245576722165593  0.09383886330431840
  0.10698581478457117  0.12126757870915653  0.13551088931082500  0.14910251429491747
  0.16294486104058847  0.17821156925932866  0.19336688625676215  0.20894863693951210
  0.22406878406930766  0.23827864376482538  0.25136071198954441  0.26405097944374178
  0.27815963221459983  0.29350082495392293  0.31085379449822476  0.32932317649025439
  0.34446504811697320  0.35452596560808175  0.36411064195591225  0.37352553673508665
  0.38079116379931782  0.39072045083442875  0.40542550942313299  0.41618296529756038
  0.42374118810707045  0.43167282490517783  0.43813789429100941  0.44507330975464504
  0.45164223215166682  0.45813335573119118  0.46775626482029126  0.47482788663659470
  0.48268309888302291  0.49180315463491286  0.49973388800174662  0.50769943098960446
  0.51432573046850305  0.51829966975085362  0.52360102454870316  0.52955060771251339
  0.53543132026896822  0.54653195243144614  0.56685023494224340  0.58668429813701406
  0.59782510917736975  0.60977511090890324  0.62266357541952222  0.63243869599584412
  0.64364497243230223  0.65481963971859813  0.66537754766608681  0.67947797416633637
  0.69341959626291716  0.70789125640008921  0.72323365230143777  0.74028255686776467
  0.75948217865871659  0.78082045594245086  0.79600632300663432  0.80896068657532827
  0.82047537138750481  0.83188059052604102  0.84448921708388192  0.85700274983036573
  0.86867405533043818  0.88014947124641663  0.89221355490800169  0.90218012735042574
  0.91024114072265039  0.91767255426855487  0.92575606522893283  0.93825752637470072
  0.94484925144307153  0.95312448182304899  0.96355867719753674  0.97252449514656514
  0.97947324402119873  0.98603244588522887  0.99232282438549191  1.00000000000000000
 -0.00128125251051668  0.00359749052942314  0.00748220628249249  0.01149912851229757
  0.01775781429427382  0.02676735422901955  0.03725064210316058  0.04766244767656180
  0.05585875608700226  0.06562127669031087  0.08379917973258502  0.09110590435092693
  0.09983104446004887  0.10861907917869058  0.11820041414125043  0.12908212871830080
  0.14069038649557633  0.15382471450929017  0.16595703621580268  0.18184042558507910
  0.19713591864592997  0.21233689532819827  0.22903084429861978  0.24416699700865691
  0.25526029327874700  0.26322256584680948  0.27226726323669326  0.28239873158003975
  0.29151631063480316  0.30071933510358667  0.30928239572355321  0.31895218711122747
  0.32915930551311606  0.33964115787580657  0.34936266103535568  0.35799536238423429
  0.36666233402489667  0.37596457784646314  0.38613029145843619  0.39659909773783891
  0.40656412310380785  0.41633704466294646  0.42565280565705815  0.43620119030379245
  0.44632546259703532  0.45584578854531904  0.46316210328352503  0.47012438551551611
  0.47805693221676704  0.48673444289396695  0.49370662239614160  0.50230453190028113
  0.51189453841413191  0.52246089688079578  0.53283397091372542  0.54400213784016804
  0.55466591976200363  0.56360185646617744  0.57194154387098450  0.58496147761155570
  0.59311438491595603  0.60034505658985715  0.60856240794744754  0.62140740185513321
  0.64032690578514095  0.65350069650853171  0.66419040292328202  0.67609695574424089
  0.68766434790937392  0.69893494496799746  0.70966550553984986  0.72015367756745741
  0.72738797032454483  0.73368575443434814  0.74307350822723206  0.75291540705631876
  0.76439903044246205  0.77452633432952722  0.78708501053359015  0.80321263349243888
  0.82248362887656912  0.84156122732608540  0.85999797879912232  0.87639680341698001
  0.88909581009761163  0.90060571967136815  0.91137519640670817  0.92149629425591928
  0.93174806940472887  0.94108259052398491  0.95102001737473230  0.96200553670154842
  0.97119537011148593  0.98083627153149477  0.99154379793644132  1.00000000000000000
 -0.00242824483598364  0.00751934317164680  0.01711706410870835  0.02716537093679576
  0.03838043977123004  0.04979582096709494  0.05894448804825562  0.06666005568165284
  0.07505730385169435  0.08323475511421015  0.08994761030218305  0.09612589710147389
  0.10428815325230648  0.11589780356575163  0.12471151692462804  0.13066895261410250
  0.13614258091030673  0.14405274587914846  0.15217769676199380  0.16032872694587577
  0.16770932662135302  0.17594598471443482  0.19085534599778281  0.20031750388144201
  0.20784172301988582  0.21444228439782967  0.22022125431079498  0.22965611559925345
  0.24228238008516220  0.26205414262841620  0.28667219514999381  0.30964369900123800
  0.32565098587022950  0.33736717485294843  0.34744422067991904  0.35651363710490142
  0.36598791868233105  0.37535003539808420  0.38637761921422092  0.39871106108891691
  0.41261672966884616  0.43327428650655053  0.45102612818128129  0.46434491928389565
  0.47525738080973612  0.48642216174781300  0.50709792651768337  0.52949150840779968
  0.55359990796685843  0.57757858312007981  0.60010974953198992  0.61876545096814206
  0.63246087043597410  0.64225192984833390  0.64962913546628187  0.65556077867564422
  0.66055194792068350  0.66956559522014725  0.67649358298616813  0.68173935985903533
  0.68907609390890423  0.69996404861643291  0.71138979991180840  0.72229453053211246
  0.73192818403016102  0.74085487848177112  0.74820387690319790  0.75528444138753881
  0.76456362756266905  0.77569291850211430  0.78724563734524899  0.79861191090665895
  0.80971762201915154  0.82121474321010568  0.83214437027158106  0.83989702214031370
  0.84667252451470310  0.85325305178917088  0.86300661099313136  0.87371910802861952
  0.88086845351315124  0.88753921023965265  0.89307320929033507  0.89728060877918059
  0.90291091009920521  0.90958074050863502  0.91545415295650545  0.92127897270427594
  0.92896485760449643  0.93636961511207095  0.94500478102634100  0.95355565249857432
  0.96256414382672695  0.97396434287860589  0.98654627069408329  1.00000000000000000
 -0.00401159318505952  0.01544974642553455  0.02627715746137894  0.03139877185934457
  0.03888412932644118  0.04768873281452325  0.05614474517489189  0.06575692401662651
  0.07565418441023075  0.08307051853883995  0.09112925015864683  0.10192304024879766
  0.11348708566263399  0.12408753591354138  0.13409189887060324  0.14246242953296334
  0.15003741522206976  0.15756727896594205  0.16511127603563777  0.17586491846972757
  0.18718299302621960  0.20491387613430759  0.22278400921974029  0.23511285087721140
  0.24390280584341914  0.25231327864840475  0.26144348752162760  0.27240395731366546
  0.28147048337668445  0.29003448476376043  0.30059993628591192  0.30984260515084028
  0.31935877328029671  0.32758436224878595  0.33413558617425781  0.34139923013420032
  0.34970574909577068  0.35672894160471791  0.36425291800230686  0.37350902161425031
  0.38433024423904921  0.39744617175563046  0.40681112469552189  0.41505689177867050
  0.42401830108551575  0.43313329993798899  0.44377751808243709  0.45648478672796594
  0.46896935065006418  0.48145435302177486  0.49319190075876379  0.50334913229118461
  0.51186929785745794  0.52327022266598366  0.53996219667066747  0.55888760085874445
  0.57820494891976226  0.59522535961444334  0.61025601623918913  0.62394620264629630
  0.63775094219320572  0.65469722104505923  0.67588828741367479  0.69094769327338224
  0.70400393910631676  0.71542125288871550  0.72758274375494403  0.74195801753776913
  0.75618885824926985  0.76952065663097891  0.77817490335486961  0.78697108815604844
  0.79445148247548425  0.80123749712641723  0.80686845384510197  0.81195216402226911
  0.82207864260558150  0.83307283192889447  0.84619892481314818  0.85929307466604066
  0.87436054056515955  0.89049187173736999  0.90611320616559832  0.91824860022295196
  0.92803048021605339  0.94126205615996106  0.94637328550409194  0.95068027811568556
  0.95466537400358753  0.95922503572967144  0.96559737419542002  0.97158834099138791
  0.97598305269064012  0.98241721964340423  0.98985805480846845  1.00000000000000000
 -0.17564800133708464  0.96800961041986944  0.97442056407947486  0.97710322915254400
  0.97824436863279551  0.97887603832067782  0.97938153148615481  0.97991757418232694
  0.98057974555415106  0.98124035690783151  0.98187739113460260  0.98254430097556300
  0.98309767432419914  0.98350486479578436  0.98385416067334452  0.98420553379879039
  0.98456065023749539  0.98490894634525261  0.98522937664050914  0.98552654692746733
  0.98576561853018485  0.98598127670987568  0.98624938426252173  0.98651733959215715
  0.98666617320626737  0.98677138749080306  0.98687878733183088  0.98698495971004119
  0.98708430647255230  0.98719231116852035  0.98732694050061576  0.98749428279470974
  0.98766318970859635  0.98785079655034447  0.98805357267220251  0.98825710690318036
  0.98848556834814250  0.98874121688460925  0.98905831364415719  0.98937531355130259
  0.98965554923143062  0.98988616414214659  0.99006495873808642  0.99026605536577894
  0.99044132555120501  0.99058694693872351  0.99073520551355143  0.99086912032483221
  0.99098396728839588  0.99110465489095834  0.99125347206429737  0.99141146764230625
  0.99157338303775266  0.99174132139430582  0.99188875565562229  0.99203094812808756
  0.99218670951925148  0.99235996350117928  0.99256233807924932  0.99278912561795540
  0.99301340203071642  0.99322148345444261  0.99342192200974566  0.99361711512663264
  0.99380912398817589  0.99399299618590342  0.99416440131168915  0.99434276305461422
  0.99452972080237356  0.99472646187934821  0.99491756997356962  0.99508736474950987
  0.99524128793859090  0.99536325032472295  0.99545802062545574  0.99558156875235193
  0.99571929778479129  0.99586056747676566  0.99600207831137044  0.99615153458726857
  0.99631406469856909  0.99650254458686227  0.99671263974421254  0.99688360868194603
  0.99701457157360007  0.99713433996745970  0.99725671080801137  0.99738688001058551
  0.99753280863840832  0.99769462037131662  0.99784590165196174  0.99800041547124618
  0.99818417953031180  0.99842690234940978  0.99890643241248689  1.00000000000000000
 -0.04003174190086170  0.18952497476095051  0.25110988401309309  0.29202530796087128
  0.32003913798574879  0.33896920048197399  0.35317770305358342  0.36689345807763690
  0.37986383082260855  0.39020548875538752  0.39802558953461431  0.40593795968621660
  0.41436092323765639  0.42203043694652403  0.42837317327196162  0.43297545910617508
  0.43817668107970686  0.44386793530680807  0.44959192691044780  0.45541748531999648
  0.46123693493443585  0.46851251496885155  0.47569378786797750  0.48207195242923251
  0.48845321411332954  0.49396042897029452  0.49921932908806349  0.50502748300061318
  0.51117552116057929  0.51759820838267900  0.52445281324413506  0.53085616610112196
  0.53897428047880269  0.54544848489286313  0.55013792580608256  0.55472034696985928
  0.55984491789459279  0.56458764145077012  0.56827717992001270  0.57309647040484080
  0.57814569644519553  0.58317729068081237  0.58801694903649515  0.59311985989149119
  0.59815165490447386  0.60259226930862142  0.60669984002063071  0.61113668283351075
  0.61560651334311256  0.62043147931714360  0.62463087880653800  0.62754928480381034
  0.63064726253540748  0.63316786706423633  0.63587260055301043  0.63868776217756518
  0.64145231222354793  0.64435019641466218  0.64750726455803376  0.65087572427975282
  0.65399904866645697  0.65739250855482079  0.66155607862428745  0.66621557123309016
  0.67109616115791493  0.67567172288573119  0.67991561430948211  0.68355290628389054
  0.68889319899079615  0.69566627587986873  0.70124244083242326  0.70545088090517061
  0.70883789183846069  0.71260412372024573  0.71752551712224477  0.72194218736123250
  0.72681763977109737  0.73207516510543069  0.73798116000381853  0.74396648928457765
  0.75001203787360593  0.75619227329175986  0.76261598111009765  0.76930287164667754
  0.77599168237283056  0.78272310096662323  0.78996738766032670  0.79788238171769810
  0.80531726633169920  0.81290912307271779  0.82523789426883298  0.84074854938836263
  0.85479385928991447  0.86992925679879041  0.89657709031445154  1.00000000000000000
   8.7263144835373058E-011  -1.0000000000000000     
 T F F F F T T F F T T F F F F T F F F F F F F F F F F F F F F F F F F F F F F F F F F F F F F F T F F F F T T F F T T F F F F T F F F F F F F F F F F F F F F F F F F F F F F F F F F F F F F F F F F F F F F F F F F F F F F F F F F F F F F F F F F F F F F F F F F F F F F F F F F F F F F F F F F F F F F F F F F F F F F F F F F F F F F F F F F F F F F F F F F F F F F F F F F F F F F F T F F F F T T F F T T F F F F T F F F F F F F F F F F F F F F F F F F F F F F F F F F F F F F F T F F F F T T F F T T F F F F T T F F F F T T F F T T F F F F T F F F F F F F F F F F F F F F F F F F F F F F F F F F F F F F F T F F F F T T F F T T F F F F T F F F F F F F F F F F F F F F F F F F F F F F F F F F F F F F F F F F F F F F F F F F F F F F F F F F F F F F F F F F F F F F F F F F F F F F F F F F F F F F F F F F F F F F F F F F F F F F F F F F F F F F F F F F F F F F F F F F F F F F F F F F F F F F F T F F F F T T F F T T F F F F T F F F F F F F F F F F F F F F F F F F F F F F F F F F F F F F F T F F F F T T F F T T F F F F T
  <DiscreteSampler_grid>
  grouped_processes
  1 # 1 for a reference and 2 for a running grid.
  10 # Attribute 'min_bin_probing_points' of the grid.
  1 # Attribute 'grid_mode' of the grid. 1=='default',2=='initialization'
  0.0000000000000000 # Attribute 'small_contrib_threshold' of the grid.
  0.5000000000000000 # Attribute 'damping_power' of the grid.
 # binID   n_entries weight   weight_sqr   abs_weight
    127   10   3.202734559842737E-012   1.024042966594141E-022   3.202734559842737E-012
    128   10   3.202734559842735E-012   1.024042966594139E-022   3.202734559842735E-012
    130   10   1.280867054623524E-011   1.637888592757677E-021   1.280867054623524E-011
    131   10   1.280867054623524E-011   1.637888592757675E-021   1.280867054623524E-011
    133   10   1.799546338499915E-011   3.233123981829632E-021   1.799546338499915E-011
    134   10   1.799546338499914E-011   3.233123981829629E-021   1.799546338499914E-011
    148   10   1.799670860271957E-011   3.233562261272147E-021   1.799670860271957E-011
    149   10   1.799670860271955E-011   3.233562261272141E-021   1.799670860271955E-011
    163   10   1.799670860271957E-011   3.233562261272147E-021   1.799670860271957E-011
    164   10   1.799670860271955E-011   3.233562261272141E-021   1.799670860271955E-011
    178   10   1.799546338499915E-011   3.233123981829632E-021   1.799546338499915E-011
    179   10   1.799546338499914E-011   3.233123981829629E-021   1.799546338499914E-011
    181   10   6.477453217710116E-012   4.189145583110545E-022   6.477453217710116E-012
    182   10   6.477453217710119E-012   4.189145583110548E-022   6.477453217710119E-012
    184   10   2.590452565148377E-011   6.699896997000106E-021   2.590452565148377E-011
    185   10   2.590452565148378E-011   6.699896997000112E-021   2.590452565148378E-011
    187   10   4.004880047851456E-012   1.601074007431107E-022   4.004880047851456E-012
    188   10   4.004880047851453E-012   1.601074007431105E-022   4.004880047851453E-012
    190   10   1.601668459216334E-011   2.560811351200289E-021   1.601668459216334E-011
    191   10   1.601668459216333E-011   2.560811351200285E-021   1.601668459216333E-011
    193   10   2.250251174402753E-011   5.054935111079625E-021   2.250251174402753E-011
    194   10   2.250251174402751E-011   5.054935111079618E-021   2.250251174402751E-011
    208   10   2.250407076978256E-011   5.055620355071378E-021   2.250407076978256E-011
    209   10   2.250407076978254E-011   5.055620355071370E-021   2.250407076978254E-011
    223   10   2.250407076978256E-011   5.055620355071378E-021   2.250407076978256E-011
    224   10   2.250407076978254E-011   5.055620355071370E-021   2.250407076978254E-011
    238   10   2.250251174402753E-011   5.054935111079625E-021   2.250251174402753E-011
    239   10   2.250251174402751E-011   5.054935111079618E-021   2.250251174402751E-011
    241   10   8.099750214593764E-012   6.549658818725506E-022   8.099750214593764E-012
    242   10   8.099750214593764E-012   6.549658818725506E-022   8.099750214593764E-012
    244   10   3.239238956018904E-011   1.047517652013628E-020   3.239238956018904E-011
    245   10   3.239238956018904E-011   1.047517652013628E-020   3.239238956018904E-011
    250   10   3.202734559842737E-012   1.024042966594141E-022   3.202734559842737E-012
    251   10   3.202734559842734E-012   1.024042966594139E-022   3.202734559842734E-012
    304   10   6.477453217710116E-012   4.189145583110545E-022   6.477453217710116E-012
    305   10   6.477453217710119E-012   4.189145583110548E-022   6.477453217710119E-012
    310   10   4.004880047851456E-012   1.601074007431107E-022   4.004880047851456E-012
    311   10   4.004880047851453E-012   1.601074007431105E-022   4.004880047851453E-012
    364   10   8.099750214593764E-012   6.549658818725506E-022   8.099750214593764E-012
    365   10   8.099750214593764E-012   6.549658818725506E-022   8.099750214593764E-012
  </DiscreteSampler_grid>
