     
 Collinear #          93
 ME*wgt:
   0.0000000000000000        0.0000000000000000        5.7280652628749527E-026
   0.0000000000000000        0.0000000000000000        5.7280652628749527E-026
   0.0000000000000000        0.0000000000000000        5.7280652628749527E-026
   0.0000000000000000        0.0000000000000000        5.7280652628749527E-026
   0.0000000000000000        0.0000000000000000        5.7280652628749527E-026
   0.0000000000000000        0.0000000000000000        5.7280652628749527E-026
   0.0000000000000000        0.0000000000000000        5.7280652628749527E-026
   0.0000000000000000        0.0000000000000000        5.7280652628749527E-026
   0.0000000000000000        0.0000000000000000        5.7280652628749527E-026
   0.0000000000000000        0.0000000000000000        5.7280652628749527E-026
 wgt:
   1.0000000103151570        1.0861580009996024E-003   1.0861579897957123E-003
   1.0000000009887073        1.0861579908696046E-003   1.0861579897957123E-003
   1.0000000000984617        1.0861579899026572E-003   1.0861579897957123E-003
   1.0000000000098419        1.0861579898064021E-003   1.0861579897957123E-003
   1.0000000000009841        1.0861579897967811E-003   1.0861579897957123E-003
   1.0000000000000981        1.0861579897958190E-003   1.0861579897957123E-003
   1.0000000000000093        1.0861579897957225E-003   1.0861579897957123E-003
   1.0000000000000007        1.0861579897957130E-003   1.0861579897957123E-003
  0.99999999999999978        1.0861579897957121E-003   1.0861579897957123E-003
   1.0000000000000000        1.0861579897957123E-003   1.0861579897957123E-003
