  0.02440778147936613  0.03158486082453357  0.04009464993223651  0.04932096384488113
  0.05908293218849740  0.06879643377025858  0.07855008862875301  0.09083439728942153
  0.10360535131973615  0.11674460655990197  0.13077661605527013  0.14485930143100864
  0.15725584901430664  0.16872334822802562  0.18020060901082952  0.19177105218074425
  0.20364042892730200  0.21425072525948197  0.22444504327544096  0.23396609319149433
  0.24367803767785856  0.25309848797816714  0.26236562737514435  0.27193547253301664
  0.28235841896030905  0.29271856731060686  0.30313700609057170  0.31378621085261732
  0.32566066683529793  0.33887445327409099  0.35271363950955470  0.36636477037789600
  0.37817234842435288  0.38873172093188341  0.39948856973177843  0.41042392019850038
  0.42098683933740572  0.43046741088621221  0.43967238286959448  0.44932199674035983
  0.45864099224294941  0.46724529752636412  0.47549974233560033  0.48392531575964076
  0.49289819159243531  0.50279414626057883  0.51315525125332206  0.52355628788787445
  0.53491383851576269  0.54502135845492772  0.55437483129955045  0.56433142905401124
  0.57404975468262542  0.58312189266532199  0.59192384666562980  0.60106138708841816
  0.61220957619432870  0.62286808994774268  0.63173247620759920  0.63991585561437647
  0.64839454997737556  0.65672231142525184  0.66491456314663777  0.67339445210573812
  0.68145520400316295  0.68927683442826404  0.69791034912471939  0.70651029206627447
  0.71638451076279364  0.72615326631321919  0.73569471789449159  0.74572950815045080
  0.75524380051061746  0.76555047643633645  0.77657821125623616  0.78710857443270466
  0.79701570822754886  0.80654358820336725  0.81560525533277117  0.82464654075100530
  0.83395123538538007  0.84409519484206152  0.85408099639021462  0.86453452877091752
  0.87572659932605501  0.88754383400273307  0.89953649463404151  0.91122970208776588
  0.92269628375231227  0.93310504729049315  0.94173836599327809  0.94975136013250450
  0.95728150102132337  0.96509043943664841  0.97100001685356929  1.00000000000000000
  0.02319518846927924  0.03411155147674866  0.04509546026687300  0.05609400069715580
  0.06650586776040299  0.07725843413168913  0.08744854295228716  0.09789318386124644
  0.10906950245011930  0.12126613883092562  0.13234324597170680  0.14276120593534009
  0.15315834102115078  0.16404267347126528  0.17484670316011042  0.18552931884068952
  0.19587322608195687  0.20585774116868708  0.21445590417370425  0.22303674771705170
  0.23197623434024356  0.24002678372629982  0.24862301535922007  0.25696811049015056
  0.26576276924547076  0.27479398646639752  0.28472307646566797  0.29573121155925675
  0.30649761391036584  0.31612762998652538  0.32460456344243777  0.33312372909380489
  0.34035649304537263  0.34808560430725605  0.35697856072239836  0.36578662298932879
  0.37379272799662411  0.38135981714867834  0.38903537665564936  0.39830224549636606
  0.41110269634788749  0.42264426298406987  0.43371063077712546  0.44327918546607742
  0.45289707228705445  0.46275145960247205  0.47337277357806101  0.48482562009627395
  0.49663957438057293  0.50718944227790941  0.51693925060679535  0.52702367738739764
  0.53711325992975156  0.54718340790861630  0.55664484969695927  0.56712219378990258
  0.57777993018882956  0.58767693039747237  0.59648895676989688  0.60432147814462378
  0.61221969485581784  0.62054816466315998  0.63043669767337918  0.64164872627779457
  0.65359508030566160  0.66537627738775706  0.67580629880089227  0.68571085118940134
  0.69631840999611527  0.70688197173366107  0.71651840479912177  0.72534888053783964
  0.73495984812594151  0.74460684058103210  0.75420758534682697  0.76384527973589111
  0.77332997850916751  0.78377340581527499  0.79532300756416330  0.80773168592305189
  0.82026591522814418  0.83110667668908966  0.84044165372428803  0.84938389365433642
  0.85908757793500501  0.87103985863533973  0.88299866196375076  0.89483978478252457
  0.90709203874713329  0.91877983660726681  0.92924934881797383  0.93969760329739849
  0.95191384885646113  0.96348598307760491  0.97152497262307203  1.00000000000000000
  0.00990886634696683  0.01597810692462915  0.02449856853796099  0.03376264863980884
  0.04285820236944164  0.05230365922170841  0.06185094101086155  0.07414686091563563
  0.08655191552678274  0.09877293993601705  0.10947998333683508  0.12189553383738244
  0.13412624913527887  0.14555385065718368  0.15563139874157123  0.16514988621797699
  0.17482593272952948  0.18505977947786828  0.19549412206344607  0.20574124187225043
  0.21536856496552878  0.22431351913886149  0.23435140180524269  0.24598195944297344
  0.25848070570639847  0.26991209079959771  0.28082856551301477  0.29107818172362343
  0.30080885904579302  0.31046434167787001  0.32057201834476778  0.33128810264457631
  0.34286071039976124  0.35445997675756996  0.36613329519471588  0.37794969795450445
  0.38978121082221262  0.40237755483920695  0.41576031073046360  0.42793887513935464
  0.43904692839300452  0.44912502620490297  0.45887416209699416  0.46890303136314176
  0.47914301049236885  0.48943121950029767  0.49921997122858097  0.50996996461565314
  0.52137970615570806  0.53286313917709027  0.54443142026748570  0.55562755885733628
  0.56619792068629837  0.57681775755385156  0.58788406066507459  0.59929551425419059
  0.61063208056132212  0.62150094971724890  0.63039447538633642  0.63824402777588174
  0.64617486193300078  0.65452894235541104  0.66397024934933513  0.67346866464996380
  0.68214186897335360  0.69105955266950603  0.70232383292584588  0.71387355344078030
  0.72511319153538845  0.73596651012255310  0.74720936939910176  0.75796688608500828
  0.76955168447589450  0.78179224780712531  0.79438129278300518  0.80418843648683236
  0.81363626477731543  0.82328735267129871  0.83249751196039712  0.84115601541674601
  0.85045691478854968  0.86153040133720848  0.87346968447235318  0.88457093634768080
  0.89436151694076438  0.90407204410447606  0.91481490389533593  0.92511814668445780
  0.93451138799277733  0.94355631782861471  0.95268746560021755  0.96239225192853883
  0.97250271932780619  0.98213657165974710  0.99117636741067550  1.00000000000000000
  0.00111480460721106  0.01822389792008042  0.03450413977106286  0.04950517020201226
  0.06257591589977539  0.07511958822256695  0.08695054823268483  0.09731633389350848
  0.10675052418644469  0.11492784792392419  0.12323103495856097  0.13207864719667264
  0.14283790730487420  0.15257330286549603  0.16327627841763467  0.17334496551895087
  0.18386834179833730  0.19359539516793239  0.20299326287638533  0.21190652150744407
  0.22080456473217727  0.23041308461246551  0.24140166134552127  0.25297688321338130
  0.26594677619650076  0.27831128220825563  0.29011269658599875  0.30089493490297226
  0.31211802948830514  0.32323233753165176  0.33535728126795195  0.34864594767872847
  0.35966773393113921  0.36899162310684092  0.37825722775135145  0.38705073214709163
  0.39574810704909175  0.40455985191354493  0.41267736682011663  0.42258457709160441
  0.43334084545489548  0.44457056539639456  0.45659907135860955  0.46932874887847398
  0.48122833661591813  0.49129917139730933  0.50024137717153472  0.50909426932785251
  0.51805212576717830  0.52687536807402457  0.53553731716650788  0.54407397177858463
  0.55251533332834202  0.56113121292924251  0.57013453282476223  0.57904573581619712
  0.58863594059573465  0.59906174618882801  0.61107889451648623  0.62407454395269091
  0.63526852382497301  0.64525400266950350  0.65526249946163251  0.66594764007513063
  0.67714937342737480  0.68780223074662761  0.69793442966880526  0.70794703393722624
  0.71783302696809548  0.72756263395481935  0.73764362840954678  0.74819633175186762
  0.75914754276551233  0.77039517370878940  0.78200572010664349  0.79370221981068456
  0.80550366455598532  0.81747252413249472  0.82970561900909323  0.84170991081247792
  0.85353603236931364  0.86476315360324096  0.87543460569987686  0.88555453496202496
  0.89577769433939192  0.90707223301302642  0.91917240444603976  0.93155470080450764
  0.94332858437764089  0.95298112926189060  0.96160968733284580  0.97015775071469712
  0.97880938793808914  0.98651774001453152  0.99214612891475584  1.00000000000000000
 -0.00027300755889775  0.00189432244088531  0.00338326074210974  0.00534843630730510
  0.00766686377059007  0.01035736529724271  0.01363378918987638  0.01691998887861000
  0.02068481654060709  0.02473668347451095  0.02893057259995710  0.03320914719911788
  0.03822828453490811  0.04339766503597950  0.04881637177160744  0.05447374595429692
  0.06113945189014233  0.06808200723858958  0.07571889751496383  0.08307305539427204
  0.09039148157365622  0.09827350199929731  0.10717352274497408  0.11651708926557618
  0.12563360551813443  0.13534319418486282  0.14435563886745598  0.15381476714574654
  0.16300001494624261  0.17227284112055388  0.18090009046376121  0.18932088061316277
  0.19738897978778874  0.20576531252417193  0.21555742744470111  0.22812980915948364
  0.24127226599886611  0.25359134682663653  0.26533528392126160  0.27653789672449186
  0.28830705195820011  0.30048058809297951  0.31189733829792671  0.32352916812695154
  0.33425116937156812  0.34479326974842589  0.35581372016856866  0.36650618171598831
  0.37757086459938438  0.38977635854675308  0.40130016052279488  0.41414142522361352
  0.42696906485842329  0.43860104957982038  0.45085921590526296  0.46360767502346062
  0.47695592448923801  0.49088649575886362  0.50497797893068241  0.51874483472999089
  0.53304913965919476  0.54676017865514071  0.55921700828117626  0.57107456022296188
  0.58285313069708389  0.59363398672369272  0.60484417812268654  0.61730128815971474
  0.62981417233845971  0.64199632120346750  0.65414403740412363  0.66655204218427611
  0.67922442593522736  0.69278887570149517  0.70658005853854167  0.71965640251720597
  0.73255177269190030  0.74663767936458458  0.76088789928254885  0.77451550826885085
  0.78805546770392665  0.80157707572256021  0.81545906149987524  0.83013169937886688
  0.84478152359607972  0.85876200723163543  0.87246110212680295  0.88594738684627694
  0.90007855413545335  0.91452567141895580  0.92882622440519924  0.94248082749966489
  0.95660483952236908  0.97066667888107905  0.98484567121684041  1.00000000000000000
 -0.00273373154166522  0.00936706477716479  0.02008963161609503  0.03059805711903461
  0.04231892212959494  0.05522838541839628  0.06817684280744218  0.08048235729509118
  0.09167815711218549  0.10197036105111279  0.11234389526532365  0.12306312428792048
  0.13409662472769041  0.14581340500385395  0.15890848022531789  0.17075066611744136
  0.18046915278827966  0.19140122355279118  0.20132145419221067  0.21073624932722837
  0.22010499927253224  0.22847349222203095  0.23740392893662965  0.24681015198570047
  0.25745112744721721  0.26805884188959905  0.27899118344565893  0.28953181133886324
  0.30039462371888354  0.31101415589340087  0.32167905131100316  0.33248275387903159
  0.34306908565358568  0.35430106800023720  0.36584874697613462  0.37740778281843562
  0.38852039423256374  0.40054620805263508  0.41422962708840577  0.42721425536250646
  0.43828067482863203  0.44818530300216969  0.45779547072220106  0.46731742241959512
  0.47671339901249560  0.48659686505760774  0.49792057494158615  0.51095665353918229
  0.52497666370326956  0.53852471002356361  0.54994038364284670  0.56044685552038542
  0.57074794603692114  0.58114794673739489  0.59114620696858522  0.60076563767502711
  0.61036297345829316  0.62000492577217403  0.62976320894694782  0.63941066866832863
  0.64928289103169723  0.65903342556062561  0.66987810817220361  0.68092317949852765
  0.69122852709164084  0.70134066581184029  0.71192361948994332  0.72322987216267998
  0.73359799911213219  0.74368885172454402  0.75229180731782364  0.76067413860561073
  0.76901785757805985  0.77814415151663130  0.78809673259611179  0.79763950926970151
  0.80656395502949774  0.81585577953860866  0.82521810110164584  0.83483405510125019
  0.84382111881507638  0.85313382208536925  0.86373002167610491  0.87570452330285764
  0.88723637393990162  0.89800148895057341  0.90817985562286918  0.91791307389215049
  0.92684369363831975  0.93667826957988309  0.94642175049422816  0.95575208664250144
  0.96488718131525786  0.97441982196640353  0.98650732458291035  1.00000000000000000
 -0.00325495331980447  0.01253994683570955  0.02249952564443815  0.03107315780649458
  0.03931586722873925  0.04915739308979959  0.05977078913165388  0.06993953202010347
  0.08037519190662458  0.09190498238510712  0.10412999728123257  0.11620846291233825
  0.12794846489791153  0.13921325284117239  0.14996467576992598  0.16032692560262149
  0.17063215737617310  0.18117220457343702  0.19189863406490015  0.20257625962500372
  0.21336040578481985  0.22401199399662391  0.23465941321918810  0.24589974907591367
  0.25684069567169115  0.26655146969529608  0.27618902867944783  0.28615080501804085
  0.29655033230299954  0.30665515517569414  0.31686789741250243  0.32727098610300892
  0.33836986752771392  0.34990194589755486  0.36262756507971755  0.37557317993685052
  0.38730860487276769  0.39832255936916505  0.40911008268475624  0.42024718017648072
  0.43076197418742562  0.44110391702642093  0.45195966599355802  0.46307015925835954
  0.47392110157751477  0.48422531002587293  0.49414001773412136  0.50393431930954746
  0.51371177476259067  0.52386970939050370  0.53398247031621437  0.54377770813838389
  0.55344142163189824  0.56376443391531061  0.57449724642225219  0.58519700891661552
  0.59650493406302207  0.60927142927259814  0.62207730593270683  0.63254943125958596
  0.64209167732674377  0.65240382054430968  0.66312242584536407  0.67306902676683156
  0.68261898132354260  0.69221584151171489  0.70173960063488039  0.71224228724743033
  0.72376429239449802  0.73610602275748238  0.74801759844458127  0.75915754255677625
  0.76976823981294173  0.77949511114261938  0.78902763034932799  0.79920541649695132
  0.80976342812254642  0.81898630435815778  0.82759733105913780  0.83608930647909918
  0.84518593766205974  0.85424806903631734  0.86271751426961885  0.87177733651801259
  0.88219578139047705  0.89350884839003841  0.90513734254139067  0.91688259426762553
  0.92905560331554471  0.94020909340906789  0.95064530111722312  0.96084130169643167
  0.97114699059892418  0.98133052595911197  0.99074317077733476  1.00000000000000000
 -0.00336021474128860  0.01145844534338858  0.02548381960547784  0.03775112982649876
  0.04823694331407813  0.05749442082055728  0.06602682598305165  0.07495907842290114
  0.08441910322040126  0.09385175536536079  0.10356201846557658  0.11388521235255294
  0.12497068196839568  0.13467359471874848  0.14480513756302540  0.15440511679186297
  0.16497624147567197  0.17650339907744811  0.18869956249942116  0.20149291738753281
  0.21255986914423936  0.22273319268562936  0.23250573428271715  0.24228886715046261
  0.25180650781819208  0.26114367841068092  0.27005711721570380  0.27933484229915939
  0.28913795175207802  0.30056180128773563  0.31297928459390256  0.32703718568178264
  0.34114811067479700  0.35211831163128887  0.36164504064097347  0.37010663690351936
  0.37985230607871434  0.38953176411264290  0.40132140978230024  0.41315482703965128
  0.42464878148600821  0.43584632470581569  0.44734898139201823  0.45957561525693114
  0.47198453167291593  0.48371894195845161  0.49437678996330531  0.50439476951507700
  0.51435439474792077  0.52373778001804161  0.53293700770583419  0.54323250151162950
  0.55394379849300901  0.56501836541334738  0.57418284848742085  0.58313416750155944
  0.59198434586504423  0.60182016891344725  0.61196455750346801  0.62111277217014327
  0.63064130908871308  0.64062265538881880  0.65421256194118349  0.66846276718093600
  0.68203139590163842  0.69518462586141527  0.70884583736067008  0.72054870223503675
  0.73178104135417432  0.74274663309787892  0.75240821773598843  0.76065119801022463
  0.76882562940494992  0.77745796876200479  0.78619471006046326  0.79429454122016507
  0.80213030427875631  0.81042105405758647  0.82090171956990654  0.83275562094709010
  0.84342277591923132  0.85305355339650923  0.86192485541629449  0.87061316450211879
  0.88011919093106661  0.89039208116628243  0.90228879611808799  0.91661874264293730
  0.92835512644058238  0.94009954550551111  0.95144058180335411  0.96241827718491879
  0.97247813511590997  0.98174790028260139  0.99114955781376846  1.00000000000000000
 -0.00306644122308508  0.01078193881934156  0.02231159671475809  0.03333546304154261
  0.04417415777189523  0.05503863104885969  0.06581678998396596  0.07626805227219498
  0.08709024553987502  0.09817229056293243  0.10894947382823375  0.11935658600251435
  0.12974884281062052  0.14035521545117832  0.15118345469411271  0.16243209271026937
  0.17271360834071731  0.18170373708966919  0.18964663093993339  0.19744171082451292
  0.20389196552281777  0.21048980915738383  0.21822386302169786  0.22681604178064746
  0.23536883686757387  0.24388234091803812  0.25218333602853671  0.26326648395148183
  0.27384963089477349  0.28468395582803513  0.29634065763449713  0.30808776470702659
  0.31930406876279027  0.32988300856670599  0.33980590698411550  0.34947366873396862
  0.35837283574372192  0.36733284983945586  0.37622326882404011  0.38534197436902479
  0.39502911027258664  0.40661039751540723  0.41888780021404382  0.43069721607560163
  0.44170960922109204  0.45184838105124880  0.46097374330896695  0.46956998228561891
  0.47845513203984658  0.48782993062039220  0.49811898422243239  0.50931511579867306
  0.52088906023160275  0.53233943740665057  0.54351153507516525  0.55472469070109209
  0.56621889117326640  0.57728202191418410  0.58847058685593268  0.59933890552245950
  0.61002188322930972  0.62094625949287674  0.63279357212632914  0.64598461761077242
  0.65850774849160587  0.67060981826371713  0.68236428034334806  0.69382576394114814
  0.70440727092107669  0.71408799564439174  0.72384453911130564  0.73442407943370447
  0.74530933073350902  0.75688622696941721  0.76853272153072483  0.78029647644425459
  0.79195836973797484  0.80335645793365718  0.81474320360563979  0.82624456987014849
  0.83751386480756018  0.84936737030393450  0.86082949977336232  0.87305780431337399
  0.88496536888141120  0.89621423875564499  0.90687387742128156  0.91757535169353677
  0.92821378588546477  0.93799668849493933  0.94737791527840287  0.95740157480019605
  0.96868836868754482  0.98007029320162853  0.99048462257739056  1.00000000000000000
 -0.00258658606031495  0.00749799331896197  0.01665768780784049  0.02594706991764842
  0.03532192893061468  0.04439684500374599  0.05375564472839811  0.06385482696426510
  0.07384727467607025  0.08354977047286520  0.09391183459644371  0.10481266776861434
  0.11851920945543976  0.13255740490073048  0.14541103236703920  0.15765236520060658
  0.16894541048541134  0.17966809473146400  0.19084569831134598  0.20204587886512493
  0.21227284397597218  0.22193049558633107  0.23162403176008689  0.24182349289923036
  0.25357797357930051  0.26530736162950519  0.27640455713464107  0.28688983868307516
  0.29709315962320831  0.30836406068084199  0.31912325082480475  0.32930702321249122
  0.33928267824013292  0.34922538673553077  0.35989098314903734  0.37195536570335236
  0.38402734617289414  0.39635677054954760  0.40840411931399889  0.42113697086374213
  0.43364237717657139  0.44541829003705169  0.45590935865816462  0.46503527549626272
  0.47418545327312994  0.48429779915247784  0.49459846629312321  0.50587345246362092
  0.51634320498896735  0.52653346078097296  0.53773689497823907  0.54718032297062325
  0.55644423275796739  0.56639787951915110  0.57733516916333094  0.58811012677550667
  0.59861330929750545  0.61061255518740243  0.62358025074455015  0.63304030866925320
  0.64090024983624794  0.64941808085166786  0.65857980536310490  0.66774747185684680
  0.67668153306112033  0.68518054463781708  0.69581299125752394  0.70709658482028126
  0.71846744159711229  0.72969393194021781  0.74303352396611222  0.75585941942160928
  0.76666284944794583  0.77663303901901315  0.78593715852069213  0.79539321967611520
  0.80454368275762678  0.81413354386660630  0.82363995274753288  0.83405383255188448
  0.84506611055926950  0.85715936926451020  0.86769832944049763  0.87786396897521046
  0.88706588629019900  0.89567590872728708  0.90429916294726931  0.91452889448033847
  0.92592461867297549  0.93703250466199095  0.94752939729597752  0.95808788247256071
  0.96806138007823994  0.97770598000610531  0.98779218285887027  1.00000000000000000
 -0.00168560466421508  0.00697195311600474  0.01510303326555811  0.02318076712680614
  0.03170798370890875  0.04068638577217819  0.05010711832920271  0.05985963840874038
  0.06890052706011235  0.07760372085350953  0.08646302698339381  0.09482584430594157
  0.10527888703712850  0.11621540987818207  0.12830037346931245  0.14059304804460629
  0.15226749809678852  0.16304684953837972  0.17333921901165242  0.18390955140472495
  0.19520844075665780  0.20679040009088104  0.21800995132067658  0.22883422921601546
  0.23847459403562873  0.24914637302910575  0.25930269557615565  0.26942173491747995
  0.27949044997224892  0.28934279682564268  0.29852387379982381  0.30761056587879909
  0.31660712811865610  0.32599292470928110  0.33572859000080274  0.34536007126143148
  0.35564636321716225  0.36822320613507209  0.38063697430267984  0.39264174402890500
  0.40422949644124945  0.41591166009266728  0.42768756061206564  0.43993314251141108
  0.45210172840724749  0.46478808840370212  0.47616621183261848  0.48626208359897422
  0.49588805771226663  0.50601502189117298  0.51668735095690765  0.52718694237521257
  0.53742799248904394  0.54777009150523459  0.55839017867277052  0.56837215694138699
  0.57852990799522441  0.58752907919356612  0.59882404423046054  0.60982699943225416
  0.61981170615526970  0.62908496857059182  0.63903369447053682  0.65109783743882643
  0.66506953398052293  0.67584922638521872  0.68630914435509405  0.69711437315904701
  0.70957977540347617  0.72289004810982194  0.73683489894110565  0.75019043787937001
  0.76183546345315734  0.77235199252450148  0.78205794686858332  0.79120675767802628
  0.80069489658754811  0.81086096141771802  0.82199709791334530  0.83193382556240691
  0.84183429603625826  0.85240508916411084  0.86488920158968918  0.87802703197748577
  0.89076146960681846  0.90346151027081323  0.91594962975659600  0.92599352031787652
  0.93461191062259075  0.94320518368879136  0.95233409952133063  0.96155050487365756
  0.97074759816561207  0.97982475666332636  0.99002770901336690  1.00000000000000000
 -0.00163011066631804  0.00734212454589855  0.01524811508610452  0.02397293514522373
  0.03359348728943773  0.04436345603075470  0.05475863731131651  0.06325563691369682
  0.07264121590245973  0.08227317754861201  0.09298827891924691  0.10382080407218534
  0.11407850207142194  0.12431656278010846  0.13471782875613955  0.14489851711068158
  0.15541157333992051  0.16645264938954460  0.17848605379478855  0.19107650442288862
  0.20266564126691533  0.21445803509830053  0.22412923485229858  0.23350621445915018
  0.24243008049574896  0.25203888639239508  0.26297237792232969  0.27464853325171373
  0.28854908166116666  0.30360652840392061  0.31616724318338507  0.32641682066539179
  0.33645121562854702  0.34727366579965435  0.35903349045242511  0.37161898768887996
  0.38239166883891551  0.39282749021901225  0.40305366671079534  0.41343434880829533
  0.42233901461037238  0.43077401811571070  0.43984880711570240  0.44923466950305163
  0.45874624178157941  0.46819244610367111  0.47770484213561176  0.48797738400329771
  0.49929618190658559  0.51093132068689329  0.52273016615659773  0.53341683264100093
  0.54312103540696555  0.55280054652923394  0.56254190303557272  0.57290732233811448
  0.58383978287201788  0.59504252059770957  0.60725975745570782  0.61997301272244398
  0.63191037887789869  0.64276374766571431  0.65327003340916012  0.66326956952183735
  0.67274464420547420  0.68227130314173368  0.69240424346693530  0.70351352671079781
  0.71533852081559401  0.72739621626378836  0.73889071932700756  0.75025133834203828
  0.76155207398717883  0.77221060668256725  0.78253952745985966  0.79436969108340927
  0.80875362880956203  0.82201164642653990  0.83351612708545797  0.84417003957554149
  0.85476013912278281  0.86505520069050068  0.87511881536480518  0.88618702244281300
  0.89729582069470981  0.90884727841443502  0.91945954550136932  0.92803777966088496
  0.93633967290761555  0.94438612712435899  0.95373881531950921  0.96270955885439835
  0.97182352426475582  0.98051678446071222  0.99066337690336981  1.00000000000000000
 -0.00657542014895643  0.03456311100471701  0.05808952968950312  0.07643994676819894
  0.09337688130857683  0.10927319165338333  0.12334823238201356  0.13472828522136734
  0.14541318021466856  0.15482450672751127  0.16465828913537700  0.17552810952250117
  0.18692378062016682  0.19794086824546345  0.20932535501393182  0.22067748345411384
  0.23077152770194759  0.23973987899130636  0.24837072166366089  0.25771308064379905
  0.26742842771331571  0.27565227437908307  0.28251567568902697  0.28941609879329727
  0.29617361869724101  0.30279410235350540  0.30943094974177221  0.31583518124096283
  0.32193873769393022  0.32822495100772353  0.33505630774501505  0.34311269899001973
  0.34983547656864766  0.35687633276756253  0.36448855403076347  0.37252917185239437
  0.38164804489653725  0.39126682768232296  0.40053904266397339  0.40996356923133315
  0.41960908386111162  0.42901162042814489  0.43822305410261658  0.44743704313872790
  0.45627538710413068  0.46345393810325275  0.47092873487381537  0.47855505671631671
  0.48653958564124078  0.49538150513208001  0.50387244412290588  0.51207554303290448
  0.51974883699972974  0.52759887803241223  0.53592583845106845  0.54456858684286036
  0.55323083996198119  0.56250234598603543  0.57164891414588148  0.58068923045174303
  0.58898018955255138  0.59662533711899002  0.60467984028031696  0.61273244713447894
  0.62052878304458026  0.62810158801092197  0.63525461744009193  0.64262967391060788
  0.65064948889632068  0.65910044573592030  0.66836942687121015  0.67869729404434642
  0.69041159925754070  0.70319173677546620  0.71476450956572757  0.72551543862331580
  0.73501955005873809  0.74403288447429250  0.75366107596902732  0.76282570878144584
  0.77171076367149638  0.78077704237780021  0.79085541119048486  0.80216971534129566
  0.81326639977797266  0.82449096067031014  0.83616256000039280  0.84800863331602094
  0.85941222867405176  0.87027807631921783  0.88338406092238853  0.89950672392338826
  0.91809026347776035  0.93724396255737807  0.96222575540476474  1.00000000000000000
 -0.00192906236538501  0.00864934592878149  0.01874856014320389  0.03048339210051192
  0.04234437900259858  0.05331080938504373  0.06433543923866634  0.07655765691555988
  0.08900434887452341  0.10084969904460757  0.11206162878429891  0.12398710292117962
  0.13446649063968838  0.14422704716328072  0.15302333192065212  0.16197581426603680
  0.17069795210528751  0.17954836789434825  0.18862988338188130  0.19935476686440634
  0.21007397436261321  0.22041649217866222  0.23141780762962449  0.24343517531838735
  0.25418047258122423  0.26421793842943314  0.27468028638823400  0.28589551179939432
  0.29631839563470819  0.30591958596518243  0.31487713829115077  0.32389231194655116
  0.33305490781442409  0.34216997225826690  0.35152955044726653  0.36099396124071881
  0.36993536966813478  0.37812366618298887  0.38627802938678146  0.39485687815388992
  0.40539563608392187  0.41673210460678251  0.42949707455871355  0.44206793570404590
  0.45460659808311632  0.46760945518072611  0.48062941840354217  0.49400069318786771
  0.50785809481966215  0.52064238076997982  0.53249063463201363  0.54402740309445152
  0.55614814659874212  0.57027764873151165  0.58533957829253391  0.59978227392104955
  0.61281849037561664  0.62400482837686111  0.63539487675498785  0.64648512956143567
  0.65709667821480067  0.66803831281643111  0.68020904406515426  0.69088213032246348
  0.69974018309385777  0.70779740793228918  0.71628467609223867  0.72548843664953389
  0.73493090600249944  0.74439102959657921  0.75350416472389692  0.76348378924688620
  0.77258309593274210  0.78206035912761618  0.79163728965506819  0.80090148118254045
  0.80969232438522132  0.81808136017839284  0.82713022923326240  0.83665712568726069
  0.84645549475918469  0.85639410529808746  0.86739972919400044  0.87883139543849320
  0.89001961310999289  0.90072171011335056  0.91007003738189940  0.91938172866764190
  0.92893697366328298  0.93842119671979907  0.94734748329216922  0.95658950585781588
  0.96744157033110501  0.97900359443291285  0.98967735689574987  1.00000000000000000
 -0.01284531744190480  0.16307732766566735  0.21632225398920238  0.26199744325127167
  0.29434014310302153  0.32489560203844042  0.35540352020195298  0.37893800594774163
  0.39878750542430330  0.41784197376345655  0.43894121953598286  0.45830824874331816
  0.47481616437178881  0.49131981410444880  0.50650847856399128  0.51990750744255965
  0.53238917952416509  0.54489839361843029  0.55768411986641009  0.56910752788447017
  0.57969421903670404  0.58985887944861859  0.59983660492116597  0.60945989754962593
  0.61850213182099856  0.62781268461039108  0.63699815165506835  0.64535660807898443
  0.65292152775471091  0.66047966768211619  0.66800372431175281  0.67595151127953257
  0.68268352147596600  0.68930702362884710  0.69577502444987682  0.70260004175770774
  0.71005851028998557  0.71733933875893674  0.72499623613489927  0.73141737247720218
  0.73731945540398902  0.74286572758531821  0.74829341971243146  0.75399088189256436
  0.75941998343289296  0.76522511993244169  0.77128811133497088  0.77685300970512006
  0.78198627972478574  0.78681236438385382  0.79139424353264098  0.79588264659341590
  0.80040241309291160  0.80495297565519508  0.80955683785820509  0.81418477026088654
  0.81842666778931339  0.82277481908073435  0.82703994189427543  0.83124554196484013
  0.83516631545399755  0.83917489720475569  0.84336417148025322  0.84737742721429776
  0.85152806163967709  0.85581734337522186  0.86015480577317138  0.86447680732726984
  0.86868802119474842  0.87266042556998502  0.87638595675492581  0.87968135199552122
  0.88317384094996976  0.88676499386019325  0.89032194094861383  0.89390849463894873
  0.89745245602144208  0.90094053104916250  0.90435565566724452  0.90768854937231347
  0.91117450370690711  0.91459222316659206  0.91800625979481743  0.92165592777136629
  0.92523949150306584  0.92902842449644529  0.93256898319378578  0.93617200192869732
  0.94047112167548597  0.94566962156156531  0.95116281109132350  0.95756292155446920
  0.96450936557430145  0.97264772810562738  0.98379444842976671  1.00000000000000000
 -0.02249450703939498  0.13826832180763529  0.17735940157289959  0.20106557524285568
  0.21793567919631787  0.23243041512914825  0.24527008016079621  0.25580858072574797
  0.26482889601303777  0.27341808583040428  0.28180353734221664  0.28992586728081815
  0.29819533829161482  0.30644127338088600  0.31419502908830332  0.32178598842134393
  0.32904336071478213  0.33582017209180559  0.34204483847332895  0.34790381143906318
  0.35366377162264429  0.35916799830837898  0.36485888644209302  0.37112402666442229
  0.37715707258002745  0.38299676863126292  0.38872782088796859  0.39450517075364205
  0.40026029472154440  0.40583986555104445  0.41133985872476736  0.41687513208932164
  0.42215712335622890  0.42768986111053031  0.43313993038715926  0.43841177163310219
  0.44336363779581339  0.44800961327896932  0.45259599947920248  0.45723189118311608
  0.46201026757276925  0.46728505941495629  0.47268711600536389  0.47863253755865820
  0.48470666277811075  0.49013295013196906  0.49485438356110412  0.49939302013556053
  0.50410137616903761  0.50897029557087936  0.51409041789938970  0.51935907673361403
  0.52421409386610751  0.52877881413449868  0.53330768958669594  0.53802415823341343
  0.54317430017918955  0.54840259553024051  0.55377611653546766  0.55918294496608079
  0.56444955816246889  0.56938769790566546  0.57409669462770918  0.57883545912327317
  0.58382917848601312  0.58951010019650374  0.59523572010782944  0.60062887869717219
  0.60604860599073007  0.61141139957697177  0.61689977696477238  0.62243569350402128
  0.62819320832261083  0.63411951779610642  0.64012657654529559  0.64605701064181931
  0.65156290336449463  0.65702730675593279  0.66258569897492681  0.66833235140181968
  0.67535703400903380  0.68217110946007531  0.68918198266856323  0.69638511242739576
  0.70427812456526229  0.71299626218412204  0.72278413206412928  0.73247338284527574
  0.74297370380601868  0.75456054154873820  0.76722951962699237  0.78120294973952498
  0.79752238305524437  0.82242235141329467  0.85906123333638940  1.00000000000000000
   3.6517081042499811E-013  -1.0000000000000000     
 T F F T T F F T T F F T T F F T T F F T T F F T T F F T T F F T T F F T T F F T T F F T T F F T T F F T T F F T T F F T T F F T T F F T T F F T T F F T T F F T T F F T T F F T T F F T T F F T T F F T T F F T T F F T T F F T T F F T T F F T T F F T T F F T T F F T T F F T T F F T T F F T T F F T T F F T T F F T T F F T T F F T T F F T T F F T T F F T T F F T T F F T T F F T T F F T T F F T T F F T T F F T T F F T T F F T T F F T T F F T T F F T T F F T T F F T T F F T T F F T T F F T T F F T T F F T T F F T T F F T T F F T T F F T T F F T T F F T T F F T T F F T T F F T T F F T T F F T T F F T T F F T T F F T T F F T T F F T T F F T T F F T T F F T T F F T T F F T T F F T T F F T T F F T T F F T T F F T T F F T T F F T T F F T T F F T T F F T T F F T T F F T T F F T T F F T T F F T T F F T T F F T T F F T T F F T T F F T T F F T T F F T T F F T T F F T T F F T T F F T T F F T T F F T T F F T T F F T T F F T T F F T T F F T T F F T T F F T T F F T T F F T T F F T T F F T T F F T T F F T T F F T T F F T T F F T
  <DiscreteSampler_grid>
  grouped_processes
  1 # 1 for a reference and 2 for a running grid.
  10 # Attribute 'min_bin_probing_points' of the grid.
  1 # Attribute 'grid_mode' of the grid. 1=='default',2=='initialization'
  0.0000000000000000 # Attribute 'small_contrib_threshold' of the grid.
  0.5000000000000000 # Attribute 'damping_power' of the grid.
 # binID   n_entries weight   weight_sqr   abs_weight
    13   10   2.759151310103764E-003   6.188989695552200E-005   2.759151310103764E-003
    14   10   2.759151310103764E-003   6.188989695552185E-005   2.759151310103764E-003
    16   10   3.459412695671164E-003   9.652092806867001E-005   3.459412695671164E-003
    17   10   3.459412695671150E-003   9.652092806866889E-005   3.459412695671150E-003
  </DiscreteSampler_grid>
