  0.02549153313255585  0.02581013250169174  0.02595053721718894  0.02609452021847275
  0.02625064490774470  0.02641257890632550  0.02658649063880200  0.02673863072875300
  0.02684343254741988  0.02688289910110962  0.02692852819976755  0.02696911180101038
  0.02701813854667267  0.02708317830281269  0.02714803630215880  0.02721362107632024
  0.02724073225280323  0.02726625508439184  0.02729027919376207  0.02731383116637848
  0.02733331842094394  0.02735728673578357  0.02740339239033678  0.02744372775292134
  0.02748222699978197  0.02752348204650999  0.02761169380541252  0.02774767690533305
  0.02783691627929516  0.02789085589923704  0.02794572131110793  0.02803382186849760
  0.02816954737664438  0.02830041648751720  0.02842365065722708  0.02853115718542276
  0.02862119940735552  0.02887705151419068  0.02907721612467623  0.02923346142924041
  0.02936792912772940  0.02954985607209429  0.02979999514246078  0.03011728536273800
  0.03052726808265246  0.03109848990017908  0.03179022803947114  0.03237614614798785
  0.03279117934185020  0.03315050861927311  0.03351103689695305  0.03385581577614231
  0.03418882324575650  0.03454469847851054  0.03493287543500695  0.03534404774423393
  0.03564019935257615  0.03584877592332749  0.03608809012578383  0.03652185357594032
  0.03714419054765326  0.03804706035467359  0.03883701664125525  0.03958079802751161
  0.04023346868134282  0.04105394922099288  0.04181544514043302  0.04266914246462764
  0.04382458585753117  0.04482009918191025  0.04587007100051805  0.04727339249295535
  0.04850831454238393  0.04980456096471651  0.05117863756380361  0.05313074087523920
  0.05623958328374503  0.05911138452928898  0.06131705294675720  0.06367041511843498
  0.06794879237544234  0.07273578246692675  0.07996512859077548  0.09181498288469268
  0.11203200958693588  0.13130143548883050  0.15047003438071940  0.17020502844050203
  0.19554660435381496  0.24207631924804746  0.30420386193670790  0.36481486102282373
  0.44721340230781376  0.58744259737500326  0.68005929301735857  1.00000000000000000
 -0.00000000081128564  0.00000000473490200  0.00000001014362552  0.00000001475233650
  0.00000001969655651  0.00000002486500565  0.00000002969509699  0.00000003583033081
  0.00000004203857782  0.00000004859701036  0.00000005491759366  0.00000005999792137
  0.00000006447312141  0.00000006988013745  0.00000007489627428  0.00000008022397747
  0.00000008736709357  0.00000009503008251  0.00000010247617304  0.00000010924989273
  0.00000011736888695  0.00000012027071092  0.00000012195957438  0.00000012328017649
  0.00000012454777983  0.00000012627376470  0.00000012963687335  0.00000013316261255
  0.00000013630940392  0.00000013910306688  0.00000014140043476  0.00000014356042598
  0.00000014483366296  0.00000014570740646  0.00000014648751734  0.00000014742360272
  0.00000015052456015  0.00000015552983615  0.00000016097032623  0.00000016729664552
  0.00000017646883789  0.00000019028151518  0.00000020331248585  0.00000021288834066
  0.00000022078649895  0.00000022825107893  0.00000023410428708  0.00000024383273825
  0.00000025242988175  0.00000026012782196  0.00000026667760766  0.00000027257774724
  0.00000027792196015  0.00000028280670580  0.00000028963757235  0.00000029711386399
  0.00000030523030090  0.00000031492604524  0.00000032106031109  0.00000032851325644
  0.00000034464348523  0.00000035642782992  0.00000036580751870  0.00000037230309753
  0.00000038177171164  0.00000039147378415  0.00000040416517298  0.00000041058654541
  0.00000041701699914  0.00000042431468177  0.00000043161236440  0.00000043983138466
  0.00000044810766410  0.00000046601888032  0.00000048250349442  0.00000049595188674
  0.00000050823808362  0.00000052553605283  0.00000055292428264  0.00000057905184602
  0.00000059953397711  0.00000061331264316  0.00000062551264026  0.00000063672082922
  0.00000066120156770  0.00000069969277812  0.00000076658999458  0.00000086158726257
  0.00000094412368335  0.00000100793120529  0.00000108742745633  0.00000117829749869
  0.00000128568395188  0.00000154652795958  0.00000176264019235  1.00000000000000000
  0.00008277848203928  0.00009584290501179  0.00009753560318736  0.00009799794334414
  0.00009837035989236  0.00009874519790966  0.00009912239204790  0.00009950073065066
  0.00009991013297347  0.00010031953529627  0.00010091164458502  0.00010166566678825
  0.00010252330508102  0.00010328558698492  0.00010399287531680  0.00010431354393330
  0.00010454494718330  0.00010467069152357  0.00010484946557395  0.00010506362139671
  0.00010538113191984  0.00010567675674075  0.00010589988348606  0.00010610875594983
  0.00010632965369998  0.00010665187702290  0.00010684069612349  0.00010701245619232
  0.00010719693349951  0.00010742960550385  0.00010763565316006  0.00010780480958302
  0.00010800133051094  0.00010817943521855  0.00010833884854024  0.00010848066515973
  0.00010859970566954  0.00010871175472801  0.00010881760483785  0.00010899114657144
  0.00010918372424682  0.00010935027803532  0.00010949429451977  0.00010965559880745
  0.00010984578619418  0.00010998061844291  0.00011008062503413  0.00011036026774026
  0.00011066261546194  0.00011100043606122  0.00011141484239066  0.00011181906448181
  0.00011226872223277  0.00011279235144882  0.00011332693531203  0.00011388626793120
  0.00011447697899540  0.00011510632354405  0.00011609381863461  0.00011726796836212
  0.00011835896376778  0.00011927171884001  0.00011995220380051  0.00012053299739513
  0.00012113412900485  0.00012174499296909  0.00012251172515433  0.00012322318514797
  0.00012383891781237  0.00012447809633317  0.00012512626400763  0.00012576302897263
  0.00012636592089858  0.00012691738768683  0.00012759275560195  0.00012856605955207
  0.00012965525112511  0.00013054929253018  0.00013134126003074  0.00013210716876640
  0.00013284915798044  0.00013358854473077  0.00013428119669014  0.00013490872260441
  0.00013552917649241  0.00013610248722530  0.00013674628866223  0.00013750771291589
  0.00013843370972747  0.00013991678445478  0.00014133137035326  0.00014238328257832
  0.00014395704040195  0.00014660192696369  0.00015492775906903  1.00000000000000000
 -0.00000487803449524  0.00000567701462022  0.00001556642121705  0.00002417537416030
  0.00003278432710354  0.00004117282268358  0.00004936033336494  0.00005754784404631
  0.00006274112583513  0.00006583175111768  0.00006892237640024  0.00007302742964953
  0.00007683017690159  0.00007943581157257  0.00008075837935064  0.00008211133624189
  0.00008338868521812  0.00008457588748712  0.00008569317861499  0.00008693132982225
  0.00008815731499189  0.00008939850906885  0.00009059364419603  0.00009161817479160
  0.00009316318852984  0.00009492790420391  0.00009578174580407  0.00009681912442162
  0.00009777914429359  0.00009864344465540  0.00009959414884015  0.00010061237540060
  0.00010159900293149  0.00010237447887790  0.00010312119455190  0.00010386563865884
  0.00010451634858325  0.00010513775796391  0.00010571732808258  0.00010641246345143
  0.00010722855198675  0.00010807698064182  0.00010895155617903  0.00010982265953581
  0.00011055865299853  0.00011139981005188  0.00011237535985270  0.00011356644170901
  0.00011479968464011  0.00011584749274506  0.00011695377335474  0.00011817199508788
  0.00011901827980394  0.00011975124443150  0.00012047887118334  0.00012125861215114
  0.00012227301257523  0.00012331870600790  0.00012476223756917  0.00012659316446282
  0.00013325188241769  0.00013640282942162  0.00013922192761339  0.00014180725543391
  0.00014451634799401  0.00014796677136278  0.00015201646477942  0.00015579625313517
  0.00016008672976382  0.00016536112781708  0.00017152218196722  0.00018038445529795
  0.00018952111061075  0.00019243278525393  0.00019430924819589  0.00019560061741049
  0.00019724531921114  0.00019917092982309  0.00020221366052971  0.00020690333119155
  0.00021440724009592  0.00022334233479575  0.00022679816319621  0.00022989785685285
  0.00023931794832572  0.00024852520000314  0.00025217209998123  0.00025506712723953
  0.00025657898990395  0.00025711619819090  0.00025804310844078  0.00025922927361870
  0.00026080381206068  0.00026329703103255  0.00026454432646498  1.00000000000000000
 -0.00421646299154380  0.01590932708572987  0.03042962774592005  0.04540275823801862
  0.06090205012058628  0.07880658298767176  0.09855324896966755  0.11997627048617904
  0.13979792830639082  0.15341497954090924  0.16158345908749189  0.16700173361850090
  0.17181895962010005  0.17631770299322660  0.18149592457915842  0.18647357438181669
  0.19351871523466618  0.20290559521884083  0.21285450037845591  0.22190277126419911
  0.22978168419743275  0.23609968321485594  0.24133681223085132  0.24395452078841579
  0.24699598373668352  0.25053476025845955  0.25723526590814805  0.26737612805252103
  0.27109796944711922  0.27457356241781133  0.27826392890964291  0.28217727283008720
  0.28963963572280976  0.30016531806191782  0.31552119003390955  0.33291984010239600
  0.35192230850839579  0.37786557139141624  0.40430004484790921  0.43016600483068057
  0.44019676729627732  0.44845876848107441  0.45516764030497542  0.46082363507502805
  0.46715120383576725  0.47728440488240231  0.48886612191719536  0.49901549968529024
  0.50970900183815182  0.52160356130865071  0.53276591535198647  0.54344375265939049
  0.55828636300343037  0.57330533869870071  0.58721714559088589  0.60056133118213650
  0.61131603024859194  0.62178086278308198  0.63500794966554419  0.64413182462915042
  0.64998867985963893  0.65572379757581001  0.66133602956396986  0.66716456520598277
  0.67323304131574024  0.68173308329245719  0.69443742565347411  0.70574544631387681
  0.72123120793100848  0.73591137722735378  0.74774368187470008  0.75770848402167534
  0.76607829167309682  0.77547478241988055  0.78755565626399504  0.80083035595191876
  0.81369209075463456  0.81879243745208197  0.82193016792072671  0.82461486596308653
  0.83333575074465116  0.84370631151007447  0.85140875142440564  0.85481081635801315
  0.85750321288632636  0.86031862055400543  0.86366219818347345  0.86892589957259514
  0.88451775553606937  0.91423080567342285  0.94470447483563436  0.95863820877652217
  0.97257729342538868  0.98301503610799346  0.99176137596483671  1.00000000000000000
 -0.00291486411854590  0.00984165215174894  0.02416988845840210  0.03673048660864617
  0.04464922465226488  0.04982139526586464  0.05594449708354895  0.06741605223540671
  0.08034253654617597  0.09285900943950796  0.10773614925450414  0.13112094835571844
  0.14902168350646752  0.15600793505146990  0.16119890685335603  0.16830110234694054
  0.17378462573226944  0.17839933314828404  0.18444977238895657  0.19019551434448992
  0.19802825340904948  0.20841374540602375  0.21863344525999087  0.22504051665481919
  0.23094738734925610  0.23827199151714940  0.24549822890682402  0.25129223668725925
  0.25547218952132966  0.26003066148635018  0.26428630661597907  0.26839830470360238
  0.27317978763273282  0.27667174725448107  0.28010380612628272  0.28485807087125037
  0.29610729513205625  0.30844279948841585  0.32103052462324161  0.33255324371612582
  0.34287496632443204  0.35586103359187210  0.36902913446502161  0.38238544123581047
  0.39853939754558498  0.41779138355871609  0.43431836506700250  0.44372123916482353
  0.45176224410250260  0.45823784091600145  0.46546761555998434  0.47303799142118763
  0.48130044585606213  0.49152686600955842  0.50297278062545725  0.51531309960889637
  0.52728212495812210  0.53888449945131445  0.54978272211542945  0.55668716790663375
  0.56232638813483149  0.56842690688276498  0.57641861982968423  0.58603171992968439
  0.59406795895724140  0.60165027749732403  0.61310611826548811  0.62918334821337607
  0.64526511811340259  0.65471442248927125  0.66308466832890578  0.67101523517275263
  0.67743505762119482  0.68464223703592186  0.69093957776704029  0.69803021726037862
  0.71052469922549166  0.72562559744950961  0.73939718773858587  0.75094559972610631
  0.76265361292107159  0.77491145129667072  0.78676512131056242  0.79876981884855613
  0.81096329985059634  0.82955549789992511  0.85477604504899451  0.87867244632600749
  0.89252691858610456  0.90656708554372623  0.92160815373080596  0.93664922191788569
  0.95022254323989019  0.96364975453122537  0.98026840137599636  1.00000000000000000
 -0.00153790245976859  0.00745789633917880  0.01291826683052695  0.02072811491710854
  0.03181831545396951  0.04272329996859457  0.05348544282156076  0.07158468812669991
  0.08960207206243904  0.10370459933276220  0.11458508899485627  0.12391171917605658
  0.13147149509104308  0.13622006676621765  0.14043129641184568  0.14439901054681620
  0.14819435498072756  0.15356426513875984  0.16123263843935223  0.16841519259335944
  0.17801788123324894  0.18387775733444878  0.18932067085038301  0.20278865842534585
  0.21909782144080606  0.23592008554169810  0.25499471312924510  0.27077861188136559
  0.28483052253635560  0.29874028531340219  0.31453774211125446  0.32828995192034721
  0.33894607203576932  0.34616976494354129  0.35182791079300568  0.35592450104909984
  0.36246733706088591  0.36932150292129906  0.37753833599253689  0.38631681520125971
  0.39718250701913438  0.40945758969024387  0.42088641380987141  0.43902358585133128
  0.45918762194003937  0.47503836173154235  0.49192681374708230  0.50796597547828370
  0.52381503848003830  0.54130859391992636  0.55804447643758170  0.57832496599244743
  0.59312579570335577  0.60693651741621746  0.61839628679199510  0.63043333201786012
  0.64032855504920927  0.64752238795526651  0.65356969366714412  0.65886823641017755
  0.66344123261673249  0.66798223258436151  0.67314154874202881  0.67875865223204379
  0.68657106758720132  0.69537973705470568  0.70151197525648512  0.70753192647567142
  0.71198406054592556  0.71559184488812266  0.71943604973641895  0.72483344968525276
  0.73053862622483279  0.73806367068553125  0.74760847082005333  0.75733863617353681
  0.76848307457589293  0.77759695357936975  0.78726012406996559  0.79488308397640450
  0.80589596336968794  0.81679758485459319  0.82660915365709453  0.83321541900242158
  0.84090126635046136  0.85012838723376449  0.86038467484986336  0.86823346676786994
  0.87499080646940564  0.88236314036332741  0.89184524442448898  0.90651387907422221
  0.92445833181348658  0.94552407587862786  0.97011149778811989  1.00000000000000000
 -0.00261349340117101  0.01161387871311835  0.02193301557204455  0.02948663004041116
  0.03835643867939575  0.04794703766355501  0.05891581335772743  0.07625894320552794
  0.09582298069852903  0.11384631956474361  0.13213380551436543  0.14876874666877765
  0.16491487546581099  0.18094315494991964  0.20148060336043930  0.21834176253799445
  0.23345994075718157  0.24751002606413297  0.25970011455092568  0.27046800999956255
  0.28153103255743300  0.29240041990959126  0.30109751528638889  0.30934098317963304
  0.31856663864759793  0.32642737419348666  0.33294802557546305  0.34052537981369102
  0.34733758663582959  0.35207302222355019  0.35665442892759192  0.36318072988421551
  0.36562591841956843  0.36760314914867659  0.36953700191802225  0.37115862014632744
  0.37399207969933845  0.38022075884927986  0.38855346473890717  0.39486203196373776
  0.39918553168124027  0.40336127183946296  0.40913013029300005  0.41702244273454797
  0.42778040643619736  0.43857028829974709  0.44893673133837875  0.45807931615345276
  0.46372925644484803  0.47000068280302942  0.47632843875527797  0.48237841694844807
  0.49194819579447224  0.50406655349374585  0.51582298069668497  0.52745373203159385
  0.53590797697339065  0.54505893551305862  0.55599174771522797  0.56676021262127052
  0.57832968537492002  0.58420754507385686  0.58955081137804777  0.59493992998792078
  0.60034779995164278  0.60585288066707177  0.61330466469955125  0.62439391319845028
  0.63323743510014097  0.64356100150593376  0.65520697394704308  0.66671946073628718
  0.67672580470604160  0.68316965172725164  0.68960441127885574  0.69609417569769283
  0.70531264650664838  0.71390369612050797  0.72064012496505681  0.72697085004867557
  0.73619444871754225  0.74586351465595013  0.76248173181155765  0.80027306031920198
  0.82890151457999528  0.84603782094403779  0.85539594479349279  0.86546483319493683
  0.87460081294337622  0.88241201148396298  0.89171218875075475  0.90924924214610836
  0.94026199635591867  0.96783939837571520  0.98794784156966509  1.00000000000000000
 -0.00088466916413630  0.00605025829828897  0.01402334195689103  0.02045876831535940
  0.02688223003197117  0.03559167800365352  0.04157991744202930  0.04612078107727387
  0.04981958484864890  0.05366102619462981  0.06005066143786211  0.07099256586442981
  0.08446848194052023  0.09710507676032855  0.10747849607369186  0.11498422073468396
  0.12234695111955693  0.12958179394189764  0.13708740017531937  0.14471718012460397
  0.15590552768715926  0.17277551519915488  0.19364037734252723  0.21674400020620474
  0.23644572624946814  0.24675769779673831  0.25703945790866983  0.26726638104844341
  0.27739721866558897  0.28741290120070884  0.30516863382710013  0.32585030294456691
  0.34137765408273973  0.35364405642336744  0.36629623855128518  0.38018779809039926
  0.39738914821819465  0.41247798907342714  0.42728085968737717  0.44001982968629144
  0.45051370573745808  0.45910670598916337  0.46839834078612497  0.47803012228532366
  0.48607098881828287  0.49529241549938796  0.50640487233648945  0.51499439521640000
  0.52118218245129888  0.52750816300728964  0.53172711073206058  0.53501442644044772
  0.53985309319232166  0.54831741789740240  0.55715948520709513  0.56576554931766831
  0.57193114686739055  0.57599600641926318  0.57988268757636607  0.58259983227496215
  0.58629484458822179  0.59200978600673482  0.60111942834428667  0.61520704974856333
  0.62570654347745236  0.64048025467194825  0.65374323568919690  0.66640707786564513
  0.68059593764696236  0.70076507824698264  0.71872976380980380  0.73777463338778693
  0.75662805504623210  0.77217468853758608  0.78958134749559084  0.80324391470785661
  0.81400288331762094  0.82496481570415070  0.83235022752825683  0.83855022842543581
  0.84495175409388734  0.85011451771833402  0.85500887344613552  0.86033911536829577
  0.86664820807853082  0.86941599849618623  0.87355816021511279  0.88517958442518796
  0.89457034712661876  0.90274447553989245  0.91321427309809444  0.92504381689796367
  0.94074032143732889  0.96040659155886965  0.97914796775522317  1.00000000000000000
 -0.00389723091518108  0.01579028835544358  0.03351069251991307  0.04573698194114344
  0.05717578866224160  0.06811611304939963  0.07918129304850317  0.09343770724574030
  0.10533212432528556  0.11517274387748599  0.12657034431881931  0.13977386288994212
  0.15323162379516694  0.16062703325234989  0.16976656264873996  0.17924641313240175
  0.18652851338524087  0.19350180452731788  0.20006867673804152  0.20569803143789475
  0.21126254868061614  0.21742967868518925  0.22425292594885007  0.23177798124804569
  0.24269339756435240  0.26836254710246660  0.29122206715577464  0.30986653590350632
  0.32563785404319823  0.34489183865290235  0.35463082398809037  0.36230016979170460
  0.37072077816269888  0.37965106523342695  0.38510791861474203  0.39120328577003893
  0.39891747122593019  0.40343241103861049  0.40822483120474812  0.41381784188368570
  0.42154359002771358  0.44229253140852531  0.46719158542235706  0.49053586876328714
  0.51166806752087601  0.53299525653533564  0.55300318923203562  0.56646238288477158
  0.57598633604280902  0.58617871140940003  0.59711465958997567  0.60648693412762378
  0.61458247494827323  0.62390380489410946  0.63603979837152669  0.64896956027482622
  0.66413924188296214  0.68245128805986122  0.70296129987460365  0.71729142094227161
  0.73001873616184543  0.73687547806397480  0.74252266718509197  0.74699238270201085
  0.75511673812849489  0.76430854097450152  0.77521773001134997  0.78650736089827789
  0.79541768205136165  0.80452045220240287  0.81348394908586175  0.82077980885045976
  0.82421121609456305  0.82766414967025226  0.83273483101883405  0.83865780057953498
  0.84285862039035875  0.84664219121995843  0.85346289089496463  0.86342611783719603
  0.87338934477942742  0.88488949740276490  0.89657426811754626  0.90982267386497495
  0.92696055324825954  0.94196654535677182  0.95500370771152709  0.96129666677325898
  0.96536727521427823  0.96942962011520195  0.97513249473720542  0.98109532367426411
  0.98553365246095137  0.98959520103383869  0.99434626567978368  1.00000000000000000
 -0.00130903655148992  0.00585995563074598  0.01255089942759311  0.01895810972486896
  0.02602599945247185  0.03428373079547468  0.04317067144965579  0.04823701910093126
  0.05019110348664683  0.05292506995286046  0.05678728415531876  0.06099437612375856
  0.06385428637603870  0.06679105950801471  0.06959654280564347  0.07261697597666456
  0.07651758767966375  0.08098822798306170  0.08483455804982555  0.08861539469319249
  0.09413642730224107  0.09923207805209017  0.10326413645133349  0.10643619397232151
  0.10878868863844446  0.11672268208104156  0.12397171166621200  0.13085150309628116
  0.13756001923611869  0.14234436849498761  0.14731342409286219  0.15343005421899419
  0.16191649871527206  0.17202784366344234  0.18137044034104716  0.19220644342471316
  0.19912894347003113  0.20800445569697473  0.21837202098864081  0.22760218994805409
  0.23753522018838086  0.24944072979003629  0.26038934495628296  0.27203845090530743
  0.28652180633254898  0.29861748850671371  0.31072892514301337  0.32420161081950372
  0.33917595575451981  0.35469799587730261  0.37102081800738274  0.38751274884124753
  0.40429013123284940  0.42125423219021513  0.43874151785903437  0.45969693685768709
  0.47895241030196906  0.49623653747894447  0.52378152154314606  0.55046760004837814
  0.57561106485270797  0.59158306921660297  0.60544293785825953  0.61733971050719150
  0.62897847708805932  0.64214042242106917  0.65419758390009453  0.66474575024103344
  0.67508066522695831  0.68407497886171298  0.69357190733152352  0.70911417617869832
  0.72913486439501374  0.74924473049157780  0.76680598309359527  0.78048091537738196
  0.79427729199839525  0.80672315683694285  0.82170211834630913  0.83878969282029170
  0.85807298717961666  0.87469007036577950  0.88646288847490995  0.89825250214017094
  0.91006692260223609  0.92070075442416455  0.92984396440353068  0.93948420210606487
  0.94490588958173138  0.94860138348835743  0.95383195212386074  0.96737133589380542
  0.97845485101339225  0.98576231166027795  0.99167772099174989  1.00000000000000000
 -0.00290792485439703  0.01471799480784637  0.02092389845212244  0.02622096305749637
  0.03262869843163865  0.04455773713669105  0.05894636050106969  0.07426357318467590
  0.08900362043504910  0.10069450076145135  0.10982804005436198  0.11857421261579977
  0.12873408461851246  0.13708324115272311  0.14439160455691549  0.15220076962042831
  0.16260822986833184  0.17334709751513655  0.18361460641466754  0.19044930636920185
  0.19454757893577160  0.19814008512326745  0.20242139128546127  0.20674909507659411
  0.21341056849088744  0.22124410765701738  0.22939601588125969  0.23518609827848783
  0.24038641997072335  0.24513166271055833  0.25172331477117760  0.26015864832667090
  0.27568823069758230  0.28870168628651266  0.30202481024384314  0.31651820402783515
  0.33402610594908416  0.35154432328330287  0.36334616093135691  0.37363743526034321
  0.38338261435001630  0.39419028731408579  0.40447056050355223  0.41434552127398921
  0.42895895476724955  0.44501491796660364  0.46058939475377880  0.47952825268478871
  0.50339173210642019  0.52362148793619578  0.53888844350718712  0.54950988794523548
  0.55717628360921512  0.56541232317207835  0.57151898396597089  0.57729838297820568
  0.58307447946760027  0.58854058661388475  0.59968565969542775  0.61247457518408255
  0.62506978359481424  0.64293858427790385  0.65586816562365169  0.66811840422171276
  0.67892088186393507  0.68956221972659615  0.69618790505411865  0.70267486841315030
  0.71906506854803554  0.74042354119105436  0.76143852358233655  0.77857118394770186
  0.79295711759454823  0.80764352326264599  0.81999351638505891  0.82660946422363424
  0.83265902599944552  0.83865098980003705  0.84463744906699545  0.84925687478351153
  0.85360974772045362  0.85910963943760599  0.86659737965713324  0.87391712111151965
  0.87985782137666291  0.88541636385854661  0.89050441526621882  0.89526738106334358
  0.90917777708368308  0.91979897834727742  0.92535703465800667  0.93275397843803887
  0.94148601442890356  0.95096305037177176  0.97097644029290187  1.00000000000000000
 -0.00386790273316045  0.01443697344001156  0.02862427649148484  0.04235716128860786
  0.05641707445755528  0.07106020577189248  0.08757333826202035  0.10695932714265065
  0.12901560210914831  0.14615093730190759  0.16584783402019770  0.17521926903653665
  0.18489190428517657  0.19279745496072609  0.20035956275262698  0.20962214976989932
  0.21853669709491114  0.22545984524902413  0.23238446081187611  0.24451969440094717
  0.25658887458041635  0.26933750361476555  0.28186916537204526  0.29333404281348308
  0.30194009181032094  0.30658489090354074  0.31073354383445412  0.31521974990802182
  0.31977185680292308  0.32309870982583039  0.32675217717411753  0.33057035021028941
  0.33504309032552920  0.34003756097655802  0.34427397100652962  0.35566002244083156
  0.36643372674151109  0.36936855934795720  0.37275908596716895  0.37567779827913578
  0.37821251115198745  0.38051127979674915  0.38664003050075008  0.39215921209457938
  0.39797791877651484  0.40548513998775843  0.41331613793626931  0.42144085339577697
  0.43209506200100350  0.44527418481394415  0.46158242930341237  0.47995211155433748
  0.49934696595445555  0.50704572042692908  0.51410882807017921  0.52255533567826129
  0.53185403074658399  0.54426679757258767  0.54898341306013376  0.55193422435848760
  0.55561615269879094  0.56283567888889419  0.57206335306499412  0.58166724302570982
  0.59134640354496804  0.60180776093143906  0.61350390127611354  0.62643009159482621
  0.64470884378670190  0.66914704841814387  0.69490498382249233  0.71014973903690137
  0.72550760488353372  0.74116348592218240  0.75375988599041122  0.76320881296620968
  0.77262908698207067  0.77972813760769710  0.78681675880368818  0.79322959609571519
  0.79969216735516413  0.80821914472576928  0.81689178085530756  0.82589239697535777
  0.83714524605081242  0.84933394393720674  0.86161702835726006  0.87264865110334733
  0.88072587377985134  0.89092706212799755  0.90679851117544819  0.92479785938007097
  0.94023027723845953  0.95695969391245783  0.97812088253955287  1.00000000000000000
 -0.00657965955148528  0.02917333305615815  0.03713999330233358  0.04632959329318116
  0.05759497415800680  0.06608813725270982  0.07373088067204178  0.08428195773989562
  0.09378533851648205  0.10417135351058110  0.11765888226379455  0.12797040250197689
  0.14772375031851789  0.16861116271959750  0.18936519035090651  0.20625864332366975
  0.21800152843652318  0.22837968181756874  0.23686421685907422  0.24794744414005063
  0.25872175928511193  0.27021988735380720  0.28594132181538778  0.30339686732237447
  0.31590415018760437  0.32760967978595495  0.33496041832312862  0.34393811005294428
  0.35609050177390827  0.37030822027676530  0.38321667590073172  0.39278492949704807
  0.39925455214437056  0.40598175751758797  0.41587187813250770  0.42757161721639519
  0.43754711110193134  0.44267828632800760  0.44855234096974916  0.45216184225846434
  0.45562358637484268  0.45899644234255615  0.46233802908901483  0.46683803735102514
  0.47521451895639399  0.48345837749847198  0.49330022450155120  0.51151429219184552
  0.53260210717887335  0.54931102271349119  0.56354728401307852  0.57733224314669052
  0.59046858474701158  0.60160086742966568  0.61393458095387832  0.62576958847327346
  0.64083317884784352  0.65530478074082232  0.66836814370904940  0.68046687211897572
  0.69077792967011864  0.69920070360803022  0.70783224928857968  0.71356403766533205
  0.71948187008870657  0.72860163507773779  0.73574917459530487  0.74357276631333757
  0.75454440316382554  0.76706575558185464  0.78072158342167886  0.79503975523580472
  0.81402537470561886  0.83297609959981689  0.84846095033915736  0.85911763917097073
  0.86211659419953512  0.86489069824180531  0.86782682288510149  0.87022896288171381
  0.87304904642908787  0.87651831025730187  0.88017778566988625  0.88168986310056918
  0.88268339298025500  0.88357621623127036  0.88445015696360330  0.88554655201384336
  0.88691813654250207  0.89450072071518005  0.90449315174304634  0.91569813970806657
  0.92713514621545878  0.94462088002929823  0.96936560273306993  1.00000000000000000
 -0.02047457002731680  0.29572032876910637  0.41675155458633695  0.49181019646215179
  0.54921799028668739  0.58940910089754295  0.68813617394214499  0.74344215743996855
  0.78412785644907457  0.81784581745483287  0.84011026341055006  0.86400321862342144
  0.87978549395459993  0.89060927976065152  0.89816823564431025  0.90431008953854608
  0.91139151188788570  0.91753515773817407  0.92088659566947761  0.92267268322067042
  0.92442399178902224  0.92565382718751643  0.92713937648620026  0.92923406964637822
  0.93147386155902434  0.93343265177935375  0.93517414873255700  0.93768069023700751
  0.93939940338165029  0.94046545911837065  0.94134493323832136  0.94203443097461925
  0.94282314134049128  0.94392045838678873  0.94466412336466243  0.94519584714131233
  0.94575464982023605  0.94645435059081862  0.94699806649914786  0.94748050675916229
  0.94802198446720221  0.94848535000219003  0.94890990308472400  0.94961411552564712
  0.95086912857093275  0.95244958977159100  0.95407108350670189  0.95564318042512064
  0.95697586790982181  0.95807780791842201  0.95894148197514506  0.95936128095530904
  0.95975766381684136  0.96013746252465659  0.96051333600179911  0.96103103837641790
  0.96164021512468956  0.96236332196539165  0.96303145304102700  0.96365221296809866
  0.96417205997553890  0.96459627533121550  0.96505625702072229  0.96546395789911110
  0.96583488326761235  0.96615433855033717  0.96646439563533471  0.96661794923659239
  0.96676659349167837  0.96688598290492644  0.96700326205509601  0.96710874994898899
  0.96723414628252480  0.96744430075945997  0.96764787178834766  0.96781947802664581
  0.96797924106007927  0.96812767671241429  0.96826267837341962  0.96836599308665539
  0.96845851572576935  0.96853871981932715  0.96860260446092650  0.96864948170064402
  0.96874762942398140  0.96887869010746275  0.96900998093674107  0.96918514928959132
  0.96933002777916311  0.96955090860588355  0.96974596662546508  0.96988984569011505
  0.96997709017041178  0.97002347021071789  0.97003818238505646  1.00000000000000000
 -0.03973206525672689  0.16871114025331901  0.18736765915308454  0.19908100971785475
  0.20995283893615760  0.22043382110717158  0.23391400288114569  0.24327707126092019
  0.25176386009148777  0.26025502218536861  0.26667282869723674  0.27322602142753671
  0.28135529889418892  0.29013236659229180  0.29860252485672245  0.30574104810134689
  0.31440825047236431  0.32335290812602635  0.33229297078677611  0.34260695027435289
  0.35253296957037944  0.36879989081700548  0.38689862545730219  0.40342818510509376
  0.41493437023497159  0.42835157309095706  0.44427896625132524  0.45393847980841845
  0.46247080331477713  0.47049769404564634  0.47787763704029035  0.48532644828087862
  0.49356930345478534  0.50181215862869200  0.51310805430302031  0.52635247173297750
  0.54397295443580440  0.56264466921796286  0.57814050584505905  0.59200935904325946
  0.60444034541503766  0.61306131336119507  0.62171444058901559  0.62931494571212665
  0.63476966729518147  0.64270210490498270  0.65086803695599693  0.65822627390585753
  0.66331433972328935  0.66982153459437221  0.67709946724548731  0.68505606791897211
  0.69250855138861034  0.70129584884696861  0.71062266988164180  0.72035645446878838
  0.72843481215201444  0.73581691377169156  0.74229119033757984  0.74725512041543907
  0.75273447023665996  0.75902418379892167  0.76472907245773858  0.77279886456729152
  0.77779039388557836  0.78052624415903271  0.78379981216292727  0.78727843114450069
  0.79086711125184428  0.79367830682883189  0.79613342504988305  0.79834363895728988
  0.80057413841925495  0.80493721768840087  0.80994837188183544  0.81462778894444166
  0.81844711515573643  0.82168734624567064  0.82519590147779587  0.82807673603768694
  0.83222290717775349  0.83873667967980303  0.84740851725980504  0.85380901888633209
  0.85709109485822399  0.85948333447216785  0.86245415023854433  0.86659720988254574
  0.87450250945042218  0.88292426675649704  0.89157409840961865  0.90001783827939541
  0.90947318081960982  0.92107388366956977  0.94291328825963117  1.00000000000000000
   4.4854177515388162E-033  -1.0000000000000000     
 T F F F F T T F F T T F F F F T F F F F F F F F F F F F F F F F F F F F F F F F F F F F F F F F T F F F F T T F F T T F F F F T F F F F F F F F F F F F F F F F F F F F F F F F F F F F F F F F F F F F F F F F F F F F F F F F F F F F F F F F F F F F F F F F F F F F F F F F F F F F F F F F F F F F F F F F F F F F F F F F F F F F F F F F F F F F F F F F F F F F F F F F F F F F F F F F T F F F F T T F F T T F F F F T F F F F F F F F F F F F F F F F F F F F F F F F F F F F F F F F T F F F F T T F F T T F F F F T T F F F F T T F F T T F F F F T F F F F F F F F F F F F F F F F F F F F F F F F F F F F F F F F T F F F F T T F F T T F F F F T F F F F F F F F F F F F F F F F F F F F F F F F F F F F F F F F F F F F F F F F F F F F F F F F F F F F F F F F F F F F F F F F F F F F F F F F F F F F F F F F F F F F F F F F F F F F F F F F F F F F F F F F F F F F F F F F F F F F F F F F F F F F F F F F T F F F F T T F F T T F F F F T F F F F F F F F F F F F F F F F F F F F F F F F F F F F F F F F T F F F F T T F F T T F F F F T
  <DiscreteSampler_grid>
  grouped_processes
  1 # 1 for a reference and 2 for a running grid.
  10 # Attribute 'min_bin_probing_points' of the grid.
  1 # Attribute 'grid_mode' of the grid. 1=='default',2=='initialization'
  0.0000000000000000 # Attribute 'small_contrib_threshold' of the grid.
  0.5000000000000000 # Attribute 'damping_power' of the grid.
 # binID   n_entries weight   weight_sqr   abs_weight
    127   10   1.006675313906650E-024   8.131179175458111E-048   1.006675313906650E-024
    128   10   1.006675313906117E-024   8.131179175457355E-048   1.006675313906117E-024
    130   10   3.670266740346321E-024   1.063935829863506E-046   3.670266740346321E-024
    131   10   3.670266740344178E-024   1.063935829863401E-046   3.670266740344178E-024
    133   10   3.554163703248805E-024   9.286140505628673E-047   3.554163703248805E-024
    134   10   3.554163703246106E-024   9.286140505627831E-047   3.554163703246106E-024
    148   10   4.698465414969430E-024   1.716174134858855E-046   4.698465414969430E-024
    149   10   4.698465414966788E-024   1.716174134858720E-046   4.698465414966788E-024
    163   10   4.698465414969430E-024   1.716174134858855E-046   4.698465414969430E-024
    164   10   4.698465414966788E-024   1.716174134858720E-046   4.698465414966788E-024
    178   10   3.554163703248805E-024   9.286140505628673E-047   3.554163703248805E-024
    179   10   3.554163703246106E-024   9.286140505627831E-047   3.554163703246106E-024
    181   10   1.774821939425812E-024   2.477118897131278E-047   1.774821939425812E-024
    182   10   1.774821939425026E-024   2.477118897131161E-047   1.774821939425026E-024
    184   10   6.313753242690152E-024   3.064163755440139E-046   6.313753242690152E-024
    185   10   6.313753242686984E-024   3.064163755440003E-046   6.313753242686984E-024
    187   10   1.294292944943076E-024   1.337745830977181E-047   1.294292944943076E-024
    188   10   1.294292944942287E-024   1.337745830977052E-047   1.294292944942287E-024
    190   10   4.719700382452884E-024   1.750483820314463E-046   4.719700382452884E-024
    191   10   4.719700382449722E-024   1.750483820314287E-046   4.719700382449722E-024
    193   10   4.574348695245583E-024   1.528378411465794E-046   4.574348695245583E-024
    194   10   4.574348695241604E-024   1.528378411465649E-046   4.574348695241604E-024
    208   10   6.043423914634222E-024   2.823885071306741E-046   6.043423914634222E-024
    209   10   6.043423914630301E-024   2.823885071306515E-046   6.043423914630301E-024
    223   10   6.043423914634222E-024   2.823885071306741E-046   6.043423914634222E-024
    224   10   6.043423914630301E-024   2.823885071306515E-046   6.043423914630301E-024
    238   10   4.574348695245583E-024   1.528378411465794E-046   4.574348695245583E-024
    239   10   4.574348695241604E-024   1.528378411465649E-046   4.574348695241604E-024
    241   10   2.282796161908727E-024   4.075991385695872E-047   2.282796161908727E-024
    242   10   2.282796161907543E-024   4.075991385695671E-047   2.282796161907543E-024
    244   10   8.122986816400405E-024   5.042482894134652E-046   8.122986816400405E-024
    245   10   8.122986816395652E-024   5.042482894134414E-046   8.122986816395652E-024
    250   10   1.006675313906650E-024   8.131179175458111E-048   1.006675313906650E-024
    251   10   1.006675313906117E-024   8.131179175457354E-048   1.006675313906117E-024
    304   10   1.774821939425812E-024   2.477118897131278E-047   1.774821939425812E-024
    305   10   1.774821939425026E-024   2.477118897131161E-047   1.774821939425026E-024
    310   10   1.294292944943076E-024   1.337745830977181E-047   1.294292944943076E-024
    311   10   1.294292944942287E-024   1.337745830977052E-047   1.294292944942287E-024
    364   10   2.282796161908727E-024   4.075991385695872E-047   2.282796161908727E-024
    365   10   2.282796161907543E-024   4.075991385695671E-047   2.282796161907543E-024
  </DiscreteSampler_grid>
