  0.00362176391537031  0.01041355866501828  0.01954140075233286  0.02907409223684834
  0.03909505474683962  0.04930249689915218  0.05959782813018226  0.07013974356479086
  0.08155923315572260  0.09225335433983714  0.10286621003791249  0.11225993067173694
  0.12137232530930511  0.13059350818278717  0.13988211686705257  0.14977462031381902
  0.15984355317263696  0.16969393418730752  0.17979577800251190  0.18994785458257291
  0.20091496769793621  0.21152537875398500  0.22160180374985861  0.23204185390221627
  0.24266628107232061  0.25297023087243181  0.26303859483532627  0.27327561942074724
  0.28357681735352641  0.29356020511903108  0.30383132105398958  0.31449737635084579
  0.32519116369610879  0.33556655989170042  0.34621504708095285  0.35714825236229064
  0.36801339321173288  0.37888597291267567  0.38945274447608230  0.39991654006855853
  0.41047193951682032  0.42136489698281560  0.43239073200954925  0.44346723927942999
  0.45482479106290835  0.46644089823506008  0.47796365776753652  0.48786174162337737
  0.49766292453539684  0.50766837929990971  0.51776185807952291  0.52771894994428625
  0.53774458220494437  0.54805371742902742  0.55886495488769961  0.56972430939571406
  0.58062069824847296  0.59111597246022729  0.60124587830102527  0.61157884086728598
  0.62221968019718277  0.63306716407451236  0.64401564580052695  0.65473826989327377
  0.66509284104707311  0.67507014965293621  0.68505918227171636  0.69533204272576588
  0.70578634110213423  0.71659884424979270  0.72786002449846599  0.73946251691359033
  0.75077950145604910  0.76187966018260112  0.77280286325824932  0.78413851568679716
  0.79515492205316884  0.80728708451339193  0.81865460109370936  0.83009854237347125
  0.84137365813150300  0.85271338530131680  0.86390108521040643  0.87472168131435912
  0.88508033691839560  0.89524511340976443  0.90541771351359468  0.91580078783229102
  0.92599540168382355  0.93580177970791056  0.94597481530896499  0.95641146888456441
  0.96722925779172253  0.97802074943165396  0.98891700590371212  1.00000000000000000
  0.00330936400767902  0.01114184987602715  0.02085588273209266  0.03110010329425301
  0.04107197453008801  0.05179115132031510  0.06239258673570370  0.07215262689536069
  0.08186360259889428  0.09248762114242243  0.10339472147950883  0.11394910351178326
  0.12459617309494055  0.13549657084801320  0.14612622005669273  0.15698336406045249
  0.16773749062274507  0.17839125720174445  0.18885777954485933  0.20006414834295883
  0.21104505760235778  0.22172778396103834  0.23294298502584898  0.24442970066107875
  0.25527328567047342  0.26569829398861433  0.27555983116453614  0.28501118198779629
  0.29460660384941795  0.30401218739739166  0.31336927539840398  0.32277675192335148
  0.33213687368848249  0.34156607581393178  0.35111709268675040  0.36082486212540998
  0.37081080063399746  0.38106512786395585  0.39172227276915550  0.40301163382498756
  0.41473858400973052  0.42641653763339815  0.43796873582481161  0.44942633177439051
  0.46056160081954373  0.47126807142382005  0.48191452713503180  0.49304235519348594
  0.50354711239957428  0.51373141178201831  0.52404023749164164  0.53466975476804901
  0.54536661824147481  0.55589140789306202  0.56657183654477894  0.57724189767333611
  0.58780390697872964  0.59831028258379637  0.60863772241460656  0.61880412827257725
  0.62857730694756797  0.63836266196676206  0.64835480630225939  0.65947803256837456
  0.67095118985214530  0.68191928023157289  0.69264634760449351  0.70330041967609846
  0.71418146414632810  0.72474630624668002  0.73509011622151055  0.74527436406359004
  0.75581594911958883  0.76610511763662315  0.77563035468970876  0.78446539465486176
  0.79387431773796313  0.80358220703372418  0.81332541380068202  0.82308933787640071
  0.83311204550919504  0.84380491178646200  0.85498376333751813  0.86647485364093346
  0.87810256958289812  0.88966650516415746  0.90098135829420967  0.91199086742406865
  0.92292003130002864  0.93410865237858542  0.94544885235032217  0.95728862414350424
  0.96854483846325901  0.97974616003221249  0.98963670864868913  1.00000000000000000
  0.03032872171773255  0.03685114789159401  0.04747418692017263  0.05959467805920215
  0.07134080195254719  0.08278095621973340  0.09351488145836087  0.10400775518431536
  0.11451489384397145  0.12500428651436490  0.13531248000283697  0.14567607050089601
  0.15627137410286618  0.16693936640162560  0.17778631515244694  0.18890422581142163
  0.20021534979257904  0.21139425277408172  0.22240990166677335  0.23341168231088844
  0.24453093478243343  0.25548434106870660  0.26595439238817914  0.27625108051204844
  0.28628641918414494  0.29599553642791249  0.30556847788282804  0.31539914865921109
  0.32550317768005821  0.33595036003596151  0.34662066692008087  0.35712925962858538
  0.36761521196967678  0.37784593985255549  0.38792349119208736  0.39783690899889779
  0.40777445359238257  0.41771813439062028  0.42763695628261661  0.43772256764216227
  0.44857628271572952  0.45968309383532940  0.47096415333786884  0.48157037181328710
  0.49163614397695754  0.50174748626583898  0.51197085571954415  0.52218270060633265
  0.53235260329703182  0.54233117362494376  0.55207894966129334  0.56191716481141518
  0.57192644967703410  0.58189681094508405  0.59149436791232801  0.60095064483339511
  0.61143877088736676  0.62246415038067471  0.63322866640077635  0.64376052817363505
  0.65397862751265634  0.66411204069435581  0.67450843719575537  0.68478699567222867
  0.69439947910853650  0.70370484129256050  0.71333527129371965  0.72301833611685440
  0.73235244395819477  0.74128485088717433  0.75037160888320498  0.76013376981045522
  0.76986146700807678  0.77896373958098342  0.78785264693916102  0.79691233877281675
  0.80608681626393441  0.81516960042044384  0.82388978894057963  0.83244303183101487
  0.84198523697470484  0.85170685895217213  0.86104937341804000  0.87054017985782406
  0.88076991303754881  0.89135136961681261  0.90161291189141179  0.91146975639604255
  0.92129927919691423  0.93108660039218205  0.94054734963536113  0.95017548069875701
  0.95909782891649709  0.96636570556413814  0.96865899096388552  1.00000000000000000
  0.00230577194583614  0.01500262191671378  0.02844203893039337  0.04121371334493965
  0.05245500050626489  0.06341889393151333  0.07375141914061351  0.08413429082445399
  0.09471849235618165  0.10560762319735530  0.11615320652144517  0.12656524061278462
  0.13729055106435345  0.14817975693390711  0.15882719463159908  0.16863644386913773
  0.17754112268432301  0.18652963758736149  0.19553268367658233  0.20423765207830485
  0.21304233037623685  0.22175622853040605  0.23121259385960033  0.24168323546581574
  0.25226933670621254  0.26269373491943321  0.27337260549227704  0.28451661615208462
  0.29568396909806122  0.30644760227307016  0.31721387282448432  0.32797897525722569
  0.33864955448717410  0.34906050372033282  0.35961150167398442  0.37051330203224864
  0.38063777039597507  0.39021582451839831  0.39972915560097350  0.40951301744101737
  0.41937879750139878  0.42935879271774424  0.43980849928859300  0.45025389506867042
  0.46032429217267284  0.46959669057146625  0.47900586467968176  0.48844355219760449
  0.49790950180785482  0.50770212331083853  0.51786133348653363  0.52809174398092962
  0.53871475231149946  0.54969923080139793  0.56119395274634043  0.57223274668395596
  0.58292590815488610  0.59372703110633751  0.60445948693807261  0.61457645944435746
  0.62420265316670687  0.63377224168814483  0.64362742164653364  0.65396015717941702
  0.66471559631138855  0.67586177659559721  0.68713495160009841  0.69822597367442518
  0.70915715859162609  0.71983099437712184  0.73067029763345936  0.74165535251098125
  0.75264238235075520  0.76367596469313503  0.77462948513256535  0.78529396381676675
  0.79631374162079904  0.80723167299168974  0.81802442708875400  0.82797590926893960
  0.83717214960363684  0.84594250196988341  0.85524521811460408  0.86561191746352995
  0.87618443233316445  0.88689931265901012  0.89745594089412462  0.90937838499494883
  0.92100716982034803  0.93267132602297198  0.94362542899888180  0.95413698967860672
  0.96387561622075990  0.97316649020694312  0.98289790238431152  1.00000000000000000
 -0.00029314565511742  0.00188137786663710  0.00341125520549052  0.00529298888939592
  0.00758522670635247  0.01020334915745208  0.01336111593284834  0.01728997399330100
  0.02136927325807024  0.02570214514601712  0.03065728773456170  0.03555015469260749
  0.04062740747273715  0.04626171420805972  0.05246894197728484  0.05890522056880599
  0.06550100807697844  0.07186928803946119  0.07789496941400338  0.08449535036151319
  0.09174800992415005  0.09955262530033532  0.10771714660051006  0.11607199475312940
  0.12434805838763827  0.13263380215952580  0.14088023751063738  0.14973718448864912
  0.15866653180867579  0.16761805315433370  0.17634858184526414  0.18456418921210185
  0.19322274607489082  0.20220430961548075  0.21148475135753075  0.22206275812784224
  0.23371207880965056  0.24567777714781677  0.25757595070744826  0.26891295634383156
  0.27963263653329429  0.29007636590928443  0.30053907662435980  0.31118984388399779
  0.32220418831768394  0.33353612116128784  0.34521979884669490  0.35796697727860005
  0.37104006640635478  0.38408085259613695  0.39667079873815553  0.40877511453663989
  0.42110634907165079  0.43345486049175663  0.44565377015383978  0.45781769090850405
  0.46961829001499672  0.48083522581522053  0.49217833593951049  0.50386403970151528
  0.51576788664883477  0.52793780225032982  0.54101109765993560  0.55490109204134752
  0.56841333306198472  0.58232762918453462  0.59619508829659118  0.60964819141670690
  0.62304066911506817  0.63642841087081259  0.64974238719975785  0.66286027623658372
  0.67535221724515881  0.68814160179698780  0.70134372562933445  0.71473362236069893
  0.72826439628724360  0.74209957111897507  0.75536586155091878  0.76858970063217280
  0.78226323406985876  0.79570543533917193  0.80910143061341055  0.82279666648622429
  0.83690934109260640  0.85076069356815898  0.86508833755601777  0.87981441499638025
  0.89486599517800669  0.91008086721960413  0.92522372561437194  0.94052035969826653
  0.95543357229763459  0.97028357909486673  0.98517678147911658  1.00000000000000000
 -0.00264721725169536  0.01022671918067966  0.02079812916386010  0.03127128347998768
  0.04167031407808863  0.05213954088727188  0.06249916072650200  0.07259587220042464
  0.08276426195550055  0.09316453793592895  0.10351634923772429  0.11398932419597482
  0.12463283657229937  0.13526755664791254  0.14551789703483034  0.15567915602158128
  0.16599704073433230  0.17646760492254165  0.18692521863987116  0.19667704391086921
  0.20614388741016346  0.21584399085120526  0.22577183328506592  0.23570716785166801
  0.24545057704625498  0.25557652603428216  0.26617612191591211  0.27664980847997622
  0.28661216130472461  0.29644258467215867  0.30639298146455174  0.31687314485046525
  0.32805541733323956  0.33975931119237612  0.35179333289077008  0.36381182250828437
  0.37533838604151976  0.38635649914089493  0.39711344739071713  0.40802032119868598
  0.41889874726151138  0.42926734200839939  0.43944627879537002  0.44948189932969707
  0.45955546981233997  0.46982655455746369  0.48048092219654365  0.49134002925675146
  0.50241475515110456  0.51386146940983357  0.52533442597770108  0.53666853473199971
  0.54759287958706482  0.55877073494161733  0.56896243508322619  0.57874180526847396
  0.58851189289374051  0.59813376363897719  0.60799003966586995  0.61811026570101413
  0.62822882398866275  0.63795914653063168  0.64771110225196615  0.65752756784211708
  0.66741787511250750  0.67736463507818745  0.68738006532843399  0.69848401365803181
  0.70961764779862002  0.72058853183508764  0.73122428028005104  0.74152930918604343
  0.75201781924770317  0.76197344993887106  0.77169022240887808  0.78121722644817304
  0.79093315580686085  0.80129321344257598  0.81184685694370828  0.82262537880387621
  0.83312893537354482  0.84401681174918786  0.85519516839029841  0.86723653986627358
  0.87899297528759091  0.89112311749343909  0.90326778942071773  0.91536711860835762
  0.92697281534863141  0.93783968696569486  0.94824284086678190  0.95811551771180359
  0.96808756188088474  0.97819176264182006  0.98904769374607471  1.00000000000000000
 -0.00294990054280824  0.00970202792249761  0.02072078577910616  0.03177403470812857
  0.04269777398709148  0.05323583922670396  0.06332430745558862  0.07300620996711442
  0.08282397372325641  0.09314511511155056  0.10411195349936889  0.11529791067132919
  0.12564754100514200  0.13522733464631118  0.14460804895849833  0.15403676223744112
  0.16362973609665096  0.17317360278344668  0.18276919518633011  0.19257844941556335
  0.20267861045455518  0.21291645815540503  0.22337201492719361  0.23389429834581268
  0.24403419274285068  0.25423631754263987  0.26450457371435537  0.27562726943624838
  0.28690774698565136  0.29840033558746837  0.30981409942540422  0.32149920929517323
  0.33332291483762305  0.34528102938398691  0.35681224388700433  0.36772787598825990
  0.37836691162130037  0.38900503415303572  0.40007842971183838  0.41176726324358748
  0.42389860106808241  0.43563746588460411  0.44608294510081148  0.45593771075760681
  0.46585081679406265  0.47563236594451397  0.48526159932727198  0.49496129128690936
  0.50550343198751169  0.51726152051912311  0.52866601195985652  0.54018243939231181
  0.55148955382624798  0.56312494356207921  0.57320767316324372  0.58298507727542415
  0.59203831458792444  0.60100010067076381  0.61031520627340841  0.61983084833314528
  0.62966324409762775  0.63980417602583084  0.65037621515395794  0.66123739729857578
  0.67189660421738562  0.68225180983496625  0.69274437714218728  0.70382396763152377
  0.71537193973684554  0.72782255809095120  0.73876277360812359  0.74977025813982690
  0.76016461799345914  0.77103316119684584  0.78143982671745404  0.79184472135001771
  0.80260475573574119  0.81310465862996473  0.82396367328119902  0.83525624663867382
  0.84667066195710483  0.85827224902526000  0.86952208583616541  0.88021663434868813
  0.89026030315546345  0.90037007097037136  0.91023891734685858  0.91998142822581419
  0.92929541743094113  0.93881860900628078  0.94871638005951198  0.95884151701510245
  0.96905594291437203  0.97902600465039435  0.98950133118571815  1.00000000000000000
 -0.00254701189586754  0.00957541183257386  0.02023452356174765  0.03065652196821600
  0.04128643702512888  0.05200610135290088  0.06303096739112184  0.07406556687168939
  0.08468935329395369  0.09468475830534230  0.10431877305195514  0.11307276307405509
  0.12278211462713819  0.13262884444979017  0.14216424274580011  0.15149951440651724
  0.16074243147611886  0.17072640534935457  0.18218626684419637  0.19412870059091231
  0.20603900705664036  0.21787244600261005  0.22987126781322767  0.24084257491686936
  0.25198093985256448  0.26373363994301130  0.27466748364020033  0.28504279719659820
  0.29554460497688040  0.30652501903921142  0.31724430755372612  0.32744495288083658
  0.33786933482816051  0.34925419509077277  0.36020869219005996  0.37125699372486987
  0.38200690789387332  0.39285105428657219  0.40345909309398681  0.41329489851212253
  0.42340979873178136  0.43369096377440480  0.44397429062554822  0.45428662721025487
  0.46414910655119906  0.47413106538570854  0.48404131148872276  0.49445843263589057
  0.50472424469101695  0.51494967594469054  0.52558880485716453  0.53660740552230191
  0.54761268928891105  0.55850226291949379  0.57030071533041415  0.58305840199674952
  0.59453646987738062  0.60573941715495494  0.61622991745109446  0.62689179502743986
  0.63691235755205411  0.64681652735353246  0.65635220988230958  0.66561745955663099
  0.67507364423084715  0.68454833270605286  0.69479558484671300  0.70518103755968753
  0.71675012628130708  0.72809569045533395  0.73924842190931050  0.74997037665561683
  0.76037349580100488  0.77077046659935622  0.78141818341236446  0.79191736823134051
  0.80219291139669180  0.81214507158232385  0.82169928065209741  0.83101069071967193
  0.84043664014013619  0.85000655657155400  0.85983722886600844  0.86951829844637196
  0.87941453943046011  0.89021168337983736  0.90099117151960473  0.91144851815065597
  0.92183739804107456  0.93279227501895357  0.94411353695951650  0.95556055597528911
  0.96676525658642509  0.97839407711385418  0.98903305864584201  1.00000000000000000
 -0.00251622170466500  0.01015734464011178  0.01993830375859916  0.03021002694682555
  0.04091731644629725  0.05260827819698753  0.06371400664866497  0.07520853276794583
  0.08605607604264755  0.09677122882443834  0.10755304955994628  0.11854139927634935
  0.12896557788738508  0.13871041551314509  0.14851562079393518  0.15865444505019946
  0.16924608637865748  0.17957719501806199  0.19014832531827708  0.20084504804309886
  0.21183857335517628  0.22189758855983852  0.23229431417275800  0.24298997317679616
  0.25431034800042851  0.26595985749484763  0.27709746519170397  0.28849343282678114
  0.29892282127522585  0.30973208936890151  0.32130806700324688  0.33297169670141069
  0.34438187263288944  0.35577692946737915  0.36736189990382756  0.37893691188502621
  0.39052774772478288  0.40171643156630849  0.41207712224875120  0.42161272113936810
  0.43062684491512998  0.43945063414839997  0.44844705847675259  0.45807583588573569
  0.46850150892628017  0.47883679527396328  0.48927882735326977  0.49996181110862592
  0.51084384408098149  0.52125749083729933  0.53105183545448276  0.54083186833947694
  0.55125872585352576  0.56173181834958408  0.57229805090019070  0.58268756210411488
  0.59305298992631172  0.60343856893928882  0.61402148611973639  0.62483893507231347
  0.63561976696279754  0.64660866633740566  0.65789671355093282  0.66934772901971129
  0.68082736135610822  0.69215416827035081  0.70317622475365893  0.71386182119955444
  0.72456544037320703  0.73496405408984677  0.74478419522136108  0.75467218229044952
  0.76468961285626569  0.77510700272430755  0.78520027368444434  0.79527802850756801
  0.80546065476264006  0.81617424324137433  0.82788581248061754  0.83900211703393335
  0.84961884700414625  0.85995310128796398  0.87003141252195093  0.87978312297913930
  0.88927958521616401  0.89849433507864640  0.90736125334094797  0.91615670696914442
  0.92543218380563186  0.93473616209490828  0.94461701641050977  0.95502240639783120
  0.96627807272174482  0.97819688147739581  0.98905498440675421  1.00000000000000000
 -0.00261336968825283  0.01015404112324218  0.02073939918439090  0.03181850325364555
  0.04247903382732498  0.05336602998060764  0.06396054830534852  0.07468207132025698
  0.08599658656016614  0.09822672388324395  0.11030526496040556  0.12174473570649372
  0.13241663474491808  0.14267024022280977  0.15264025539960924  0.16269788454431852
  0.17263148918084306  0.18263984371470074  0.19256805659967535  0.20241236449489727
  0.21185921738433017  0.22190614522293153  0.23211145216252405  0.24206954914776049
  0.25165561374146772  0.26114601145546840  0.27039457585736715  0.27931841332064122
  0.28807841245517962  0.29767300271135011  0.30760534472914208  0.31737923780893551
  0.32699512010997916  0.33728635533416240  0.34876401351871533  0.36097433797789297
  0.37369744704292002  0.38523625842044951  0.39611492955194116  0.40701244583558782
  0.41810348387895291  0.42901434605855970  0.44000279060966246  0.45173508177277005
  0.46310541371795688  0.47387191317443972  0.48474249673994196  0.49535390667306772
  0.50550279486880190  0.51574450535488747  0.52579917149272148  0.53577741437527227
  0.54585321783344332  0.55592861851034747  0.56564725126239823  0.57549586020095189
  0.58578137489448789  0.59728861272145228  0.60830556813875170  0.61882884788127834
  0.62946083808049447  0.64068746038660540  0.65198156394858486  0.66350241781758801
  0.67435652650995026  0.68505379833888758  0.69578180586476146  0.70690322365342695
  0.71730193030654743  0.72758652687807068  0.73867482358555836  0.75013506621428472
  0.76057819804822502  0.77105514425797694  0.78184508486760773  0.79285781348108353
  0.80362047818335225  0.81468211377215927  0.82658944885745278  0.83754920618615780
  0.84773716587999226  0.85772426920574762  0.86722326301341857  0.87689509687423395
  0.88600718445632731  0.89533025033207858  0.90509762656390325  0.91510247805718803
  0.92585159196771183  0.93695073165354281  0.94777817556978927  0.95843899589484993
  0.96887467787596449  0.97968051156610469  0.98979940707911429  1.00000000000000000
 -0.00240265557257297  0.00850773364515468  0.01716613683572787  0.02598595795622810
  0.03483495327694820  0.04403361790345498  0.05320012661699796  0.06242035617742968
  0.07181398577120066  0.08143434237738845  0.09078528656307316  0.09971676454864815
  0.10869514682009561  0.11790960761574561  0.12709190912293911  0.13603433967796452
  0.14519511042083777  0.15522673847348212  0.16586318472649181  0.17675102081103489
  0.18788341928752966  0.19953103151314569  0.21103502378833031  0.22195218738421221
  0.23299141675563748  0.24411823880177791  0.25473423636265713  0.26453212762752837
  0.27441013846736279  0.28446981021689838  0.29463975389455799  0.30492640859345271
  0.31527903293910392  0.32561414661102822  0.33581045203561505  0.34655241781733642
  0.35808099941497457  0.36975536650595714  0.38154691945552899  0.39351200792489566
  0.40556556110438624  0.41732661517376751  0.42870210037582762  0.44001538854677613
  0.45142800771610991  0.46310900401526223  0.47491730436048613  0.48710881268234923
  0.49962747920879708  0.51204598588436079  0.52454047530297176  0.53747515493476028
  0.55130222789235406  0.56511934224861926  0.57728445771185899  0.58888615831451951
  0.59986960138001988  0.61138520408574470  0.62244967581566246  0.63293215943511993
  0.64285902739983802  0.65285456579583312  0.66298869248712189  0.67342016172522068
  0.68422729406412086  0.69536760963272126  0.70685044787293982  0.71843190420620562
  0.72991123114400525  0.74100747715245774  0.75256000491218966  0.76507822476927245
  0.77769289738443148  0.78931859879985011  0.80035322753648008  0.81094263979078207
  0.82138850298006683  0.83201800401913728  0.84271656258798011  0.85287299296913144
  0.86251098307998597  0.87192587290413692  0.88114936290944834  0.89031721382884665
  0.89920616270183196  0.90804253483134767  0.91696063660999205  0.92559712172695663
  0.93416318178877100  0.94287639527181066  0.95156905867289410  0.96037621595649092
  0.96990296160014355  0.97973847216012033  0.98944306670406579  1.00000000000000000
 -0.00277225542984248  0.00986740511643396  0.01973137104570843  0.02992622796405300
  0.03996381462258277  0.05082613792914038  0.06200329350638795  0.07311732864289489
  0.08411963816303840  0.09489111379962833  0.10529552192412391  0.11574302099270374
  0.12650912130984440  0.13756862843131160  0.14810429412155032  0.15869969961353531
  0.16921195982332615  0.17976666934048965  0.19030352320885155  0.20079543459639340
  0.21135038400088807  0.22140101629434428  0.23140940943027058  0.24159320593996844
  0.25194273218719243  0.26282707433738234  0.27379625218942083  0.28464056870357018
  0.29564118590491445  0.30664787039455815  0.31718691684520739  0.32672713401737602
  0.33604550155135743  0.34526597571420065  0.35439949182108138  0.36368669713161639
  0.37360411759582435  0.38470484044472464  0.39614936355088631  0.40745655085956717
  0.41901078232188843  0.43079045783342451  0.44224094151872861  0.45354129756643080
  0.46508361424573541  0.47622786135694994  0.48681746404241250  0.49679551648782833
  0.50724152516639176  0.51765133772616112  0.52806210556359279  0.53824722218316923
  0.54853750886477948  0.55901839121095420  0.56928568215842890  0.57967821105223716
  0.59034937928073139  0.60118980071722561  0.61242537244621731  0.62413741381552101
  0.63580601493037703  0.64735439923502180  0.65839348242087736  0.66982142328080474
  0.68097732815956458  0.69269837369365950  0.70471809915606620  0.71675612153216939
  0.72826544656782988  0.73942464268774999  0.75008285926939178  0.76035909342838193
  0.77037929378989012  0.78027329836049808  0.79045823268970594  0.80040891150486604
  0.81059956333886374  0.82077434905827362  0.83082365455764906  0.84020362181161701
  0.84964447598849513  0.85949483242167501  0.86894713447123728  0.87814232989186991
  0.88731987525365086  0.89742199658914013  0.90818479653659667  0.91880827134751519
  0.92912333194633712  0.93940584017356910  0.94959191360610495  0.95932415657147341
  0.96897852110782001  0.97857879093353817  0.98926748053902602  1.00000000000000000
 -0.00652131618503903  0.03395431065754950  0.05894254571877298  0.07907203636765969
  0.09594825146626834  0.11105621420854900  0.12577177540340548  0.13894644291068095
  0.15116923400291385  0.16252730279708341  0.17325876066429211  0.18359603512326933
  0.19390875259204202  0.20407242243746887  0.21421867281214274  0.22413693494887624
  0.23328500739284327  0.24173088870560747  0.25016579029151270  0.25910704824862585
  0.26833594812393641  0.27737657497805018  0.28616353579700166  0.29464517281412445
  0.30383552268971786  0.31296145303544198  0.32206657372254771  0.33112732944657758
  0.33982471223380073  0.34837273328428164  0.35666845835377053  0.36473400684130691
  0.37270155056638749  0.38055267860719455  0.38824029407865102  0.39581755675918889
  0.40331979099556531  0.41078616916717248  0.41853660343107418  0.42664392251649969
  0.43484013222602369  0.44342703122899430  0.45256422807353552  0.46166819082851507
  0.47042000124758332  0.47901135594428734  0.48757475382707727  0.49607283534360030
  0.50463617999374788  0.51347729692410915  0.52250463337929287  0.53215169314719302
  0.54186338068515560  0.55138866656442165  0.56054257800533835  0.56934757479094300
  0.57809418141763180  0.58700042300746913  0.59576079096547285  0.60418764491388977
  0.61228970138366656  0.62015698571251543  0.62840581057006151  0.63635888807834184
  0.64472923530888704  0.65307424658365099  0.66122162079456936  0.66889246157027771
  0.67569088371715968  0.68283326249069387  0.69048958146370232  0.69826127738359656
  0.70579542425601338  0.71342007999259305  0.72135730683271937  0.72936363947186200
  0.73765796999774003  0.74638462306454301  0.75564755864687105  0.76514413234809764
  0.77456747580856167  0.78407147123439769  0.79408344501757522  0.80478491519119266
  0.81632961917904534  0.82816190340873341  0.84029667680704023  0.85276704407322212
  0.86609757577490298  0.87993413023235512  0.89437324752436442  0.90903667112472319
  0.92532642630086759  0.94342796055246214  0.96668813562227118  1.00000000000000000
 -0.00316915339730804  0.01123335832216576  0.02290199203638857  0.03486249854364187
  0.04656082073093012  0.05838130106552924  0.06972533338187334  0.08081142024782510
  0.09135113496487329  0.10176055735942974  0.11231002878430812  0.12290731143865601
  0.13382651056472117  0.14485052805471449  0.15567678080969605  0.16634989420799656
  0.17664650042305749  0.18652146242930356  0.19615402310878963  0.20612124877321950
  0.21625669920320903  0.22630723161511890  0.23548590958051369  0.24417508086345319
  0.25282412885245342  0.26137381743645827  0.27034614274384966  0.27985178359522800
  0.28891812719117405  0.29899648931635364  0.30974295682029845  0.32077213423721135
  0.33106442844760320  0.34155448655344095  0.35220014609882844  0.36353034790398187
  0.37461914646846700  0.38499285327675159  0.39548367445637722  0.40559953640221774
  0.41569396364742661  0.42563840930500529  0.43535128514301963  0.44484655751485608
  0.45435642282660288  0.46422698764690062  0.47468742724026314  0.48511764831318444
  0.49513063726989431  0.50505990837136872  0.51489954800525783  0.52521295539671797
  0.53588341623109947  0.54660427408688694  0.55768116634012688  0.56937100048130040
  0.58103871676911911  0.59263219595140093  0.60406360240245627  0.61589111830079701
  0.62780472564937650  0.63928325299872701  0.65007591572020429  0.66046130893223809
  0.67080700511936242  0.68122962509124430  0.69177698992264869  0.70233625895540386
  0.71274941860123542  0.72288304876535525  0.73319718984354554  0.74369470704047946
  0.75343531732049629  0.76311661431352584  0.77310734386885671  0.78300839859568649
  0.79280140616770478  0.80283929099537266  0.81322661886417857  0.82385498888926112
  0.83423740433630622  0.84477672135283266  0.85536225699887336  0.86566722183537381
  0.87628252441578591  0.88684404988050303  0.89729601731139874  0.90765886277239760
  0.91832953049560473  0.92956897287222795  0.94092955512368393  0.95218644837197763
  0.96402853555218437  0.97590758844437697  0.98820455038427879  1.00000000000000000
 -0.01967934607888405  0.17262829019707110  0.24140364600101652  0.29328385153767544
  0.33668125206844934  0.37247956453284953  0.40397184695762134  0.43283358102800668
  0.45794246729874610  0.48037399573160355  0.50104119524875990  0.52016308545520828
  0.53782795392924454  0.55445335899713621  0.57017298012921669  0.58448969964523201
  0.59763027287832382  0.60979602296100177  0.62123377458536488  0.63225109638417232
  0.64308443359264511  0.65317615335855084  0.66261408871871574  0.67140608177167105
  0.67997133375269125  0.68851301659678399  0.69718280310514691  0.70560613506709990
  0.71373694225310735  0.72173262036659025  0.72967422813570237  0.73742150102245607
  0.74498802984257451  0.75206877700694985  0.75891081583530950  0.76553607910337340
  0.77172408554974137  0.77760394042534486  0.78341922188991142  0.78916889661242806
  0.79463930565547680  0.79984611610427814  0.80498456772284677  0.81005191221773765
  0.81476982984503066  0.81928257222963630  0.82382964292902006  0.82831807300755955
  0.83298889079064364  0.83750167036911261  0.84196051881447076  0.84633407471717770
  0.85067284240687402  0.85482073559636673  0.85869926696546872  0.86250176292573189
  0.86620434972775218  0.86993415690497233  0.87367385934672848  0.87723952372345770
  0.88078158249631955  0.88431514787122711  0.88778956784586283  0.89120812827136009
  0.89456098497707637  0.89764814510895086  0.90065961869838007  0.90376479071620563
  0.90683701982478515  0.90983483339889781  0.91282548073375835  0.91587143597275811
  0.91894304628324053  0.92197553939630439  0.92494283739887029  0.92774820687822335
  0.93042520057633238  0.93307403691320201  0.93570413472836789  0.93833953935382231
  0.94097936972672591  0.94357393985751170  0.94617123969797601  0.94878110560157725
  0.95145519819800917  0.95415423673186806  0.95699940339231371  0.96007739109876755
  0.96334484071676851  0.96668662094502855  0.97009793651570131  0.97370541962196244
  0.97769607960006721  0.98253135701936134  0.98914834356650716  1.00000000000000000
 -0.01815957640458476  0.12746882299218382  0.18284038912879655  0.21860470503914503
  0.24451482232216887  0.26425883378546716  0.28150598370781366  0.29693340631495269
  0.31093059794061140  0.32381719186772717  0.33594283153222954  0.34709434198830252
  0.35775435034384628  0.36797299883016366  0.37777618316820888  0.38723074733694723
  0.39637529156362888  0.40490773871359198  0.41303021519525507  0.42028785364062116
  0.42705510764447646  0.43373695285888664  0.44032902301047760  0.44690757263599695
  0.45348961933545839  0.45983091459248659  0.46592213078588907  0.47183644320343410
  0.47763647952030475  0.48308599530412077  0.48820770016988085  0.49326386302718561
  0.49825779041380208  0.50312991291619058  0.50799186105774519  0.51303488866036084
  0.51832190890649310  0.52329454739713699  0.52825000818414791  0.53319629276057268
  0.53809439609707754  0.54327876615211002  0.54875498315273330  0.55417700185290075
  0.55948689470112256  0.56445756673959036  0.56924943669504835  0.57406113138676906
  0.57894161933629429  0.58379972734000218  0.58859567699005810  0.59345962318059364
  0.59823514479476669  0.60307620880684865  0.60782474820303212  0.61244288033704430
  0.61727982079841270  0.62211531249725638  0.62702992412906144  0.63195549910667970
  0.63682428529691848  0.64169120719218964  0.64668864296916106  0.65185697089816641
  0.65707151238379591  0.66229754540260188  0.66747924004269210  0.67265782867381796
  0.67802607127466563  0.68315938997112802  0.68850359641471470  0.69411412392374539
  0.69985264103521427  0.70573229620713707  0.71187681300862637  0.71813018879707102
  0.72449470203368482  0.73067831400548677  0.73698815410277929  0.74346344325236557
  0.75026217494285219  0.75708246630976594  0.76395592376789434  0.77116350528953237
  0.77891524905651655  0.78717920549453946  0.79574541679151034  0.80464600254736895
  0.81414213126417101  0.82460473765218223  0.83592289949470222  0.84875595172660967
  0.86477962132333830  0.88642171754199273  0.92010538366062766  1.00000000000000000
   5.2657971185284212E-011  -1.0000000000000000     
 F F F F F F F F F F F F F F F F F F F F F F F F F F F F F F F F F F F F F F F F F F F F F F F F F F F F F F F F F F F F F F F F F F F F F F F F F F F F F F F F F F F F F F F F F F F F F F F F F F F F F F F F F F F F F F F F F F F F F F F F F F F F F F F F F F F F F F F F F F F F F F F F F F F F F F F F F F F F F F F F F F F F F F F F F F F F F F F F F F F F F F F F F F F F F F F F T F F F F F F F T F F F F F F F F F F F F F F F F F F F F F F F F F F F F F F F F F F F F F F F F F F F F F F F F F F F F F F F F F F F F F F F F F F F F F F F F F F F F F F F F F F F F F F F F F F F F F F F F F F F F F F F F F F F F F F F F F F F F F F F F F F F F F F F F F F F F F F F F F F F F F F F F F F F F F F F F F F F F F F F F F F F F F F F F F F F F F F F F F F F F F F F F F F F F F F F F F F F F F F F F F F F F F F F F F F F F F F F F F F F F F F F F F F F F F F F F F F F F F F F F F F F F F F F T F F F F F F F T F F F F F F F F F F F F F F F F F F F F F F F F F F F F F F F F F F F F F F F F F F F F F F F F F F F F F F F
  <DiscreteSampler_grid>
  grouped_processes
  1 # 1 for a reference and 2 for a running grid.
  10 # Attribute 'min_bin_probing_points' of the grid.
  1 # Attribute 'grid_mode' of the grid. 1=='default',2=='initialization'
  0.0000000000000000 # Attribute 'small_contrib_threshold' of the grid.
  0.5000000000000000 # Attribute 'damping_power' of the grid.
 # binID   n_entries weight   weight_sqr   abs_weight
    55   10   6.025613542914930E-002   8.791575058055430E-003   6.025613542914930E-002
    56   10   6.025613542914913E-002   8.791575058055393E-003   6.025613542914913E-002
    58   10   3.236421939073874E-003   2.536263737524893E-005   3.236421939073874E-003
    59   10   3.236421939073873E-003   2.536263737524899E-005   3.236421939073873E-003
    61   10   3.236421939073874E-003   2.536263737524893E-005   3.236421939073874E-003
    62   10   3.236421939073873E-003   2.536263737524899E-005   3.236421939073873E-003
    64   10   6.025613542914930E-002   8.791575058055430E-003   6.025613542914930E-002
    65   10   6.025613542914913E-002   8.791575058055393E-003   6.025613542914913E-002
    67   10   3.236421939073879E-003   2.536263737524902E-005   3.236421939073879E-003
    68   10   3.236421939073871E-003   2.536263737524896E-005   3.236421939073871E-003
    70   10   1.738317084744807E-004   7.316816046960504E-008   1.738317084744807E-004
    71   10   1.738317084744807E-004   7.316816046960525E-008   1.738317084744807E-004
    73   10   1.738317084744807E-004   7.316816046960504E-008   1.738317084744807E-004
    74   10   1.738317084744807E-004   7.316816046960525E-008   1.738317084744807E-004
    76   10   3.236421939073879E-003   2.536263737524902E-005   3.236421939073879E-003
    77   10   3.236421939073871E-003   2.536263737524896E-005   3.236421939073871E-003
    79   10   3.236421939073879E-003   2.536263737524902E-005   3.236421939073879E-003
    80   10   3.236421939073871E-003   2.536263737524896E-005   3.236421939073871E-003
    82   10   1.738317084744807E-004   7.316816046960504E-008   1.738317084744807E-004
    83   10   1.738317084744807E-004   7.316816046960525E-008   1.738317084744807E-004
    85   10   1.738317084744807E-004   7.316816046960504E-008   1.738317084744807E-004
    86   10   1.738317084744807E-004   7.316816046960525E-008   1.738317084744807E-004
    88   10   3.236421939073879E-003   2.536263737524902E-005   3.236421939073879E-003
    89   10   3.236421939073871E-003   2.536263737524896E-005   3.236421939073871E-003
    91   10   6.025613542914930E-002   8.791575058055430E-003   6.025613542914930E-002
    92   10   6.025613542914913E-002   8.791575058055393E-003   6.025613542914913E-002
    94   10   3.236421939073874E-003   2.536263737524893E-005   3.236421939073874E-003
    95   10   3.236421939073873E-003   2.536263737524899E-005   3.236421939073873E-003
    97   10   3.236421939073874E-003   2.536263737524893E-005   3.236421939073874E-003
    98   10   3.236421939073873E-003   2.536263737524899E-005   3.236421939073873E-003
    100   10   6.025613542914930E-002   8.791575058055430E-003   6.025613542914930E-002
    101   10   6.025613542914913E-002   8.791575058055393E-003   6.025613542914913E-002
  </DiscreteSampler_grid>
