     
 Collinear #          95
 
 part:           1
 comp:           0
  0.99999999922971083        276.25005367690670        276.25005388969913     
  0.99999999992647681        276.25005386938835        276.25005388969913     
  0.99999999999268108        276.25005388767727        276.25005388969913     
  0.99999999999926870        276.25005388949711        276.25005388969913     
  0.99999999999992695        276.25005388967895        276.25005388969913     
  0.99999999999999301        276.25005388969720        276.25005388969913     
  0.99999999999999956        276.25005388969902        276.25005388969913     
   1.0000000000000002        276.25005388969919        276.25005388969913     
   1.0000000000000004        276.25005388969925        276.25005388969913     
   1.0000000000000000        276.25005388969913        276.25005388969913     
 comp:           1
   0.0000000000000000        0.0000000000000000     
   0.0000000000000000        0.0000000000000000     
   0.0000000000000000        0.0000000000000000     
   0.0000000000000000        0.0000000000000000     
   0.0000000000000000        0.0000000000000000     
   0.0000000000000000        0.0000000000000000     
   0.0000000000000000        0.0000000000000000     
   0.0000000000000000        0.0000000000000000     
   0.0000000000000000        0.0000000000000000     
   0.0000000000000000        0.0000000000000000     
 comp:           2
   0.0000000000000000        0.0000000000000000     
   0.0000000000000000        0.0000000000000000     
   0.0000000000000000        0.0000000000000000     
   0.0000000000000000        0.0000000000000000     
   0.0000000000000000        0.0000000000000000     
   0.0000000000000000        0.0000000000000000     
   0.0000000000000000        0.0000000000000000     
   0.0000000000000000        0.0000000000000000     
   0.0000000000000000        0.0000000000000000     
   0.0000000000000000        0.0000000000000000     
 comp:           3
  0.99999999922971083        276.25005367690670        276.25005388969913     
  0.99999999992647681        276.25005386938835        276.25005388969913     
  0.99999999999268108        276.25005388767727        276.25005388969913     
  0.99999999999926870        276.25005388949711        276.25005388969913     
  0.99999999999992695        276.25005388967895        276.25005388969913     
  0.99999999999999301        276.25005388969720        276.25005388969913     
  0.99999999999999956        276.25005388969902        276.25005388969913     
   1.0000000000000002        276.25005388969919        276.25005388969913     
   1.0000000000000004        276.25005388969925        276.25005388969913     
   1.0000000000000000        276.25005388969913        276.25005388969913     
 
 part:           2
 comp:           0
   1.0000000102266067        276.25000282510007        276.25000000000000     
   1.0000000009799110        276.25000027070041        276.25000000000000     
   1.0000000000975828        276.25000002695725        276.25000000000000     
   1.0000000000097544        276.25000000269466        276.25000000000000     
   1.0000000000009754        276.25000000026944        276.25000000000000     
   1.0000000000000977        276.25000000002700        276.25000000000000     
   1.0000000000000098        276.25000000000267        276.25000000000000     
   1.0000000000000011        276.25000000000028        276.25000000000000     
   1.0000000000000002        276.25000000000006        276.25000000000000     
   1.0000000000000000        276.25000000000000        276.25000000000000     
 comp:           1
   0.0000000000000000        0.0000000000000000     
   0.0000000000000000        0.0000000000000000     
   0.0000000000000000        0.0000000000000000     
   0.0000000000000000        0.0000000000000000     
   0.0000000000000000        0.0000000000000000     
   0.0000000000000000        0.0000000000000000     
   0.0000000000000000        0.0000000000000000     
   0.0000000000000000        0.0000000000000000     
   0.0000000000000000        0.0000000000000000     
   0.0000000000000000        0.0000000000000000     
 comp:           2
   0.0000000000000000        0.0000000000000000     
   0.0000000000000000        0.0000000000000000     
   0.0000000000000000        0.0000000000000000     
   0.0000000000000000        0.0000000000000000     
   0.0000000000000000        0.0000000000000000     
   0.0000000000000000        0.0000000000000000     
   0.0000000000000000        0.0000000000000000     
   0.0000000000000000        0.0000000000000000     
   0.0000000000000000        0.0000000000000000     
   0.0000000000000000        0.0000000000000000     
 comp:           3
   1.0000000102266067       -276.25000282510007       -276.25000000000000     
   1.0000000009799110       -276.25000027070041       -276.25000000000000     
   1.0000000000975828       -276.25000002695725       -276.25000000000000     
   1.0000000000097544       -276.25000000269466       -276.25000000000000     
   1.0000000000009754       -276.25000000026944       -276.25000000000000     
   1.0000000000000977       -276.25000000002700       -276.25000000000000     
   1.0000000000000098       -276.25000000000267       -276.25000000000000     
   1.0000000000000011       -276.25000000000028       -276.25000000000000     
   1.0000000000000002       -276.25000000000006       -276.25000000000000     
   1.0000000000000000       -276.25000000000000       -276.25000000000000     
 
 part:           3
 comp:           0
  0.99999998505291854        201.05314084388741        201.05314384904511     
  0.99999999536487727        201.05314291713913        201.05314384904511     
  0.99999999853705224        201.05314355491487        201.05314384904511     
  0.99999999953746377        201.05314375605076        201.05314384904511     
  0.99999999985373633        201.05314381963834        201.05314384904511     
  0.99999999995374733        201.05314383974587        201.05314384904511     
  0.99999999998537359        201.05314384610443        201.05314384904511     
  0.99999999999537470        201.05314384811518        201.05314384904511     
  0.99999999999853728        201.05314384875103        201.05314384904511     
  0.99999999999953748        201.05314384895212        201.05314384904511     
 comp:           1
  0.99999986962946286        18.082853898928668        18.082856256400351     
  0.99999995957181154        18.082855525343231        18.082856256400351     
  0.99999998723996564        18.082856025662483        18.082856256400351     
  0.99999999596569467        18.082856183448587        18.082856256400351     
  0.99999999872426526        18.082856233331423        18.082856256400351     
  0.99999999959657804        18.082856249105330        18.082856256400351     
  0.99999999987242683        18.082856254093464        18.082856256400351     
  0.99999999995965771        18.082856255670848        18.082856256400351     
  0.99999999998724265        18.082856256169663        18.082856256400351     
  0.99999999999596567        18.082856256327400        18.082856256400351     
 comp:           2
  0.99999986686343367       -64.945925486770136       -64.945934133448802     
  0.99999995871405989       -64.945931452094854       -64.945934133448802     
  0.99999998696923997       -64.945933287153920       -64.945934133448802     
  0.99999999588010002       -64.945933865878047       -64.945934133448802     
  0.99999999869719836       -64.945934048837131       -64.945934133448802     
  0.99999999958801866       -64.945934106692292       -64.945934133448802     
  0.99999999986971999       -64.945934124987645       -64.945934133448802     
  0.99999999995880196       -64.945934130773153       -64.945934133448802     
  0.99999999998697198       -64.945934132602687       -64.945934133448802     
  0.99999999999588018       -64.945934133181240       -64.945934133448802     
 comp:           3
   1.0000000000000000       -171.49398428620867       -171.49398428620867     
   1.0000000000000000       -171.49398428620867       -171.49398428620867     
   1.0000000000000000       -171.49398428620867       -171.49398428620867     
   1.0000000000000000       -171.49398428620867       -171.49398428620867     
   1.0000000000000000       -171.49398428620867       -171.49398428620867     
   1.0000000000000000       -171.49398428620867       -171.49398428620867     
   1.0000000000000000       -171.49398428620867       -171.49398428620867     
   1.0000000000000000       -171.49398428620867       -171.49398428620867     
   1.0000000000000000       -171.49398428620867       -171.49398428620867     
   1.0000000000000000       -171.49398428620867       -171.49398428620867     
 
 part:           4
 comp:           0
  0.99999997168060495        38.815095136388422        38.815096235608465     
  0.99999999121809358        38.815095894737922        38.815096235608465     
  0.99999999722823518        38.815096128022148        38.815096235608465     
  0.99999999912365867        38.815096201593192        38.815096235608465     
  0.99999999972288212        38.815096224852105        38.815096235608465     
  0.99999999991236777        38.815096232207011        38.815096235608465     
  0.99999999997228828        38.815096234532831        38.815096235608465     
  0.99999999999123679        38.815096235268321        38.815096235608465     
  0.99999999999722888        38.815096235500903        38.815096235608465     
  0.99999999999912370        38.815096235574451        38.815096235608465     
 comp:           1
  0.99999998469169393        29.730973949683484        29.730974404814340     
  0.99999999525286076        29.730974263677265        29.730974404814340     
  0.99999999850169741        29.730974360268345        29.730974404814340     
  0.99999999952628571        29.730974390730353        29.730974404814340     
  0.99999999985020127        29.730974400360680        29.730974404814340     
  0.99999999995262956        29.730974403405970        29.730974404814340     
  0.99999999998502020        29.730974404368975        29.730974404814340     
  0.99999999999526301        29.730974404673503        29.730974404814340     
  0.99999999999850198        29.730974404769803        29.730974404814340     
  0.99999999999952627        29.730974404800257        29.730974404814340     
 comp:           2
  0.99999990435429820       -17.453141718530681       -17.453143387848829     
  0.99999997034005861       -17.453142870189620       -17.453143387848829     
  0.99999999063866352       -17.453143224464082       -17.453143387848829     
  0.99999999704025166       -17.453143336191918       -17.453143387848829     
  0.99999999906406356       -17.453143371513796       -17.453143387848829     
  0.99999999970403142       -17.453143382683248       -17.453143387848829     
  0.99999999990640664       -17.453143386215331       -17.453143387848829     
  0.99999999997040323       -17.453143387332272       -17.453143387848829     
  0.99999999999064060       -17.453143387685479       -17.453143387848829     
  0.99999999999704026       -17.453143387797173       -17.453143387848829     
 comp:           3
   1.0000000000000000        17.834479039293836        17.834479039293836     
   1.0000000000000000        17.834479039293836        17.834479039293836     
   1.0000000000000000        17.834479039293836        17.834479039293836     
   1.0000000000000000        17.834479039293836        17.834479039293836     
   1.0000000000000000        17.834479039293836        17.834479039293836     
   1.0000000000000000        17.834479039293836        17.834479039293836     
   1.0000000000000000        17.834479039293836        17.834479039293836     
   1.0000000000000000        17.834479039293836        17.834479039293836     
   1.0000000000000000        17.834479039293836        17.834479039293836     
   1.0000000000000000        17.834479039293836        17.834479039293836     
 
 part:           5
 comp:           0
  0.99999997170999466        69.329902707953991        69.329904669297363     
  0.99999999122720729        69.329904061080484        69.329904669297363     
  0.99999999723111166        69.329904477330601        69.329904669297363     
  0.99999999912456816        69.329904608603755        69.329904669297363     
  0.99999999972316955        69.329904650104737        69.329904669297363     
  0.99999999991245869        69.329904663228135        69.329904669297363     
  0.99999999997231703        69.329904667378102        69.329904669297363     
  0.99999999999124600        69.329904668690446        69.329904669297363     
  0.99999999999723166        69.329904669105431        69.329904669297363     
  0.99999999999912459        69.329904669236669        69.329904669297363     
 comp:           1
  0.99999998700684489        62.566460799902863        62.566461612838602     
  0.99999999597079414        62.566461360745450        62.566461612838602     
  0.99999999872829315        62.566461533272403        62.566461612838602     
  0.99999999959792796        62.566461587682376        62.566461612838602     
  0.99999999987285604        62.566461604883656        62.566461612838602     
  0.99999999995979361        62.566461610323032        62.566461612838602     
  0.99999999998728561        62.566461612043106        62.566461612838602     
  0.99999999999597944        62.566461612587048        62.566461612838602     
  0.99999999999872846        62.566461612759049        62.566461612838602     
  0.99999999999959799        62.566461612813448        62.566461612838602     
 comp:           2
  0.99999989555189306       -28.546865751664136       -28.546868733330534     
  0.99999996761041365       -28.546867808709266       -28.546868733330534     
  0.99999998977712701       -28.546868441499520       -28.546868733330534     
  0.99999999676786211       -28.546868641063117       -28.546868733330534     
  0.99999999897792813       -28.546868704153582       -28.546868733330534     
  0.99999999967679309       -28.546868724103987       -28.546868733330534     
  0.99999999989779298       -28.546868730412843       -28.546868733330534     
  0.99999999996767930       -28.546868732407880       -28.546868733330534     
  0.99999999998977929       -28.546868733038764       -28.546868733330534     
  0.99999999999676803       -28.546868733238270       -28.546868733330534     
 comp:           3
   1.0000000000000000       -8.7834986323816331       -8.7834986323816331     
   1.0000000000000000       -8.7834986323816331       -8.7834986323816331     
   1.0000000000000000       -8.7834986323816331       -8.7834986323816331     
   1.0000000000000000       -8.7834986323816331       -8.7834986323816331     
   1.0000000000000000       -8.7834986323816331       -8.7834986323816331     
   1.0000000000000000       -8.7834986323816331       -8.7834986323816331     
   1.0000000000000000       -8.7834986323816331       -8.7834986323816331     
   1.0000000000000000       -8.7834986323816331       -8.7834986323816331     
   1.0000000000000000       -8.7834986323816331       -8.7834986323816331     
   1.0000000000000000       -8.7834986323816331       -8.7834986323816331     
 
 part:           6
 comp:           0
   1.0000000249308487        243.30186131177081        243.30185524604906     
   1.0000000077311104        243.30185712704258        243.30185524604906     
   1.0000000024401101        243.30185583973238        243.30185524604906     
   1.0000000007714831        243.30185543375231        243.30185524604906     
   1.0000000002439600        243.30185530540496        243.30185524604906     
   1.0000000000771467        243.30185526481898        243.30185524604906     
   1.0000000000243958        243.30185525198462        243.30185524604906     
   1.0000000000077147        243.30185524792606        243.30185524604906     
   1.0000000000024396        243.30185524664262        243.30185524604906     
   1.0000000000007714        243.30185524623676        243.30185524604906     
 comp:           1
   1.0000000258457720       -110.38029512691716       -110.38029227405330     
   1.0000000080148304       -110.38029315873261       -110.38029227405330     
   1.0000000025296585       -110.38029255327774       -110.38029227405330     
   1.0000000007997953       -110.38029236233494       -110.38029227405330     
   1.0000000002529126       -110.38029230196987       -110.38029227405330     
   1.0000000000799778       -110.38029228288129       -110.38029227405330     
   1.0000000000252911       -110.38029227684495       -110.38029227405330     
   1.0000000000079978       -110.38029227493610       -110.38029227405330     
   1.0000000000025291       -110.38029227433246       -110.38029227405330     
   1.0000000000007998       -110.38029227414158       -110.38029227405330     
 comp:           2
   1.0000000943131919        110.94595671829447        110.94594625462815     
   1.0000000292467266        110.94594949943392        110.94594625462815     
   1.0000000092309165        110.94594727876093        110.94594625462815     
   1.0000000029185137        110.94594657842542        110.94594625462815     
   1.0000000009228975        110.94594635701991        110.94594625462815     
   1.0000000002918452        110.94594628700720        110.94594625462815     
   1.0000000000922895        110.94594626486730        110.94594625462815     
   1.0000000000291844        110.94594625786605        110.94594625462815     
   1.0000000000092291        110.94594625565207        110.94594625462815     
   1.0000000000029186        110.94594625495195        110.94594625462815     
 comp:           3
   1.0000000000000000        162.44300387929647        162.44300387929647     
   1.0000000000000000        162.44300387929647        162.44300387929647     
   1.0000000000000000        162.44300387929647        162.44300387929647     
   1.0000000000000000        162.44300387929647        162.44300387929647     
   1.0000000000000000        162.44300387929647        162.44300387929647     
   1.0000000000000000        162.44300387929647        162.44300387929647     
   1.0000000000000000        162.44300387929647        162.44300387929647     
   1.0000000000000000        162.44300387929647        162.44300387929647     
   1.0000000000000000        162.44300387929647        162.44300387929647     
   1.0000000000000000        162.44300387929647        162.44300387929647     
 
 part:           7
 comp:           0
   1.0484750728373717        5.6502006283344269E-005   5.3889699189928433E-005
   1.0046463337331928        5.4140088717146205E-005   5.3889699189928433E-005
   1.0004627123678613        5.3914634620243942E-005   5.3889699189928433E-005
   1.0000462521133708        5.3892191702404885E-005   5.3889699189928433E-005
   1.0000046250201897        5.3889948430875210E-005   5.3889699189928433E-005
   1.0000004625001073        5.3889724113920096E-005   5.3889699189928433E-005
   1.0000000462499918        5.3889701682326580E-005   5.3889699189928433E-005
   1.0000000046249993        5.3889699439168257E-005   5.3889699189928433E-005
   1.0000000004624998        5.3889699214852405E-005   5.3889699189928433E-005
   1.0000000000462494        5.3889699192420804E-005   5.3889699189928433E-005
 comp:           1
   6.4784021279379783E-006   0.0000000000000000     
   2.0089666536768808E-006   0.0000000000000000     
   6.3407450243541457E-007   0.0000000000000000     
   2.0047361061802085E-007   0.0000000000000000     
   6.3394109579783825E-008   0.0000000000000000     
   2.0046939311589081E-008   0.0000000000000000     
   6.3393976199005832E-009   0.0000000000000000     
   2.0046935138655252E-009   0.0000000000000000     
   6.3393974000168359E-010   0.0000000000000000     
   2.0046935881486639E-010   0.0000000000000000     
 comp:           2
  -2.3761329530263027E-005  -0.0000000000000000     
  -7.3684402003183529E-006  -0.0000000000000000     
  -2.3256434073660972E-006  -0.0000000000000000     
  -7.3529234986415081E-007  -0.0000000000000000     
  -2.3251541016678126E-007  -0.0000000000000000     
  -7.3527688100996001E-008  -0.0000000000000000     
  -2.3251492095593021E-008  -0.0000000000000000     
  -7.3527672795608361E-009  -0.0000000000000000     
  -2.3251491289108629E-009  -0.0000000000000000     
  -7.3527675520147689E-010  -0.0000000000000000     
 comp:           3
  0.94362758388883827        5.0851806643088450E-005   5.3889699189928433E-005
  0.99459987233535330        5.3598687934493412E-005   5.3889699189928433E-005
  0.99946224985045717        5.3860719996130231E-005   5.3889699189928433E-005
  0.99994624750766592        5.3886802484285842E-005   5.3889699189928433E-005
  0.99999462497589042        5.3889409531496028E-005   5.3889699189928433E-005
  0.99999946249983995        5.3889670224206495E-005   5.3889699189928433E-005
  0.99999994625000665        5.3889696293357463E-005   5.3889699189928433E-005
  0.99999999462500122        5.3889698900271368E-005   5.3889699189928433E-005
  0.99999999946249973        5.3889699160962705E-005   5.3889699189928433E-005
  0.99999999994624944        5.3889699187031831E-005   5.3889699189928433E-005
 
 part: i_fks+j_fks
 comp:           0
   1.0000000086860226        276.25011017891296        276.25010777939832     
   1.0000000008328640        276.25010800947706        276.25010777939832     
   1.0000000000829450        276.25010780231190        276.25010777939832     
   1.0000000000082914        276.25010778168883        276.25010777939832     
   1.0000000000008293        276.25010777962740        276.25010777939832     
   1.0000000000000830        276.25010777942128        276.25010777939832     
   1.0000000000000087        276.25010777940071        276.25010777939832     
   1.0000000000000011        276.25010777939860        276.25010777939832     
   1.0000000000000004        276.25010777939843        276.25010777939832     
   1.0000000000000000        276.25010777939832        276.25010777939832     
 comp:           1
   6.4784021279379783E-006   0.0000000000000000     
   2.0089666536768808E-006   0.0000000000000000     
   6.3407450243541457E-007   0.0000000000000000     
   2.0047361061802085E-007   0.0000000000000000     
   6.3394109579783825E-008   0.0000000000000000     
   2.0046939311589081E-008   0.0000000000000000     
   6.3393976199005832E-009   0.0000000000000000     
   2.0046935138655252E-009   0.0000000000000000     
   6.3393974000168359E-010   0.0000000000000000     
   2.0046935881486639E-010   0.0000000000000000     
 comp:           2
  -2.3761329530263027E-005   0.0000000000000000     
  -7.3684402003183529E-006   0.0000000000000000     
  -2.3256434073660972E-006   0.0000000000000000     
  -7.3529234986415081E-007   0.0000000000000000     
  -2.3251541016678126E-007   0.0000000000000000     
  -7.3527688100996001E-008   0.0000000000000000     
  -2.3251492095593021E-008   0.0000000000000000     
  -7.3527672795608361E-009   0.0000000000000000     
  -2.3251491289108629E-009   0.0000000000000000     
  -7.3527675520147689E-010   0.0000000000000000     
 comp:           3
  0.99999998823281910        276.25010452871334        276.25010777939832     
  0.99999999887304292        276.25010746807629        276.25010777939832     
  0.99999999988777910        276.25010774839728        276.25010777939832     
  0.99999999998878297        276.25010777629961        276.25010777939832     
  0.99999999999887834        276.25010777908847        276.25010777939832     
  0.99999999999988809        276.25010777936740        276.25010777939832     
  0.99999999999998912        276.25010777939531        276.25010777939832     
  0.99999999999999922        276.25010777939809        276.25010777939832     
   1.0000000000000004        276.25010777939843        276.25010777939832     
   1.0000000000000000        276.25010777939832        276.25010777939832     
