   0.0000000000000000        0.0000000000000000        0.0000000000000000        0.0000000000000000        0.0000000000000000        0.0000000000000000        0.0000000000000000        0.0000000000000000        0.0000000000000000        0.0000000000000000        0.0000000000000000        0.0000000000000000        0.0000000000000000     
  0.21512067785317657       0.19009516862384063        1.5838567796197335E-002   1.5570859091637551E-002   1.6585654901727094E-002   1.5684410752347885E-002   1.1492415602923427E-002   1.5592373972814795E-002  0.20306529737868156        7.8795845863872477E-002   6.5130910723755556E-002   7.6753473727932703E-002   1.5987608395831601E-002
  0.58016745754235777       0.58016745754235777       0.67833930022095590       0.64447587853311006       0.66314766503890488       0.66351149320827107       0.73711996107004152       0.63134108179968207       0.58016745754235777       0.58016745754235777       0.62296529339255424       0.58768507125790925       0.70702661632038344     
  0.32247290209134644       0.32002916503545237        3.1637780841184515E-002   3.0909184299764768E-002   3.3247125613843659E-002   3.1419013815710668E-002   2.3164683989146562E-002   3.1101088166500250E-002  0.34818736975448250       0.13075373337945947       0.11679952786895349       0.13957119118757125        3.1906208599831835E-002
   2.1334158515747705        2.3062080059737013       0.72342997111145413       0.60691629766393640       0.73300338560975342       0.67663126493764880       0.64879191817443560       0.70294914702740208        1.0333309409448985       0.75513441396741487       0.64107892942775191       0.85739994851970869       0.71645816773121684     
  0.33841928735051713       0.33332838899912021        4.8158330898734288E-002   4.6818684731465450E-002   4.9949713265175083E-002   4.7392293553417925E-002   3.5316847156772149E-002   4.6738101189166353E-002  0.38979189718237356       0.15551081095511998       0.15212625207692712       0.18118765125966008        4.7262378903788697E-002
  0.74932648828615722       0.72844718045523482       0.72041270111479205       0.62011222713150771       0.70613825747310965       0.61043406794652755       0.67596337564986442       0.65766461588395519       0.72275081739770530       0.76545162934448452       0.73973717772623981       0.73163106440656667       0.67556904523090522     
  0.35323180173933316       0.34638688292368131        6.4703486556712111E-002   6.2703767218877840E-002   6.6845619073693380E-002   6.3409593964624422E-002   4.7674924593880272E-002   6.2275914418257285E-002  0.42728464073980871       0.17486808432630524       0.18041778061014391       0.21603312072856787        6.2530045515762522E-002
  0.73071337251932877       0.66994903747614509       0.71989992592711982       0.66267535706915859       0.67920303012959227       0.66251146081277112       0.66002809920961625       0.66563437660313618       0.65618661557782310       0.66437451054549956       0.70723389994322905       0.79211915805376998       0.62572587396394475     
  0.36735026584882752       0.35919449883980342        8.0448393391052433E-002   7.8442528025753702E-002   8.2839483971055367E-002   7.8847759157489969E-002   6.0092801611788108E-002   7.8226004175734165E-002  0.44942792635933348       0.18884872664332528       0.20364404641844081       0.24407396454615732        7.8308485934865030E-002
  0.67998902213912271       0.63241396244975534       0.63373884028715788       0.62723008734623686       0.68869333427334856       0.69317702476263054       0.60469120637118468       0.73641040102925637       0.64054323131790936       0.63189811829593368       0.78107133610434165       0.66320673813782360       0.72744858743549479     
  0.38163415155773978       0.37229364102450530        9.6442452079849139E-002   9.4205529208059247E-002   9.8919666084936492E-002   9.4233150206268740E-002   7.2565986183460052E-002   9.3979533025367296E-002  0.47161356758527823       0.20181475928784359       0.22541236542801787       0.27009004895205757        9.4051164088044717E-002
  0.75057101944362137       0.67061069057597888       0.62521627980210026       0.74738872935527934       0.65079311490164993       0.72974753226953482       0.67791698625543428       0.60135496654671838       0.63602876224579019       0.62000996932223262       0.76582901231992140       0.68455585906033933       0.59810581254753736     
  0.39309845932602844       0.38393893624152958       0.11206858843410526       0.10961695564853756       0.11485413222196073       0.10964045289286023        8.5407988804030374E-002  0.10969851375050635       0.49092193234431758       0.21339272280948704       0.24576777333702296       0.29444323621477625       0.10917777230256588     
  0.63342973274343717       0.62183771638801755       0.70488811364930970       0.62669839868985333       0.63360916598002770       0.66723274491438000       0.66474198043273802       0.66293286810001106       0.63500254504298892       0.65335322180091748       0.65872203948094765       0.66702547017652825       0.60694380786251334     
  0.40529962609519171       0.39578709515561683       0.12760170428653622       0.12515983149905935       0.13082772733177081       0.12497166552328119        9.8368682405654259E-002  0.12562619564888700       0.50958123880291339       0.22408624816662850       0.26539410543963088       0.31638525732131700       0.12422961145185743     
  0.65369986478309972       0.64769762249524565       0.71518632669850390       0.64923811719615987       0.65160182997565674       0.59743860076364186       0.67177932671194851       0.66229904415890817       0.66736738425289432       0.62783626011134419       0.63376602959031936       0.63290557241133494       0.59572444917009548     
  0.41595958198804894       0.40718018814442697       0.14361986323941742       0.14044148526648639       0.14653535841025178       0.14142797882154703       0.11199231471054012       0.14124473944209948       0.52742722434284650       0.23369865814824384       0.28429300374934763       0.33673560269365072       0.13951381201846674     
  0.62450856994055859       0.59164248358371840       0.67354849768244651       0.63071971372719104       0.63611360981102305       0.72452423509009700       0.65072484190667068       0.72823377813214940       0.68949082085189817       0.63238180579139347       0.66478682748624551       0.68223736737767093       0.64367127219602560     
  0.42667789897836350       0.41865942943929296       0.15938324000447476       0.15574051600722177       0.16215861110237445       0.15760791604332783       0.12577129277193475       0.15699702602905000       0.54380487482060891       0.24293095195523562       0.30317999205724477       0.35608565383676399       0.15470787239526199     
  0.61810747425465118       0.62509247873064144       0.62298499544695429       0.65392144212984316       0.67635137738463780       0.61898177389834463       0.65300221854268614       0.68662877097438491       0.61264083897026955       0.67493648135907791       0.65179811826873635       0.66047950207539552       0.68445507437015096     
  0.43754984674174613       0.42983546489922331       0.17585314228222748       0.17112555691746087       0.17774749499944478       0.17372637677285580       0.13989712765111756       0.17270585136160099       0.55858337476329767       0.25170274697263018       0.32208467392332824       0.37480980018775145       0.16994025172227634     
  0.59474352785951423       0.67927323691100805       0.70625225572847039       0.65067439350717404       0.74963578001207432       0.71372671892581341       0.62147482524877107       0.67648353476451129       0.63989418806073828       0.61200295245134873       0.62778909535455940       0.68811828610476033       0.61968990263908175     
  0.44842568095748142       0.44097494650696245       0.19220746466543387       0.18643095848306390       0.19352905314622429       0.18989728110273765       0.15423271959924911       0.18840325991064910       0.57305236918863134       0.26017088801363919       0.34033220097153966       0.39253970198047317       0.18527411035357974     
  0.64101577031824786       0.58484172551710545       0.61690447730107278       0.63628604146201617       0.61605637275548464       0.66070939768881953       0.63348586499526016       0.64292039721985283       0.65029363744016166       0.70765894375804062       0.66788306044956003       0.63749060263351254       0.64436895535482930     
  0.45942897630540758       0.45202278560662346       0.20824819962716704       0.20188697020831370       0.20831285326889784       0.20546602955499271       0.16904638736561198       0.20341426923135017       0.58730599866592637       0.26825715514439358       0.35800851083154434       0.40986589228055204       0.20138018755884787     
  0.58674264778871621       0.63695534215087735       0.65219277381083141       0.61952067585868975       0.59327531996005634       0.66284955099701770       0.64855941091748648       0.67679303786079215       0.66992039255858282       0.60633688112199868       0.67551464182327425       0.63878430493649541       0.65758081657733514     
  0.47046431963471985       0.46297069516057904       0.22447465260431004       0.21727763262856062       0.22292219759816170       0.22107319198154077       0.18419155520017802       0.21848807892441391       0.60078490481681601       0.27615299411449423       0.37528184788983460       0.42634733903366751       0.21747456857650130     
  0.64944717795094142       0.62250138529685450       0.69274200611087755       0.62015471138300082       0.61312550833571999       0.63194416174863322       0.65273447689676400       0.64187903869845531       0.60881772791072430       0.68283674147187745       0.61067592584844699       0.62787836111942352       0.62841648283968343     
  0.48157163387665602       0.47399674997284991       0.23997050002867371       0.23267059821206218       0.23788183966189116       0.23728054022053024       0.19974086422203202       0.23377758086530073       0.61385184799289660       0.28391073014497914       0.39236810019326823       0.44257871180340658       0.23337411440163153     
  0.70914594638141493       0.66920200799404617       0.62585756249554081       0.65996759050621356       0.58949845590808159       0.61143504343400223       0.68463092359719036       0.63839965085318984       0.65258539453992748       0.60978992569558810       0.59356626700615489       0.59037137990014721       0.66174239183744377     
  0.49264914328695408       0.48493214072679197       0.25586977536185446       0.24800473362231018       0.25276997045401145       0.25358495837530443       0.21538983314375088       0.24899447907466496       0.62623479987795783       0.29168323752086106       0.40932224692417118       0.45813806530096768       0.24926109486913883     
  0.62522162783525903       0.64744330741311840       0.67851378701734533       0.67128006702241205       0.67555027041017490       0.66592575243585816       0.61241781444106036       0.69460324452156164       0.65072045479320939       0.66159370588356414       0.59432385893649087       0.65252230732120342       0.64086755710302101     
  0.50376301563523629       0.49595705078974162       0.27066842187350465       0.26381405444031397       0.26779912240097709       0.26889622768888810       0.23086455110191709       0.26439351237979480       0.63820262955893947       0.29944092096990038       0.42615684279864452       0.47346198914119747       0.26536275596627817     
  0.60987712961059382       0.59771406301616004       0.65866247492107155       0.71185350343694809       0.65662730348894338       0.61236571715471688       0.63632382723894221       0.69429761607355556       0.66031449766204187       0.68768852396443447       0.67210875682964155       0.64423771327809298       0.64645622515829482     
  0.51486131278178993       0.50690600077516645       0.28553736349509312       0.27957415277636338       0.28304619178202978       0.28411974741957424       0.24615904666535873       0.27990146115671388       0.64980375171311455       0.30709191843939071       0.44238664118502058       0.48782270407780343       0.28144989442392065     
  0.67070403644493548       0.65557646902769828       0.61901527733846873       0.71327483656388480       0.72399316781985501       0.64880185690010728       0.63993901365798722       0.58728537472825959       0.65816405523784027       0.74461665400068522       0.61524554829490330       0.64286706290294360       0.68485810800515645     
  0.52582966604225501       0.51761054508874182       0.30110381255064111       0.29528341187982637       0.29838295096214706       0.29917671690336967       0.26172117455744748       0.29565086779259298       0.66120596569995782       0.31444797630915455       0.45832786768122924       0.50182921161068683       0.29724022551204232     
  0.65301274855338765       0.68550938775988191       0.65018774537549351       0.64651365301292574       0.68211741146914417       0.61365645617131326       0.62986494380558178       0.66988895200300624       0.62142303030858315       0.70419517698676881       0.58311840058841846       0.65614725011106423       0.69963270664774713     
  0.53678868626407972       0.52829411722193265       0.31662195995456022       0.31092096053670609       0.31378364612642023       0.31410995111079154       0.27738695113133788       0.31122346590623057       0.67207557684500352       0.32169917088916816       0.47367610031740665       0.51534837817280088       0.31321039943876655     
  0.60557311094857247       0.64553712814009889       0.64083744551476396       0.67253533221989525       0.64816470413270910       0.64320986833496940       0.64376768231223003       0.68119045177228610       0.63004951857956815       0.65683053052287210       0.64193676692230550       0.59363479473970338       0.63849568257464229     
  0.54770029760862271       0.53895459162004999       0.33252892220118191       0.32667626880683259       0.32941989561787910       0.32934043103331134       0.29403981520220762       0.32703745651819899       0.68279647126447129       0.32850245515600796       0.48890926505387261       0.52865956601090347       0.32865200915980758     
  0.62057349724006883       0.60132290490233842       0.76442711159621368       0.65829939544070015       0.65305827986730658       0.62764835402510732       0.69902157002660070       0.66474091288477988       0.65293729962846758       0.68001680901001405       0.61564421762240618       0.65022085120431961       0.63858506307517582     
  0.55858354505124075       0.54959714365119117       0.34849899582807525       0.34256314971090740       0.34490183749855652       0.34474189648181264       0.31111472771529469       0.34283849828221158       0.69243485084047518       0.33543423093620500       0.50410240876183321       0.54133662284185213       0.34405067665050981     
  0.68929719148949276       0.68878062693754494       0.58903977975529964       0.66119533912909567       0.69822600019452663       0.60192924482908217       0.73070445626566305       0.63428754073048665       0.60400691513838500       0.63741322163261127       0.63763460340381373       0.66035876608863131       0.69054678690331062     
  0.56943646513538126       0.56037449926695571       0.36381001776776306       0.35875546431940813       0.36070786836915375       0.36059575842225594       0.32854575135867392       0.35844413778096090       0.70169297880513570       0.34251766581573889       0.51926506051351551       0.55381664687192067       0.35952695538506180     
  0.68340059271337661       0.59967544321199540       0.66664633251950722       0.64010110903513295       0.63782609806122692       0.61700416135857905       0.65807731101870359       0.64081561621552585       0.65435504265498856       0.66453183385123582       0.62331973243410177       0.59705671057430398       0.70044961600872124     
  0.58034464302574951       0.57116971829185859       0.37893712128715307       0.37487409910791053       0.37666786444983652       0.37624698110129562       0.34629322725835104       0.37408648998440197       0.71078349265179075       0.34954580238611699       0.53415646194731514       0.56571498020169209       0.37493295307434005     
  0.69525173195866141       0.65471222429536247       0.63827850877107783       0.63853740769168876       0.65283687958206660       0.64858232791604487       0.62412035783242170       0.63410383323867003       0.63738080808426534       0.69127627161553407       0.64450813419897701       0.58725829859968137       0.61651659295333749     
  0.59136946192790929       0.58189008262463715       0.39478146407581249       0.39134147441932626       0.39200012984570870       0.39275042728152787       0.36532685211790206       0.38985697014162440       0.71988894765940314       0.35660572736741519       0.54902969167474325       0.57749049219683468       0.39026330636380818     
  0.64881060784959355       0.58594197664803116       0.60740758085316893       0.71072845136310292       0.70254140856235636       0.62737621381520658       0.67896363764219503       0.65411512293056751       0.61967332747045611       0.65504877257929794       0.59665329053760330       0.61925216168791886       0.62570530624368159     
  0.60242426378301872       0.59264707464032307       0.41054231035777572       0.40763305387299809       0.40711846216444098       0.40930851828005466       0.38439342753786082       0.40576789992409695       0.72850842217130773       0.36352540047484921       0.56364908813503545       0.58874762055372820       0.40548847642924757     
  0.65677431837030376       0.64992271283710701       0.62668933047327813       0.70748034508437441       0.63871088084893635       0.61813238154028993       0.68397009133674203       0.64063973555782716       0.62817694806033919       0.63057644001572399       0.64211350693859315       0.66008660397030539       0.67451705400082562     
  0.61344782457369873       0.60357010490937191       0.42645226330701352       0.42374136408475699       0.42219442616672398       0.42594258457651790       0.40321634452585514       0.42195544175945743       0.73683685066286364       0.37051902188382357       0.57809201906828833       0.59978855934433506       0.42052021217734720     
  0.62137959914301200       0.62388845732603782       0.65612313926101573       0.68014780972101763       0.63392791363162382       0.69694018603937746       0.68211271034954657       0.70164027783988514       0.65786522536763392       0.61830413901071979       0.65497545717298800       0.64466112011146381       0.66867803015144245     
  0.62460323946357710       0.61445390297241420       0.44245685466105772       0.44011952940384447       0.43732307820135435       0.44270904207652656       0.42181987636078866       0.43794873457733552       0.74483931573701889       0.37755628526424218       0.59247195501908800       0.61074025105243268       0.43557463134829016     
  0.71092668902642198       0.63953381643106766       0.64919574517574807       0.70760829759235755       0.67700709553332783       0.66349833318735707       0.66357015052700818       0.64829900754415093       0.60486465420362867       0.67067067170460626       0.67664830925871322       0.60299958291596767       0.68672594126711539     
  0.63545172685712381       0.62545260760720056       0.45822275415524361       0.45515451799289702       0.45220920504489714       0.45903956681028935       0.44074715618501531       0.45281900771128930       0.75264023116000567       0.38463577790307346       0.60674066661113102       0.62164788481641908       0.45090948856012847     
  0.64783242855867673       0.61722947887889079       0.67454639003512373       0.62806915062617208       0.62360746668864242       0.65639692845767295       0.71054980955481317       0.68801885744122304       0.63387740178125296       0.64684331810903983       0.58960040180630280       0.67880713461105668       0.64170024860084929     
  0.64639242187260604       0.63633464908895054       0.47403803600965838       0.47028400367652845       0.46716985876761769       0.47517103505730773       0.45978984826379188       0.46777217094854390       0.76056603164818481       0.39173508822572956       0.62053010946541332       0.63252915115927122       0.46609658556666295     
  0.61093822197060521       0.61034824293419654       0.63200517642062171       0.63614071416309470       0.64739265784636690       0.66875166504098116       0.65071604673247374       0.64449743574255547       0.66312271214370777       0.60228537996271969       0.69023381718884402       0.63501521136964345       0.67249605801948797     
  0.65718075510486351       0.64723496600421282       0.48942466473534868       0.48554476317458561       0.48203286326483780       0.49139738544209005       0.47916913684182455       0.48279988259981693       0.76856472837736189       0.39868229407478434       0.63425304394987936       0.64344646433263042       0.48158010563320691     
  0.65400141939656808       0.64307433369731881       0.65839346247332131       0.68044597109445004       0.66735100567941963       0.67243202421258474       0.63092416375875571       0.64273797780440689       0.58521083132659979       0.65632928708942995       0.60740688478421767       0.69773148898582749       0.67199983479726400     
  0.66810147435921885       0.65808813247839426       0.50490106473381868       0.50098957281978007       0.49709170394143293       0.50786472556088103       0.49840686701588682       0.49788109120495816       0.77652361524197855       0.40564540625661338       0.64770113328478718       0.65412286005115727       0.49715844850035862     
  0.66230153247820989       0.60574929072001127       0.62588796614616105       0.64144540057503918       0.59704460175952678       0.66270094900478604       0.63605609909880367       0.71024116542630589       0.71549776876085014       0.61640766657913493       0.60922896201836463       0.67205505648827013       0.64024624571458166     
  0.67891166352052978       0.66902520667012044       0.51932172558476930       0.51602894790746134       0.51263894518584996       0.52359045025341622       0.51706083823363513       0.51327586362431510       0.78449067598391642       0.41274609570780119       0.66107871140532559       0.66465417543016125       0.51325476167212469     
  0.61924846499124209       0.63909194500375777       0.67206343767224797       0.66648343245590702       0.59435231508994057       0.63914437808495550       0.65510502804912840       0.62217962225808210       0.66619859482198795       0.67772228030085202       0.67992071345359284       0.64336517553784545       0.63936577003003681     
  0.68966122409773556       0.67988466410207060       0.53413550426854672       0.53111521191653954       0.52822241192890296       0.53919492145752068       0.53587545999358110       0.52838105179601258       0.79211808831102481       0.41981373813108591       0.67420996701506419       0.67498480960939256       0.52902184697305388     
  0.62387813236850775       0.63856400117202938       0.68928463767391634       0.62651936626267857       0.62293050264413630       0.65587249075606913       0.63002111997034271       0.65583118616549840       0.63423451021557342       0.65416757779528290       0.60437618538564841       0.68696943554840095       0.64891808373665150     
  0.70019278491441805       0.69096465185187117       0.54914715427932115       0.54644278260273382       0.54348634504211191       0.55425455380684907       0.55433566842828108       0.54302351036209973       0.79954161689582459       0.42681651468122800       0.68726268161579607       0.68510625844756368       0.54488202927487306     
  0.67101603412963806       0.59726132088000905       0.60275598151464527       0.64370243762676860       0.65177084687804943       0.67124623208239798       0.59017956604493271       0.62146319499332880       0.68715751506947875       0.70420240586143501       0.67186670685904137       0.62919105310406831       0.66359210030523808     
  0.71069395406547964       0.70198703671428897       0.56439839380485024       0.56172418507784716       0.55880292511836172       0.56928891939234239       0.57290563409364015       0.55812131217724226       0.80676275463768643       0.43382840305192677       0.69996826295946080       0.69532466162765239       0.56062269069441617     
  0.60202781891620494       0.65063377608047313       0.63134226460550136       0.70600749535812224       0.62671823717064534       0.63668960228077187       0.68481670585314303       0.65781879207826721       0.60229576308832189       0.66056289777616728       0.62636247625738517       0.63698480033695648       0.67919479224187451     
  0.72110710415986989       0.71308637379038231       0.57909047674947434       0.57745853200053865       0.57404562189873753       0.58447049171842103       0.59110121751268396       0.57392419182250187       0.81385465481532304       0.44108066214205804       0.71254772689228529       0.70572372874608058       0.57511397530236952     
  0.64084347143156728       0.67146873272261010       0.61656722725270519       0.63929467561471698       0.61748648745733403       0.71386929297391089       0.64996048697199515       0.63458325792656778       0.64485789054777387       0.64493733207767356       0.74085368753653458       0.71214745689435555       0.60690191029946583     
  0.73159018715038471       0.72419707792060473       0.59361465921033696       0.59314792878637812       0.58931226502974643       0.59964763869889259       0.60942037263858084       0.58981630782430550       0.82070888881726889       0.44840382188867783       0.72426877334210527       0.71648911167824780       0.58970781630670821     
  0.61315385768278374       0.66998309083065610       0.65222949611678804       0.63673591591595202       0.71448142435563122       0.65874270507124522       0.69325474980953283       0.59649626851979254       0.63787031820648032       0.61396100289216793       0.68456219944821040       0.68371748064657112       0.61708625344669854     
  0.74194467888138238       0.73505393066531177       0.60848680666065402       0.60833054908575479       0.60459350169957971       0.61495087561373996       0.62729214023589575       0.60608622264000633       0.82741493741242766       0.45575398686373148       0.73575844258621537       0.72761310664597623       0.60483026178091637     
  0.63925781098066026       0.64780633548687627       0.64907431582320352       0.68774368863481550       0.65650340240552374       0.65834111309735188       0.67292826308736642       0.65191250416465196       0.60940456348487848       0.65100347949329784       0.79544574403314949       0.62855231877884987       0.69734185554395434     
  0.75252167556564697       0.74600225622172456       0.62333623591933451       0.62371583196263125       0.62001219418964115       0.63036526221625677       0.64503437222726823       0.62206775378976609       0.83400660405134974       0.46312819036275638       0.74697602742061575       0.73870136585475765       0.62020120724234373     
  0.62988722312610745       0.64646955192273603       0.63584518594073114       0.75372801452194760       0.65175440887198988       0.66489963038015609       0.59865186592163100       0.64291376549864743       0.62249283089106644       0.59917495063030646       0.68217779954328506       0.61910553831282289       0.66003768924026152     
  0.76272019305610939       0.75690784797754151       0.63970466231347223       0.64005879002538690       0.63576077064902770       0.64597421091714669       0.66309105360615239       0.63685708919281436       0.84048326164820397       0.47060104536181141       0.75825690704353244       0.74977386759642384       0.63543476799719556     
  0.63627454491798663       0.65635791713404257       0.67393306294980504       0.70015295122903110       0.68728930318898152       0.67916014118352008       0.64152427611443241       0.63171193193730557       0.65198336349562347       0.77700515903038037       0.68897478962770531       0.67974666487731283       0.62557096378258603     
  0.77288829403840553       0.76784410118596780       0.65587545672988568       0.65627265992850226       0.65153467512660446       0.66151250711621923       0.68086832425388910       0.65178193761819647       0.84701256762247479       0.47813037623269750       0.76966663522007417       0.76094182658311360       0.65088958908383798     
  0.59439613829633808       0.58366097099333891       0.66765623145628938       0.59059396903849748       0.63671064058077564       0.65691514271933094       0.65918920362552347       0.68656692054685886       0.61853497765737087       0.71073779844703222       0.63893059778418027       0.67406318794509823       0.68535029745181009     
  0.78312436007661124       0.77862126153775868       0.67158993369370068       0.67271244012965559       0.66681278919023057       0.67693433036646367       0.69806339632331438       0.66703012790718630       0.85354656844955068       0.48587663044637375       0.78121553943976207       0.77213571472770370       0.66647859528962372     
  0.59288516011841141       0.65980429431631138       0.64883696814682201       0.71449848359626833       0.61554004025523879       0.64431835535779092       0.67669238112080887       0.69441908074993430       0.62006360991503351       0.66047676150766610       0.61354493657851805       0.60107840851147620       0.63356181225784347     
  0.79328386875802581       0.78928961981814938       0.68738093385396393       0.68909799875168631       0.68218627958839684       0.69232726563048974       0.71521080840995244       0.68232302021499924       0.86004201319627549       0.49377319413905102       0.79260755706138264       0.78339044901741040       0.68206099474234283     
  0.60362661680331509       0.65405706153628551       0.62745406943747184       0.66634682819648372       0.69441526128001707       0.66266079951320001       0.65342949097110947       0.60349802051661561       0.60183978549877726       0.67317279104425154       0.64234832687321419       0.63676833469190020       0.73196538649793652     
  0.80346649125181713       0.79992334586825353       0.70274064654523138       0.70526240073537583       0.69758867155757887       0.70745845476772973       0.73204351443360993       0.69785734826663204       0.86646890692171841       0.50195786414133414       0.80376449657231008       0.79455441319808084       0.69726919431288348     
  0.63324096461240187       0.62456220404327223       0.68445792248963799       0.67044630645873615       0.60676203078118451       0.63637724499354920       0.66423319439228612       0.66334043973051426       0.63476367110276266       0.61405409355140783       0.65259358173279758       0.74505824092054795       0.65633818802454058     
  0.81372241360273290       0.81065832607771471       0.71831430333837765       0.72129727308277103       0.71295800409065713       0.72251900955790505       0.74854734951018009       0.71329958229789192       0.87278142655874202       0.51032562414452376       0.81469987749811701       0.80574633820441499       0.71232562856290016     
  0.62725516617402988       0.62735350896736952       0.68625172584211669       0.67196943661979436       0.65345526839480672       0.66449500811781048       0.60869799213214060       0.70376532325722574       0.66408508258060961       0.61766157903280772       0.62676149656823310       0.67784221695713176       0.60074364887688692     
  0.82413239399941662       0.82146811928059071       0.73404995980012333       0.73732483448575348       0.72903345911744755       0.73817956720781985       0.76458933431319243       0.72854428748311639       0.87903674782863506       0.51895589820221166       0.82550354781069979       0.81708221630183508       0.72765929672564333     
  0.60026799995562174       0.61713950832150366       0.68576777281123136       0.65760035496892710       0.66758894136816649       0.66756880031269872       0.63850716956799269       0.65267528820077514       0.66032655112477412       0.68697539063194368       0.68639311830073280       0.65341373966875305       0.63988705342113783     
  0.83463307365569184       0.83230337957658174       0.74986157393598618       0.75339096003942618       0.74487094875811177       0.75391082854961855       0.78046292716984433       0.74420143716459719       0.88524094489246152       0.52780367043298848       0.83609387108656186       0.82855876291426855       0.74314180343067338     
  0.64780423520635344       0.59509401808610374       0.61154234401350294       0.64697328661115816       0.67744300441204741       0.68312915454391876       0.69304446365497230       0.64931855418317286       0.68049139923946667       0.65840836118620805       0.71118601768336964       0.67030440841157080       0.70266387818630771     
  0.84538192120571987       0.84301707264867198       0.76555675514564581       0.76949510059478976       0.76056444676219392       0.76993132940975362       0.79591601500197784       0.76072071554198573       0.89136919299188522       0.53689541843564625       0.84649978653703484       0.84002899220295957       0.75939833515324773     
  0.69886382986560147       0.70712484820630761       0.60436420706552829       0.66554104744129305       0.65080609914382814       0.68362329665545762       0.62678485886763391       0.60659491987386227       0.67985806514006175       0.60467135720180187       0.60248832179707612       0.63288353595304425       0.67341053138558105     
  0.85612944735079732       0.85379752602767622       0.78134740737272912       0.78568552563263272       0.77624815252883261       0.78594992177267942       0.81135747288525351       0.77677666011888258       0.89745742697788289       0.54604490493509406       0.85696441512936106       0.85132041713812578       0.77554114268871266     
  0.61679105300848491       0.61145625054977926       0.66670906363933580       0.64219319360750782       0.61105607371750681       0.70886209050350213       0.66161273231817830       0.68333764102503114       0.61776752498826448       0.59840951604195858       0.68453560688924830       0.65659016111358881       0.69085299441247827     
  0.86685168179091932       0.86455229416450696       0.79746858637618090       0.80091442770009424       0.79202939680151052       0.80178734843903554       0.82639443354686848       0.79224186677164266       0.90343886046765953       0.55569816210928891       0.86752768037579608       0.86258080716744578       0.79126119019644725     
  0.62657491433115042       0.63184868140336770       0.65421731272359818       0.61425295914284561       0.67325085041701371       0.66385960009729394       0.68093808570115411       0.62709827180825317       0.68025369461112994       0.61565251328133352       0.64038790157904746       0.61762557203818835       0.61374125786263811     
  0.87746021034412935       0.87533622946098844       0.81322813739848143       0.81623612887227548       0.80788917935745974       0.81766602933505106       0.84122340041810262       0.80770418772485941       0.90942336012622071       0.56565937362127405       0.87808213256130618       0.87366734019957892       0.80702831596923663     
  0.60034158485807554       0.61602592603786721       0.61820253103691947       0.63660005935072006       0.62817683295692839       0.66569807133162662       0.58375426672103381       0.62736365088114698       0.68948897859961256       0.64334532125700661       0.69995671348090571       0.62477368635724650       0.65018366196186217     
  0.88793462128538903       0.88631847646061046       0.82900133974671630       0.83134517312901524       0.82375297907501366       0.83307422961657873       0.85566945583505505       0.82293164080064785       0.91544870917482446       0.57603746621187835       0.88854674186259042       0.88443392000640808       0.82282425355081013     
  0.64007490429100755       0.61196238163833372       0.65747929403127547       0.61696882909741058       0.63464220732876231       0.66082673097749078       0.72535286003500499       0.65185308008666387       0.74046767617864595       0.64336658803466251       0.67261394911690064       0.71167593398000850       0.62978253039518517     
  0.89841414511508555       0.89726799104492061       0.84508590615854928       0.84660341467925049       0.83973821055327558       0.84846229161930964       0.87004810246431041       0.83853868714314073       0.92148244500458898       0.58676605485896283       0.89895540133814311       0.89512106220379239       0.83864822464122701     
  0.66636326412587499       0.64808440845606097       0.69950180048213273       0.68940132406599031       0.66710119428251391       0.67979299067308374       0.64396835114347351       0.61457111214430771       0.65618694840131853       0.62241067707062370       0.72550044410210424       0.63548738301013075       0.76923931934296785     
  0.90890650663503714       0.90817803334014835       0.86096281866941016       0.86192290273232963       0.85530281383378182       0.86415432767676237       0.88391664949590931       0.85448162041449260       0.92753504073957094       0.59833692034396879       0.90917952310692030       0.90573697500495975       0.85397264153373054     
  0.65159609429069643       0.64600485428002208       0.68264461251290942       0.65519286305716029       0.69770802831839329       0.63448694519212334       0.61757367802791008       0.66347715639446792       0.75063037114597930       0.65758352320700586       0.64564040490943997       0.62985678218502483       0.60105712441252013     
  0.91941025432572321       0.91902467869139892       0.87700175811605940       0.87736501963801783       0.87089476764517926       0.88017548870676798       0.89770587569384996       0.87036165916077879       0.93359157171338625       0.61052372053858506       0.91945618664595052       0.91645910037431644       0.86951626380789104     
  0.67581490544258060       0.61130709921730697       0.67214042175938660       0.65249340150775248       0.63420839780757998       0.63567296900259207       0.65826071395105268       0.68332177935284222       0.64766048550441291       0.65360675682544556       0.69814058939787060       0.65704191622620045       0.64110086756691698     
  0.93001118351223422       0.92987697819518689       0.89274153238430587       0.89315104396453526       0.88672204768622798       0.89484002884154124       0.91112761034398093       0.88686350184548035       0.93976572818179738       0.62390146927287238       0.92943762863149559       0.92747065027603171       0.88549256585263780     
  0.62008623860212664       0.63207283895721067       0.61271818484554419       0.66980922680613153       0.70105927320215089       0.60748902697898821       0.69831640738094647       0.76731205081094944       0.73587056924040917       0.66009704444468897       0.62832248036448690       0.68912925120582758       0.64813357195584687     
  0.94058117316121947       0.94075318187457857       0.90851533746376134       0.90905318436515614       0.90260690781282016       0.90929611604248117       0.92446455313625209       0.90322201778781996       0.94590147802961599       0.63819386407257161       0.93951233911967458       0.93840401826600128       0.90136933045296375     
  0.66132116560739829       0.62684227861676456       0.68322001271269472       0.67698095297510841       0.61397261480695120       0.62465322346664698       0.65821557144640863       0.66684983242108631       0.70700738532326446       0.70032837644880042       0.59854955853725722       0.64913753635120475       0.66942622477010272     
  0.95094379984183108       0.95102991741982201       0.92366953914839112       0.92447158481088143       0.91866250005422356       0.92441207088590849       0.93781101747756734       0.91987743728051308       0.95248682897192172       0.65469518360347045       0.94931947786558057       0.94906551738601264       0.91717568034431574     
  0.65628017722414267       0.64103360637828855       0.58701659714678733       0.62050807199181401       0.68480126287670207       0.61815770004043635       0.63598492885694391       0.67964835178167815       0.68203043546446562       0.65569021142839656       0.65826186402827924       0.62458866759114373       0.66534140721728507     
  0.96122858903022546       0.96137571135686073       0.93865801726122922       0.94017570517321014       0.93464107095800375       0.93954516491361151       0.95096132992646676       0.93683998022562320       0.95908221122214599       0.67254053673548730       0.95919709884138171       0.95960553433883755       0.93307430061170016     
  0.69608679568894205       0.65951669801395785       0.79984338142217226       0.60776943054877375       0.66071081943300047       0.63535955138023137       0.65741474208862638       0.68190404823133999       0.65989608024514457       0.63927584569969031       0.66960800620258343       0.72069351777597856       0.66381684861580326     
  0.97112322750886959       0.97159434772303921       0.95419073955353828       0.95495042754326198       0.95090707788755668       0.95453363476691955       0.96364638422444893       0.95272369325387274       0.96687906748372165       0.69879025538791362       0.96946849049472394       0.96974973908047368       0.95003583885793708     
  0.65169353535909647       0.60527129564537008       0.64826154528228086       0.68959638427693681       0.74383473062573857       0.75752928440415856       0.65077113337337045       0.60870685520961798       0.68195763040817070       0.67374951336385480       0.73258290439190921       0.63221863556425972       0.64973441879478355     
  0.98093578800153547       0.98183181463730318       0.96979230872413935       0.96986303963649367       0.96704257039347374       0.96955191721874256       0.97614845665113248       0.96870214514068353       0.97500612057129810       0.73433280829897318       0.97965025648497772       0.97994441710022162       0.96676719829432789     
  0.64578292172004426       0.65450266028044013       0.64114368831743784       0.61019327293032599       0.73535063646840415       0.68745545279697429       0.61613766471667819       0.58810360579069709       0.68806248285608829       0.73951729452928316       0.69900027606898363       0.68510561183165120       0.69371940650436792     
  0.99044322503569349       0.99094426672966784       0.98491347231066484       0.98488324735574118       0.98363278626569095       0.98478511711456074       0.98812389345657503       0.98431341532297889       0.98649678028495213       0.82839797928897507       0.98982805370662807       0.98994721456383128       0.98332988524357523     
  0.69582281437003635       0.67455790499452339       0.67907649842463003       0.62608776972474989       0.66169197516393030       0.71990632433548474       0.73637375108777225       0.67902527874782892       0.78520945747971704       0.79168089999889435       0.61835982724542915       0.66102529149725975       0.68425757789117581     
   1.0000000000000000        1.0000000000000000        1.0000000000000000        1.0000000000000000        1.0000000000000000        1.0000000000000000        1.0000000000000000        1.0000000000000000        1.0000000000000000        1.0000000000000000        1.0000000000000000        1.0000000000000000        1.0000000000000000     
  0.63397138814729748        1.3915918394001012       0.62038956250900079       0.67608064178572658       0.63281675867960796       0.64037109567493466       0.73274052778815202       0.65313034647612522       0.58016745754235777       0.58016745754235777       0.68180821837668126       0.68771733439880178       0.63068148185382300     
   0.0000000000000000        5.2838584141761888        4.5892548532505923        4.3839693028545375        4.7829223473670934        5.0545956700547494        2.3935151837673061        4.8965813361458554        5.4870196344977629        5.3514930865711454        4.9673600543146206        5.2929462073333315        4.9335954245161355     
   4.8012039074185662        5.1346497362338583        4.9848023492138021        5.2154105228153407        5.1157337607015760        3.8785167658537727        5.5670208462253354        5.1641719357355802        5.5148599025551190        4.7782571121032689        5.3650577195352529        4.9320052938715442        5.0060863178935868     
   4.9508784711390392        5.4161317979858046        4.9317648465603758        4.9840783682737273        4.9791321472922432        5.1656446561834626        5.8317877984906472        5.0174167409065165        5.5470406347634942        4.8595427824212543        4.6285687536003746        4.8148874090263529        4.9765237466860279     
   4.8566075414793977        5.0426311571378388        4.8749981785021772        5.2509881297517511        5.0270973366022575        5.2895943662273623        5.8562193859020724        5.0780904271394496        5.6108581021540438        5.0401964941669588        4.4657447154805059        4.6580755057851393        5.0532025735175194     
   5.2798194335920856        4.4480728472759594        5.4839742471886028        4.8160135707446026        5.2462598066458828        5.2565426697139426        5.8456681230649838        4.5164115481468352        5.5427560995302780        4.9937242973916769        5.1168586682327621        4.8756053657085978        5.3861801055802871     
   5.0134361199686408        5.0231281218102311        5.3932286602041906        5.3259555893979629        4.9983308114183167        4.8439446328270117        5.8598208717016265        4.8599835637440645        5.4612948298481836        5.2807714394523924        5.2194859475102620        4.8405053977946322        4.5882366637538086     
   4.6887774405649214        5.0106117818388052        4.6149314753794410        5.0826397650398540        4.8160324467368207        5.3413597631713889        5.6174571165202645        5.0445981523067349        5.0769570398861950        5.3184285807455902        4.6989677564214638        5.1806491436763480        5.1568999924924599     
   5.0849856639798050        5.0516369491556539        4.7265174619492409        4.9604921263191670        5.1082519904477968        4.8574667544005816        3.5461301764111535        5.3780704874538632        3.8444609996082160        4.7713912838695514        5.2425574842519209        5.2231333675259961        5.0310318371121685     
   7.9444772629894627E-005
           1           1           1           1           1           1           1           1           1           1           1           1           1
   8.4399827706462232E-004   7.8533237532904749E-004   1.5993175099672652E-006   5.0685034898028265        5.0969636892735971E-006   8.3273841390062339E-008
   2.9654987814190636E-006   2.8322475174483613E-006   3.7441802923281985E-007   4.3961552407798532E-002   3.7393366644566953E-007   4.6521304926020716E-009
   7.3263156011715690E-003   4.8396938272354442     
