     
 Collinear #          84
 ME*wgt:
   0.0000000000000000        2.9145968371268331E-032
   0.0000000000000000        2.9145968371268331E-032
   0.0000000000000000        2.9145968371268331E-032
   0.0000000000000000        2.9145968371268331E-032
   0.0000000000000000        2.9145968371268331E-032
   0.0000000000000000        2.9145968371268331E-032
   0.0000000000000000        2.9145968371268331E-032
   0.0000000000000000        2.9145968371268331E-032
   0.0000000000000000        2.9145968371268331E-032
   0.0000000000000000        2.9145968371268331E-032
 wgt:
   1.0000000072713666        1.0812016206949966E-005   1.0812016128331834E-005
   1.0000000006969605        1.0812016135867381E-005   1.0812016128331834E-005
   1.0000000000694078        1.0812016129082273E-005   1.0812016128331834E-005
   1.0000000000069382        1.0812016128406850E-005   1.0812016128331834E-005
   1.0000000000006939        1.0812016128339337E-005   1.0812016128331834E-005
   1.0000000000000697        1.0812016128332588E-005   1.0812016128331834E-005
   1.0000000000000071        1.0812016128331912E-005   1.0812016128331834E-005
   1.0000000000000009        1.0812016128331844E-005   1.0812016128331834E-005
   1.0000000000000002        1.0812016128331837E-005   1.0812016128331834E-005
   1.0000000000000000        1.0812016128331834E-005   1.0812016128331834E-005
