  0.00000046616819109  0.00000098915785817  0.00000144904333157  0.00000200694423783
  0.00000276716005358  0.00000365932220669  0.00000456981887850  0.00000557279630549
  0.00000655624662678  0.00000730647299200  0.00000822473537533  0.00000928930307301
  0.00001039658458514  0.00001160162133008  0.00001280125673644  0.00001393866961633
  0.00001496228795352  0.00001593305821455  0.00001689565806624  0.00001793046831205
  0.00001895968026703  0.00001998186912217  0.00002091443457924  0.00002180894933217
  0.00002270635806958  0.00002359237860781  0.00002444536625734  0.00002521531858639
  0.00002592537642070  0.00002658525148642  0.00002720601787173  0.00002776581713482
  0.00002832832652088  0.00002890172260898  0.00002943988979705  0.00003002780760484
  0.00003062198376840  0.00003119644298424  0.00003176433466682  0.00003231374480949
  0.00003282884440405  0.00003333076797769  0.00003380126938707  0.00003425309173116
  0.00003469094264417  0.00003513244078654  0.00003561087143241  0.00003617793691274
  0.00003681258790010  0.00003756691189724  0.00006054339115473  0.00006323636506553
  0.00006422548238251  0.00006510903058730  0.00006589694398997  0.00006672033265133
  0.00006755942497879  0.00006840178710515  0.00006940033168674  0.00007047226885815
  0.00007161628805826  0.00007291192837193  0.00007424562502734  0.00007558519113187
  0.00007692315157727  0.00007840110589985  0.00008006764494112  0.00008208094925510
  0.00008491359129390  0.00008817276104219  0.00009158065084260  0.00009485306042902
  0.00009824458094145  0.00010174994349462  0.00010557496519405  0.00010984426899690
  0.00011556779064160  0.00012336748895264  0.00013175083324225  0.00014124627134940
  0.00015173638606668  0.00016509460774511  0.00018293554716834  0.00020637480474609
  0.00023887506796580  0.00028091993635299  0.00033408847299632  0.00039615377693986
  0.00047034258213717  0.00055679661390530  0.00065892771053472  0.00078453283393516
  0.00095993633409726  0.00126762358012606  0.00156429320448357  1.00000000000000000
  0.02315614882147225  0.03653124110119323  0.04849773014171168  0.05975315454536979
  0.07176481030590608  0.08440422053655260  0.09735893730711141  0.10770109489925424
  0.11456318613321409  0.12163746679796275  0.12813417475388728  0.13418459253151196
  0.14076067908785728  0.14707300571847412  0.15325706132178266  0.15934518022594740
  0.16439484319024608  0.17022930783752926  0.17737274505710196  0.18596814435073108
  0.19505888468899393  0.20417700232218641  0.21425095025304841  0.22703759309642063
  0.23469603157283786  0.24165432607046280  0.24855013432935685  0.25739058485818472
  0.26836218381169663  0.27876813890936175  0.28878166630668983  0.29992009965175320
  0.31246506654821837  0.32272541419653733  0.33087463482962542  0.33956055815652342
  0.34910706992486912  0.35817587463388828  0.36885186245514756  0.38143110780728418
  0.39442684721585169  0.40937120757113660  0.42476142734621036  0.44002356559699912
  0.45596643590681740  0.47107703056282163  0.48452443664981715  0.49636854293505012
  0.50747413529127905  0.51888080035297346  0.52952993133271919  0.54108751427284563
  0.55453542880694873  0.56781033073671416  0.58174331150086844  0.59622704868375642
  0.60771531473704976  0.61572586989409517  0.62290409409609171  0.63008697860863816
  0.63958921883358189  0.64770961534003291  0.65528899006539310  0.66217540174707601
  0.66918730233051149  0.67728290581327266  0.68493772776925232  0.69540547666762276
  0.70597460224285347  0.71769846073827737  0.72765793888810382  0.73649796924803645
  0.74436981999372043  0.75408618227951141  0.76392788769729458  0.77401977280945899
  0.78560807926572396  0.79535659989774243  0.80559081401825261  0.81558767593162873
  0.82701694973603890  0.83915143898229971  0.85132976162217533  0.86357830476678565
  0.87623001891217955  0.88998122933368462  0.90311969447753004  0.91381974380137587
  0.92310692619197798  0.93030208032606809  0.93792925733765542  0.94669934583697057
  0.95666008992233420  0.96533740142981195  0.97059374850093716  1.00000000000000000
  0.00918422502628963  0.01554589274440732  0.02449607340330578  0.03417091358629643
  0.04437231715805181  0.05501491298905449  0.06813628200438543  0.08133613056145342
  0.09397343069730137  0.10540340030174575  0.11772295921180113  0.12875005474135434
  0.13932548472205930  0.14907948704710711  0.15800586233116767  0.16718793085737804
  0.17714212859617667  0.18407560077214860  0.19069857883318161  0.19780630948048916
  0.20496798334379757  0.21645152131010137  0.22942836378020834  0.24137727344838644
  0.25298270804215234  0.26458321314117461  0.27597933738885505  0.28836809272734365
  0.30062701208448045  0.31164919224632892  0.32401013006816159  0.33532997379591889
  0.34294354474421618  0.35045630389199040  0.35849164775178455  0.36848358890307548
  0.38078471832079136  0.39135290287990709  0.40200040357671646  0.41268533567964033
  0.42351266485972272  0.43380384927225280  0.44636245324629176  0.45930712198058748
  0.47096210762925189  0.48184930134759224  0.49191774217301987  0.50241398801376858
  0.51391739305050776  0.52489351944070739  0.53456012055422297  0.54333168748275507
  0.55170428596719190  0.55997959029062427  0.56937506961029904  0.57936510908043970
  0.58939655715042572  0.59833382646714317  0.60741388533427987  0.61810647297704169
  0.62681890376565463  0.63373628098927504  0.64015667332696513  0.64723924827119805
  0.65489928673294262  0.66427528804074809  0.67259936735764492  0.67961313131763712
  0.68642623564935434  0.69647454259506669  0.71035638831694348  0.72222234781311923
  0.73516278979127436  0.74762459933810010  0.76046964816055895  0.77373839758245211
  0.78556477138815972  0.79588908151406768  0.80428475237682062  0.81253632561053235
  0.82193643716714060  0.83085757431350493  0.83835341664106855  0.84575230203025875
  0.85448969376924355  0.86553736521586799  0.87711463277842205  0.88753782516499391
  0.89936169173736968  0.91256934069852425  0.92649660180712323  0.94031511158812819
  0.95122476361236508  0.96500649184767484  0.97858675415911578  1.00000000000000000
  0.00412786202893737  0.01018825097106484  0.01904382817207319  0.02831176397613935
  0.03857568255022802  0.04856590642022298  0.05703560453450465  0.06255591858095177
  0.07059467269326035  0.07866534749288510  0.08674673028376706  0.09630665924493781
  0.10521381160052598  0.11267156719169800  0.12032316092690004  0.12929291414824082
  0.13910397489192139  0.14896690185269182  0.15799674187358653  0.16711889769978502
  0.17739104688416935  0.18777553475617628  0.19588021311618489  0.20313041287822053
  0.21147742032008304  0.22173848295327939  0.23357952645877261  0.24457443135656595
  0.25494380750033702  0.26608038612608720  0.27796686473251025  0.28796883614345992
  0.29834874055647165  0.30793556654941606  0.32147251509322960  0.33697814661901504
  0.35145460752632424  0.36387104182322016  0.37571310019047000  0.38684786928962839
  0.39770912796166252  0.40968699095756655  0.42336701932803911  0.43879541631605706
  0.45415536877482565  0.46852434152803740  0.48291006040563178  0.49587894367944507
  0.50639534757734739  0.51696268923575206  0.52895080622281465  0.54220204058264054
  0.55564757513895158  0.56975228190569005  0.58213250408112238  0.59635309901591105
  0.60890029514578659  0.62160910345880827  0.63488603878746785  0.64683830158957556
  0.65707685047835707  0.66835968703886628  0.67928055033965618  0.69326887506717472
  0.70657743627935776  0.71885531434713645  0.73132909795217793  0.74326949153364286
  0.75524050288570421  0.76699735254649060  0.77815562743656652  0.78807904381880067
  0.79561733867583140  0.80256470026891924  0.80877482724744565  0.81513783225872993
  0.82233726872469248  0.82990719210929842  0.83678258470703115  0.84334018845670333
  0.84875233245094972  0.85421267990051841  0.86400678520976748  0.87587485982344371
  0.88876223189868753  0.90117360745025232  0.91368612612714617  0.92979563129156295
  0.94272806329781711  0.95555915062051344  0.96523111094962177  0.97381460437782286
  0.98115921082491142  0.98763659676704962  0.99165834162863276  1.00000000000000000
 -0.00031056831341443  0.00200194042667493  0.00342509560250271  0.00522810202275050
  0.00732035677657447  0.00993918970230974  0.01261178074634942  0.01517207058414063
  0.01944106286397198  0.02473396210109760  0.02998667450009682  0.03496697016053869
  0.03909015383363658  0.04352674060654522  0.04822589902064489  0.05415666380621537
  0.06037154723744938  0.06686462427978343  0.07324400600379938  0.07998451611366122
  0.08907026922432344  0.09885345521378297  0.10688555017843589  0.11378284649155335
  0.12103222011172092  0.12875226216152841  0.13672255457378857  0.14577732050747827
  0.15479395712849878  0.16615927606820924  0.17763136137155477  0.18840023141971091
  0.19910771349240228  0.21014047449623199  0.22227041991351359  0.23503714981198356
  0.24457987811077725  0.25181729646625045  0.25822224056222293  0.26378046913366104
  0.27009876681085215  0.27704391887997420  0.28551728095906109  0.29510333276121309
  0.30469420743081077  0.31552873900126910  0.32680076566124711  0.33719218566577297
  0.34770539681090962  0.35867542157215798  0.37008735370422174  0.38154018596220951
  0.39309845004193139  0.40362436387763956  0.41406001920497654  0.42405146430410995
  0.43544239371319526  0.44984273397790170  0.46473244131607916  0.47936484992034240
  0.49328405725297342  0.50623431075028735  0.51985957647275816  0.53275334327203283
  0.54586826361754870  0.56026329545359166  0.57568634854442857  0.59078751198652535
  0.60614843521647699  0.62274170714933541  0.64042285517312414  0.65888919517965205
  0.67606203530284958  0.69124244309738236  0.70465665235738073  0.71652344239732735
  0.72732098129911626  0.73907080083955246  0.75197701707875986  0.76599976428864269
  0.78147999498017662  0.79906312053607409  0.81706423744045586  0.83333319289051333
  0.84849837918334914  0.86325547341357822  0.87797552747157093  0.89077863822889158
  0.90261721751106672  0.91485849600159930  0.92740887109624937  0.94026783512488710
  0.95451044164447718  0.97017235231362831  0.98568247220974359  1.00000000000000000
 -0.00176434667656231  0.00708990841352306  0.01657625832160134  0.02595295271718777
  0.03615257770410370  0.04793208167622816  0.06056548856560485  0.07446490500452799
  0.08636410589432289  0.09601614989424034  0.10541330065855813  0.11585586023527097
  0.12729884480243694  0.13721957035981339  0.14798891251097088  0.16061182738319615
  0.17533270921792715  0.18947305296613318  0.20272677074055845  0.21547474550124457
  0.22781640969483735  0.23918615127847506  0.24901543912103122  0.25883161755297363
  0.26920568511667864  0.28046768073843537  0.29153425670979077  0.30272819447978405
  0.31444543652140972  0.32797157840605778  0.34154248932941655  0.35394467836509763
  0.36303486674956364  0.37005083891867580  0.37637436222934351  0.38268216327087501
  0.39048945430163229  0.39869326273644395  0.40651528148931493  0.41316174335914979
  0.41987741049591498  0.42753962949355134  0.43460313459446653  0.44532542580987750
  0.45765753621706884  0.46961535950507471  0.48106358347777828  0.49290216259010905
  0.50352665315271961  0.51180418203959599  0.52116577445491485  0.53085518859851111
  0.54039116520753705  0.55048024255684813  0.56143406594981415  0.57401242767091587
  0.58691811172267805  0.59906724487020602  0.60980171415683504  0.61980632789692014
  0.62982655690720613  0.63887978128174472  0.64812093229287460  0.65664179194402406
  0.66637050920365337  0.67777092176587961  0.68763090299131868  0.69748371369106843
  0.70756056432675463  0.71856319814156566  0.73032297391745504  0.74304978367466645
  0.75629499243713916  0.76954684213941515  0.78221986212610162  0.79436550066692235
  0.80533246890868582  0.81521771589160996  0.82738001212627010  0.83705928720793621
  0.84554476473804752  0.85352875149347052  0.86200726824074048  0.87086609700759199
  0.87984203001193340  0.88802962806398100  0.89600280586770997  0.90385081841349857
  0.91227871456926357  0.92118597173498007  0.92926602554297033  0.93828373583274705
  0.95123028436785262  0.96703719372155561  0.98336324967913902  1.00000000000000000
 -0.00438619250979709  0.01511737706214777  0.03069189284985899  0.04411599868263680
  0.05461640240258956  0.06369801021244050  0.07362460173913248  0.08324721507417053
  0.09010342151167197  0.09548558394712781  0.10101872068168564  0.10695918018051499
  0.11424987774280546  0.12394770460830852  0.13592844295419215  0.14921822156078132
  0.16354906669198482  0.17734841744631352  0.19049645870699178  0.20294811182395375
  0.21488730239540302  0.22558936629168283  0.23655329612581258  0.24807282764359850
  0.25926721682276294  0.27043107734252603  0.28323764975023891  0.29442458672598382
  0.30421591963963396  0.31357064392694545  0.32534883372625106  0.33720055039635966
  0.34904657631300406  0.36020870545603906  0.37045489063830522  0.38053126957599925
  0.39115343174347134  0.40451803237652745  0.41745971073698396  0.42738568344660777
  0.43549569182606435  0.44343827921657014  0.45274032074380105  0.46195071016798811
  0.47105208535435955  0.48175713038091988  0.49494321184074785  0.50974136939476167
  0.52403844022523283  0.53459965767929563  0.54472046801139162  0.55419420097848482
  0.56290862008550413  0.57094372787001935  0.57863886629725769  0.58744749887422021
  0.59789508625669263  0.60974872749413123  0.62500356589703832  0.63825120523854872
  0.65110684235678351  0.66203097756262852  0.67174585890039484  0.68177411798907883
  0.69312536215589216  0.70535432169219592  0.71730909564955780  0.72842618382266255
  0.73827788022498086  0.74962238195361974  0.76180823209696658  0.77424358234527380
  0.78649513062322418  0.79495563103551314  0.80299001557140848  0.81251348913197941
  0.82245731164697511  0.83189191897143111  0.84042285867910715  0.84809285283864722
  0.85643248871195765  0.86646656919406617  0.87662205188305908  0.88663028753432094
  0.89699966442240808  0.90797636839189455  0.91946448836262340  0.93172648876606079
  0.94547007481365064  0.95750375236556906  0.96543455705964965  0.97187413859975680
  0.97759976730467135  0.98397468924672471  0.99085602638222958  1.00000000000000000
 -0.00329453555760644  0.01480679736579232  0.02593552268597886  0.03681548702899236
  0.04798636405605760  0.05802540132731063  0.06781571899170223  0.07634190447384105
  0.08501333940609149  0.09406951655647937  0.10251642470711153  0.11075765244929063
  0.11979103062829015  0.13126130715622153  0.14584223130939603  0.16010079326193388
  0.17345965832975868  0.18694177520532426  0.20135049445802580  0.21421065533358843
  0.22761162852247452  0.24107235957331272  0.25392127442640261  0.26698154150140102
  0.28132638569218765  0.29731099830271746  0.30818724769555389  0.31820891345711061
  0.32835248844521980  0.33862947191869947  0.34892378085529069  0.35989139808475940
  0.37144215716848622  0.38381599377134124  0.39625480397370694  0.40851563521560219
  0.42012261080743890  0.43133158753245554  0.44219052136775328  0.45033682832212080
  0.45661503659605607  0.46272803390775752  0.46870281024137378  0.47562582592191810
  0.48556242684928208  0.49823332952636890  0.51226605125668834  0.52601302591728993
  0.53703434967290631  0.54865900664744927  0.55999839678947916  0.57130605230253384
  0.57970387649044197  0.58972306903935690  0.60006816395975437  0.61280753371403252
  0.62941550161078941  0.64052120393742518  0.65121880445445157  0.66160065629355946
  0.67202853058536061  0.68477688019305383  0.69707926403986220  0.70846069121983646
  0.72035446871737452  0.73169333876225273  0.73937185859286148  0.74802484126640190
  0.75610299485810495  0.76446918594894964  0.77407581591223129  0.78146463729359539
  0.78815164193097165  0.79639239905561765  0.80744938728329729  0.81695080617342752
  0.82487518160854345  0.83413140594877955  0.84314250810502100  0.85176041617376197
  0.85991408205168773  0.86672590701508334  0.87170767115119896  0.88091976564344876
  0.89053699817958176  0.90308728723514453  0.91716680791393190  0.93125851207476174
  0.94328378097295085  0.95303532219121079  0.96221315298673427  0.97000424293348875
  0.97775869359161183  0.98511933972644139  0.99295532241725537  1.00000000000000000
 -0.00150671032102162  0.00775243920554029  0.01588091902512628  0.02348143543590060
  0.03224598581002256  0.04114700313703937  0.04972053126127422  0.05748788243427069
  0.06734243196695293  0.08009427381089934  0.09487754687697469  0.10786737206366977
  0.11821202524488135  0.12737371737626085  0.13623777467770204  0.14571263115133284
  0.15578601076935311  0.16528266559751220  0.17444495754755282  0.18316922505873798
  0.19404728889364711  0.20559019566157680  0.21691620696151409  0.22713889561850822
  0.23600840048883867  0.24414573254274249  0.25187450675641815  0.25874135001625176
  0.26560048323280688  0.27271198856883300  0.28007735936212780  0.28818408765242232
  0.29695051535170874  0.30785008747982778  0.32230103237388180  0.33946575875681018
  0.35525693956958315  0.37014809323092057  0.38096416463928490  0.39043559611661055
  0.40111934064709498  0.41361457937515139  0.42391995962605389  0.43565186662258787
  0.45226369652276360  0.47000383762408354  0.48621606282314578  0.50087325144355999
  0.51333161251828685  0.52473086932036062  0.53588735332007098  0.54633920202747110
  0.55652097852477367  0.56469870944359002  0.57185909320688810  0.58030397106436826
  0.58720545223862641  0.59440823906595497  0.60238977848150654  0.61229134426782283
  0.62578632004096080  0.64315908232898078  0.65932257255882576  0.67325095035476412
  0.68582195695884207  0.69688995221023065  0.70675242504067826  0.71536150721089220
  0.72350715996448745  0.73173159504113738  0.74064794923212729  0.74847877451914813
  0.75738589082137842  0.76803134351306879  0.77544100074821354  0.78336457720030850
  0.79543047203037553  0.80624029689318943  0.81615338449090857  0.82377540807878180
  0.83332694381461114  0.84385431389422549  0.85494248248579585  0.86493095119025720
  0.87534656593087701  0.88699011307690712  0.89939928290465931  0.90849575909576596
  0.91645625590106639  0.92429033970809515  0.93296053986784466  0.94405805015502586
  0.95782527789419836  0.97109123624851357  0.98425335291394822  1.00000000000000000
 -0.00247933950373001  0.01119993973980353  0.02454959208943742  0.03937012211459158
  0.05410008835827022  0.06493409227271570  0.07175184639042534  0.07780100620348185
  0.08626608704464933  0.09309762263068240  0.09934045847110125  0.10511805250249738
  0.11166576640366441  0.11836211594533169  0.12496558402579395  0.13201597792950859
  0.13923671399144277  0.14659133190749618  0.15368787188180180  0.16076457849537168
  0.16871254824700643  0.17744389480515674  0.18593907498266385  0.19445832561430287
  0.20412572972419232  0.21401760571503639  0.22410903941707064  0.23664852814174672
  0.25044050759192071  0.26332890141460530  0.27373324861262854  0.28617257225314879
  0.29556812428976087  0.30461249166030907  0.31465073705411173  0.32484129515569715
  0.33515193804511068  0.34863751089570921  0.36227608536978811  0.37505318293915912
  0.38697190745382176  0.39930024438859102  0.41170572344655065  0.42331824324005624
  0.43353262416554289  0.44380716006491278  0.45445959425626942  0.46654742479318917
  0.47992097144996038  0.48974428568627315  0.49910234064006370  0.50928293698750071
  0.51963564582288113  0.52857822173654534  0.53681366035756295  0.54539988936930128
  0.55607280430558759  0.56895878246810738  0.58458549223459433  0.60243002842337401
  0.61976428227147051  0.63388691870022440  0.64444491214366506  0.65300568091953393
  0.66074588863078842  0.66859573709244846  0.67751253295224967  0.68769026179830628
  0.69757367670808035  0.70756544142897737  0.71766436851391469  0.72752305115675564
  0.73667778844228160  0.74575459565526536  0.75597263703716788  0.76557540598199736
  0.77457552890184778  0.78306169778694279  0.79239625187361906  0.80364692948752769
  0.81450285089685137  0.82667317668191631  0.83820486897010904  0.84986550520730997
  0.86033053326676145  0.87085303481762921  0.88153457359710541  0.89362354917536801
  0.90740664177996233  0.92150192515773255  0.93586263171475048  0.95065423525792103
  0.96526932367494200  0.97816311051459637  0.98919028976854428  1.00000000000000000
 -0.00189789447831352  0.00864563188041888  0.01815605158263718  0.02655794441694966
  0.03404777950170870  0.04135923059758314  0.04819049244474639  0.05490629637669910
  0.06167549493349442  0.06871752406557637  0.07534564247952963  0.08054053923539448
  0.09027313671373156  0.10289670020704532  0.11661670520946044  0.12816009790106395
  0.13722186103554293  0.14504764553417224  0.15254518083784796  0.16234749563678130
  0.17407937546031255  0.18520007366576954  0.19461118693165178  0.20415506081032372
  0.21326988766750493  0.22394140143976107  0.23826457474306986  0.25675822643848717
  0.27735545808187712  0.29285077476529880  0.30324374968269696  0.31251772420411172
  0.32125550571913125  0.32905599854562767  0.33670023832090118  0.34457197806052092
  0.35409347662700091  0.36689945295550491  0.38079189543362263  0.39401491340025185
  0.40569268077112569  0.41353386136642944  0.42149619553237216  0.42911164697435450
  0.43741415089999125  0.44767531590621917  0.45906493421061523  0.47103484670782747
  0.48325036759776219  0.49315761701083699  0.50186138231072752  0.51072092977914285
  0.52080687914431023  0.53184080092780150  0.54210770592806490  0.55237299352946656
  0.56203255225924020  0.57337609449615112  0.58455965224935780  0.59672039852380343
  0.60850375953279923  0.62043573378584516  0.63368848060040328  0.64634944506480885
  0.66017793490759213  0.67380819550396276  0.68580455215817715  0.69726874817409423
  0.70882015290382405  0.71973195750827612  0.72996722467025610  0.74021379457322345
  0.75135868754885926  0.76235004707590048  0.77220788865899248  0.78062824891919724
  0.78958103801361290  0.80230567172600886  0.81680967122097015  0.83288119226236745
  0.84880121842177714  0.86003410512031875  0.86900850910346572  0.87822142710761208
  0.88605541964330881  0.89237732603912701  0.89847637505339450  0.90556697075438219
  0.91399041555897409  0.92745959860839766  0.94404253335790400  0.95653173463140129
  0.96809142365196588  0.97937622786336265  0.99004116535095599  1.00000000000000000
 -0.00176423499279702  0.00856542929995688  0.01687101558549287  0.02453051270357045
  0.03169857672954304  0.03949806439337464  0.04907000946001348  0.05929155578887497
  0.06952579781404777  0.07868702478718920  0.08904906914961487  0.10205535112285688
  0.11291364074145281  0.12454262143583422  0.13533831587690492  0.14621476073314918
  0.15549924658654779  0.16493250030136913  0.17542432777926967  0.18852821788896093
  0.20383599150189646  0.21683081512912428  0.23052329966370000  0.24497779945584164
  0.25887913084266467  0.27040655770352462  0.28092816940863768  0.29166265808918052
  0.30356000256982152  0.31856996110256575  0.33580968075932843  0.34670389137107438
  0.35686578611900299  0.36669093241421075  0.37578891422513050  0.38287138692802419
  0.38992935223224767  0.39692722386769075  0.40297347981485426  0.40943340735808675
  0.41673911495756327  0.42462796576141421  0.43244902814064390  0.44168766999977233
  0.45164338807381021  0.46218822686618183  0.47247189333825679  0.48216196116985927
  0.49167675604060040  0.50130898257295120  0.51100735359675076  0.52014626249501372
  0.53010773983229853  0.54070892779009627  0.54979092870328528  0.55699497346236204
  0.56453827272451318  0.57187316072325856  0.58015761178273828  0.59129337597752940
  0.60175934031354283  0.61089343705637800  0.62066221535703681  0.63151260574005286
  0.64187378925487726  0.65144907745352476  0.66198831457392471  0.67469021418207586
  0.68920046891856168  0.70436108409667886  0.71830227645079969  0.73229292228201248
  0.74204105814201382  0.75027964464380048  0.75786031800124731  0.76640257196088080
  0.77595261932168114  0.78675255969534930  0.79658063443083571  0.80602694367158434
  0.81590739469278917  0.82557248529787952  0.83393753939089821  0.84241374011224324
  0.85092674630180765  0.86087144969621199  0.87163845373903848  0.88241762446723182
  0.89336328756379979  0.90455828166867991  0.91663778297281062  0.93195078654271124
  0.94960344314020728  0.96671546739851277  0.98297181676941880  1.00000000000000000
 -0.00431520143203826  0.02846905261251641  0.05054966518602434  0.07206618315699012
  0.09138754464087576  0.10538822933285488  0.11835014111147471  0.12972145692100875
  0.14060623186890719  0.15205738374366284  0.16462185062307852  0.17680034156833774
  0.18842929121898666  0.19955798202117223  0.21122626714275983  0.22300733852172530
  0.23189124434492686  0.23933202617080759  0.24612346737837390  0.25346611336113267
  0.26042105569959911  0.26687457225236966  0.27272246942928680  0.27818439189283767
  0.28354472307552853  0.28954945904121782  0.29645395397207774  0.30384358012309959
  0.31198078820151270  0.32054053156491774  0.32787759072378481  0.33449722657206471
  0.34128716220284405  0.34922164159034108  0.36206408771005838  0.37808038028288249
  0.39267970342287617  0.40358988570278070  0.41270917247282990  0.42167396270562307
  0.42967598819195435  0.43672362609173188  0.44358481573512942  0.44943556002047902
  0.45566653475317870  0.46237013390772724  0.46978881001347067  0.47761628284294094
  0.48491283721623679  0.49268286465232786  0.50027497037791102  0.50849877665849219
  0.51639311963181589  0.52435025069340191  0.53053418572685784  0.53620109202702171
  0.54006070915778126  0.54470559942801888  0.54893620048290515  0.55388356613428691
  0.56049350078353821  0.56936317505677658  0.57856385531829069  0.58757230566189034
  0.59529471191778083  0.60224864457599836  0.60964129742778639  0.61731886539447411
  0.62565944433691922  0.63478368680122021  0.64452210801539678  0.65506532678203888
  0.66595327980720764  0.67591770126103135  0.68481148109902967  0.69322256499540036
  0.70120879961872518  0.71100797605665644  0.72473456288923555  0.74078197071203067
  0.75499239078604641  0.76573682510066743  0.77529484523345427  0.78547306119857618
  0.79565059436600116  0.80518807331044040  0.81463967490245515  0.82807557507364082
  0.84440858764272331  0.86217676426785650  0.87831441325334936  0.89433033537972006
  0.91071963999299843  0.92953254479680170  0.95733426348074224  1.00000000000000000
 -0.00281039837679022  0.01281165308060716  0.02510119246933913  0.03711667759016880
  0.04843767241928303  0.06144572222590716  0.07721069737622298  0.09015807484451357
  0.09921842136775913  0.10806752866253302  0.11693191143411630  0.12526180338357251
  0.13387202134462589  0.14116203847861916  0.15012131253940419  0.16170213169337039
  0.17266221742241489  0.18230983901962827  0.18950542093134884  0.19621085519135018
  0.20252602807082737  0.21045755134571220  0.21873515010624014  0.22811735701674860
  0.24433130470925887  0.26117303393134483  0.27474237436209642  0.28530483358951619
  0.29610084418623661  0.30768823078210977  0.31725243353116694  0.32437287623162370
  0.33117025347965129  0.33829031743463545  0.34539370967672112  0.35316713944074485
  0.36376949095253602  0.37559810912889541  0.38764129598389402  0.39933851569335072
  0.41084882183353255  0.42085450337782065  0.43189587164907800  0.44253749296190181
  0.45079122178921316  0.45839025729382238  0.46592757141923918  0.47503086736973138
  0.48512086131666615  0.49478697931289334  0.50424537808644920  0.51182049243677374
  0.51861850749539518  0.52620523341777703  0.53534902804811024  0.54407155390887341
  0.55183373918537837  0.55986899488427710  0.56981601280564453  0.57996644017248389
  0.58883799256066183  0.59573120373297050  0.60205923256731664  0.60919656079236550
  0.61784682090967213  0.62828036498077167  0.64090626410105811  0.65536428941158764
  0.67084497164773438  0.68656527295796110  0.70096148988032847  0.71472854946440478
  0.72861940695586624  0.74383966376303623  0.75753542990372724  0.76814093118069837
  0.77822180688426990  0.78875156466846630  0.80043785781620835  0.80945388629535620
  0.81764589311535363  0.82570611118635262  0.83334772192718998  0.84152105177901804
  0.85280640468454116  0.86468517715745219  0.87613770294007320  0.88738551555187017
  0.90001248356348451  0.91313737536105211  0.92558340571395692  0.93860010595030086
  0.95197638161016507  0.96612361328661367  0.98309349995811779  1.00000000000000000
 -0.01031540225808570  0.19368046799541583  0.26170346077891765  0.30716673939146388
  0.35260853949074700  0.39036763031424843  0.42072279430887616  0.45116682316334600
  0.47705372895196752  0.49838775383105238  0.51839941235024711  0.53708631946525021
  0.55580923237244539  0.57187887131291104  0.58673666488803378  0.60136294792557743
  0.61357589387175249  0.62384494886406672  0.63376932886708848  0.64254266664131365
  0.65059752583454544  0.65752025474569675  0.66397802926021254  0.67092555990323122
  0.67781707475024300  0.68589543683877241  0.69364041052074199  0.70136653308783437
  0.70854889658777787  0.71441049348405294  0.71973990883124972  0.72477154639822339
  0.73021543434916469  0.73576858528450706  0.74065038876138445  0.74505982042461694
  0.74946584417459272  0.75597222103267181  0.76397094992029313  0.77028887159506976
  0.77514099783660151  0.77976969036580457  0.78422559516359380  0.78909334990150437
  0.79428402990875302  0.79960913018350899  0.80475014571789727  0.80929263602443557
  0.81359741928255103  0.81780338565357602  0.82172504019828774  0.82595621258638507
  0.83020680668044700  0.83428993557000397  0.83792411857702309  0.84121663091722598
  0.84397817382381046  0.84676880972983859  0.84975456243167646  0.85308632880493740
  0.85757965271828140  0.86345080060946267  0.86918459524818614  0.87452504892994531
  0.87923308558026814  0.88336229171643643  0.88754997107178735  0.89188461703416100
  0.89648127525296439  0.90192488987480968  0.90696088629313287  0.91171224828015429
  0.91610236123445921  0.92013935180849205  0.92401202086733958  0.92717119196240338
  0.93017684804023426  0.93323036511299340  0.93616097411250243  0.93871578090116370
  0.94115719279398258  0.94403320848136241  0.94733008116908846  0.95071138679557143
  0.95384153111973147  0.95667867328284584  0.95942869829218158  0.96241187426804964
  0.96537096871240424  0.96902596033045807  0.97311693602656690  0.97687215573618424
  0.98057641490436986  0.98513684785604871  0.99097972281946389  1.00000000000000000
 -0.01656926878564711  0.11693509838656711  0.18033552831176333  0.21656810724354886
  0.24763098577071085  0.26847720881820775  0.28316358475826797  0.29477689903761839
  0.30538936612695816  0.31693143130182211  0.32809859123772184  0.33783756097057199
  0.34723089796551776  0.35720226558022616  0.36535908566714426  0.37215765648175680
  0.37845595317512687  0.38465536059420219  0.39061415646627484  0.39812978489531287
  0.40613723224089382  0.41435798401944729  0.42303765367086632  0.43296186079313398
  0.44208269996833793  0.45035545310970065  0.45807966712138742  0.46565948490453923
  0.47213889094205441  0.47781082326305213  0.48325257477238309  0.48862000768195335
  0.49515316578293922  0.50169329080217373  0.50683851965863935  0.51153447387179618
  0.51608890195449719  0.52111472888679522  0.52674018468708828  0.53150837451025712
  0.53505751390212586  0.53878421190809689  0.54222415120859024  0.54540403329617393
  0.54962229833619880  0.55498245449617056  0.56023228649285439  0.56641866590115852
  0.57211016415181404  0.57813187430614699  0.58360098904693247  0.58862240854719250
  0.59338625609492102  0.59931903945714271  0.60561497388879915  0.61226826473930596
  0.61925992459508528  0.62611788578354055  0.63260817956695903  0.63851707016899917
  0.64462430690699690  0.65101329009683151  0.65826041655142975  0.66549721356973512
  0.67241713353380017  0.67920732266155859  0.68598440299643115  0.69228447746113553
  0.69853073755442097  0.70499389134414270  0.71128110745114392  0.71673537408139731
  0.72216202507209315  0.72680626538609661  0.73133136437677582  0.73626456927416684
  0.74151331868846682  0.74756314281351166  0.75431665232300360  0.76101685455316603
  0.76810215810891791  0.77415916378619110  0.77980732107973227  0.78536635287250689
  0.79131578040330397  0.79783442749127476  0.80493286987396728  0.81273679800903265
  0.82023862388018420  0.82709875850302383  0.83467106057552221  0.84887684847564526
  0.86574956853597795  0.88865080869275781  0.92182627605485368  1.00000000000000000
   1.6228945112526691E-012  -1.0000000000000000     
 F F F F F F F F F F F F F F F F F F F F F F F F F F F F F F F F F F F F F F F F F F F F F F F F F F F F F F F F F F F F F F F F F F F F F F F F F F F F F F F F F F F F F F F F F F F F F F F F F F F F F F F F F F F F F F F F F F F F F F F F F F F F F F F F F F F F F F F F F F F F F F F F F F F F F F F F F F F F F F F F F F F F F F F F F F F F F F F F F F F F F F F F F F F F F F F F T T T T T T T T T T T T T T T T F F F F F F F F F F F F F F F F F F F F F F F F F F F F F F F F F F F F F F F F F F F F F F F F F F F F F F F F F F F F F F F F F F F F F F F F F F F F F F F F F F F F F F F F F F F F F F F F F F F F F F F F F F F F F F F F F F F F F F F F F F F F F F F F F F F F F F F F F F F F F F F F F F F F F F F F F F F F F F F F F F F F F F F F F F F F F F F F F F F F F F F F F F F F F F F F F F F F F F F F F F F F F F F F F F F F F F F F F F F F F F F F F F F F F F F F F F F F F F F F T T T T T T T T T T T T T T T T F F F F F F F F F F F F F F F F F F F F F F F F F F F F F F F F F F F F F F F F F F F F F F F F
  <DiscreteSampler_grid>
  grouped_processes
  1 # 1 for a reference and 2 for a running grid.
  10 # Attribute 'min_bin_probing_points' of the grid.
  1 # Attribute 'grid_mode' of the grid. 1=='default',2=='initialization'
  0.0000000000000000 # Attribute 'small_contrib_threshold' of the grid.
  0.5000000000000000 # Attribute 'damping_power' of the grid.
 # binID   n_entries weight   weight_sqr   abs_weight
    19   10   2.038410245900492E-005   1.722372487278929E-009   2.038410245900492E-005
    20   10   2.038410245900477E-005   1.722372487278900E-009   2.038410245900477E-005
    22   10   1.094852099903160E-006   4.968837612315564E-012   1.094852099903160E-006
    23   10   1.094852099903152E-006   4.968837612315481E-012   1.094852099903152E-006
    25   10   1.094852099903160E-006   4.968837612315564E-012   1.094852099903160E-006
    26   10   1.094852099903152E-006   4.968837612315481E-012   1.094852099903152E-006
    28   10   2.038410245900492E-005   1.722372487278929E-009   2.038410245900492E-005
    29   10   2.038410245900477E-005   1.722372487278900E-009   2.038410245900477E-005
  </DiscreteSampler_grid>
