  0.02451981214092668  0.03082619185871446  0.03641263288658653  0.04346389924914877
  0.05039610537309487  0.05807618811720700  0.06724623281122506  0.07694263737144184
  0.08627666944777101  0.10118972068024727  0.11812217601694192  0.13433904550929726
  0.14793466515070630  0.16095543004905000  0.17086754180819885  0.18012514852056030
  0.18845417566457778  0.19950106321352085  0.21231391404877512  0.22492894726404863
  0.23640890327662226  0.24654456772615127  0.25734438426879663  0.26986159395690884
  0.28002273929964200  0.29025571260560618  0.30164756249330221  0.31153838603155709
  0.32277484261244138  0.33705190566415016  0.35412523187545103  0.37161025286791932
  0.38005161077665883  0.38852414579204486  0.39473831754871275  0.40094669667470140
  0.40806283159598422  0.41716302835785579  0.42881816963943553  0.44093199507117664
  0.45397482525453808  0.46817951594303997  0.48443040236752277  0.50018777856493679
  0.51349503056603751  0.52638703342226079  0.53550996201216283  0.54303985243535891
  0.54946548061696865  0.55587638779160364  0.56349635728858039  0.57256872334273468
  0.58414857387659902  0.59479566741238077  0.60470323290946160  0.61541545248294771
  0.62765773380513779  0.64293300247372853  0.66025728314435717  0.67882493726790372
  0.69698168747454403  0.71242243787572268  0.72481066517941362  0.73887916918939545
  0.75197831772676438  0.76268307741895514  0.77312278492815512  0.78406221685272370
  0.79324132951627402  0.79954848306733661  0.80368776541187392  0.80855676457901493
  0.81559879853883310  0.82292001786553715  0.83329564438585546  0.84016430833915490
  0.84324798983673277  0.84763729525226572  0.85227540737008867  0.85897595859294451
  0.86936680990313930  0.87801325986954415  0.88326480722337009  0.88787461844861892
  0.89171479590374303  0.89585451122424231  0.90038811804604191  0.90429072873043981
  0.91164892360267280  0.92303474567711175  0.93440872905077466  0.94539566388197671
  0.95619358706650648  0.96429318197045921  0.97153335442017930  1.00000000000000000
  0.02367667139917189  0.03423514348824608  0.04495903146428794  0.05537699530407487
  0.06422272071797176  0.07354073036113004  0.08311346076663347  0.09368896647614279
  0.10325944890611505  0.10997406686870002  0.11535679301821586  0.12157899941964177
  0.13071522825169737  0.14143946833753115  0.15466775015674686  0.16310092190852268
  0.17309332573831623  0.18261824053488476  0.19346197317254685  0.20624647953727301
  0.21831011738399000  0.23116855297306294  0.24408132545882691  0.25580953881068208
  0.26645487899432452  0.27554730180175419  0.28239205475858503  0.28854976332826771
  0.29542452095733729  0.30070275609966463  0.30367363146017157  0.30782890446733124
  0.31728686461751893  0.32727047818431776  0.33537934422753690  0.34444381713875522
  0.35722962734606661  0.37451896640694532  0.39341772899010991  0.41032276247616517
  0.42770696673020664  0.43971682510447713  0.44692118069932835  0.45279741476282237
  0.45802055547652981  0.46206957726131531  0.46602841855905103  0.47065949715918393
  0.47560359756195630  0.48086859297636603  0.48624292848364348  0.49273613052291937
  0.50289510761192624  0.51544001841200682  0.52849220232099547  0.54036580345038332
  0.55010785285077357  0.56007973809834166  0.57076520954101206  0.58104508721356640
  0.59029175016687219  0.59872655040744460  0.60862578132660350  0.61990334459309770
  0.63282957394644823  0.64425029504612386  0.65447636876435955  0.66641916135382340
  0.67864301293769314  0.68913331026822044  0.70153212062982406  0.71534551254656764
  0.72876448200423671  0.74146560841456921  0.75356402689058011  0.76520072436540609
  0.77900218922319153  0.79319388011286018  0.80332671473448547  0.81318645507022413
  0.82335656477613195  0.83458390133056182  0.84583121663130678  0.85640242029496028
  0.86632954576396459  0.87616604029462397  0.88302466214804953  0.89009869793098984
  0.89895104649201596  0.90850185611316070  0.91909475989928224  0.93000949565811120
  0.94299592990437586  0.95823447500770653  0.97450918002649178  1.00000000000000000
 -0.02148403761837517  0.07018928127918239  0.10916272036266540  0.12403996880952764
  0.13263441642363841  0.14119485508846644  0.15045296645536924  0.15919590454965526
  0.16654816580607898  0.17397405001303712  0.18101472159723242  0.19197007826764104
  0.19763519247119415  0.20387233071157629  0.21099669894015599  0.21956124747457159
  0.23037787469687460  0.24135933560304906  0.25487704196943783  0.26655278100551300
  0.27720794050064063  0.28816664912902756  0.30011873313786147  0.30889499954585009
  0.31671615208371551  0.32434929933877737  0.33212830496774332  0.33900206089472756
  0.34649597385509140  0.35356246460150964  0.36073864791584603  0.36803461734243170
  0.37458053033091915  0.37884031715681504  0.38319292650019787  0.39047570533750670
  0.40283419230693440  0.41565535898968692  0.42865107397355373  0.44095257017512984
  0.45095601002337277  0.45932066267923244  0.46810791600834284  0.47601448512472144
  0.48311765499780152  0.49058264825219511  0.49757770564193721  0.50684742977119790
  0.51773782480644892  0.53106586883506435  0.54228811275153055  0.55263749675594331
  0.56287495574247370  0.57065693874742041  0.57801933998419119  0.58997686310442499
  0.60105126545288634  0.60873924312296601  0.61680667890707053  0.62338033883279065
  0.63080599497922885  0.63837286124562520  0.65146491108780746  0.66827835264865032
  0.68290598109788747  0.69632341169946721  0.70853199113489951  0.71682834836985354
  0.72513863633939502  0.73517996169038258  0.74523672121787377  0.75527930925474684
  0.76536813839090845  0.77828175188048887  0.79739757382365251  0.81345386132800901
  0.81879030022310328  0.82632533325475988  0.83637813341627065  0.84616999473799526
  0.85417252960706480  0.86146411129939393  0.86688544013549118  0.86838253182616976
  0.87966751802754228  0.89218884704321200  0.90434235074306535  0.91672524450073678
  0.92946598914534617  0.94111108513502062  0.95115200220526908  0.96150669654707310
  0.97286857146571193  0.98433856356392535  0.99296611388232814  1.00000000000000000
 -0.00767794010044376  0.02564198914751625  0.04803978376622569  0.06332740032624759
  0.07575171354764292  0.08488731466610856  0.09327246734062983  0.10283300838453452
  0.11215058735666311  0.12338115878486200  0.14019401836364925  0.15732081781948284
  0.17345349005633104  0.18549916282680970  0.19279124317699653  0.19920718200239659
  0.20500710985578147  0.20902362888469106  0.21244396781744460  0.21759553296620648
  0.22386572495920548  0.23076609855271313  0.23832751593495627  0.24380814667291237
  0.25226979980781689  0.26590044510648225  0.27651153310349941  0.28648477138068346
  0.29660910774106264  0.30741927236514732  0.32022381792955795  0.33506596226762930
  0.35044577032884444  0.36370466825928283  0.37306602551062257  0.38200564857453806
  0.39313001483072296  0.40458679587445745  0.41511315383439185  0.42501502432471533
  0.43514380183733292  0.44449050238231969  0.45219390368694795  0.45927872907727924
  0.46613779302829178  0.47443351067704814  0.48006800142935246  0.48631764233057356
  0.49275612347862724  0.49860446897787136  0.50867120151989365  0.51668220782134178
  0.52478612445293338  0.53117852627663431  0.53909700423467333  0.55003510636532538
  0.56348671456534338  0.57962235390058547  0.59769208005396623  0.61692421063761060
  0.63530621884727534  0.65011062027302036  0.65941223643600932  0.66550195460237915
  0.67066398724738741  0.67613902197323428  0.68131506285046772  0.68619804872806989
  0.69362550872680373  0.70402960752104571  0.71779955829630138  0.73058862458833862
  0.74153841196052239  0.75181452397814363  0.76581752369836886  0.77985466857324326
  0.79271655831795451  0.79991092608377667  0.80783849673203401  0.81532431898045588
  0.82464178121999587  0.83557555354084390  0.84373958276734784  0.84914736784205191
  0.85427782843791644  0.86183817660897311  0.87373728183115229  0.89179887390329027
  0.90938924060017756  0.92361037503135690  0.93612685285725183  0.94877489945417437
  0.96253889969704653  0.97548204417494722  0.98776592907633298  1.00000000000000000
 -0.00007757016834017  0.00076102597799737  0.00335563546290421  0.00538978528509997
  0.00756408595844211  0.00994365185225721  0.01405397283565269  0.01834874275274589
  0.02354407295506704  0.02918124176999745  0.03452881660855694  0.04199986279042893
  0.05226968932029859  0.06055807195252951  0.06922514305573556  0.07621968970115478
  0.08229055858024241  0.08777604970529541  0.09448274681330197  0.10276957848308362
  0.11263283057065115  0.12379564106730846  0.13521301045832046  0.14669421027779134
  0.15806080658758459  0.16922796534787213  0.17901583994459624  0.18910120085731910
  0.20174770288138677  0.21685620703657010  0.23197867129405936  0.24646772519923202
  0.25806750995331573  0.26686696291027351  0.27704418476754672  0.28862513579163906
  0.29724474583907323  0.30538784456113721  0.31356655373234055  0.32200134599031693
  0.33330182082401683  0.34461499538630419  0.35370250349647586  0.36220704413957228
  0.37155551755460325  0.38117021215672553  0.39092825980162288  0.40152481447428950
  0.41199146918920382  0.42131785919259290  0.43190487025052599  0.44428430671310076
  0.45876117815666290  0.47822647443517730  0.49659662378652941  0.50609145158368840
  0.51456890467130822  0.52433090484864131  0.53329839139503765  0.54254543601413852
  0.55080349293105146  0.55738780109349695  0.56397383105839827  0.56931486075324678
  0.57488466872796606  0.58166361079674644  0.58882963435210922  0.59599319021410735
  0.60267230979636022  0.61112589385409577  0.62028935061817170  0.63096918897610088
  0.64463518284411914  0.65844246411208351  0.66984509848034235  0.68130686910560745
  0.69383094320206073  0.70867468864880701  0.72501887612460247  0.74071654508169305
  0.75535826675278528  0.77038766911038237  0.78481461750890991  0.80323429839299909
  0.82047641200229249  0.83691117924255609  0.85296653148034318  0.86942755754673762
  0.88554262360348457  0.90124159224127431  0.91803840769885348  0.93424394451242798
  0.95022747600111146  0.96725089013456511  0.98378187762775315  1.00000000000000000
 -0.00485912423947678  0.01577332154429397  0.02816927538204332  0.03914472689587431
  0.05014479244465215  0.06030170619300631  0.07103387113465537  0.08453443114918510
  0.10082695442412165  0.11692656157405919  0.12853734174248649  0.13861596622927458
  0.14758949444253858  0.15558586075301623  0.16467610724745591  0.17306768116441759
  0.18018101290220892  0.18684151192146942  0.19459013791813351  0.20147803974299600
  0.20616174886521335  0.21071440752095039  0.21618615169173905  0.22386058837765821
  0.23485722798382688  0.24488767236973746  0.25408955715743875  0.26414958094403829
  0.27470185377829570  0.28647554695810817  0.30103595444561293  0.31981423924883773
  0.33629219153510148  0.35138607930250743  0.36221947222191131  0.36928414209026417
  0.37813577735176512  0.38884742370541742  0.40133176498038065  0.41237801234605709
  0.42218695493766156  0.43322133487233550  0.44340563086097856  0.45158504121342546
  0.45721627843457469  0.46320148521527349  0.47003579827665309  0.47599894489923089
  0.48069931028794505  0.48973352702239414  0.50317085713014231  0.51552396096891351
  0.52455841665368486  0.53180547135786738  0.53884396734696471  0.54791175934937397
  0.56059987363221864  0.57449682790547763  0.58933629157718259  0.60429563063578617
  0.61944085046735797  0.63084521680450878  0.63963989389473530  0.64833334633636286
  0.66025843823794284  0.67169299798166904  0.68207124063874358  0.69148567282975670
  0.70710027103241058  0.72234216340531443  0.73720219385911656  0.75044865592388832
  0.76169305952720978  0.77130319163160177  0.78090644047427382  0.79355173104839571
  0.81169558518279683  0.82741478793873591  0.83568269639018755  0.84497442889750984
  0.85384295764452545  0.86750740638612056  0.87866837843663170  0.88910056569634455
  0.90068748034825086  0.91770720333255051  0.93558925357145717  0.94709119431853628
  0.95514712464084772  0.96418504378420467  0.97130274457487076  0.97664746244124379
  0.98154575141215539  0.98612968529088163  0.99265339094895000  1.00000000000000000
 -0.00227763620344731  0.00901182565948828  0.01428287165661158  0.02013700134774228
  0.02628280799472165  0.03120019948003450  0.03633220117187499  0.04306271246307911
  0.05238115608118384  0.06083276797549849  0.07127176403913979  0.08297165016978643
  0.09537069908996103  0.10863402111968404  0.11978830641073232  0.13400586195104366
  0.15006522907978859  0.16755333647969817  0.18625418432329471  0.20105386531026481
  0.21511448521855467  0.22718173905420488  0.23957673506950133  0.25216636906404732
  0.26622503231244138  0.27802541880814430  0.28920789563780358  0.30144569803945648
  0.31589530879795652  0.33095648362559832  0.34681016161821371  0.36038719676129416
  0.37253080599858929  0.38364134847939052  0.39440844681342979  0.40595924947774836
  0.41648757421271970  0.42851815596856807  0.43955172877047383  0.44891422802317310
  0.45830116095946660  0.47300134300373115  0.48463301371820677  0.49240857867778270
  0.49997372395645051  0.51036059430991443  0.52175105932468280  0.52904687749899648
  0.53501071655439503  0.54470479967750429  0.55910093324776766  0.57539178934096191
  0.59242397410463432  0.60613932214533894  0.61845225714817342  0.62982072046220727
  0.64060066411332217  0.65026600563748527  0.65869052853320742  0.66543143115405656
  0.67234036120474427  0.67685451852998024  0.68182768305773367  0.68882528938533139
  0.69645531641576408  0.70411343847439944  0.71147465759672091  0.72551463921014880
  0.73816890616468245  0.74929533320601993  0.75884424232450887  0.76651313178750768
  0.77193923728163261  0.77688297817187346  0.78247456044162944  0.78881612393306477
  0.79586732506939228  0.80818172438776470  0.81757646385813720  0.82630159579267093
  0.83486717730358884  0.84697289127246189  0.86119800184587025  0.87397221893882626
  0.88497825392406049  0.89373560928679263  0.90231048880406139  0.91234759369942509
  0.92496309023690160  0.93477037582603628  0.94453031286779610  0.95320378161716324
  0.96190512599625022  0.97180750321397180  0.98657983620803436  1.00000000000000000
 -0.00374162255614484  0.01490403974157934  0.02594369422458204  0.03364942720098962
  0.04226967283616712  0.05239455148359910  0.06254781050854352  0.07713163437668709
  0.09000192124448092  0.10118324068275696  0.11215015361037178  0.12079497060573116
  0.12877407530820353  0.13712504810263684  0.14859164462415203  0.15985178371573946
  0.17162825314870184  0.18438637381594764  0.19702255904194388  0.20915820246187675
  0.22090518378526075  0.23364187907020467  0.24401686492045455  0.25314072714921382
  0.26205627558563882  0.27214382100029072  0.28637226105013930  0.30136404550104690
  0.31547779578116403  0.32991705587107545  0.34423311933136291  0.35639026085432735
  0.36789384371452455  0.38236637295582299  0.40151573308774069  0.42569462124224106
  0.44073284172431454  0.45244507301614312  0.46077087131067684  0.46754014408241545
  0.47611242332518383  0.48595881337076485  0.49440928854976240  0.50398533092061781
  0.51561909612808132  0.52876303778780787  0.54204209051240215  0.55418206821418559
  0.56311339306019381  0.56958411195186487  0.57654711674592973  0.58464128314213393
  0.59496679447435108  0.60679367519814409  0.61689214063792319  0.62637086016405608
  0.63361678717305048  0.63927688314696651  0.64464593944605453  0.65070087600758897
  0.65953658044108376  0.66961291155398850  0.68196216005587185  0.69405349208656231
  0.70419836702808647  0.71357035981160766  0.72660149435265142  0.73954395309099252
  0.75155816694665079  0.76027172208764005  0.77028534373111468  0.78023374632007902
  0.78935598126020390  0.79852263769713483  0.80826098722109774  0.82170113969968783
  0.83680101070080071  0.85215152266892247  0.86573752838401619  0.87579419944124981
  0.88379081218824740  0.88988256221952788  0.89709982580049052  0.90481832643432381
  0.91275498999322369  0.92180117804873052  0.92953756866651149  0.93558315252986868
  0.94010585575831673  0.94525204130275453  0.95289261757193500  0.96171170883684443
  0.97135025221456395  0.98032275369871469  0.98924448737674042  1.00000000000000000
 -0.00548568052989623  0.01323342768465337  0.03037498231321652  0.04611100561753219
  0.05997382484325030  0.07205782454921354  0.08508340016136799  0.09540715817104455
  0.10503304792796606  0.11354987638839757  0.12108896492275804  0.13160088470635117
  0.14687692913137826  0.16522931535377902  0.18162033135399763  0.19386987697522204
  0.20587782650493100  0.22016515976426851  0.23279573586443725  0.24683981329166560
  0.26103300197542645  0.27485239195818478  0.28924960667905225  0.29961583922655721
  0.31016033370611645  0.32159324336496919  0.33407258265031375  0.34757660063726770
  0.35763565021897614  0.36471081840526104  0.37005000441078645  0.37548420384798775
  0.38056693937071073  0.38478058930230463  0.38886012340010900  0.39422746659434360
  0.39994426515931347  0.40610883284777588  0.41510158576951550  0.42137348151332793
  0.42628032688167250  0.43267785074295750  0.43916478334241082  0.44558553523235339
  0.45318823398621988  0.46143361570880648  0.46888075173014732  0.47627554020036805
  0.48443712632824809  0.49274584592545817  0.50052468963299768  0.50684906910845184
  0.51263798726862875  0.52036560129057097  0.53248334354914906  0.54842299360839819
  0.56376632142148075  0.57663916038102125  0.58401708471377767  0.59112558345306487
  0.59781309374670966  0.60408640439556827  0.61048105009913978  0.61789114325983707
  0.62609881197475559  0.63157999905795570  0.64044383578009201  0.65288010900001137
  0.66608770038129794  0.67979082382362321  0.69553211729115649  0.71278594002280826
  0.72801379455921522  0.74014154021667999  0.75071544976387106  0.75851503776755480
  0.76727893235228017  0.77644508531560996  0.78751894092615882  0.79809107935219370
  0.80717071463418810  0.81861068275237159  0.83204748131122364  0.84938660082650208
  0.86836174565353963  0.88769932330080925  0.90716660176208985  0.92163474800429046
  0.93422896464753469  0.94337888566963257  0.94965453304840786  0.95631009037869108
  0.96363046454568480  0.97203158083130892  0.98269217742742399  1.00000000000000000
 -0.00368061330266060  0.01175415289730048  0.02561127103387937  0.03765759382125895
  0.04819060771484696  0.05829669147369890  0.06941174747316074  0.07972817446932258
  0.08932334448756291  0.09756188729018639  0.11281961239784195  0.13257262965083538
  0.15165243369699000  0.16998020454288082  0.18985992947396785  0.20631828464817126
  0.22149872742008775  0.23650582050345445  0.25236930747023617  0.26886135846883374
  0.28407512449539907  0.29447325704376570  0.30340022764088354  0.31151764054559167
  0.31903559382328517  0.32578548635368926  0.33256881033172481  0.33928538639607458
  0.34618845853478686  0.35465189933732622  0.36367482745022595  0.37430187976721907
  0.38737918908334451  0.39909196370760747  0.40913836908463025  0.41539078715168609
  0.41850893507108822  0.42198985772083575  0.42583691254153960  0.43022983545976284
  0.43392813138568015  0.44055257151506932  0.45109279711183031  0.46046958621137007
  0.47128077981988481  0.48372401719407759  0.49489473345472612  0.50387499654120715
  0.51358529135039421  0.52421588899863769  0.53553409067381952  0.55016289157244080
  0.56634125085632603  0.58062755097455010  0.59209349662745481  0.60428306221969730
  0.61343218877108152  0.61915882474776840  0.62413499334194955  0.63058981542101900
  0.63621677576488911  0.64685176747497253  0.66483265445374651  0.67589971742504751
  0.68568322810533500  0.69494402376912368  0.70016060216419362  0.70457127142882559
  0.71009337551295237  0.71989397873846950  0.73132807921881759  0.74178900810387627
  0.75216294555329688  0.76408233946721615  0.77513936355322943  0.78136805423691502
  0.78759852959681487  0.79408728160245201  0.80141570176270838  0.80893481152373214
  0.81640082499933353  0.82519040693060297  0.83673772409930514  0.85185672056354633
  0.86201270081945258  0.87023203390649972  0.87664866449217371  0.88315765853215500
  0.89024680912719800  0.89965553151990418  0.91198929403471740  0.92866435389566437
  0.94478002240541914  0.96195549008116144  0.98071091508332531  1.00000000000000000
 -0.00163569604948847  0.00619478614096773  0.01270537281828829  0.01924008356931234
  0.02732869464977851  0.03759085124372494  0.04923861656539550  0.06073463675589044
  0.06921306523231188  0.07478496479231375  0.07960670667239102  0.08439805790638931
  0.08937433165158395  0.09473317881350077  0.10123139094242288  0.10841734721371207
  0.11711788197017661  0.12713074075126596  0.13700073549908615  0.14710125471744678
  0.15883645110082847  0.17139539413561383  0.18278680924349291  0.19298524699233652
  0.20313934037542161  0.21623949058264041  0.22909672657828692  0.24046034996904131
  0.25113806501293584  0.26097866271878017  0.27102912143116026  0.28216864991841145
  0.29540421134242051  0.31125616616610396  0.32120860746999741  0.33216824768187714
  0.34354651588112944  0.35633942018907688  0.36949895762679491  0.38849095120583638
  0.40542559218097124  0.41857622330522171  0.42982571099522071  0.44193554353574560
  0.45325810243132192  0.46334306118384705  0.47298646202472727  0.48266003503512972
  0.49509819162736685  0.50770885445163616  0.52125623144944211  0.53491600968759145
  0.54774960280440199  0.56117672892320036  0.57586560548996413  0.58904198148012765
  0.60133838778189319  0.61366640767983738  0.62550180502572195  0.63825669962025022
  0.65264179956284329  0.67030179382829291  0.68917955935424935  0.70579179234102807
  0.71880703083299313  0.73279053913290371  0.74474694770299499  0.75265757467288530
  0.76027696172319992  0.76965544036863320  0.78116629669661264  0.78929510500973521
  0.79469200008304219  0.79985900757962369  0.80456048939684077  0.80863825758284313
  0.81578361408037547  0.82776338739303201  0.84113991713076297  0.85495625163767097
  0.86876746781656777  0.88339038188685270  0.90061780023636229  0.91718818420861137
  0.93128999845076588  0.94120068264916457  0.94855992430207692  0.95583512471437204
  0.96236750745962829  0.96944906533573449  0.97574870753812770  0.98036729124965927
  0.98479330611224924  0.98912703525731682  0.99397424934397738  1.00000000000000000
 -0.00147155689059318  0.00628485981744288  0.01426629417101319  0.02190439395483506
  0.03294166334951132  0.04405241196800141  0.05377775181404192  0.06158683776581852
  0.07056317149289627  0.07993422625525419  0.09036466854622313  0.10086263666199694
  0.11115589387685992  0.12177094935858560  0.13224735029625134  0.14061670388804129
  0.14776149937900920  0.15738945158558912  0.16600040863251939  0.17655680170170263
  0.19024971260543114  0.20227824305948633  0.21111311425231172  0.21953329214617148
  0.22673567963713651  0.23365288530653605  0.24078897515283412  0.24979738579090383
  0.26046676416183540  0.27152481047983262  0.28067410226461564  0.28817769774908464
  0.29531790236565364  0.30322276629564071  0.31232555899720127  0.32279879895708324
  0.33577836988195531  0.35154553919156439  0.36845075083031470  0.38506924657306274
  0.40258479604445668  0.42169771482646251  0.44404858884659465  0.46132947747391950
  0.47572728379778001  0.49354420884782552  0.51039204368878710  0.52556457500284726
  0.53458628401944264  0.54463747334190060  0.55316883883165868  0.56037417581516591
  0.56944530733565657  0.58119846953936360  0.59405938286571014  0.60767164553018227
  0.62198462877637695  0.63623560405597634  0.64964262664422101  0.66348788120099056
  0.67885485241597143  0.69660172309635693  0.71473625280883069  0.73062762927013269
  0.74253484061487474  0.75242640737997135  0.76036108990348905  0.76572457606577771
  0.77095091496134394  0.77814707304035557  0.78486602728570176  0.79410811066526965
  0.80188192887346443  0.81045979263825974  0.81884335421506782  0.82829251326491227
  0.83664445195998927  0.84255123387470710  0.84807583762877348  0.85264374187606506
  0.85740951712553548  0.86305874819584283  0.87186324543159721  0.88078797251208840
  0.88686480269860979  0.89492469835448896  0.90420561618866702  0.91163137253892634
  0.91968806412752213  0.92902469675346255  0.93922603630621093  0.95079492571825730
  0.96187066289570933  0.97327500141847034  0.98647411382140360  1.00000000000000000
 -0.00366904022108520  0.01192573754303944  0.02460903867719557  0.03668881819415304
  0.04914290922106260  0.06206367177650237  0.07430516383460423  0.08403753121925922
  0.09377480922581444  0.10828113494972420  0.12879759372780353  0.15110641379755202
  0.17077463736941476  0.18477922131368538  0.19521736167781076  0.20426244753890427
  0.21312454777736237  0.22315128487127700  0.23603121264061255  0.24882147343925445
  0.25866651032019333  0.26695395312611536  0.27493989904321781  0.28199271460385811
  0.29017423680335003  0.29828518928525416  0.30719543252440334  0.31740236628474516
  0.32677690989641223  0.33599327334317103  0.34402550642790164  0.35173783780012957
  0.35954663839178774  0.36690073968253673  0.37373468901529933  0.38052802091275412
  0.38673578181543355  0.39498084716329002  0.40310417602860493  0.41637333982050639
  0.42896003912737840  0.43608115277043874  0.44006507297303327  0.44378222704893372
  0.44779678628876579  0.45628791263060442  0.46683105927412022  0.47649036337738615
  0.48551243504371983  0.49512060504232697  0.50446369777700695  0.51553639487569514
  0.52909602984945781  0.54270880192698034  0.55491711331151039  0.56508625557379821
  0.57457943763460295  0.58230100724298284  0.59397197573810101  0.60650307339166110
  0.61712357672142970  0.63076456196111219  0.64624920588301682  0.66221885129694258
  0.67748739255810519  0.69051664051731643  0.70022118943136435  0.70919425646696266
  0.72061125172955753  0.73247338440762144  0.74147693937291326  0.75713751110290328
  0.77641669918259026  0.79339250690478558  0.80837649671323464  0.82285769186563207
  0.83483930180840915  0.84254192788249249  0.85086568742931257  0.86133091919046501
  0.87221629299205394  0.88197545986165937  0.89103830237440274  0.90018357375216806
  0.90804849951700073  0.91545502450565852  0.92302662443668360  0.93075419425590089
  0.93766491573857269  0.94376525206496209  0.94909951011732385  0.95501358249885615
  0.96257136573977453  0.97222346236881108  0.98537839216039957  1.00000000000000000
 -0.00193705142226662  0.00907200437445274  0.01738676596201556  0.02432741344292167
  0.03110115430453698  0.03643192313652351  0.04423864240785261  0.05958206812385973
  0.07539980191628953  0.08592713652697077  0.09564275702280108  0.10387545258364071
  0.11007920102995104  0.11696199898579958  0.12570702381329743  0.13502770275013645
  0.14935997009379873  0.16250868401631061  0.17313831286726097  0.18236161263177544
  0.18958791998667374  0.19490952024358424  0.20138043740053149  0.21184466709654989
  0.22572463246282520  0.23839546516895097  0.24714209128178113  0.25501040533477448
  0.26468458752490093  0.27562286199308261  0.28726548345364161  0.29993847759666775
  0.31442871730258920  0.32981604122929614  0.34343051688621312  0.35277179635434647
  0.36307168507194776  0.37392042684161564  0.38515031275986611  0.39822173954175499
  0.41452672976120486  0.43040636832048718  0.44504784662546443  0.45798587998718332
  0.46886683178313804  0.47751644049413611  0.48489190881209671  0.49180966514774993
  0.49915124513449266  0.50589449493508509  0.51335550214646020  0.51992892300682647
  0.52587943610047827  0.53160540961871039  0.53777866967205923  0.54547075211573670
  0.55444746703475067  0.56368283658687179  0.57252456401304586  0.58350933747235612
  0.59430233794719944  0.60233399285062572  0.60978097227610673  0.62029453326497652
  0.63171856905483792  0.64143028105452027  0.65887000742301582  0.67551526243618920
  0.69472907958837993  0.71820195290019984  0.73857962309765579  0.75021765195306178
  0.75731040669098248  0.76310105972061504  0.76860880976750801  0.77380122518560313
  0.78067844132940711  0.79003571382051874  0.79788256682174408  0.80419052689588411
  0.81052205608688921  0.81856043585876437  0.82962566138276994  0.84050464124409818
  0.85104578279168774  0.86148466187403683  0.87250929717048076  0.88792042437925456
  0.90128876998209495  0.91401894946843354  0.92912948580712940  0.94291196490148288
  0.95662810444247748  0.97086990955541119  0.98556426794699992  1.00000000000000000
 -0.12282504651280605  0.96791096925632525  0.97916729276399295  0.98193079442586984
  0.98325114658213475  0.98423965804249491  0.98502984786368730  0.98562014589703439
  0.98607928786676402  0.98645759754634854  0.98674696815003982  0.98693308526678902
  0.98710143716428667  0.98728129065534243  0.98747295293878490  0.98763806611886529
  0.98780306284293562  0.98798364661926363  0.98814138195456891  0.98826676488402154
  0.98836028267342202  0.98847814711436000  0.98863439431546496  0.98884000788724125
  0.98898793101687843  0.98907316972897452  0.98915348327596009  0.98922505834229524
  0.98932228913307585  0.98945886392003890  0.98959039151157169  0.98972161508829126
  0.98985404387759746  0.99004317604798431  0.99022726749943768  0.99041382473747042
  0.99057425279072364  0.99076271508687241  0.99095643293360991  0.99114504999589315
  0.99133834340262283  0.99152572476126288  0.99166425554379989  0.99183301145372860
  0.99200315467600064  0.99215987506837411  0.99229671236173955  0.99245848832032757
  0.99263632383054035  0.99279450960166837  0.99293856502085587  0.99307527118998129
  0.99321516195341319  0.99335406300435747  0.99351348721689337  0.99368069299471240
  0.99382926887086143  0.99397359530084739  0.99411889300158807  0.99426273530692222
  0.99438093269293371  0.99450791277624040  0.99464177796604081  0.99478355584001021
  0.99495598082229331  0.99512445808815952  0.99528373818063132  0.99543519028033001
  0.99558266314754962  0.99572610937764583  0.99585909628627722  0.99597866267475821
  0.99609730343099412  0.99621795557307657  0.99633863788717369  0.99645759042996984
  0.99657363157251122  0.99669511005996803  0.99682714016050489  0.99694876357122486
  0.99704518173303369  0.99713435153542140  0.99722606569776850  0.99733306910440789
  0.99744176812261010  0.99755665659071879  0.99766710886555576  0.99776930031492972
  0.99788442225839613  0.99802181661421729  0.99819598050166292  0.99839669854230850
  0.99859911836189574  0.99882568863750498  0.99924165210679750  1.00000000000000000
 -0.04938488553270858  0.22549010626523594  0.26501925245840335  0.29803331911548575
  0.32780885558639422  0.35028857107986006  0.36538572905714456  0.37798459581719768
  0.39022328710878640  0.39912627943434026  0.40670356668963825  0.41335664087988022
  0.42002445239932390  0.42726492347408568  0.43357785569030494  0.43956620599320756
  0.44579921407994610  0.45279251032050255  0.46065249162116162  0.46907582891892635
  0.47720959203479690  0.48353014429470093  0.48848043287341453  0.49319682485762284
  0.49804526155864648  0.50358619776422375  0.50871945146029551  0.51682129872831473
  0.52537276542368538  0.53334614722580420  0.54064879099939345  0.54669669164807388
  0.55001742938140674  0.55244951091565353  0.55480534551676275  0.55790134685445880
  0.56277718247608133  0.56846674603221692  0.57409120845852302  0.57840842463732334
  0.58122585110898073  0.58416071002750825  0.58724878042487605  0.59066629777272217
  0.59438900797680183  0.59809193096323288  0.60149989112135227  0.60554450154606654
  0.60989202528063169  0.61416957993860255  0.61839034760483402  0.62267512275465897
  0.62652840471902116  0.63039714434858163  0.63466198835984111  0.63931970514584080
  0.64415769171538761  0.64938833365936710  0.65549093327237451  0.66192925109256984
  0.66554352819709917  0.67023841602662593  0.67588686360773187  0.68119637872471761
  0.68708405943660966  0.69483470903681954  0.70057416474176670  0.70512898542289948
  0.71042259391672291  0.71500988653054720  0.71803332685103338  0.72146265661649756
  0.72569938225741726  0.73044356237234087  0.73605879891375980  0.74230642124844404
  0.74834475880601081  0.75447923820199403  0.75964207497908132  0.76330221281273358
  0.76622802260290768  0.76972321155239742  0.77255707084179392  0.77633679776586473
  0.78348261418956899  0.79407904034081256  0.80409428497827773  0.81404289869090662
  0.82399001550423967  0.83441838695519877  0.84918016216968961  0.86550010003039668
  0.87945518275830126  0.89702588898759417  0.92395927983536108  1.00000000000000000
   4.2194089058031117E-010  -1.0000000000000000     
 T F F F F T F F F F T F F F F T F F F F F F F F F F F F F F F F F F F F F F F F F F F F F F F F T F F F F T F F F F T F F F F T F F F F F F F F F F F F F F F F F F F F F F F F F F F F F F F F F F F F F F F F F F F F F F F F F F F F F F F F F F F F F F F F F F F F F F F F F F F F F F F F F F F F F F F F F F F F F F F F F F F F F F F F F F F F F F F F F F F F F F F F F F F F F F F F T F F F F T F F F F T F F F F T F F F F F F F F F F F F F F F F F F F F F F F F F F F F F F F F T F F F F T F F F F T F F F F T T F F F F T F F F F T F F F F T F F F F F F F F F F F F F F F F F F F F F F F F F F F F F F F F T F F F F T F F F F T F F F F T F F F F F F F F F F F F F F F F F F F F F F F F F F F F F F F F F F F F F F F F F F F F F F F F F F F F F F F F F F F F F F F F F F F F F F F F F F F F F F F F F F F F F F F F F F F F F F F F F F F F F F F F F F F F F F F F F F F F F F F F F F F F F F F F T F F F F T F F F F T F F F F T F F F F F F F F F F F F F F F F F F F F F F F F F F F F F F F F T F F F F T F F F F T F F F F T
  <DiscreteSampler_grid>
  grouped_processes
  1 # 1 for a reference and 2 for a running grid.
  10 # Attribute 'min_bin_probing_points' of the grid.
  1 # Attribute 'grid_mode' of the grid. 1=='default',2=='initialization'
  0.0000000000000000 # Attribute 'small_contrib_threshold' of the grid.
  0.5000000000000000 # Attribute 'damping_power' of the grid.
 # binID   n_entries weight   weight_sqr   abs_weight
    133   10   3.334384034393860E-010   1.074303398375365E-018   3.334384034393860E-010
    134   10   3.334384034393867E-010   1.074303398375370E-018   3.334384034393867E-010
    136   10   1.790953554384226E-011   3.099686905423136E-021   1.790953554384226E-011
    137   10   1.790953554384232E-011   3.099686905423156E-021   1.790953554384232E-011
    139   10   1.790953554384228E-011   3.099686905423145E-021   1.790953554384228E-011
    140   10   1.790953554384231E-011   3.099686905423152E-021   1.790953554384231E-011
    142   10   9.619404453986070E-013   8.942224168014329E-024   9.619404453986070E-013
    143   10   9.619404453986064E-013   8.942224168014316E-024   9.619404453986064E-013
    145   10   1.790953554384228E-011   3.099686905423145E-021   1.790953554384228E-011
    146   10   1.790953554384231E-011   3.099686905423152E-021   1.790953554384231E-011
    148   10   9.617231923770887E-013   8.918037566671917E-024   9.617231923770887E-013
    149   10   9.617231923770883E-013   8.918037566671908E-024   9.617231923770883E-013
    151   10   3.334421220465868E-010   1.074459634552557E-018   3.334421220465868E-010
    152   10   3.334421220465874E-010   1.074459634552562E-018   3.334421220465874E-010
    154   10   1.790953554384226E-011   3.099686905423136E-021   1.790953554384226E-011
    155   10   1.790953554384232E-011   3.099686905423156E-021   1.790953554384232E-011
    157   10   1.790953554384226E-011   3.099686905423136E-021   1.790953554384226E-011
    158   10   1.790953554384232E-011   3.099686905423156E-021   1.790953554384232E-011
    160   10   3.334421220465868E-010   1.074459634552557E-018   3.334421220465868E-010
    161   10   3.334421220465874E-010   1.074459634552562E-018   3.334421220465874E-010
    163   10   9.617231923770887E-013   8.918037566671917E-024   9.617231923770887E-013
    164   10   9.617231923770883E-013   8.918037566671908E-024   9.617231923770883E-013
    166   10   1.790953554384228E-011   3.099686905423145E-021   1.790953554384228E-011
    167   10   1.790953554384231E-011   3.099686905423152E-021   1.790953554384231E-011
    169   10   9.619404453986070E-013   8.942224168014329E-024   9.619404453986070E-013
    170   10   9.619404453986064E-013   8.942224168014316E-024   9.619404453986064E-013
    172   10   1.790953554384228E-011   3.099686905423145E-021   1.790953554384228E-011
    173   10   1.790953554384231E-011   3.099686905423152E-021   1.790953554384231E-011
    175   10   1.790953554384226E-011   3.099686905423136E-021   1.790953554384226E-011
    176   10   1.790953554384232E-011   3.099686905423156E-021   1.790953554384232E-011
    178   10   3.334384034393860E-010   1.074303398375365E-018   3.334384034393860E-010
    179   10   3.334384034393867E-010   1.074303398375370E-018   3.334384034393867E-010
    193   10   4.171322631411713E-010   1.678664993928966E-018   4.171322631411713E-010
    194   10   4.171322631411720E-010   1.678664993928972E-018   4.171322631411720E-010
    196   10   2.240481434251696E-011   4.843450269789577E-021   2.240481434251696E-011
    197   10   2.240481434251703E-011   4.843450269789607E-021   2.240481434251703E-011
    199   10   2.240481434251700E-011   4.843450269789595E-021   2.240481434251700E-011
    200   10   2.240481434251701E-011   4.843450269789601E-021   2.240481434251701E-011
    202   10   1.203386711785723E-012   1.397277188973881E-023   1.203386711785723E-012
    203   10   1.203386711785722E-012   1.397277188973879E-023   1.203386711785722E-012
    205   10   2.240481434251700E-011   4.843450269789595E-021   2.240481434251700E-011
    206   10   2.240481434251701E-011   4.843450269789601E-021   2.240481434251701E-011
    208   10   1.203172701009913E-012   1.393502045954991E-023   1.203172701009913E-012
    209   10   1.203172701009912E-012   1.393502045954989E-023   1.203172701009912E-012
    211   10   4.171358224304857E-010   1.678908859390491E-018   4.171358224304857E-010
    212   10   4.171358224304864E-010   1.678908859390496E-018   4.171358224304864E-010
    214   10   2.240481434251696E-011   4.843450269789577E-021   2.240481434251696E-011
    215   10   2.240481434251703E-011   4.843450269789607E-021   2.240481434251703E-011
    217   10   2.240481434251696E-011   4.843450269789577E-021   2.240481434251696E-011
    218   10   2.240481434251703E-011   4.843450269789607E-021   2.240481434251703E-011
    220   10   4.171358224304857E-010   1.678908859390491E-018   4.171358224304857E-010
    221   10   4.171358224304864E-010   1.678908859390496E-018   4.171358224304864E-010
    223   10   1.203172701009913E-012   1.393502045954991E-023   1.203172701009913E-012
    224   10   1.203172701009912E-012   1.393502045954989E-023   1.203172701009912E-012
    226   10   2.240481434251700E-011   4.843450269789595E-021   2.240481434251700E-011
    227   10   2.240481434251701E-011   4.843450269789601E-021   2.240481434251701E-011
    229   10   1.203386711785723E-012   1.397277188973881E-023   1.203386711785723E-012
    230   10   1.203386711785722E-012   1.397277188973879E-023   1.203386711785722E-012
    232   10   2.240481434251700E-011   4.843450269789595E-021   2.240481434251700E-011
    233   10   2.240481434251701E-011   4.843450269789601E-021   2.240481434251701E-011
    235   10   2.240481434251696E-011   4.843450269789577E-021   2.240481434251696E-011
    236   10   2.240481434251703E-011   4.843450269789607E-021   2.240481434251703E-011
    238   10   4.171322631411713E-010   1.678664993928966E-018   4.171322631411713E-010
    239   10   4.171322631411720E-010   1.678664993928972E-018   4.171322631411720E-010
  </DiscreteSampler_grid>
