   0.0000000000000000        0.0000000000000000        0.0000000000000000        0.0000000000000000        0.0000000000000000        0.0000000000000000        0.0000000000000000        0.0000000000000000        0.0000000000000000        0.0000000000000000        0.0000000000000000        0.0000000000000000        0.0000000000000000     
  0.22228632153448463       0.27409985923932723        1.0671537146755910E-002   1.6544231636369020E-002   1.5432103896858416E-002   1.5615076329553203E-002   1.1390797103340239E-002   1.5733421726202849E-002  0.21397955467706872        6.3190696706696844E-002   6.7651207722376899E-002   7.7675191929689039E-002   1.6063196730201089E-002
  0.56003115039326912       0.56003115039326912       0.65148315820348857       0.68263605484297807       0.64248510973529149       0.67260061851381270       0.66575653276175539       0.64577348808139257       0.56003115039326912       0.56003115039326912       0.56003115039326912       0.62965876326666426       0.64335593344497144     
  0.32108163653403221       0.31054323475401002        2.1292451913464034E-002   3.3054968582058364E-002   3.0893608911233893E-002   3.1300337689208549E-002   2.2919554171891787E-002   3.1629470062461446E-002  0.36192082626664729       0.10569162342185257       0.12271257542105816       0.13985344853418782        3.2037700084316167E-002
   1.6111968813876976       0.96850802407718140       0.67810836558961907       0.64204169132068456       0.66183554731098615       0.60040110747193165       0.58920351948019234       0.65791944766514876        1.0013464070599642       0.71063998010802798       0.71532602177983129       0.73003977193438885       0.64067937209356751     
  0.33772274442607575       0.33335386409147338        3.2050137703927714E-002   4.9393420648694661E-002   4.5730505847728975E-002   4.7272255569285729E-002   3.4693938807518553E-002   4.7592726577251637E-002  0.40361393452494804       0.12752336492722421       0.15875858293347012       0.18089258303563530        4.7375086406207342E-002
  0.63527287727881077       0.88614014070801783       0.61777242802122290       0.60155493613390942       0.60797990721575867       0.68581129285514641       0.59776456177997261       0.61273470483476800       0.62467576269614344       0.65295949774229545       0.69449305416088625       0.78324108040874674       0.64207663555479388     
  0.35313923489852511       0.34636437774670198        4.2772845553038112E-002   6.5638414876157541E-002   6.0132795845296010E-002   6.3415292960472602E-002   4.6749140118003324E-002   6.3569365601456443E-002  0.44028708896723695       0.14504869639570150       0.18903148070879400       0.21577364826059697        6.2808321926917474E-002
  0.68475708299326443       0.65103722965784694       0.59672216534592870       0.62283969489753965       0.61246728452675925       0.64168706729614555       0.66482404828534392       0.64211447631835517       0.68180766960817885       0.75385764335878047       0.79685703685456633       0.79595880506443428       0.57369431160534379     
  0.36790424161042434       0.35832539406630215        5.3714946524163060E-002   8.2040097624972871E-002   7.4649770951868505E-002   7.9235218263633098E-002   5.8872681268790895E-002   7.8790219255860078E-002  0.46450559415718667       0.15732344656176997       0.21176065371513547       0.24428607898838392        7.8419027632162172E-002
  0.61544450751491442       0.68567039866393942       0.60055755858612603       0.65444969497675620       0.61123932638589218       0.60181918177726157       0.61171735361232471       0.65960126781781203       0.57286051826089579       0.72695419529369321       0.68970731494645954       0.69314658708941712       0.64588195737111553     
  0.38228733017982597       0.36997450986694802        6.4750390899902782E-002   9.8334106553436690E-002   8.8441165853549997E-002   9.4962307220381653E-002   7.1074161208482756E-002   9.3793873470336797E-002  0.48778554958572284       0.16888231671721304       0.23348172410982609       0.27074955253421085        9.4279932768547348E-002
  0.61085366081965764       0.57350309073809103       0.62899128095910828       0.64772843947821213       0.56895215521688547       0.62169338207340041       0.72831496063150403       0.62501499323057685       0.59754993944580248       0.65193113573281591       0.65495499879187280       0.65602459851909056       0.71341559223863094     
  0.39427230297866350       0.38146165635323098        7.6081371164876815E-002  0.11525098538153859       0.10301321723905769       0.11082026774076330        8.3561231832055646E-002  0.10891829015390203       0.50841872362752372       0.17891801262299836       0.25295011490922092       0.29552834529688832       0.10974728066468113     
  0.61180878149755391       0.67653363782561426       0.60035867093304640       0.70456259346602512       0.66231159412070406       0.61304359671707853       0.63003223562973887       0.62390331121547837       0.58960632033542115       0.65083156849080892       0.61044450474302259       0.62408307241532313       0.72504274963056214     
  0.40660483019732879       0.39297339116045399        8.7500085182463022E-002  0.13179960721016173       0.11750214702416029       0.12657828131207957        9.5980925313626564E-002  0.12397287333671117       0.52818698571528733       0.18864740198945026       0.27272560965017939       0.31841474384667334       0.12514371759848747     
  0.60813827547760302       0.60938660240869957       0.62745044073114220       0.65060448519443914       0.59009881637626782       0.69249821302600878       0.63958671064767780       0.61981316701230171       0.58453079805111552       0.71173244327492036       0.62854043303472495       0.61168359917912352       0.62421835036589279     
  0.41829974314696589       0.40436862695843007        9.9453795241766729E-002  0.14774738086892711       0.13363084808503564       0.14286154197165551       0.11006000713837015       0.13962281746252375       0.54697511787608477       0.19687059928536513       0.29036599345774161       0.33972171329857692       0.14005356396568241     
  0.62778232580723725       0.65681822789515998       0.64850720757755809       0.63680253479098614       0.64533702147137351       0.65519138467519200       0.66000625892541631       0.58861365331508442       0.57367914043631418       0.63789028410086346       0.67753593569260029       0.68139455828626971       0.60239035134299601     
  0.42995441172885857       0.41568173477076170       0.11162568611792803       0.16380798874570193       0.15003327687536791       0.15907629095231909       0.12399798311427736       0.15590163707951971       0.56418755979570079       0.20512275065641888       0.30850833194341581       0.35986343089888190       0.15497956881039149     
  0.59996048918445266       0.62454487722487617       0.70371234034233521       0.64821756849186407       0.63366643445629545       0.65610183788512799       0.67946674681190988       0.67965118242393985       0.60357227008169190       0.60990822306420545       0.61371507819010207       0.67067163143289810       0.68472597020833892     
  0.44135116194506208       0.42695552489858191       0.12440358429275880       0.17986031064895208       0.16623183232573932       0.17474806261371148       0.13840635704581783       0.17230638146173488       0.57960993059897081       0.21286613575872454       0.32745274927435114       0.37907927891826426       0.17019746878004566     
  0.59657454425903622       0.57554646441994839       0.60273718907759122       0.76252698700823962       0.57798797696187409       0.64935975161063297       0.64690815464186147       0.67739891479711700       0.56685046794341276       0.69058965698033570       0.70782614517855036       0.65710822285539194       0.59062219588739817     
  0.45273358763078586       0.43795648010634480       0.13740896067261088       0.19612681953381794       0.18233930803090428       0.19041283450501142       0.15275976257869142       0.18854926396675958       0.59443341209068745       0.22053214318990139       0.34596137830493728       0.39701483298827051       0.18571484600635071     
  0.57592745770488563       0.62499322176620453       0.60655966171310050       0.61927771384030683       0.61561345052976257       0.67166424685373383       0.61007188753762065       0.65321720466247046       0.63829331488551599       0.74196012357763741       0.59891011361527136       0.62280520684358975       0.65404138277952706     
  0.46414489979280876       0.44886476152048255       0.15011238132105539       0.21203170241606653       0.19885705235474344       0.20577142767108578       0.16748181239293622       0.20465029218362357       0.60874079885475718       0.22782375515247164       0.36403320809079770       0.41398044444229914       0.20103033155832811     
  0.61130364515118640       0.59893687878366253       0.57049000564271590       0.62170348274189691       0.66074831800509892       0.69806924611915233       0.60855084762790335       0.66728815080063875       0.59752176722686179       0.71143186264505986       0.63984188406407283       0.56476240768869257       0.64374156714491848     
  0.47555078056217537       0.45977352912079550       0.16260418548694711       0.22779269712844763       0.21534731160259132       0.22083091486569045       0.18242791279457565       0.22096780836221566       0.62207508514802223       0.23486222319844449       0.38206981194624923       0.43034109675084631       0.21632778499943686     
  0.64424911397720841       0.62147811965736910       0.56766896745919160       0.64533291037081453       0.68334062411154006       0.63317658899295648       0.60826831262240522       0.64774071060462712       0.66262841410006190       0.63267599088823179       0.61597651310802681       0.64952093215597329       0.60228431948600236     
  0.48679570775138931       0.47066760080448344       0.17549773864570162       0.24377358158625786       0.23141914289641730       0.23635478290798392       0.19773865491248632       0.23611689853940060       0.63473238884820748       0.24150537622093241       0.39978884468899212       0.44619716172606982       0.23052278040544058     
  0.61486749474591784       0.61040649729181817       0.63048464945165517       0.68828580565210118       0.65535438577493499       0.74552358062701984       0.60417774616975772       0.63525263718426028       0.57438566374354905       0.66064690693989880       0.60496560228584972       0.64691766328059375       0.57034485231070409     
  0.49798694987542852       0.48147540885451845       0.18903027617865187       0.25982937987507981       0.24744296100757776       0.25236245850337163       0.21362356340841945       0.25094528159227392       0.64700081113392538       0.24819829813545216       0.41732541085234287       0.46146448189305445       0.24480158886904277     
  0.59993859388970405       0.63251230133258063       0.62199626863239266       0.71567893080709022       0.64049596948818277       0.64596283943188548       0.62825314403270205       0.58982841128989116       0.62479899124198957       0.58360509953574113       0.60428327192961329       0.62384607919477786       0.64385193809150343     
  0.50928446982266351       0.49220711852983584       0.20323751032261148       0.27546534692067420       0.26387741759213290       0.26800824725793604       0.22989504710946196       0.26653308572786899       0.65895897374930401       0.25485718626779386       0.43470809156821844       0.47622807023396424       0.25813616874118239     
  0.58949170392875083       0.63856116808244079       0.69010713521992750       0.66413637560040806       0.66803804822757329       0.67837958499462681       0.57952386342936912       0.67238432731894482       0.64382119167024054       0.59271407370357043       0.59941071533319890       0.59916276085851028       0.58074190984774576     
  0.52062284474210518       0.50303267516992800       0.21769634594415774       0.29105700204951024       0.28036432572056208       0.28363425963117667       0.24639453156033289       0.28243681424164430       0.67017632353903356       0.26161742850952846       0.45184587958838707       0.48903525474304788       0.27247560485835354     
  0.63233245783278313       0.60882750175564548       0.58234907759667420       0.63330925071712652       0.58444492557457839       0.63148043808461440       0.65557550880884341       0.59594488926928357       0.59311846916043554       0.68012471244017358       0.57927439554973514       0.71152958977607639       0.62516484532167182     
  0.53210777050803804       0.51386463470741683       0.23180740152058865       0.30665295726863390       0.29659373905550851       0.29982985744305574       0.26274521605963919       0.29812716469000078       0.68094919260218556       0.26818981383502294       0.46850872460278009       0.50085196326532544       0.28866461745642319     
  0.66132054014827224       0.56343929636800583       0.65558407397031826       0.59446726280116635       0.62478875021498714       0.62766849881501130       0.64404273895308850       0.68349536241984377       0.62664261892869388       0.64835604672722047       0.58314653902541480       0.64051813975290439       0.66589844627205275     
  0.54358736275196684       0.52472692899591100       0.24566904526148595       0.32234976919640079       0.31281452330260190       0.31625145183871728       0.27914738524535021       0.31379388372039468       0.69149376453825395       0.27466152775305080       0.48492918015230024       0.51266701624914057       0.30417504559375019     
  0.62498937710238889       0.63609358164550200       0.58702434283947624       0.58320952519016112       0.63233488979004704       0.65703949800205608       0.57429227556020990       0.60428814104523365       0.56426127826756189       0.65799320317011289       0.63969153898743980       0.61652248430281409       0.58930609548900803     
  0.55487463043016605       0.53563188608052226       0.26023385177241531       0.33868196307674292       0.32893598506353267       0.33199364086036737       0.29573008436595966       0.32957860751294382       0.70181480491408277       0.28117778803283622       0.50082125938565536       0.52407077307845451       0.31963390185706653     
  0.66443480388031384       0.60654587619234490       0.69049539892966438       0.62365075356030608       0.71528262697148715       0.69450373806576682       0.66831636826415941       0.60621988542742966       0.59127325181989410       0.62098428559558250       0.62941225381000876       0.58111976534035792       0.65515859642713437     
  0.56614632045730540       0.54658108010418993       0.27535660575982263       0.35506751191211605       0.34486644690675766       0.34768190292897222       0.31252912306394681       0.34576675467859413       0.71140335848010849       0.28773421035165514       0.51638773419044171       0.53678223417803983       0.33512041345959159     
  0.63198177253720600       0.66108410853551991       0.59012174013795238       0.61259213868916829       0.64471850150942245       0.63374369289093324       0.61197461301743850       0.67263742321082465       0.59345950731785757       0.59971930714318289       0.62079455448802334       0.61208283326972712       0.65159065455306298     
  0.57728031241078570       0.55749341801918240       0.29110786019934903       0.37121985361107962       0.36101865708769970       0.36386234813713048       0.33007663142762544       0.35927677940002400       0.72059881417340799       0.29412191791791836       0.53151043858947189       0.54958534328065445       0.35096144471936802     
  0.59833449066116773       0.61637712938432909       0.58627238226387668       0.68897429915611030       0.63229378879637455       0.63432903018310272       0.63660525836325499       0.60013223786188130       0.56161377931274714       0.64012921262024058       0.58275141595870694       0.62507490207105121       0.56626858954982318     
  0.58848869280587379       0.56828450655341067       0.30713950063331602       0.38702395380940680       0.37735263076877223       0.37974893560552925       0.34781477475526784       0.37249732659028384       0.72951300970284050       0.30042492924999170       0.54634980826683432       0.56182066815611675       0.36694098828435806     
  0.62515573452380124       0.59456243986417312       0.64081413905821594       0.59382560340604673       0.61799539008896676       0.69007631564061156       0.64289741917721643       0.58748559500222919       0.63946081408659050       0.74556042377673948       0.56992990592901815       0.60065398827139094       0.70564810311548309     
  0.59981457758594936       0.57901297782737804       0.32378271940448827       0.40208049110066996       0.39419933118571387       0.39480824057791297       0.36643485961365868       0.38704145121645445       0.73824426200395754       0.30668802146150764       0.56077338500366736       0.57378133391245889       0.38337185370549959     
  0.61575898550287600       0.61174408834260929       0.61121171006379438       0.62839643450918048       0.62842041948094618       0.60192485396729434       0.65364314958080694       0.63524747090800560       0.58651430155068118       0.61715976697107078       0.64083611788237060       0.66662313527463501       0.63164697498805245     
  0.61119025597239529       0.58951651302690455       0.34064335070419011       0.41675978492516513       0.41129585338774677       0.40992962678714867       0.38522627331070147       0.40141343141348079       0.74673298492699103       0.31298865791996383       0.57506464609248031       0.58570504684560365       0.39969291488313180     
  0.61782672919691217       0.58328691587939308       0.62178796109728440       0.63182580712575209       0.63830093004421262       0.68809958270635851       0.63747343174628279       0.60438714046279096       0.60148456669012274       0.64057156611316568       0.60063682289467601       0.59224210912261022       0.63437236142361608     
  0.62252494055047802       0.59990134888683488       0.35758406569075446       0.43220850483951473       0.42805667323890978       0.42462452766352005       0.40373548471780019       0.41741489509994462       0.75505884487859087       0.31930124264585541       0.58902307688226674       0.59767387585522547       0.41575318646098902     
  0.62640846388070881       0.58514557207367968       0.59606340230592780       0.61549134676503459       0.62879515530451191       0.61311882144169294       0.69504293772599912       0.64980499958750693       0.60933554027671177       0.59897752958021466       0.61300202022168560       0.62748214012947323       0.60500333978672582     
  0.63384098222300655       0.61049273168886120       0.37426430716652159       0.44812449123134951       0.44470446097241606       0.44014933062837924       0.42215934286905143       0.43315883486271228       0.76346764039574178       0.32560586177426032       0.60293998448595609       0.60958443455948985       0.43192196019554990     
  0.62673907385126371       0.60470219019473603       0.60042868593416998       0.62142200875544285       0.67630893558847260       0.57329283198967917       0.58677385246276059       0.65139152659098010       0.63734264163816234       0.64021795299046813       0.67114235811987788       0.62175911289330521       0.63865594608968079     
  0.64513081915437365       0.62111573744098703       0.39204339921972026       0.46414434782643393       0.46093421172390808       0.45329183173030779       0.44161878074863886       0.44927535601712792       0.77192392595533466       0.33206445790165651       0.61681587158632012       0.62138941671789560       0.44845171688622087     
  0.58603456877284832       0.63225957970994973       0.62010109967474036       0.59399521734251071       0.69864576718793581       0.57830365405503537       0.64440392374451227       0.59903448886081179       0.65438262188238516       0.68082940915813572       0.69659243620031996       0.62952457965139219       0.64263646043171341     
  0.65631819552449877       0.63181125101137947       0.41048695453618789       0.48029348379616654       0.47683893704178743       0.46627459010822597       0.46100543870622746       0.46534167069886206       0.77997651653786260       0.33859415938818727       0.63040493261594166       0.63290697549980346       0.46502872192461664     
  0.61971702900027847       0.61945655465796357       0.59935859403539715       0.65894697036634897       0.66193976209559158       0.61602069359354594       0.63175686336890369       0.67108644059326006       0.60387902465805576       0.65758509545515997       0.62458372571200360       0.65895309429508331       0.66336926281405217     
  0.66584939818350253       0.64261142474387778       0.42533077299285554       0.49619035330539163       0.49281320363688780       0.48233255425026250       0.47982270087986501       0.48105025012265429       0.78771650259722925       0.34510223816290891       0.64354502104770472       0.64415820874644181       0.48149462919474340     
  0.56722797907524303       0.70014926982233894       0.57460336101057752       0.61188691701313869       0.68618286803420236       0.62525077111337124       0.62946418550281746       0.66312835967888228       0.68223256670969790       0.63355447048993296       0.64867755830159135       0.63229310084687507       0.66014864548198104     
  0.67572797080807834       0.65365802380708593       0.43906126610242052       0.51192272086461277       0.50901172119893079       0.49805796069188996       0.49890607993337305       0.49684351400175875       0.79536215415690936       0.35164343886397897       0.65606378748736915       0.65507358734366605       0.49787211416462318     
  0.68901327182420280       0.67096436478501098       0.63438215489718319       0.65597873568003850       0.57515229541211477       0.59913303459885459       0.57207705380528295       0.60867214452143215       0.61119846238413089       0.65163798364924830       0.58594024126855004       0.58917406795796634       0.60746781241000736     
  0.68601769149969782       0.66469153185165664       0.45556433488896564       0.52784205685485452       0.52512842151847094       0.51449767625400622       0.51759833567378188       0.51267727742495139       0.80292759045542506       0.35842774963995028       0.66735546587417593       0.66565427542286226       0.51444041156545650     
  0.56038910113250584       0.62317835490962570       0.58493953521968334       0.64454171427989382       0.63175045713888955       0.63716843041224669       0.71950050167466040       0.63744289392802111       0.66888210781784541       0.63394642872619156       0.56976463000156996       0.59800140514461109       0.64417270723722875     
  0.69658216018817931       0.67581155621243494       0.47161469748022233       0.54396266785581271       0.54111932741852176       0.53074178041079823       0.53635283859500227       0.52850377275181482       0.81034643313686894       0.36521814430301491       0.67884274950024570       0.67610758840136898       0.53105708270994456     
  0.56815205845520600       0.64741310958255360       0.64063110466080531       0.63479820830059086       0.63477426175396579       0.65081546115221067       0.61397155268654657       0.58844064277311681       0.64513226434538218       0.63221070833078252       0.58706354872716471       0.61556321771108946       0.64898284986522747     
  0.70771844125275396       0.68699407377360577       0.49078435202690818       0.55968373823790052       0.55680048756571110       0.54687224985921046       0.55489560818317196       0.54456677948165444       0.81767809881216735       0.37209898663863578       0.68979616501700503       0.68642919031744554       0.54717361179144353     
  0.58460661179385787       0.62656189047133959       0.67809259076098582       0.63271797671901464       0.61331309879442708       0.57569691564579706       0.62712459388715058       0.65982329878813162       0.64636813331312226       0.58366300177210972       0.60543994798112699       0.67839360834514606       0.59913618253997369     
  0.71869923885818676       0.69844168649617389       0.50972298628333346       0.57503745182634003       0.57233969218758851       0.56307904994355318       0.57370956476704837       0.56049940784157670       0.82488450757466758       0.37900088919579183       0.70151728220199472       0.69669421207920057       0.56333148161130742     
  0.64705678949316259       0.70272641965744087       0.59256012240055667       0.57958387023381697       0.59112795556999187       0.64734051800409864       0.67857788877736025       0.60560242246598184       0.61701199885504454       0.56822800312431154       0.64431795073288178       0.65325682111767103       0.66191373819799959     
  0.72974435340723864       0.70992346381508142       0.52888264331175328       0.58973228572651937       0.58806030590467362       0.57889530421479840       0.59286249879074260       0.57629523315481990       0.83193602659086652       0.38614652214743111       0.71358359799912940       0.70705588615243864       0.58049832918089828     
  0.63153896198292048       0.59846020807993039       0.65944973722695210       0.61269910293672114       0.66282009878524795       0.67817276277569138       0.69972907156066289       0.62763122744577482       0.62441529257193717       0.60798118453783923       0.70145124419780225       0.64212183984789339       0.61087986865372834     
  0.74082946218344459       0.72135625436555306       0.54831070812106819       0.60415750874433527       0.60381975052612713       0.59476432508230992       0.61105425090638232       0.59215530668680105       0.83885198817944395       0.39346568130865273       0.72500628281722690       0.71780824444893576       0.59737185039707741     
  0.64820103514195992       0.60144177531734710       0.67317102775891924       0.59072665476236363       0.58886170551074157       0.59760101664057808       0.57400020351915748       0.66868948243225423       0.69497769883184435       0.64402352100846172       0.68019617308319968       0.64183877425077152       0.62940756707345014     
  0.75191753068793643       0.73270806425508206       0.56764712638055692       0.61867404291640815       0.61931830156059620       0.61027852487690770       0.62845831277355357       0.60861651445663134       0.84558489632885159       0.40087754754972454       0.73614732368474278       0.72908678056926335       0.61353986875851207     
  0.63737729845847380       0.62797125335936343       0.70108887865875191       0.68855542622162225       0.66050995638218180       0.68143000669927667       0.60216155541154370       0.60467432802641807       0.61352889578490077       0.61416163074412811       0.64326707037183284       0.58316786916890240       0.67492113831541234     
  0.76302261520198522       0.74409281074778999       0.58712453609821835       0.63367245331134203       0.63483227467939674       0.62583793155348200       0.64578384472921702       0.62493816551738712       0.85221489492916058       0.40835893145593838       0.74730652454219404       0.74044700385584472       0.62996212410145525     
  0.65097307345985311       0.59909310283336437       0.75256044015020862       0.63131764702461557       0.64790353713105553       0.64123226397984823       0.61002658785083830       0.65482985764440726       0.70149570724670707       0.62483544781355627       0.67371064982012918       0.69852340860975581       0.63455606195481706     
  0.77410853797539991       0.75545073703715948       0.60776289417794638       0.64881192897506801       0.65038204633869401       0.64179507999633789       0.66365543644109315       0.64089148215128200       0.85871775822267948       0.41607346598606870       0.75850071988707701       0.75179493581284507       0.64556882963982720     
  0.58440309091403075       0.57222120455428926       0.66234064780629032       0.62640198110614276       0.60437510321160082       0.56503306219452976       0.67347024754723772       0.66905464366069212       0.64581907173545949       0.61666274083255923       0.61430131039918745       0.62845451262007779       0.66528643886976135     
  0.78518077239913708       0.76647040481266959       0.62819670634508573       0.66366518888977732       0.66598334361753253       0.65780594673731452       0.68176974798385526       0.65667317431189776       0.86504224590847489       0.42402955891728683       0.76967031360589877       0.76290946755276690       0.66118201004377941     
  0.59307130343157588       0.61528797529202461       0.69035335432434164       0.64706861574507502       0.66968954758827670       0.65718515656825760       0.63671725576202720       0.59663830648298166       0.60181126549994801       0.60158141262879006       0.59883367642758678       0.64203477385881980       0.67634405465506997     
  0.79638008032279051       0.77727847810010298       0.64867287150353037       0.67884293425119568       0.68126696598443848       0.67317731280953053       0.69747467576063515       0.67266940163092548       0.87108334255407383       0.43230093317074825       0.78080542360839245       0.77381512526777541       0.67694446086041682     
  0.64161483849440926       0.66475581043457166       0.66793966151182604       0.60798932003079176       0.67104129711804550       0.59984573485897696       0.66691680775897411       0.62213788320941976       0.64894377474853604       0.62815378086873186       0.61003702848749486       0.62570785363101067       0.60515747100793116     
  0.80751258576023921       0.78810120431838082       0.66905878763019910       0.69417497991607624       0.69665298885873639       0.68851074546626323       0.71326738016772495       0.68854840733000688       0.87707568541543934       0.44079184632339097       0.79166805062296408       0.78481256807353394       0.69258287360361537     
  0.61505854735721710       0.67165273658482805       0.66913662713001520       0.61430904626155192       0.61592758810931092       0.62335987281790894       0.61456388508987370       0.60662930695174888       0.62333018029790566       0.62797528574306227       0.60550890269128832       0.59894928066893405       0.64916129968120106     
  0.81853162329612772       0.79909524136914334       0.68892339769537703       0.70947419384006083       0.71017846933776452       0.70395621288302157       0.72782576177667435       0.70444379344213393       0.88289989296172100       0.44964201117039132       0.80218566150580606       0.79608498006855122       0.70803392003015508     
  0.62256867625236212       0.60934283469281103       0.63189260907708644       0.63465868059723318       0.63696686828107563       0.68758457691583674       0.59282219421671556       0.66212681321314293       0.62444559223327756       0.71990323473923223       0.61841756876813125       0.60578999513714193       0.59509860889026733     
  0.82960421846903387       0.81042032385048557       0.70876378605307333       0.72487296516366717       0.72315359296257675       0.71928148658733015       0.74299873824893137       0.72012991546162097       0.88864795638799132       0.45903889817628174       0.81267552086182304       0.80745981580923143       0.72347918714869286     
  0.62721595558572885       0.58054468510554880       0.62766224369850532       0.68802802887972891       0.61449349158646471       0.57250067676768479       0.60982249383310716       0.60457730454798642       0.67662812420705998       0.65431208092697335       0.68499191814061966       0.67156915475225909       0.69511839397205388     
  0.84069985361057342       0.82195121093160517       0.72735792345234374       0.74050674789249427       0.73846675056857236       0.73474175755361482       0.76016026867551056       0.73611306100102369       0.89426901745560394       0.46862135575583691       0.82312509313557469       0.81893645601203180       0.73817907030560503     
  0.59691731512986324       0.66016771767461713       0.71215452814023672       0.59818312098701143       0.61715798275193068       0.59681512591933172       0.67447389432195892       0.63018557220742843       0.63503380695348322       0.61755982775911455       0.63537806634204619       0.61234283578675219       0.64316227767155798     
  0.85174816581979662       0.83349638104386847       0.74590394030935192       0.75624744722668424       0.75357901986862896       0.75069207292050988       0.77687840132736008       0.75214609799553866       0.89988865620993364       0.47860660968256735       0.83365070102585148       0.83033171344117662       0.75284908651376858     
  0.60395800248101983       0.59614968214300745       0.57185544949597678       0.69380158353717891       0.66903467599854416       0.65922995785487204       0.67615083770148920       0.62878834145472651       0.67581348492937876       0.60895726992374055       0.61856700875974724       0.62655804602099019       0.58835537048433761     
  0.86280481699961442       0.84516007970382467       0.76373159683249658       0.77183797952612743       0.76921209343572727       0.76648105807621214       0.79305293969061508       0.76789003474121209       0.90555749154991361       0.48894943256958606       0.84437726643600131       0.84163964571672922       0.76742855138567900     
  0.64968476244857443       0.68136653301984229       0.60327569156291383       0.63777259031336675       0.67213000920799015       0.61179500986291613       0.67199518081827370       0.73241564551462934       0.67147405821956530       0.60024635071633148       0.68952482447169383       0.61936428387395071       0.66117326446159064     
  0.87385294076159803       0.85674410713503535       0.78147077942437004       0.78717463073443905       0.78492693578405470       0.78219537546880102       0.80903803468373980       0.78368955399267171       0.91124774437435374       0.49994759154957108       0.85503384988262054       0.85301097774010315       0.78256974863014694     
  0.61004497939289581       0.64702830309921333       0.60840216439657502       0.58387767726132023       0.61282792577199441       0.57455168014600111       0.64736414466651759       0.70075376757977115       0.63900555590021879       0.65289889403746559       0.63106706374101029       0.60763035747355665       0.61329209825970932     
  0.88455764287994398       0.86802136297765153       0.79936891864737702       0.80225316991739404       0.80041365593730074       0.79794252145173117       0.82447734866836753       0.79990107563655466       0.91690768958141811       0.51129176954941391       0.86556040504192300       0.86432398814307509       0.79777174193424183     
  0.64202744055928063       0.57195595966800605       0.73659651652733482       0.61658227383241460       0.66808821008259223       0.66464523889009386       0.60307130546081578       0.63536755433086478       0.63161067525760983       0.66405553845368903       0.57642133888991165       0.64780359058825732       0.61128584482376924     
  0.89485914209533746       0.87935884811221743       0.81724278696598496       0.81738493379692900       0.81592578800076698       0.81365450004778073       0.83956229390626480       0.81583381129286769       0.92252603643323061       0.52332850080810089       0.87605267453710167       0.87550586252717355       0.81274261367816225     
  0.62013982042195037       0.60009702753678329       0.61469116894784648       0.59070185920781149       0.60861977618599350       0.63797053969330553       0.58021384550048605       0.58522807360262585       0.62972773799970716       0.59641815041912505       0.71324359439629170       0.65180602473604266       0.72897685552129154     
  0.90495624132924157       0.89053700625736809       0.83456791088953053       0.83228750996455125       0.83126519548056943       0.82841833580223800       0.85388255171040750       0.83108491778029925       0.92798833227494060       0.53589915930917220       0.88644860543957271       0.88640223459341383       0.82833270814955418     
  0.62463004488154339       0.57153397017099994       0.67327634719255169       0.63242890309083821       0.59894685646301227       0.66536582815012213       0.64805900782256198       0.67784924187012197       0.63290088358347973       0.59992689544000521       0.64551778211164368       0.63753214540946657       0.66686720166902980     
  0.91511718173062473       0.90174494243090908       0.85161114264380511       0.84727585841837827       0.84663801818738316       0.84337415837058338       0.86817282371813209       0.84591462905085490       0.93340979878643549       0.54959148249024681       0.89685874198441162       0.89718870388980165       0.84387111209704369     
  0.61527199215733530       0.74321323789514848       0.69905354685810017       0.63833074925962507       0.66033159944598785       0.58073497537266017       0.60282313167219426       0.59537068870733656       0.62526836829750088       0.59102042172498892       0.67133833990081504       0.57995001337954466       0.59239516588821073     
  0.92549952716363215       0.91289510899456294       0.86855327523019565       0.85996172700209839       0.86214640042034130       0.85876175770260321       0.88225069636655951       0.86145912022485793       0.93892635841923755       0.56395328185113480       0.90755182713613081       0.90793280863799963       0.85916400061602938     
  0.58095710656231481       0.62856468424253820       0.60021618803870902       0.56577908764857943       0.61726501247728527       0.59672079950456547       0.69015304126085308       0.64150505920221934       0.85028590707169549       0.61846020231797683       0.61874762626371071       0.66604467163540015       0.60295855246217678     
  0.93579809132815384       0.92404353609706424       0.88541155741392430       0.87226190044431984       0.87754074003174298       0.87411013126818760       0.89620233966135554       0.87703232652061114       0.94440570393654966       0.57992655719524433       0.91808587060777314       0.91859961805323587       0.87454854811318206     
  0.61001162077802407       0.61846263122666834       0.69535131646759030       0.59831200800867401       0.58846544740123752       0.57870514507490489       0.61059557490235861       0.58213881321064431       0.63275181478969167       0.62964483861950193       0.61874284235636745       0.58658721917856549       0.65478860669085615     
  0.94561422455898470       0.93480862328341219       0.89998550865986482       0.88859658097152472       0.89252347864324144       0.88995835587340943       0.90961741662371975       0.89227756986927487       0.95016784133655374       0.59637822998992451       0.92815731586270311       0.92893385018932151       0.89022239885911658     
  0.57690004949744678       0.67390128460240795       0.61552551227261576       0.64928191236711852       0.63097543739444162       0.59373546919188291       0.60385884009428603       0.64948893320954759       0.76401554805379035       0.59207343044948424       0.64065654477248535       0.59666999299261814       0.62008307354222836     
  0.95533323293882977       0.94558925381224113       0.91486402731092586       0.90466701123004201       0.90745102012827983       0.90563507362966378       0.92299095606176407       0.90765848515908654       0.95589905468797387       0.61354482801998911       0.93829749183336109       0.93923736838402749       0.90605589976041756     
  0.63929335008813193       0.57710882834035793       0.67630469593549825       0.71154284961052916       0.68887282046136056       0.60626525883154159       0.66905945729269922       0.62821835064882026       0.66459477345275331       0.58251498063514107       0.60867905970162928       0.57421876175226649       0.64889760296426335     
  0.96459376745298997       0.95630718832950079       0.92924338668326512       0.92104786315942899       0.92301113862405249       0.92192992809303820       0.93593572303822792       0.92364558004088382       0.96141604631653632       0.63201856908629339       0.94844358240549542       0.94931752485323206       0.92137567562285727     
  0.63174952619417812       0.57705563419687056       0.60685274272321132       0.68829283123709895       0.75091886540561970       0.64183411234145871       0.63418051686328680       0.66217675143015509       0.67028748346926126       0.65009814762031437       0.63523523632800516       0.65120234224132123       0.63031894845750613     
  0.97348279203510657       0.96690766227817770       0.94356536972883986       0.93768100516620156       0.93854387069398515       0.93837513662783023       0.94889090639222762       0.93956965597146513       0.96698986451852120       0.65095184117142812       0.95857330681793473       0.95939922296778779       0.93683069598375224     
  0.57874495886584654       0.60499037835262515       0.74725680494270830       0.65868162851149836       0.60788074494322875       0.66881505965846322       0.66142859781173968       0.66053103047657247       0.65447771115438269       0.56003115039326912       0.67745320929097153       0.63823390615918529       0.63856571223591252     
  0.98159587678953786       0.97645631339732808       0.95773137212214854       0.95341524800937560       0.95431352866554642       0.95392840914131660       0.96204285834727354       0.95484585060833127       0.97264476600177263       0.68709382355313764       0.96877753623276952       0.96992655746844303       0.95253732829231685     
  0.56846551396271150       0.61184531695678090       0.62961983698159718       0.60812021071235356       0.63192967097763297       0.63652810731317322       0.62047713287607986       0.65235445048683105       0.59550494727687520       0.58860284370121396       0.66412911282996867       0.65375564997301605       0.61576383145002811     
  0.98888809514245535       0.98575193491546764       0.97187560185756139       0.96908100062032154       0.97013210256632398       0.96944859965911767       0.97509217095772871       0.97019070888952330       0.97846067937050807       0.72977505702179679       0.97912519978975021       0.98028061888454332       0.96843730606789613     
  0.60076654239617022       0.60496338452184450       0.64909400143308404       0.63132076517017910       0.60430555588739032       0.63635863624026989       0.61738353855318129       0.64929207177529702       0.65046903784343491       0.63594737101171417       0.66849702288510771       0.61533461994152783       0.63383952970174062     
  0.99457499200050148       0.99296379165556004       0.98592842085992805       0.98445046640553358       0.98509022088304210       0.98476282765518974       0.98758541521875798       0.98507676507607933       0.98828073078818013       0.84856167348699796       0.98957662257052814       0.99017821747705015       0.98429140824794892     
  0.57659747098099867       0.56435284868864810       0.63477197365154436       0.61077853010303418       0.62112955443765461       0.68566465211747696       0.65513062296059754       0.63679287407794183       0.69714864988352832       0.65919641341515256       0.63139139870686056       0.60591130108163194       0.62634252899885456     
   1.0000000000000000        1.0000000000000000        1.0000000000000000        1.0000000000000000        1.0000000000000000        1.0000000000000000        1.0000000000000000        1.0000000000000000        1.0000000000000000        1.0000000000000000        1.0000000000000000        1.0000000000000000        1.0000000000000000     
   2.0612442987849207        1.2851814393457293       0.61537686473993269       0.62257245229700275       0.64257046377923543       0.65565551522891996       0.70234448154488038       0.62108476843476190       0.63579710797630684       0.56003115039326912       0.67015394447697751       0.64627508872038231       0.62998541352352921     
   4.3458619998115555        5.2051882928614432        4.3826369952116684        5.3756508635628482        3.6286211417648659        5.1488481218206763        2.7727002924363546        5.3387111890104384        5.5062708593634229        5.4648944250458014        5.0991384105296156        4.9410412459559536        4.1741526159947417     
   4.5409676141712998        5.3523145197415900        5.2537366882400489        5.0675286167056637        4.2032473121092799        3.7758070403103345        5.8286482129806068        5.3405393187849644        5.3625975529010255        5.1323228991996217        5.4105466711646830        5.1333014554638901        4.2380323985369772     
   3.4122578437483555        4.5924984530720616        4.3925174018058959        5.1124020786428304        5.4619992191361986        5.4000802646388024        6.0382283920321713        5.0329442039238890        5.4007864360694802        5.0357857132241151        5.2828184707942247        4.9349631956698401        4.2110251198741793     
   4.6985927043309923        5.3898657294310359        5.2322673705082545        4.9002699453410381        5.0212309042550070        5.5704326995833009        6.0534713210462474        5.2820679959062025        5.6608715914386751        4.2970603411289110        4.7182118864301819        4.9939324505302602        4.9548712726565372     
   5.5642794451037290        4.6054905226258782        5.3575733531398333        3.6105559572215582        5.0620691472783763        4.8395786027100467        6.1109328871328055        3.9555701392261633        5.7395632627414672        5.1648418511831826        5.4718899013525162        4.3721096541151754        5.2531376723595864     
   5.2739711530043145        4.7674311138919574        4.3994613648908842        5.3562976332384329        5.4523237296942195        3.9422206382178695        6.0958444366391777        3.9487076602660340        5.7019828363067679        5.0421307549499392        5.1123899275994411        5.1551327831985825        5.4013822103010742     
   5.2947936522304637        5.4563130710650816        5.1212155151241765        5.3312548675730174        5.4484517620486228        4.9719630544883380        5.7973101477106148        4.8369169119265472        5.5234713522193628        5.2616546178203354        5.0516627351006012        4.5840173500599812        5.3741852259091587     
   4.5678377545812117        4.4474362822623892        4.8194180111449647        4.4639085142567270        4.7577502106354359        5.0511033786143669        2.7928142824891831        5.1433655942620327        3.1396416310673030        4.4989428565080196        3.9305549365225265        5.3311077460587670        5.4491469753635338     
   6.2836831132437876E-005
           1           1           1           1           1           1           1           1           1           1           1           1           1
   5.2557452661096502E-004   4.8797513277809665E-004   1.0086960016067187E-006   5.1314444966742894        3.7741509730910693E-006   3.3753453771411182E-008
   2.0264976857162057E-006   1.9925103751836101E-006   3.3571161560106619E-007   3.7019809964703491E-002   3.3550039917855663E-007   2.1927278368248639E-009
   5.0000000000000001E-003   4.8314133304528992     
