  0.00324728002141453  0.01209438219466568  0.02273388555871848  0.03396071884052326
  0.04465972946835976  0.05474200353642514  0.06560415005028161  0.07642085081476660
  0.08683420476774700  0.09609747727834178  0.10577819628899607  0.11634252937369584
  0.12662806239924643  0.13715293394642936  0.14803923026768584  0.15956584049782327
  0.17085948295776965  0.18155786484173012  0.19268314476004650  0.20407725467357254
  0.21493318540746115  0.22567048052453564  0.23673465918942907  0.24793354349193786
  0.25856698485188412  0.26879854087117611  0.27970797941310771  0.29120806663274590
  0.30253578697171152  0.31374605724863092  0.32521210956606383  0.33666219750667725
  0.34821423939213503  0.35994835964944744  0.37166321469473995  0.38328583738286343
  0.39449752881878375  0.40549927278608688  0.41610580395218200  0.42684911700573247
  0.43772702574142119  0.44752846172340882  0.45697961474544724  0.46567404753453778
  0.47419169762440361  0.48318517903968083  0.49221659620590624  0.50133743633873018
  0.51067419374185707  0.52035427761972186  0.53076748135916585  0.54153475225811165
  0.55231924570932700  0.56295116661470979  0.57345567956099530  0.58394969511087358
  0.59434043450491125  0.60457853778827186  0.61444842900562779  0.62425753539630369
  0.63422050934422736  0.64418908034603894  0.65446892240084131  0.66486543556491251
  0.67507859972366424  0.68509351178047229  0.69526453442806813  0.70555599269002101
  0.71605416656364596  0.72653345481128373  0.73745360296207585  0.74844948288392132
  0.75904995201337921  0.76938880713394997  0.77929632503806523  0.78884485328837506
  0.79843982854435869  0.80810530830276217  0.81805749894315472  0.82785705532016407
  0.83776920992958914  0.84782899486269958  0.85796322334831210  0.86840775547258742
  0.87919250402726523  0.88989462375103812  0.90014136342623263  0.90993530577239434
  0.91977393947014918  0.93009732474992390  0.94080779442025575  0.95223895634380462
  0.96357380248666269  0.97485242257655047  0.98678004401704023  1.00000000000000000
  0.00326565677549108  0.01139112123851145  0.02099467770048004  0.03170153516350460
  0.04218404909649869  0.05332400616454531  0.06395903104629860  0.07471011036231345
  0.08507781807369917  0.09534748186156516  0.10600599447630617  0.11684977825448638
  0.12811992501057567  0.13925228214957336  0.14975647857959987  0.16004100235374308
  0.17050479984811556  0.18089852429755757  0.19096313846711205  0.20053941208137782
  0.21007129981722150  0.21957241089324356  0.22892578333995844  0.23886019487621499
  0.24930571010724009  0.25981793588381896  0.27003871126561046  0.28012165618884760
  0.29063986545716453  0.30085655220863766  0.31070932966862358  0.32073854184544209
  0.33114746965656561  0.34132029087901039  0.35107660710152938  0.36100120473367731
  0.37137888596500190  0.38130489424631320  0.39092465930337278  0.40088211854071953
  0.41173147946883654  0.42238586539345846  0.43255412247929503  0.44288050640884680
  0.45372272329070268  0.46480888744030469  0.47596432868429323  0.48671959646810242
  0.49746909868682809  0.50904558899381547  0.52125653093282609  0.53346923980467631
  0.54523283051186167  0.55678704764619646  0.56800476597208427  0.57876143039843131
  0.58938033090308362  0.60037659305770308  0.61211938987569292  0.62410809166526626
  0.63561334852497520  0.64659708775246705  0.65742177110379896  0.66783812563399492
  0.67794212603530213  0.68862603387750598  0.69988873747801117  0.71085550617826443
  0.72103014014066580  0.73064372339749140  0.74003591037653593  0.74933777416638214
  0.75850805389628650  0.76792341388497776  0.77760206823591016  0.78735868350765570
  0.79756164123850537  0.80872076438386842  0.81928469677947280  0.82895954970644126
  0.83842976341106290  0.84827925589441822  0.85868934107157091  0.86970075385794254
  0.88107730819748242  0.89262390107079748  0.90323585025108277  0.91326823246539168
  0.92304703168117563  0.93269713186183667  0.94285333510177538  0.95350525089723948
  0.96488260992279618  0.97574177473365387  0.98790085216855550  1.00000000000000000
  0.03055800872445118  0.03675829059672178  0.04583980967872556  0.05605455004616611
  0.06577935112908204  0.07583675038609412  0.08602920867222852  0.09557817595955355
  0.10546455799409057  0.11562611350344017  0.12554144299637818  0.13460640843153870
  0.14352150200543212  0.15342361342179728  0.16400436171392685  0.17452445002460495
  0.18549998915888027  0.19608246217293246  0.20729430806360666  0.21800468920531713
  0.22839706179882296  0.23823512960567508  0.24828950951021972  0.25909924076853535
  0.26989413552137642  0.28050943229841901  0.29074368921848226  0.30092171860361611
  0.31097892455139753  0.32085828900271751  0.33058924826352876  0.33997964038875400
  0.34910224258243078  0.35844252742086713  0.36778092637495180  0.37717536808840169
  0.38703856789258750  0.39728168189634472  0.40819286956717965  0.41870083433253447
  0.42910017886241969  0.43936489575514015  0.44932402801659993  0.45942278105724838
  0.46959507331696526  0.48028091857577937  0.49110837927073520  0.50175732573536203
  0.51216605455667175  0.52266707162159043  0.53353362921390124  0.54451768709745030
  0.55523998066868285  0.56543201427446410  0.57513051173656060  0.58427025778606378
  0.59294751177742111  0.60147823502536923  0.61019209800742202  0.61892913796565108
  0.62808996468228484  0.63757770929978586  0.64771483475629588  0.65802370485183992
  0.66808571121873539  0.67774373843425573  0.68736994149513242  0.69719440390941811
  0.70692646088801170  0.71682181927126376  0.72647653914632448  0.73637675034031036
  0.74639304547523089  0.75721178015931190  0.76858974822464055  0.77980842595778188
  0.79084377288800733  0.80132728295369393  0.81161492796892443  0.82171536212457796
  0.83170577097631515  0.84176162168307611  0.85158732578827145  0.86209533920881887
  0.87253301633936353  0.88274338621986304  0.89287210823716101  0.90304392488279417
  0.91334492030726278  0.92347133799725245  0.93354046128830492  0.94384861220125127
  0.95482444443695980  0.96424730604527498  0.96921828377179520  1.00000000000000000
  0.00302183242584978  0.01297618534844093  0.02440522176260403  0.03607051752047249
  0.04665797237035277  0.05610600653618468  0.06535844259734573  0.07488242068113118
  0.08435950003365074  0.09377979430397963  0.10343594034028192  0.11441448240656724
  0.12569350277663033  0.13586446835192445  0.14525738405172522  0.15514408083302345
  0.16570142408819899  0.17699264710452692  0.18754793896937133  0.19797379747159341
  0.20844424449642415  0.21897560483861425  0.23016465475748779  0.24103388899492606
  0.25206149814900480  0.26320346911512049  0.27434430690138878  0.28549899974068527
  0.29626311820681023  0.30716244377749152  0.31773803422691788  0.32854503573642990
  0.33921858608950844  0.35001394945731990  0.36060201295048638  0.37124283321242468
  0.38157699237747589  0.39198317074970929  0.40282082402170016  0.41390982497613360
  0.42465805806684703  0.43505600132517919  0.44577324818826020  0.45697485336967930
  0.46781684412282171  0.47851820512406978  0.48904838738736311  0.49951406352960248
  0.50980686702431255  0.51964969194570654  0.53060814566759817  0.54157286037189056
  0.55181028122577569  0.56175577466049631  0.57229078674583489  0.58329074643462231
  0.59308606592309365  0.60231207122985708  0.61163000696330105  0.62095679338696275
  0.63040323095403861  0.63965759100769681  0.64964061102942894  0.66039334512530157
  0.67095766330402928  0.68099582422482885  0.69119364219907942  0.70177458105304635
  0.71188452137072400  0.72157263780954684  0.73127306451265595  0.74174979485272841
  0.75285645769712828  0.76421734438451117  0.77532952866879790  0.78618913786530042
  0.79716343847725368  0.80858869118939547  0.81988729517723247  0.83098505907873177
  0.84218914352898910  0.85336675778860349  0.86409774470209877  0.87473367553213499
  0.88595913746242794  0.89696768466904842  0.90717271930877497  0.91739519709828998
  0.92774229012965892  0.93821368136398842  0.94839924003996268  0.95871135995763279
  0.96915078976088498  0.97941887503712954  0.98984932134812287  1.00000000000000000
 -0.00030274290287088  0.00193688094042785  0.00346005783711067  0.00538267261433476
  0.00776706134557135  0.01062621763753180  0.01380765978018252  0.01736676081674859
  0.02146726136150482  0.02608279140912037  0.03069308172978512  0.03559709317917554
  0.04078348610590456  0.04646204857365156  0.05249738183350051  0.05858083479809646
  0.06454729651586663  0.07053320867524825  0.07713669550531625  0.08424119066141608
  0.09216566013635774  0.10056333068382445  0.10874513826655155  0.11649361529658997
  0.12416041050728151  0.13204165008181198  0.13997318588619120  0.14815149472052028
  0.15701584082674161  0.16599475128354560  0.17502289831416817  0.18375113078998731
  0.19257926379819673  0.20164867777095527  0.21089433835033763  0.22053046212566690
  0.23032023387287076  0.24024890538825788  0.25021968516720250  0.25988903017749343
  0.26967555456974351  0.27998939425808528  0.29078111707526771  0.30249497694354882
  0.31433358552240742  0.32606109984969034  0.33739041133900322  0.34842069654767754
  0.35951747518691179  0.37089221923931659  0.38246564069130995  0.39426015808581250
  0.40655504708716528  0.41938293641030733  0.43254060100083513  0.44573719729800576
  0.45883723383881642  0.47164230573977473  0.48413373328734532  0.49651088609036215
  0.50915890429957811  0.52209925040068750  0.53536329004357175  0.54875327848715849
  0.56194520404267845  0.57495248783799535  0.58794539878341601  0.60087828811237209
  0.61388946415451351  0.62729557593082219  0.64088772673289174  0.65449535627848954
  0.66859995841518038  0.68316524526116951  0.69705601834549191  0.71076619427344845
  0.72507801818516859  0.73969482320826729  0.75441172655173661  0.76906011240770500
  0.78335393676592602  0.79762271173135313  0.81207374689539258  0.82693783303394564
  0.84202456479617072  0.85666930737308300  0.87089591172428904  0.88501001912223709
  0.89899152711522756  0.91301198826484720  0.92740475502124076  0.94234176352147803
  0.95710283868580837  0.97166993181311934  0.98598864358495353  1.00000000000000000
 -0.00381016282103403  0.01212514547059351  0.02417720339615569  0.03519843014314800
  0.04574966587255453  0.05612070143145940  0.06666182571528512  0.07716814621542584
  0.08761456716711238  0.09807001577376098  0.10895953604936465  0.12053771622763051
  0.13234609539214187  0.14398621449482885  0.15534945331210587  0.16653186598219191
  0.17775888962447503  0.18910715832407163  0.20072546070313529  0.21258992407622446
  0.22408765106132220  0.23472264555000855  0.24406348301874073  0.25403275408974219
  0.26404931845815288  0.27423427495459568  0.28381273186385136  0.29363986949722254
  0.30367552790472396  0.31361083240335502  0.32341680546864160  0.33344167068156894
  0.34394225086061270  0.35452633656906546  0.36505002126877384  0.37573832715915068
  0.38673454238582272  0.39776806741695570  0.40827462483853955  0.41890078540952175
  0.42963399046639195  0.44005348442306358  0.44979671951170980  0.46001916667100395
  0.47038547102839351  0.48021864857100971  0.48991563825696571  0.49952684735875075
  0.51032826457387104  0.52084500525098254  0.53179771516526442  0.54215813959437298
  0.55153110067995736  0.56103349740026864  0.57118442732304175  0.58168274288475796
  0.59161201172154143  0.60138650018419093  0.61105951530354774  0.62037185787387172
  0.62961396896560562  0.63897008365951191  0.64870848319478536  0.65864300164949474
  0.66879907211861034  0.67929435093646306  0.68954974569476302  0.69941692055959481
  0.70961087340746043  0.72032460808329746  0.73123638000403068  0.74213499990606779
  0.75331227767559072  0.76496921018142472  0.77650086519192763  0.78704834404340729
  0.79701540365930856  0.80711788046830701  0.81777252912457121  0.82972824396365430
  0.84208161570644524  0.85419628466035002  0.86611326132305089  0.87772401847507142
  0.88957172212897895  0.90063571417276689  0.91104517115814720  0.92072588815813361
  0.92972727510911157  0.93882268706357430  0.94833563236858165  0.95805574238212743
  0.96826146761946208  0.97766197506161912  0.98886870571429863  1.00000000000000000
 -0.00253744004116002  0.00959341486856189  0.02026921905344701  0.03132839233615038
  0.04236483223604079  0.05377098815366647  0.06479601380899659  0.07577388649606343
  0.08615605342640069  0.09612911827281963  0.10620944573666098  0.11658091381795284
  0.12651441739357178  0.13590778760031533  0.14493257351264352  0.15410197712079962
  0.16329309160150024  0.17259264903172924  0.18219686761453105  0.19193457796923449
  0.20212629010376323  0.21269390800850413  0.22358273370050719  0.23439232510948321
  0.24493800768608914  0.25526137947253591  0.26529994961078790  0.27547844889892831
  0.28584169445756336  0.29637955726088550  0.30661029006333035  0.31731647243584432
  0.32857785199534839  0.33978571022246951  0.35104564241645492  0.36241999003196140
  0.37378584301609247  0.38437266872647574  0.39466338982863752  0.40498807987346586
  0.41532684105156376  0.42560415291720910  0.43555125091045416  0.44541954238622067
  0.45542444374548269  0.46561186581754060  0.47573790755277873  0.48579880717093576
  0.49528963611663185  0.50477663295219755  0.51408805570102578  0.52428319651979294
  0.53530369849991466  0.54722542293653698  0.55923250387261414  0.57056149782897436
  0.58123426015349267  0.59161505660392832  0.60204340236236598  0.61243975263772421
  0.62278929972834729  0.63340573664060185  0.64399748309447313  0.65494652006478071
  0.66586695096895554  0.67660667739774638  0.68742599642937308  0.69815987237116961
  0.70877431819055459  0.71917199617445038  0.72984174398535040  0.74070149672310581
  0.75156728174666632  0.76232318282496792  0.77305565500040296  0.78402410477202178
  0.79547839349710769  0.80729325827221809  0.81874356653205937  0.82968639705923419
  0.84089422142480164  0.85215657174695425  0.86252698366917246  0.87257474455284778
  0.88331769171349184  0.89446887289511057  0.90486242727238086  0.91465779285893800
  0.92466204001519470  0.93501940299810815  0.94551607583357244  0.95639074290556658
  0.96711960356422366  0.97829645280512745  0.98891800351718373  1.00000000000000000
 -0.00213261024623520  0.00882849369936130  0.01771759322174849  0.02716840722846015
  0.03678034439181149  0.04666171343994115  0.05719704819527935  0.06743364730848540
  0.07764565591530545  0.08754413883789461  0.09691777201658544  0.10663484410189243
  0.11665260872461300  0.12694363315699869  0.13721239296590829  0.14738566645881612
  0.15786634490560086  0.16811959423279982  0.17809496718226467  0.18816004886183099
  0.19855866337314840  0.20887505840291182  0.21905353393458091  0.22943753068185718
  0.24035491538104814  0.25161389199085898  0.26291130504941451  0.27424410184765907
  0.28557995310250855  0.29698224477750346  0.30849925962264124  0.32003300834372206
  0.33116631764105076  0.34250543216072066  0.35355508080990916  0.36433877454229086
  0.37460436820257215  0.38532276508076146  0.39562870072995482  0.40719417034397426
  0.41888980831417855  0.43150582055369791  0.44279228540132182  0.45353321768985927
  0.46365694660573514  0.47318617926427942  0.48275887336674994  0.49262327047555421
  0.50315173023559301  0.51392457471923536  0.52454682865423918  0.53499319481326513
  0.54479078912935763  0.55452901617392403  0.56453137266038156  0.57492588067625428
  0.58562241093217271  0.59530751385510772  0.60604465889796555  0.61606834000177080
  0.62644337001696004  0.63701013756936165  0.64769842163244196  0.65879558301303143
  0.66952151219468703  0.68047824217013597  0.69129477340453827  0.70182645582516257
  0.71267088834144943  0.72345666744647030  0.73355618894582009  0.74286392757969599
  0.75226060812922457  0.76220586243941379  0.77307934080675844  0.78447309301292789
  0.79520509034240427  0.80577913326946582  0.81591326278892740  0.82588813080281220
  0.83612167649189051  0.84688916523567004  0.85806749516848368  0.86952412971373183
  0.88061132298555322  0.89215232381022658  0.90266123153499678  0.91327435637880983
  0.92393741028820242  0.93421117182307478  0.94441913194569671  0.95502783821034676
  0.96652837719405482  0.97807955806190572  0.98918528707366982  1.00000000000000000
 -0.00240991319200834  0.00893133480021887  0.01907801307758641  0.02980012697124972
  0.04092633760433610  0.05173956119892120  0.06229572172041796  0.07360149273000158
  0.08470517038399206  0.09516704988778971  0.10537049368216336  0.11555844498167409
  0.12608633861802579  0.13671828139069264  0.14725902912542385  0.15798849634530077
  0.16863682270777741  0.17957298213606190  0.19034786062372314  0.20099727256041383
  0.21153749601143221  0.22198624132851733  0.23247852819918033  0.24247031179174874
  0.25250712322021523  0.26282997382101758  0.27335971682517507  0.28381785964833967
  0.29423153215788245  0.30533393796311903  0.31769007179944103  0.33026082554583897
  0.34223490924146077  0.35323352489119203  0.36338228391821470  0.37330285556029064
  0.38301900838598613  0.39283542550133121  0.40267732107128068  0.41245911362176063
  0.42261829600096285  0.43277603275102056  0.44294402315661419  0.45322872760108801
  0.46432797547139965  0.47503025335482940  0.48488148610228682  0.49423360479950329
  0.50449296482173078  0.51534077878566176  0.52601757698188745  0.53612103557803603
  0.54668188750273772  0.55764548339155096  0.56852895735309650  0.57914041356742640
  0.58963021096100099  0.60027473155156696  0.61148330084819114  0.62274281721713232
  0.63335162178081961  0.64374226579000970  0.65403450196224433  0.66409757617436871
  0.67426825959932379  0.68392372088120867  0.69473332053044112  0.70610839423751848
  0.71690548154716149  0.72765737165562339  0.73838363417964625  0.74948135396791205
  0.76061274886390740  0.77182197593187485  0.78349091281253358  0.79438734944788769
  0.80473263330211542  0.81514754798402633  0.82643618083542103  0.83763573412893988
  0.84863440183746164  0.85889649940546398  0.86877874941678956  0.87897705004189075
  0.88926707045288489  0.89950538015008641  0.90951050665765754  0.92022067904897620
  0.93173011146439533  0.94260064132014965  0.95306424366034115  0.96288034022722235
  0.97254334746368543  0.98209569889662640  0.99120858090226049  1.00000000000000000
 -0.00207958152935006  0.00769335330897655  0.01649286448506123  0.02656800907458147
  0.03686989769141204  0.04703938451602389  0.05707371000983026  0.06788112111776247
  0.07914083237934588  0.09049843579763656  0.10186548550412650  0.11309830699833126
  0.12416973288468776  0.13542929616748978  0.14651717053691379  0.15738254347397612
  0.16809596726773005  0.17851895139319143  0.18881001962529972  0.19894083421710992
  0.20876280075986114  0.21831237210138785  0.22810606779141804  0.23838307078073273
  0.24885435697264288  0.25907751081281732  0.26912787759626361  0.27855870879782335
  0.28841859719078411  0.29852126540627388  0.30866121235785637  0.31852545014790529
  0.32812374654034038  0.33820139949470207  0.34932120959605517  0.35963625779829150
  0.36983972780342578  0.38046837235996522  0.39102571661885888  0.40168735726656662
  0.41193944494947193  0.42349427382135740  0.43540565997045205  0.44682509412121979
  0.45806364422887053  0.46922085750690440  0.48044797362416353  0.49124823953681757
  0.50165512762427344  0.51194447793055065  0.52250297662291179  0.53354529770962156
  0.54486574539164212  0.55596949833918008  0.56683351817735539  0.57773055606669044
  0.58886503443230231  0.60018034774001860  0.61130651216904341  0.62219445227465009
  0.63287042511157454  0.64389137956695552  0.65562721824340664  0.66812955051826095
  0.68080080838924006  0.69312020269977470  0.70492194985424128  0.71608874120846588
  0.72692571287910757  0.73777969662457743  0.74868908372163501  0.75957413525694650
  0.77050501652248338  0.78066332250581194  0.79001443565901663  0.79901988527131340
  0.80837770451690072  0.81853625995105384  0.82910555319789381  0.83988388702936534
  0.85055469269670481  0.86072433935509962  0.87052849108592723  0.88040917594537560
  0.89032343901239741  0.90012003963147680  0.90955521436396769  0.91900619585356769
  0.92871080887971069  0.93852201197143970  0.94830766280239043  0.95798776277012154
  0.96776813407667595  0.97768421731494293  0.98871134937622274  1.00000000000000000
 -0.00169281989227052  0.00671522407568735  0.01376951315496586  0.02101536251618722
  0.02890826053664946  0.03705272681032818  0.04545560066568722  0.05351599792220721
  0.06165282927824615  0.07028831098133403  0.07926282941662736  0.08851912477514794
  0.09819002718692045  0.10744593368749680  0.11668091315292863  0.12555741727927597
  0.13453181447657905  0.14317040600075912  0.15161870320858750  0.16015738359313361
  0.16922280206749918  0.17883634978175791  0.18878369467547204  0.19895563424357163
  0.20938118023527488  0.22020709078488560  0.23117170176263926  0.24237965946734236
  0.25404709665985625  0.26582965610089587  0.27738012247906468  0.28842225028242796
  0.29947407873094561  0.31037098902032106  0.32117035835973201  0.33175961940331850
  0.34289423057035689  0.35404550984903571  0.36565154821299495  0.37702575861243737
  0.38848578669136968  0.39986924000706947  0.41064762840392083  0.42168355953926384
  0.43315983564259147  0.44558808242410181  0.45862416103502085  0.47091367955531477
  0.48277020093748513  0.49487904414547557  0.50618439366837575  0.51616093195776092
  0.52621829676846887  0.53678709332750951  0.54809697645387556  0.55939920880392580
  0.57129647871596723  0.58351944235832054  0.59530974012339666  0.60691598127060964
  0.61838038635563641  0.62986438252602828  0.64110694557377434  0.65248462056561718
  0.66388462069971554  0.67521619118808140  0.68592515951446076  0.69647711369205900
  0.70715588270494911  0.71845008909377406  0.73042690759062789  0.74246970271098622
  0.75467872945569059  0.76691325213015848  0.77926367695754473  0.79125522098432666
  0.80287162927696964  0.81479390426048615  0.82735422479288756  0.83894329138848700
  0.85023017421783220  0.86060710799351492  0.87112184766724998  0.88163886596315388
  0.89248586587980006  0.90292237247213958  0.91287473308812328  0.92287062123242825
  0.93303123246076936  0.94343276442274093  0.95414748133329863  0.96405227745802335
  0.97378893985491877  0.98296262020820457  0.99151594646127705  1.00000000000000000
 -0.00267908965536756  0.00995771911160727  0.02071101934452877  0.03133016367327179
  0.04182119416632277  0.05188128729118803  0.06197114696636449  0.07170080502851560
  0.08112704574968510  0.09025355261330574  0.09956360484229620  0.10938107591469338
  0.11971744578594795  0.12999017056843087  0.13991455634613706  0.14986651162017731
  0.16029545532872644  0.17103581626436667  0.18180531195543617  0.19203701376866644
  0.20208055773528588  0.21207933899445772  0.22199636663653954  0.23216337933156950
  0.24278442327833624  0.25360448612741815  0.26445781183063616  0.27541980542906735
  0.28631794359754242  0.29807326003860540  0.31022433196062377  0.32189637011237021
  0.33337306207538142  0.34470285525422512  0.35553942005758804  0.36563529506878623
  0.37550120573349965  0.38610055642307284  0.39703442810192169  0.40809280486261318
  0.41942499960616297  0.43073624493486257  0.44179389364251437  0.45250563897838131
  0.46342523609267988  0.47464305928300377  0.48552377553776110  0.49610380906453216
  0.50640516473194330  0.51679933567260328  0.52722875923700641  0.53721577370859708
  0.54679901492924021  0.55593499130047497  0.56506304511168925  0.57442155596607991
  0.58423365385144599  0.59471900995164417  0.60559627184836584  0.61712444297166935
  0.62891327086717841  0.64021516902871645  0.65106327318903123  0.66176479441374281
  0.67257299643218627  0.68312679559677270  0.69350971733625089  0.70402222175027362
  0.71449927798550739  0.72559151628255303  0.73686985781009573  0.74834232645277343
  0.75963879808136658  0.77056206344253131  0.78144138219589176  0.79200833520299208
  0.80377978014311269  0.81478476324822358  0.82502563459785272  0.83502525306888120
  0.84467590784064084  0.85427395328530198  0.86371567117609838  0.87272937715743459
  0.88202437668129896  0.89161819842532208  0.90222111906057478  0.91420729988046079
  0.92493851959501838  0.93519867656457667  0.94610581267803895  0.95687848902791872
  0.96732919607528300  0.97744960857049024  0.98857599993420053  1.00000000000000000
 -0.00640863259261588  0.03502963727445352  0.06093689794202130  0.08116409920886733
  0.09817046897928981  0.11331131186508450  0.12714623329612396  0.14078268023719878
  0.15386872785045824  0.16626741787458088  0.17819735570472856  0.18925699864010379
  0.19933183006750493  0.20904229964268212  0.21821087648560530  0.22742065525042801
  0.23639360410811550  0.24526285222218819  0.25406985492934858  0.26313653998278957
  0.27246614384781670  0.28176219636204330  0.29033142380018806  0.29867123296736631
  0.30685148670747175  0.31591714433774160  0.32536406092059583  0.33399949138616436
  0.34166628355294271  0.34914192466936178  0.35660676017620696  0.36442592796241885
  0.37232742417090420  0.38019171848716571  0.38804312186878581  0.39637810441380017
  0.40500137739444370  0.41350614285634646  0.42180369753396779  0.42998274551037130
  0.43823779114913508  0.44634029742767900  0.45425606926043671  0.46205531863195953
  0.46991045357418565  0.47808524007720560  0.48622165875130474  0.49448757869369447
  0.50223782817406926  0.51011062861776157  0.51791946736405348  0.52576942550826700
  0.53377721921194754  0.54192295053419848  0.55023069132285640  0.55853003110879340
  0.56640815645971421  0.57400357040735095  0.58179676080133058  0.58958490520549522
  0.59723458237888793  0.60495860130547274  0.61271594692998765  0.62074548602182267
  0.62921581471285049  0.63788337599205036  0.64661789338558329  0.65520656574545821
  0.66384233634259060  0.67279590171120296  0.68209073199619308  0.69120228329366995
  0.70009189191114363  0.70879650728987631  0.71733722205419470  0.72605254397420038
  0.73495892908047478  0.74395386635235694  0.75317188671145463  0.76269137203122517
  0.77235302058965127  0.78212314032746300  0.79205225955920444  0.80231395462494093
  0.81287116127200076  0.82402304893613432  0.83576669556532779  0.84800309698579401
  0.86049672792957799  0.87364289155472075  0.88820490098667548  0.90501916948739780
  0.92387781861837315  0.94431472615021417  0.96825730511636499  1.00000000000000000
 -0.00202170357873084  0.00763021762240827  0.01639669777801066  0.02525385266653337
  0.03494324569790208  0.04481797231832801  0.05458593626680588  0.06446679225290389
  0.07524441451209118  0.08629989844390687  0.09754187808621712  0.10906750779175159
  0.12096661112430751  0.13244832311792382  0.14288674397319262  0.15297480304110134
  0.16276444728682771  0.17252373238609817  0.18260469004904156  0.19338783799091461
  0.20469626212515282  0.21597724373865609  0.22670112739967849  0.23733864208827610
  0.24812798997330285  0.25933775665326875  0.27095964684897067  0.28231109706293295
  0.29344761286769927  0.30411842033750641  0.31516924072544039  0.32605308211825734
  0.33691118893190158  0.34762323017262131  0.35820118870877210  0.36866105540140115
  0.37899193339409876  0.38893634048968917  0.39844057281160855  0.40778704049828435
  0.41757508322109071  0.42791004492169477  0.43851964381444397  0.44922537255763556
  0.46040757338431282  0.47221542707627151  0.48365457433708314  0.49451357611294111
  0.50529408081539218  0.51621503269189828  0.52701772965730032  0.53759246455938203
  0.54798986690710105  0.55809904123835874  0.56843524076914620  0.57858312999204542
  0.58884823914803164  0.59915684314210638  0.60989977295153397  0.62090823417972374
  0.63158853944161708  0.64229161875345420  0.65331580333122008  0.66462164057154438
  0.67552621609043340  0.68639009706683685  0.69775132736579226  0.70937389201825019
  0.72084319380607220  0.73181030759001608  0.74226150820964165  0.75227059204642133
  0.76211065011676016  0.77236591083182937  0.78267683411449906  0.79264629796421870
  0.80237577193283216  0.81224478707307635  0.82263606516533960  0.83297296551617273
  0.84294522070045208  0.85320642530499546  0.86382157499004075  0.87460776257844264
  0.88500538182309973  0.89524928615096289  0.90554366855931556  0.91589818904015186
  0.92630903767953365  0.93645637390409031  0.94681009124027282  0.95767177133182990
  0.96813156959102731  0.97917988533255296  0.98946585419982358  1.00000000000000000
 -0.01490272867002734  0.17168787848400976  0.24401596174106716  0.29869959947322039
  0.33954752046918152  0.37333466919642766  0.40393674173757194  0.43189262543858176
  0.45708863425913931  0.48049129181448091  0.50210079200677282  0.52140219920022268
  0.53910711854824356  0.55561772355012151  0.57121473310947357  0.58531383662195846
  0.59838553646171566  0.61112853736573292  0.62318734012217880  0.63424348701930622
  0.64451229719109615  0.65416187452278285  0.66357113378591148  0.67289076620793142
  0.68196127801128403  0.69027148018849538  0.69801928923567780  0.70549965257650893
  0.71307612685140442  0.72050075810155967  0.72765536851807300  0.73445638522761614
  0.74104841452049408  0.74757095003711982  0.75400876316748922  0.76011740880044965
  0.76619122549115959  0.77177015428577667  0.77695543384198285  0.78211365565869650
  0.78730876264807648  0.79242546268177094  0.79724985218047939  0.80189184751002163
  0.80648464199342362  0.81111842597763495  0.81573971260500411  0.82032693160574444
  0.82484407820150540  0.82928278103546549  0.83375323496181653  0.83825465023206658
  0.84272177516916535  0.84717116232606515  0.85149301297163593  0.85581557678078846
  0.86000980844381503  0.86414124134829495  0.86811674176479070  0.87210923956472974
  0.87607312508712543  0.87987746195795802  0.88362025480912765  0.88757532028467356
  0.89154449696463689  0.89529985514015598  0.89879067376131017  0.90209085170813785
  0.90528903429904217  0.90845745400771150  0.91162474308365138  0.91474172140261578
  0.91776785888145451  0.92074366458670587  0.92373379293442315  0.92666788317695870
  0.92950001098476809  0.93231145895185041  0.93507087051540094  0.93781862103570723
  0.94058242403128400  0.94338230048944316  0.94629126840113786  0.94914991410696492
  0.95193664633876607  0.95465177269031321  0.95750420526562352  0.96056847321116368
  0.96383484337239345  0.96726001347599300  0.97068990019154711  0.97422596959490237
  0.97811651203025851  0.98286959464438284  0.98967655897873130  1.00000000000000000
 -0.01805320707700029  0.12272718643786501  0.18085381440250337  0.21482342008082297
  0.23868445713229930  0.25844999406015212  0.27646665707076151  0.29295365408699631
  0.30757743270948584  0.32063526050421010  0.33258226150893361  0.34404074220583819
  0.35480441727613554  0.36423588114503785  0.37365112793901867  0.38256141240225139
  0.39078071001029002  0.39838455813653056  0.40553182354188028  0.41248125045693934
  0.41921203115624162  0.42633283513734405  0.43321717940734994  0.44020429314412818
  0.44704050846865523  0.45390615825389757  0.46049526268535301  0.46660261472410691
  0.47249392751514013  0.47820266025817348  0.48379707892602786  0.48946813679614082
  0.49526069044293758  0.50100449088848731  0.50663202475403735  0.51217724080239024
  0.51766057639623297  0.52300558717574974  0.52802402918476865  0.53283697424598386
  0.53760651726618924  0.54253102139088483  0.54759774995107535  0.55286876513109406
  0.55775444164050170  0.56256904796952045  0.56747331160303327  0.57248812345134525
  0.57746756181579728  0.58240697069079483  0.58737504718699374  0.59248413544902634
  0.59775793222685525  0.60296697974703584  0.60798117629592430  0.61275565482081151
  0.61748275979650769  0.62227114515345616  0.62700293711463018  0.63172246860466341
  0.63666074851167920  0.64159158326224319  0.64653475847410480  0.65136178387140864
  0.65604466666147687  0.66062618132490747  0.66527723974436848  0.67018579064977202
  0.67530540742240719  0.68054006440740755  0.68580663319036939  0.69122416296599043
  0.69676136339308248  0.70232198426936798  0.70803177853117116  0.71388661705200418
  0.71983897410892494  0.72592148846507754  0.73229126165348346  0.73914345357654676
  0.74616774143613329  0.75324710541486328  0.76076869568360106  0.76834481009234867
  0.77621831586953871  0.78464334991779661  0.79363520999875259  0.80330373557288604
  0.81380007863037185  0.82520968462020350  0.83789761247479333  0.85194335100534624
  0.86734876260204952  0.88633323110558215  0.91778306817936073  1.00000000000000000
   1.0800080004413651E-010  -1.0000000000000000     
 F F F F F F F F F F F F F F F F F F F F F F F F F F F F F F F F F F F F F F F F F F F F F F F F F F F F F F F F F F F F F F F F F F F F F F F F F F F F F F F F F F F F F F F F F F F F F F F F F F F F F F F F F F F F F F F F F F F F F F F F F F F F F F F F F F F F F F F F F F F F F F F F F F F F F F F F F F F F F F F F F F F F F F F F F F F F F F F F F F F F F F F F F F F F F F F F T F F F F F F F F F F F F F F F F F F F F F F F F F F F F F F F F F F F F F F F F F F F F F F F F F F F F F F F F F F F F F F F F F F F F F F F F F F F F F F F F F F F F F F F F F F F F F F F F F F F F F F F F F F F F F F F F F F F F F F F F F F F F F F F F F F F F F F F F F F F F F F F F F F F F F F F F F F F F F F F F F F F F F F F F F F F F F F F F F F F F F F F F F F F F F F F F F F F F F F F F F F F F F F F F F F F F F F F F F F F F F F F F F F F F F F F F F F F F F F F F F F F F F F F F F F F F F F F T F F F F F F F F F F F F F F F F F F F F F F F F F F F F F F F F F F F F F F F F F F F F F F F F F F F F F F F F F F F F F F F
  <DiscreteSampler_grid>
  grouped_processes
  1 # 1 for a reference and 2 for a running grid.
  10 # Attribute 'min_bin_probing_points' of the grid.
  1 # Attribute 'grid_mode' of the grid. 1=='default',2=='initialization'
  0.0000000000000000 # Attribute 'small_contrib_threshold' of the grid.
  0.5000000000000000 # Attribute 'damping_power' of the grid.
 # binID   n_entries weight   weight_sqr   abs_weight
    103   10   1.997584028841750E-002   9.664270145308308E-004   1.997584028841750E-002
    104   10   1.997584028841732E-002   9.664270145308201E-004   1.997584028841732E-002
    106   10   1.072923898959431E-003   2.788025781197339E-006   1.072923898959431E-003
    107   10   1.072923898959421E-003   2.788025781197309E-006   1.072923898959421E-003
    109   10   1.072923898959431E-003   2.788025781197339E-006   1.072923898959431E-003
    110   10   1.072923898959421E-003   2.788025781197309E-006   1.072923898959421E-003
    112   10   1.997584028841750E-002   9.664270145308308E-004   1.997584028841750E-002
    113   10   1.997584028841732E-002   9.664270145308201E-004   1.997584028841732E-002
    115   10   3.995168057683499E-002   3.865708058123323E-003   3.995168057683499E-002
    116   10   3.995168057683464E-002   3.865708058123280E-003   3.995168057683464E-002
    118   10   2.145847797918862E-003   1.115210312478936E-005   2.145847797918862E-003
    119   10   2.145847797918842E-003   1.115210312478924E-005   2.145847797918842E-003
    121   10   2.145847797918862E-003   1.115210312478936E-005   2.145847797918862E-003
    122   10   2.145847797918842E-003   1.115210312478924E-005   2.145847797918842E-003
    124   10   3.995168057683499E-002   3.865708058123323E-003   3.995168057683499E-002
    125   10   3.995168057683464E-002   3.865708058123280E-003   3.995168057683464E-002
    127   10   1.072923898959429E-003   2.788025781197337E-006   1.072923898959429E-003
    128   10   1.072923898959420E-003   2.788025781197306E-006   1.072923898959420E-003
    130   10   5.762789831803877E-005   8.043119283451128E-009   5.762789831803877E-005
    131   10   5.762789831803822E-005   8.043119283451035E-009   5.762789831803822E-005
    133   10   5.762789831803877E-005   8.043119283451128E-009   5.762789831803877E-005
    134   10   5.762789831803822E-005   8.043119283451035E-009   5.762789831803822E-005
    136   10   1.072923898959429E-003   2.788025781197337E-006   1.072923898959429E-003
    137   10   1.072923898959420E-003   2.788025781197306E-006   1.072923898959420E-003
    139   10   2.145847797918858E-003   1.115210312478935E-005   2.145847797918858E-003
    140   10   2.145847797918840E-003   1.115210312478922E-005   2.145847797918840E-003
    142   10   1.152557966360775E-004   3.217247713380451E-008   1.152557966360775E-004
    143   10   1.152557966360764E-004   3.217247713380414E-008   1.152557966360764E-004
    145   10   1.152557966360775E-004   3.217247713380451E-008   1.152557966360775E-004
    146   10   1.152557966360764E-004   3.217247713380414E-008   1.152557966360764E-004
    148   10   2.145847797918858E-003   1.115210312478935E-005   2.145847797918858E-003
    149   10   2.145847797918840E-003   1.115210312478922E-005   2.145847797918840E-003
    151   10   1.072923898959429E-003   2.788025781197337E-006   1.072923898959429E-003
    152   10   1.072923898959420E-003   2.788025781197306E-006   1.072923898959420E-003
    154   10   5.762789831803877E-005   8.043119283451128E-009   5.762789831803877E-005
    155   10   5.762789831803822E-005   8.043119283451035E-009   5.762789831803822E-005
    157   10   5.762789831803877E-005   8.043119283451128E-009   5.762789831803877E-005
    158   10   5.762789831803822E-005   8.043119283451035E-009   5.762789831803822E-005
    160   10   1.072923898959429E-003   2.788025781197337E-006   1.072923898959429E-003
    161   10   1.072923898959420E-003   2.788025781197306E-006   1.072923898959420E-003
    163   10   2.145847797918858E-003   1.115210312478935E-005   2.145847797918858E-003
    164   10   2.145847797918840E-003   1.115210312478922E-005   2.145847797918840E-003
    166   10   1.152557966360775E-004   3.217247713380451E-008   1.152557966360775E-004
    167   10   1.152557966360764E-004   3.217247713380414E-008   1.152557966360764E-004
    169   10   1.152557966360775E-004   3.217247713380451E-008   1.152557966360775E-004
    170   10   1.152557966360764E-004   3.217247713380414E-008   1.152557966360764E-004
    172   10   2.145847797918858E-003   1.115210312478935E-005   2.145847797918858E-003
    173   10   2.145847797918840E-003   1.115210312478922E-005   2.145847797918840E-003
    175   10   1.997584028841750E-002   9.664270145308308E-004   1.997584028841750E-002
    176   10   1.997584028841732E-002   9.664270145308201E-004   1.997584028841732E-002
    178   10   1.072923898959431E-003   2.788025781197339E-006   1.072923898959431E-003
    179   10   1.072923898959421E-003   2.788025781197309E-006   1.072923898959421E-003
    181   10   1.072923898959431E-003   2.788025781197339E-006   1.072923898959431E-003
    182   10   1.072923898959421E-003   2.788025781197309E-006   1.072923898959421E-003
    184   10   1.997584028841750E-002   9.664270145308308E-004   1.997584028841750E-002
    185   10   1.997584028841732E-002   9.664270145308201E-004   1.997584028841732E-002
    187   10   3.995168057683499E-002   3.865708058123323E-003   3.995168057683499E-002
    188   10   3.995168057683464E-002   3.865708058123280E-003   3.995168057683464E-002
    190   10   2.145847797918862E-003   1.115210312478936E-005   2.145847797918862E-003
    191   10   2.145847797918842E-003   1.115210312478924E-005   2.145847797918842E-003
    193   10   2.145847797918862E-003   1.115210312478936E-005   2.145847797918862E-003
    194   10   2.145847797918842E-003   1.115210312478924E-005   2.145847797918842E-003
    196   10   3.995168057683499E-002   3.865708058123323E-003   3.995168057683499E-002
    197   10   3.995168057683464E-002   3.865708058123280E-003   3.995168057683464E-002
    202   10   1.997584028841750E-002   9.664270145308308E-004   1.997584028841750E-002
    203   10   1.997584028841732E-002   9.664270145308195E-004   1.997584028841732E-002
    205   10   1.072923898959431E-003   2.788025781197339E-006   1.072923898959431E-003
    206   10   1.072923898959421E-003   2.788025781197309E-006   1.072923898959421E-003
    208   10   1.072923898959431E-003   2.788025781197339E-006   1.072923898959431E-003
    209   10   1.072923898959421E-003   2.788025781197309E-006   1.072923898959421E-003
    211   10   1.997584028841750E-002   9.664270145308308E-004   1.997584028841750E-002
    212   10   1.997584028841732E-002   9.664270145308195E-004   1.997584028841732E-002
    214   10   3.995168057683499E-002   3.865708058123323E-003   3.995168057683499E-002
    215   10   3.995168057683463E-002   3.865708058123278E-003   3.995168057683463E-002
    217   10   2.145847797918861E-003   1.115210312478936E-005   2.145847797918861E-003
    218   10   2.145847797918842E-003   1.115210312478924E-005   2.145847797918842E-003
    220   10   2.145847797918861E-003   1.115210312478936E-005   2.145847797918861E-003
    221   10   2.145847797918842E-003   1.115210312478924E-005   2.145847797918842E-003
    223   10   3.995168057683499E-002   3.865708058123323E-003   3.995168057683499E-002
    224   10   3.995168057683463E-002   3.865708058123278E-003   3.995168057683463E-002
    226   10   1.072923898959429E-003   2.788025781197336E-006   1.072923898959429E-003
    227   10   1.072923898959420E-003   2.788025781197305E-006   1.072923898959420E-003
    229   10   5.762789831803875E-005   8.043119283451130E-009   5.762789831803875E-005
    230   10   5.762789831803823E-005   8.043119283451035E-009   5.762789831803823E-005
    232   10   5.762789831803875E-005   8.043119283451130E-009   5.762789831803875E-005
    233   10   5.762789831803823E-005   8.043119283451035E-009   5.762789831803823E-005
    235   10   1.072923898959429E-003   2.788025781197336E-006   1.072923898959429E-003
    236   10   1.072923898959420E-003   2.788025781197305E-006   1.072923898959420E-003
    238   10   2.145847797918858E-003   1.115210312478935E-005   2.145847797918858E-003
    239   10   2.145847797918840E-003   1.115210312478922E-005   2.145847797918840E-003
    241   10   1.152557966360775E-004   3.217247713380452E-008   1.152557966360775E-004
    242   10   1.152557966360765E-004   3.217247713380414E-008   1.152557966360765E-004
    244   10   1.152557966360775E-004   3.217247713380452E-008   1.152557966360775E-004
    245   10   1.152557966360765E-004   3.217247713380414E-008   1.152557966360765E-004
    247   10   2.145847797918858E-003   1.115210312478935E-005   2.145847797918858E-003
    248   10   2.145847797918840E-003   1.115210312478922E-005   2.145847797918840E-003
    250   10   1.072923898959429E-003   2.788025781197336E-006   1.072923898959429E-003
    251   10   1.072923898959420E-003   2.788025781197305E-006   1.072923898959420E-003
    253   10   5.762789831803875E-005   8.043119283451130E-009   5.762789831803875E-005
    254   10   5.762789831803823E-005   8.043119283451035E-009   5.762789831803823E-005
    256   10   5.762789831803875E-005   8.043119283451130E-009   5.762789831803875E-005
    257   10   5.762789831803823E-005   8.043119283451035E-009   5.762789831803823E-005
    259   10   1.072923898959429E-003   2.788025781197336E-006   1.072923898959429E-003
    260   10   1.072923898959420E-003   2.788025781197305E-006   1.072923898959420E-003
    262   10   2.145847797918858E-003   1.115210312478935E-005   2.145847797918858E-003
    263   10   2.145847797918840E-003   1.115210312478922E-005   2.145847797918840E-003
    265   10   1.152557966360775E-004   3.217247713380452E-008   1.152557966360775E-004
    266   10   1.152557966360765E-004   3.217247713380414E-008   1.152557966360765E-004
    268   10   1.152557966360775E-004   3.217247713380452E-008   1.152557966360775E-004
    269   10   1.152557966360765E-004   3.217247713380414E-008   1.152557966360765E-004
    271   10   2.145847797918858E-003   1.115210312478935E-005   2.145847797918858E-003
    272   10   2.145847797918840E-003   1.115210312478922E-005   2.145847797918840E-003
    274   10   1.997584028841750E-002   9.664270145308308E-004   1.997584028841750E-002
    275   10   1.997584028841732E-002   9.664270145308195E-004   1.997584028841732E-002
    277   10   1.072923898959431E-003   2.788025781197339E-006   1.072923898959431E-003
    278   10   1.072923898959421E-003   2.788025781197309E-006   1.072923898959421E-003
    280   10   1.072923898959431E-003   2.788025781197339E-006   1.072923898959431E-003
    281   10   1.072923898959421E-003   2.788025781197309E-006   1.072923898959421E-003
    283   10   1.997584028841750E-002   9.664270145308308E-004   1.997584028841750E-002
    284   10   1.997584028841732E-002   9.664270145308195E-004   1.997584028841732E-002
    286   10   3.995168057683499E-002   3.865708058123323E-003   3.995168057683499E-002
    287   10   3.995168057683463E-002   3.865708058123278E-003   3.995168057683463E-002
    289   10   2.145847797918861E-003   1.115210312478936E-005   2.145847797918861E-003
    290   10   2.145847797918842E-003   1.115210312478924E-005   2.145847797918842E-003
    292   10   2.145847797918861E-003   1.115210312478936E-005   2.145847797918861E-003
    293   10   2.145847797918842E-003   1.115210312478924E-005   2.145847797918842E-003
    295   10   3.995168057683499E-002   3.865708058123323E-003   3.995168057683499E-002
    296   10   3.995168057683463E-002   3.865708058123278E-003   3.995168057683463E-002
  </DiscreteSampler_grid>
