   0.0000000000000000        0.0000000000000000        0.0000000000000000        0.0000000000000000        0.0000000000000000        0.0000000000000000        0.0000000000000000        0.0000000000000000        0.0000000000000000        0.0000000000000000        0.0000000000000000        0.0000000000000000        0.0000000000000000     
  0.27614756685464725       0.19330035530643216        1.5421696451586805E-002   1.5552624654621715E-002   1.5767291526288189E-002   1.5276276862955622E-002   1.0958038124898480E-002   1.6270742615164764E-002  0.21191606081765268        7.7274909845039819E-002   6.7677515278206771E-002   7.6948284425790464E-002   1.5640498864441917E-002
  0.63128138437433701       0.63128138437433701       0.67913092146485410       0.69593949464399729       0.74860077434901062       0.78903606292834227       0.71496683829039920       0.70989140401238338       0.63128138437433701       0.63128138437433701       0.63128138437433701       0.74895510987097380       0.67438313958014040     
  0.31560542883207909       0.32016074665407734        3.0807064174888227E-002   3.1042760490482896E-002   3.1523773245403376E-002   3.0404520453751228E-002   2.1994534657943682E-002   3.2594174377348510E-002  0.35458366846181477       0.12714094708183260       0.12255453832093215       0.14049842050778358        3.1346317009100851E-002
   1.0716796140164238        2.9556242828178934       0.72528449268127559       0.75787514561944769       0.67650971271796334       0.70404794277406801       0.78139262637199747       0.69735800915549884        1.0223263496020589       0.83767246490268488       0.72840991259670707       0.75267976329862751       0.74648297308302158     
  0.33763377616788393       0.33419956395704781        4.6411402902799215E-002   4.7451799378843536E-002   4.7286437866860653E-002   4.6267517024200983E-002   3.3321485236607974E-002   4.9441401307041860E-002  0.39808907234130914       0.15186539832525303       0.15738778893261382       0.18198670281484516        4.6964026296017737E-002
   1.0069272171184520       0.72829639902940124       0.71633351977694071       0.73320853352551363       0.69316237743697695       0.70322926124518015       0.75209218991391569       0.68674578503149619       0.69714321901667908       0.73215501333103283       0.74483223148649180       0.81151749615022772       0.74089974872696684     
  0.35302889642137736       0.34785164507917454        6.1960198981099265E-002   6.3774212445596487E-002   6.2941065660770318E-002   6.1903245155774514E-002   4.4482675998423669E-002   6.6533684067633519E-002  0.43456553704780959       0.17127784191891252       0.18719067795722222       0.21821701456896894        6.2516156886512159E-002
  0.78042211360929969       0.77987324364974941       0.71224128703228595       0.69488471850865596       0.76782853718043886       0.68445353415681343       0.67642941004229318       0.73841995287976048       0.71408442716231491       0.77813463907688341       0.79388017697906410       0.80135543027159661       0.74938381405755450     
  0.36629860108623236       0.36147999056779467        7.7674177937048658E-002   7.9291233821244644E-002   7.9405704691562176E-002   7.6491309194446133E-002   5.6146933997339707E-002   8.2755640308139353E-002  0.45755895160738314       0.18522160602317486       0.20947812931871501       0.24727178901029398        7.8372439751683370E-002
  0.66470646053787041       0.70449697125474875       0.73953195818328121       0.72985075374910768       0.69848831169640602       0.71415433355613367       0.69684844761362819       0.68064916673273190       0.67934697663064181       0.76118779777470591       0.79702628376848839       0.74204716890527445       0.67711839451529099     
  0.37941172781505267       0.37541482716576152        9.3324063600563265E-002   9.4842529017447441E-002   9.5850760782929284E-002   9.1219860003047992E-002   6.7833807641284785E-002   9.8880094301521101E-002  0.47966306051597890       0.19786955032398987       0.23145743000545149       0.27448747932527318        9.4050428124137150E-002
  0.80212306654789578       0.72387668817816053       0.70456534291336081       0.74190499288854106       0.79527126705396589       0.63738646810713928       0.65304941499104718       0.70595179727287682       0.69426524402186518       0.74376382343199876       0.76389209506791844       0.75715362365060401       0.73142773813090489     
  0.39172629627134237       0.38676529558701905       0.10921169231615704       0.11052929060357138       0.11146826750549266       0.10618922106563644        7.9744831936177235E-002  0.11442002523187146       0.49923537173253946       0.20848311086262644       0.25223753610379107       0.29899131064320172       0.10979944560894671     
  0.75363590758801813       0.73521096179467094       0.72490604951229065       0.75145227708178197       0.75542864064670834       0.66275529240333098       0.66761966970318354       0.70377946482676512       0.72332994016109220       0.70364615685282228       0.86021222837250144       0.75343685114228898       0.67497152172077335     
  0.40369272711227661       0.39833236665639254       0.12495714448679483       0.12634797678317106       0.12726007434259251       0.12122653305161669        9.1798101931681170E-002  0.13018776769332283       0.51806258218629320       0.21861261554656944       0.27255891098937429       0.32182399905347531       0.12549182938547454     
  0.70596757526434417       0.67208377423928556       0.78154801783472838       0.76633177987256107       0.75021191502583440       0.78415529895738101       0.68179007201516384       0.68692045343293495       0.63663245325317830       0.67080784248142566       0.75600152762622941       0.72634918057669762       0.68563510952240170     
  0.41436283825378667       0.40933456958920583       0.14017962721413108       0.14146178427439973       0.14278915169640766       0.13681845567434386       0.10560302431491439       0.14487026337183281       0.53615507194818424       0.22776612076798694       0.29157468671226244       0.34283042353510473       0.14228248356394227     
  0.63738646810713928       0.72699763411561735       0.69814066204661718       0.69743403750118083       0.68280570277008523       0.78195359157012834       0.72946126980919213       0.71547654184747456       0.65888932372981857       0.71502136496844249       0.77404992175931042       0.67446143581912144       0.75246739157353904     
  0.42517091157590775       0.42029276699190005       0.15560605929263338       0.15648615419125286       0.15806809386715440       0.15228787612802092       0.11934844222798036       0.15975682776264521       0.55255178094348423       0.23680958011232270       0.31034158613423690       0.36281443166823435       0.15893645718252947     
  0.72745624508903273       0.67656349790395098       0.66865682058099019       0.70715948004790696       0.70104905969938791       0.68568108242078218       0.71765144998121044       0.66974159637381592       0.63882292542492425       0.68115096766071226       0.67566789121716830       0.70438733430941891       0.68230441777700179     
  0.43597566481760092       0.43136866865797069       0.17087035783012094       0.17176892928473225       0.17402466583608966       0.16766118910711955       0.13325750353208254       0.17434869799946803       0.56788611405216838       0.24524591104017057       0.32842205099393768       0.38165100771793897       0.17514516066637956     
  0.74357620686165482       0.73877443835144929       0.73231315843910849       0.73651291281700626       0.74642064516257711       0.69289959371448784       0.69482555117317535       0.63930540813624936       0.71170261391505463       0.75012393300623814       0.69328966332456643       0.72218942280966925       0.74173627467836023     
  0.44677456525263115       0.44251606146182609       0.18601190631588987       0.18720959086767772       0.18996702655016920       0.18289189663919797       0.14716062942845126       0.18863973952247495       0.58284586252453685       0.25349264786292935       0.34636471784860351       0.39983689413168688       0.19163862534437892     
  0.68059553466435685       0.66732214004309576       0.71383177672985654       0.70194040006774983       0.72138969711445367       0.67832971048979818       0.67526333129686744       0.67609444842176525       0.65746067295910771       0.72114562280789574       0.73077965579298909       0.72164328615273632       0.76621391645238546     
  0.45759734987306144       0.45364873126435029       0.20165754355781765       0.20260490183891020       0.20562383519763383       0.19900709297874783       0.16150788681838904       0.20459480112089326       0.59762137319113795       0.26126514077503638       0.36387035646957067       0.41704914043131408       0.20704109544717339     
  0.67976633774232464       0.66264568519569678       0.75283277684184668       0.67625512310575486       0.75019283013803650       0.81429027583999869       0.71851176908472225       0.70485453775749041       0.65831624254915111       0.70522326478342112       0.71219096293956086       0.71153990916374210       0.76845225822012775     
  0.46848380627412528       0.46475656782181374       0.21747060183971129       0.21785298822063540       0.22133091851724421       0.21512142729320424       0.17585970872756521       0.22044327606667916       0.61077017118927091       0.26895565875342842       0.38110539780423314       0.43346692514798746       0.22250541414187233     
  0.75163979422861704       0.64706365473629723       0.71335063738693050       0.74210235177316985       0.66427965291154945       0.72968602340356126       0.72169295271145262       0.71753311691098143       0.66122110427825731       0.73579282017793290       0.63405376995692897       0.70322124652106621       0.70647136355884577     
  0.47941229809537100       0.47564336285584358       0.23338818558813290       0.23344590181956670       0.23684475336467212       0.23114215960630391       0.19087309910768838       0.23551508093948861       0.62315460809555223       0.27638482255504115       0.39803919152199135       0.44917837328857102       0.23807875191737490     
  0.65917549852004964       0.65429476394683350       0.69835532179450865       0.75483637255681979       0.68393172098164601       0.69954646517658403       0.70692967500328119       0.66004302019116612       0.71324328846904528       0.73960246087154335       0.66858583824068163       0.73641688754495993       0.74000586902264209     
  0.49022357823343760       0.48652692525300445       0.24919481192941986       0.24925592246674733       0.25242322243546972       0.24718211821776320       0.20608173465686508       0.25091009852226898       0.63545525011015169       0.28378816034466303       0.41474507238742703       0.46424806159417931       0.25371208494862318     
  0.70032013329086940       0.65653013320862408       0.69731174277711216       0.73007611902622427       0.64959894362916393       0.75106944995494374       0.67801873848212746       0.73667074891997175       0.69953591227909540       0.71465497627179952       0.70317400977149347       0.68577639750458674       0.70156840113205232     
  0.50106538464814943       0.49722765741061603       0.26505132006123849       0.26451649698049429       0.26810462123651263       0.26300845296703262       0.22257192265659065       0.26613087119614970       0.64767890879245416       0.29091557810648927       0.43115758589853759       0.47877960968613437       0.26993738127797667     
  0.70560576678148534       0.64301816872763828       0.69225036513673022       0.67852053350648667       0.67597105395162160       0.78898808296944223       0.68043866332859393       0.71057104632814494       0.69608907501149686       0.70589148404441249       0.71481717412056900       0.63594505292064307       0.75889800752311265     
  0.51195229877314896       0.50787467949452325       0.28070599157500176       0.27971926970128352       0.28375496149403012       0.27894483210320031       0.23901963338937449       0.28148580962121150       0.65873018894536628       0.29799812407355358       0.44736365144355056       0.49297923306527641       0.28633333261332677     
  0.76424348450714097       0.67620486309639050       0.76516020071836122       0.64033079242296675       0.69582838934776647       0.74998940860899799       0.78047246569408635       0.69023872386689178       0.67057016179099116       0.70494746279511189       0.65674506718634929       0.69544153550062104       0.77454153996779218     
  0.52291706470927468       0.51853334012144114       0.29662418011120406       0.29526001953717707       0.29882673664104092       0.29467003156938865       0.25564329927787938       0.29693637514560417       0.66920289216869822       0.30495595669386766       0.46344727367631694       0.50683817267447884       0.30232903582737602     
  0.73206298920347757       0.67262671151911602       0.70069163231691367       0.68113500754598866       0.77207372978556521       0.72985870556277777       0.67024476666456212       0.72904163487545470       0.71307660142963425       0.69625434473585945       0.67060382211715031       0.83184565816602252       0.78752813703938773     
  0.53374739719773867       0.52914195524909191       0.31258351623861208       0.31066796128797441       0.31391676647540423       0.31048592858690222       0.27237068672345410       0.31252203349355101       0.67930649669471554       0.31184920324688331       0.47927037125386429       0.52037705624175856       0.31827885603526712     
  0.78425815146987976       0.67298191412665243       0.67742199053623864       0.69509304781870496       0.67437499007057111       0.71192489517823931       0.70624277738125629       0.68246876889307206       0.73377396351886182       0.76534189498060290       0.66067146362836549       0.70772286250663918       0.75373511806352500     
  0.54454815279324720       0.53974455580294234       0.32857235598011841       0.32648645115265301       0.32922302239794282       0.32639418108794971       0.28928175127281885       0.32775746653839288       0.68930437385652954       0.31871670565390547       0.49488441699755886       0.53349547233743999       0.33445209643600471     
  0.64364637613857578       0.67882498827296200       0.65655885892451282       0.67523082759317909       0.69591897356788368       0.69165401520849434       0.75117407276838244       0.79066202121299423       0.67657570096043707       0.68345980198277856       0.68427249289439074       0.66064986210799614       0.70579485208093240     
  0.55540487872048816       0.55039684449181614       0.34448184274150689       0.34226252624483411       0.34462067436064547       0.34216201397615081       0.30621191157345745       0.34296858721032902       0.69879326635406547       0.32555299647006869       0.51041560600059599       0.54619322147338012       0.35067863239690394     
  0.69029229124375990       0.69482709658200514       0.85601095733171018       0.75754258958303933       0.64924829066925016       0.69272264557149632       0.67186519591544913       0.70252111459473021       0.66000945177851233       0.75029010620798786       0.72851576477676017       0.68070190592787461       0.74104103617250516     
  0.56631374080472729       0.56146957470076075       0.36017224056512404       0.35830582956923679       0.36013496053380761       0.35838988584425097       0.32418933067141947       0.35795429615412605       0.70796903963663682       0.33232158457232014       0.52591756193367378       0.55848998257753346       0.36664481382595415     
  0.66978441907707165       0.67612897388398630       0.65424398563991260       0.69047230514805069       0.69695598925937530       0.74419076368924142       0.73289663992434284       0.67520069464572485       0.66734700048989859       0.73992164717613607       0.70241324681096373       0.70851198565414408       0.70615761558924484     
  0.57714381542079307       0.57254236491278143       0.37582417486256525       0.37447912663616412       0.37573966154072924       0.37446521465093435       0.34212903233364922       0.37294659848492390       0.71699305595826468       0.33901459487058971       0.54120331764917240       0.57044629088886534       0.38256072799221563     
  0.70294474014944530       0.66970873179122392       0.66227620217855565       0.69456577255164120       0.74576789341455263       0.76218728165567962       0.64245583381925497       0.70479825221510639       0.69249135043972065       0.67945736584535110       0.65756473376407487       0.76974230877274952       0.75996572599759060     
  0.58770809807472157       0.58369925248002452       0.39140514377230340       0.38955291147032794       0.39105855040280446       0.39079589751132643       0.36047482576310697       0.38861486037573378       0.72591327125918093       0.34581812601616518       0.55633785437531269       0.58198639966836541       0.39856766959816509     
  0.69054763467148406       0.68603910482869834       0.67081151365308322       0.69761424857600229       0.67819575158149370       0.66408205866866377       0.77139853014961357       0.71615251362332066       0.72461000494808103       0.69105247608840781       0.71760553370308733       0.69546955040401603       0.64472481409862770     
  0.59828962015692089       0.59484147048254787       0.40698637431524504       0.40486123794529166       0.40642266304025859       0.40700530202943602       0.37917888218296819       0.40418120849878886       0.73455959488545719       0.35264425090298940       0.57108236755960740       0.59338944288807494       0.41465510694394148     
  0.72692354153457361       0.71159593026864576       0.66680604283867551       0.68217152628183531       0.65444630781451962       0.69203561496135502       0.65146965556635617       0.75711154744482878       0.65210902610523580       0.73774715517170009       0.68713537786240719       0.66653351595923893       0.72466950948872799     
  0.60889334295945208       0.60583528132617603       0.42268158889642027       0.42037441666078351       0.42197939064330398       0.42323765067879959       0.39853491110220168       0.41922233568890666       0.74299115990687514       0.35959126188131235       0.58557171923036300       0.60468035519325125       0.43015901005942808     
  0.65537437288526901       0.66480161548599048       0.74882016512324778       0.69094411607450557       0.72963117021558765       0.66998686748177694       0.73503129711735238       0.68729646077033002       0.66876609604633586       0.70276715478481500       0.70586977584185817       0.73055947791939302       0.72262376825599528     
  0.61948256950103364       0.61682123261797905       0.43838851807614237       0.43604116347606486       0.43745771171919029       0.43960383102353257       0.41780306987051047       0.43447842770122508       0.75126645783566814       0.36657219912702987       0.59969661002065211       0.61575898618974034       0.44570783957546944     
  0.73218591625640417       0.66801660728608181       0.69618941555172642       0.68921174434587296       0.73348675711782418       0.69583168833024767       0.68247365191844045       0.74115147859856201       0.68860799344808388       0.70615778913106664       0.67857770214814883       0.68162977789806733       0.67889259821786374     
  0.63011591870918537       0.62770235278088049       0.45467776347962313       0.45180881326418387       0.45322862950535314       0.45494514704771577       0.43732953849925688       0.45016856015027934       0.75951482726789055       0.37360001129555120       0.61356108766909900       0.62661673480859770       0.46126606014780491     
  0.68830949310077127       0.64777859963605910       0.71661405108040876       0.68056205070344244       0.68310611033710444       0.73198558220176957       0.71964065546113209       0.67497194244510228       0.70184839970951562       0.70630521024479131       0.72869772038418701       0.66965849192926930       0.65663819348742658     
  0.64079806540918227       0.63853813506204138       0.47099262653957219       0.46751916684916911       0.46908667700103968       0.47027453573759737       0.45673973091015913       0.46586101619021664       0.76735936454286491       0.38051917370831645       0.62712432607613300       0.63736503770874797       0.47693632681295067     
  0.67971642658076570       0.68336784149376362       0.75991305406376952       0.71249204980881298       0.79478694849583853       0.67591120571083441       0.68245391352809248       0.77728526353318106       0.72456452968795715       0.69730575616570034       0.68481264650672269       0.78719944734726355       0.76315853662075461     
  0.65153453364865210       0.64946591429665324       0.48700048321202333       0.48318572227242246       0.48514803070843643       0.48580435277767625       0.47609717762426995       0.48137071364588946       0.77496909865794272       0.38731061108059828       0.64054117740440031       0.64807173754265390       0.49244934256646261     
  0.68244223933057480       0.71359450237650401       0.72562691498888876       0.69791785234715265       0.69475880412904145       0.68200326822920876       0.66841396563952116       0.76074237572139192       0.67447832542423847       0.66957432135655315       0.69737097562242467       0.68374901150620460       0.70612183365393522     
  0.66238721303021897       0.66043654227223014       0.50304471610220536       0.49883228156148485       0.50103045257840984       0.50130499650277860       0.49555838075088970       0.49696300054318776       0.78251675055167935       0.39414255506509566       0.65383979643611567       0.65865521530925697       0.50790040800449887     
  0.65534456570393251       0.66381386369745765       0.69351359376152122       0.69092012209706100       0.67774462689250747       0.71625327662074179       0.68466443993800896       0.70401143860808724       0.66088833597429109       0.71028171740458967       0.77833774542510525       0.69553829338333240       0.64212457117127175     
  0.67350477048603763       0.67132476795923168       0.51783675546546493       0.51396975755157803       0.51674882704035552       0.51661788077126425       0.51495197899788780       0.51286633060486830       0.79002300319581231       0.40129744757437541       0.66700277652716988       0.66898099916507603       0.52269192737587988     
  0.73070017740350235       0.67160783243900324       0.68400981725859322       0.70914174586756085       0.74021676944215598       0.69753297679123549       0.72742366728615138       0.67213301341560572       0.72406794616569381       0.73817802010119116       0.67697693802709602       0.75241333637565944       0.68112627095912137     
  0.68469937007698589       0.68220633141777842       0.53273013622563181       0.52920447341825638       0.53249245940695222       0.53191671343150615       0.53416973335058604       0.52870873661762396       0.79718332503114053       0.40849164649556180       0.67994776918616429       0.67914200710506378       0.53754009479278975     
  0.63679934233816216       0.65819473859686251       0.70181415282385318       0.69138561013348943       0.71591455192304476       0.75265600299261037       0.73609983160852721       0.73675812837686838       0.74279469107000706       0.70513179226146938       0.65417601729620156       0.69935560190225676       0.68273791718735610     
  0.69604611073153899       0.69320846929970359       0.54690321477946280       0.54467685035512026       0.54796715114022088       0.54762695875297440       0.55303072664735242       0.54360842141900667       0.80410946406286832       0.41569943687109384       0.69265123256436001       0.68915333818517654       0.55235212897255237     
  0.67287074706242656       0.65761235302706944       0.65187835044075793       0.71288544032348766       0.70343079984311674       0.75383494324635614       0.65283399193668679       0.67429336288540997       0.66902580329991335       0.65913825058255271       0.65762931744852071       0.75691229773215385       0.67185394549288935     
  0.70728634314382677       0.70427835685628259       0.56119112807911820       0.56015247816916092       0.56346269095119994       0.56315143324510486       0.57178842594266932       0.55868125538271773       0.81095019777632649       0.42292596461155124       0.70497938201591315       0.69934772235265541       0.56722347194723410     
  0.70592528441554414       0.68626463597089282       0.69496156541505982       0.68729566104191675       0.70327247929935144       0.64456426047395732       0.76233340767332414       0.63186179000931564       0.68329166014845888       0.72043894570861322       0.69952301537849770       0.71763006494746884       0.68301443456734179     
  0.71825668881203930       0.71540586242429172       0.57574255392060936       0.57588659102356421       0.57936997653598499       0.57893364230196565       0.59013341611393788       0.57454936103877774       0.81767833743115770       0.43026834627954813       0.71689910648560584       0.71005155375386575       0.58223466064449136     
  0.70664345892496438       0.69933497028542102       0.68012763806748855       0.74322686605560584       0.71299854031023802       0.72393761137795598       0.65325772160851947       0.70662963662609635       0.72038883543499455       0.78881165073298343       0.75143675846058344       0.71870268609551347       0.69159309625583787     
  0.72932905183369345       0.72658816268486737       0.59058090304444377       0.59165326028536480       0.59534679374446042       0.59476503881292053       0.60845071544915819       0.59067630174930075       0.82438869404538606       0.43766263166405678       0.72844063891034327       0.72096721402405506       0.59734917723940073     
  0.67718218193126811       0.67129678448186503       0.73568033514580089       0.69880045559352522       0.77574284660905601       0.77574145601453082       0.68980237327657323       0.67974491357307110       0.67056453452634346       0.80847711847721893       0.78315997614720423       0.75090618071831328       0.72033262515682472     
  0.74060093698431273       0.73745903577086891       0.60618747565858311       0.60752643627202263       0.61130417209824328       0.61023273625013963       0.62678323647382050       0.60644559428145661       0.83110371494935986       0.44523293027093019       0.73973422429598046       0.73222757221900536       0.61248007797159776     
  0.74651975017201333       0.71669983792957015       0.70945926406316684       0.68410211341829597       0.70582186791943946       0.67439088810961612       0.67874271008353160       0.73896030720416894       0.69606488267981970       0.68571126483150557       0.72148899186909088       0.65458613088300555       0.69608953069142532     
  0.75189345547762321       0.74826379204402005       0.62193934208884982       0.62338024585049179       0.62725217716389836       0.62559866405303777       0.64506878872832940       0.62202722877432148       0.83775363516408330       0.45296606401249367       0.75099334381838601       0.74337913369571174       0.62751682294967304     
  0.69005468163713113       0.68343051724093173       0.70943005344690468       0.66758836159460633       0.71349234131795192       0.69715620407171497       0.77199269320645492       0.76442992298742196       0.70525749060743670       0.67086331068406724       0.73247453206450530       0.69304754807209734       0.69735047178232257     
  0.76308240440908104       0.75902943060895445       0.63866248713798557       0.63895950164937998       0.64357641367890894       0.64053482556883479       0.66334941209681109       0.63861364289259659       0.84430655847239700       0.46088069201032195       0.76207373817329238       0.75431497147000171       0.64223152084524948     
  0.67456390055878324       0.71191950125887893       0.69418578598322267       0.76814750359606354       0.70236341926835510       0.71808560779736164       0.71374528272216997       0.70457087583538636       0.68542116205662484       0.73733554038860494       0.73129455670699917       0.70280617028858516       0.66567459084798775     
  0.77433479013913531       0.76981059509428995       0.65512967451928295       0.65450858981920834       0.65977083791627666       0.65542657210742616       0.68147550828290759       0.65517298838484495       0.85077998747155903       0.46902283662485822       0.77312174350804641       0.76531757220103369       0.65715531873660926     
  0.72338527092945948       0.71599004745588124       0.71296933847965460       0.70128931761063162       0.71813411068215405       0.82174038346964806       0.69444946013089148       0.80918682063366487       0.79034889137415620       0.72895351427923838       0.66635334430754312       0.67708937346608666       0.70149361326999082     
  0.78539725155518991       0.78030872062131595       0.67104579334401249       0.67036875018523123       0.67589558552117113       0.67053777810636894       0.69923936526753294       0.67044438491901370       0.85722759563837247       0.47731686109964910       0.78411193892878039       0.77619087534402942       0.67221113244374009     
  0.73002973127415760       0.67365344752846168       0.67270070055236486       0.72144792509315292       0.73042777269564574       0.65871172499570474       0.72423165985030924       0.70646558706543305       0.67121764999985456       0.68529525012198866       0.71500232467144709       0.68327118786010443       0.67669479180431757     
  0.79635044744090255       0.79091062881573293       0.68691445017774122       0.68606493957559522       0.69212086581301957       0.68560015493679194       0.71663704313518883       0.68580970801363761       0.86363192841261960       0.48574999739149954       0.79507953008264864       0.78704900330942773       0.68742297986142786     
  0.66678625698365557       0.67637523837048164       0.71212407913071019       0.67896423290931374       0.73062988856512667       0.65645483657371728       0.74657323396545117       0.69557552182228721       0.69635564227975122       0.68075400996754132       0.73239048086801173       0.69578576422035965       0.66321485196191754     
  0.80739910984646601       0.80129476729155225       0.70272939202887352       0.70216252576787086       0.70807870811295526       0.70073625952871377       0.73350423197822090       0.70182472929521522       0.86992932657912259       0.49435395031031992       0.80603298381481048       0.79785443263985889       0.70174795955846170     
  0.72786138061362371       0.67765584558001057       0.65933936201702770       0.74708058394382937       0.71883516963832839       0.65575160716181069       0.73089155331647560       0.72504194646258002       0.81327908321129849       0.69829823003188352       0.72239695721308117       0.69494686475081591       0.67265340268052876     
  0.81854022449552111       0.81156907356665842       0.71863631981182907       0.71810580264805135       0.72397957701924232       0.71592865484730195       0.75023482233685357       0.71764495830090824       0.87614481629332863       0.50312428488083938       0.81697442386697816       0.80877584529970392       0.71603879135976334     
  0.71097241794687649       0.68356315732412343       0.73236958047411083       0.71358005252703416       0.80279075124740518       0.69861668457607595       0.73051960191854293       0.63991385380099675       0.68319946240072493       0.75688522393623070       0.68234614249868675       0.64414958610991924       0.72962636029184902     
  0.82987151413562044       0.82218952662851397       0.73498901592375487       0.73381743010376299       0.73916280032057580       0.73114286447140953       0.76670663686761609       0.73295313506484983       0.88222834627150182       0.51202756371499181       0.82782166036939120       0.81970198254490645       0.73089023151269572     
  0.69823032367837812       0.66917530536729630       0.70441056143350234       0.71001395799974321       0.65047264180163478       0.72184591622916461       0.67027669918171751       0.71796754946325758       0.73708427404407451       0.67965466970400790       0.72945060387868088       0.65280207714330751       0.72587396062377652     
  0.84121736398330549       0.83280463391142978       0.75100980795915051       0.74933606735516567       0.75443021590174597       0.74643756447336562       0.78287134769830602       0.74832934760040248       0.88828443658568101       0.52117695618497817       0.83858580800089910       0.83060649753373050       0.74572400288561547     
  0.65228279811444434       0.69312905909695510       0.70030303692534823       0.74040176679352765       0.68793897385993097       0.71824133889182240       0.70595109053722671       0.72806140135826825       0.70420848726473684       0.69407514439393225       0.71271438696223688       0.63128138437433701       0.72032475335941593     
  0.85145414228042193       0.84359887907831688       0.76636904520187921       0.76606874185124352       0.76964023897309020       0.76292871894871717       0.79856850375973165       0.76443391365503377       0.89426047898133776       0.53049151645456705       0.84887667565061542       0.84133339973073573       0.76153830105461229     
  0.68424609974869122       0.71067936797097031       0.73528444993957731       0.72029100075525077       0.70006293018379540       0.68925373452235050       0.70063841057091758       0.69092009204154181       0.71253063283958162       0.66006212398737218       0.68294324331165668       0.67577042745927141       0.70192733733603618     
  0.86173921382755625       0.85450689238746003       0.78182849378347719       0.78283989003349119       0.78502153574542077       0.77933370419364234       0.81404098924492763       0.78037070054418056       0.90022016659686643       0.53998372652174398       0.85915628003845912       0.85204294234023947       0.77734554819120449     
  0.69192635962941174       0.68541609818951543       0.70937722964381722       0.74783834250666537       0.66309912360100054       0.71261937897097083       0.73710945541444839       0.68302691090955869       0.75635300880321465       0.65107744237049181       0.71488154716357699       0.71991533641222105       0.70955022058252970     
  0.87196527211852348       0.86524979378166300       0.79718916007411911       0.79950951615684318       0.79973296698067875       0.79493796793170135       0.82902762952114029       0.79640050304620691       0.90620637994687347       0.54990147659084976       0.86931354034823005       0.86263624924295612       0.79370576940356552     
  0.67846206353654370       0.64251861425210044       0.69489851547510151       0.73559227811056760       0.67147684080730341       0.74671278851048573       0.66234577368196446       0.70055332955230565       0.77916123749569433       0.74085564695797002       0.68605015116913293       0.73365417649798026       0.73602846844671355     
  0.88221591061149296       0.87601669749714339       0.81258193022380520       0.81614470361426794       0.81435433721817718       0.81068319987863779       0.84361240080269018       0.81212152773565660       0.91228474223971778       0.56025318572521643       0.87959856712495432       0.87325654078114656       0.81005084120150250     
  0.72829998030844256       0.72345724733982453       0.70257630225273404       0.72733617144464935       0.66166086237788801       0.69374626032883036       0.66185826508756185       0.66656266321424928       0.75414195814691565       0.65211408049816499       0.69600522031414636       0.68054839473462170       0.64148388002930057     
  0.89264049029585524       0.88663480314522536       0.82841950070243919       0.83213654818155303       0.82907605181486832       0.82606618498021678       0.85757179222165858       0.82843131386864177       0.91805792439334888       0.57119691873577083       0.89022832760090076       0.88392815234819766       0.82671346821391722     
  0.79492699451453719       0.68657579621643494       0.74695397848450829       0.69391489542640561       0.69593452160529401       0.68479499865694982       0.72400419420427120       0.75411391938724970       0.74793417518887184       0.68758419019414152       0.82828721190753773       0.68943232071105343       0.72620297082812557     
  0.90292660391498780       0.89734518834341037       0.84418448000477098       0.84812284267059546       0.84384583069413011       0.84152825595336644       0.87163683067921327       0.84462495516047420       0.92381326585247459       0.58285347442836599       0.90070331319642416       0.89462649178000331       0.84327724469390297     
  0.66254183282898305       0.69141825699064463       0.71169195862659351       0.72322130696364917       0.68404715636389657       0.68618601471861018       0.69057603083996255       0.72431926804871438       0.74404713583298199       0.67888138960617017       0.70544573723964055       0.71040828521850308       0.72542159720728228     
  0.91297304564296655       0.90786973320350761       0.85951880655832802       0.86484552783780300       0.85900216333976775       0.85721427365926450       0.88592295843275182       0.86080596511625473       0.92980159639525251       0.59575165194362489       0.91123055336875913       0.90548404332177124       0.85945539199237064     
  0.64978697915373473       0.72084589455629045       0.71544481586798303       0.67908498187385535       0.75387142923347039       0.69608799855875414       0.67929910474196931       0.74381254133095043       0.74751594976208346       0.66458476350805007       0.65952494272928197       0.65526493325011226       0.68385185618322708     
  0.92302191146221124       0.91840057735171132       0.87498474725762299       0.88199379905151309       0.87406119075628974       0.87278056637284851       0.89984412765445421       0.87715664430079232       0.93583929174175806       0.61000259473182428       0.92161543799200052       0.91628360001599096       0.87589700150172589     
  0.79131339272543000       0.66109327634582860       0.72450627048576588       0.71121464269266355       0.65503263117456612       0.69413878139065632       0.77408284857623044       0.78960428826511031       0.68053671521213277       0.66766541151151915       0.73587469263841510       0.67969712426285833       0.67900999239651449     
  0.93283679567690059       0.92877464809848065       0.89134455549371172       0.89687612887069035       0.88990329738431095       0.88887685138923944       0.91323129041405893       0.89246378592078235       0.94158896708974116       0.62533814438060675       0.93110961154608962       0.92703064077259889       0.89096373654492833     
  0.66937742354674257       0.66272690597018291       0.67718572292233703       0.68770002861374213       0.71615616697912354       0.74481584208846108       0.67725540710014265       0.68933717627634883       0.77350011667615848       0.64029335597199744       0.64296229992205067       0.77638604062504646       0.69936698991314805     
  0.94276667752491317       0.93924466766979342       0.90753119529663429       0.91130785478897325       0.90562193054353479       0.90485787995592870       0.92629860300032574       0.90766402785182365       0.94739106195567835       0.64185551529877594       0.94081266461071178       0.93768751310436416       0.90652085534904148     
  0.68738563194357472       0.69093544208000246       0.78494307448453426       0.70427584282455358       0.72804811704113204       0.67809232723762491       0.69955611892085434       0.67518904352077846       0.71339396332874805       0.79394103483138367       0.67676284484678595       0.72837108352536795       0.72503819208877152     
  0.95262897220630849       0.94980326736895282       0.92355400863300496       0.92649258077355123       0.92151450559139436       0.92072831010539880       0.93860575783651712       0.92312045805372334       0.95345697962674159       0.66085361047237290       0.95054982998646109       0.94814091296222947       0.92197812526087153     
  0.67785072957249448       0.72918015461951025       0.69712458375718389       0.67353117091156955       0.72920062328782120       0.65757193665593439       0.71456769475079995       0.72121957006476445       0.71064684904349906       0.67778088918387813       0.70041669344791979       0.71799870365331775       0.69898075535407289     
  0.96235821027998758       0.96035301670514017       0.93969136540398657       0.94185241622602844       0.93774040208072829       0.93642237451328347       0.95095361307164428       0.93861681441957823       0.95957233346660276       0.68165359617855759       0.96029918211713194       0.95855453985319383       0.93728013545427302     
  0.70683455250320826       0.66936902579005397       0.67812019061326501       0.66584863574575515       0.71260240162387356       0.69626781967488838       0.68548943707740795       0.74616850590741357       0.71620597096839389       0.64877164071509874       0.73186157521072392       0.71600416211039908       0.73508618085534505     
  0.97199798566162110       0.97071212170519083       0.95499901203106574       0.95651428814466277       0.95295828508331437       0.95226693487557612       0.96348097315656844       0.95389479546871081       0.96694425787352412       0.71123114393470732       0.97039311655795346       0.96903540301094682       0.95333370171736398     
  0.68873431022215736       0.67634498725443637       0.66391108496110485       0.70546481785756543       0.71158756088017772       0.71041279484082764       0.68877668091225475       0.71625967525983814       0.84102596653718031       0.76335449147720646       0.71137840401005392       0.66848550933210071       0.76194381201333183     
  0.98145651595689332       0.98110321156856728       0.97025897386784576       0.97127404519288019       0.96826290464624931       0.96809022118165511       0.97582555728230302       0.96900762458914769       0.97477809841385599       0.74812152120956299       0.98041710101894286       0.97949671027990526       0.96920080480619819     
  0.67766592168076401       0.66270650787359764       0.77275438532844265       0.77198812495949642       0.67986746788051000       0.68392682054545595       0.81649442047886478       0.75024401213626857       0.72413540624424944       0.66267659249361632       0.66763470352902843       0.65476247456414449       0.68920729514312717     
  0.99069316546051045       0.99062800282115859       0.98504249452654358       0.98571619383562936       0.98413939425427877       0.98405053855252311       0.98797372669175210       0.98456083130442951       0.98625271498333400       0.84783518455422913       0.99021710485063230       0.98976379131890169       0.98459880313373249     
  0.70948642721050537       0.71612080421628799       0.76446646304195787       0.71003052710739101       0.70836538097990664       0.71404600658018658       0.77368409362853496       0.71253087913544555       0.75680434579084621       0.82529029896451811       0.71342195532259101       0.72438397714598857       0.66841627672984871     
   1.0000000000000000        1.0000000000000000        1.0000000000000000        1.0000000000000000        1.0000000000000000        1.0000000000000000        1.0000000000000000        1.0000000000000000        1.0000000000000000        1.0000000000000000        1.0000000000000000        1.0000000000000000        1.0000000000000000     
  0.70423943845660042        1.4117877276102075       0.68311890706479861       0.69295291010461768       0.70045137266907354       0.66449797038386216       0.86897007414758642       0.69027267600582298       0.73821579597245679       0.63128138437433701       0.70467898724538536       0.72812307630692308       0.68996746615007998     
   0.0000000000000000        5.1591706488058167        4.8158862380413545        4.8932740710784319        4.6902250786731612        5.0325286699546199        3.3666694519391416        5.3844864947929869        5.5285432923631346        5.2080350244661764        4.8749578460086731        5.3975319864374693        5.2863286569776715     
   5.3018988858552101        5.0667243510768127        5.1038301907598527        5.1075966376636890        5.3797518004351792        4.9922197069565737        5.6032988180849230        4.9517838331362674        5.3761105669275011        5.0872864213726556        4.6740798671929547        5.3108020617419767        5.2727755548179811     
   5.0583767207564927        5.2031495038236537        5.0957186095372560        4.6701648371662046        5.2562865233959819        5.2788319251649485        5.8158420764653078        5.1322930226696064        5.4391504222915898        5.1405130578879561        5.2263363886688481        5.1013595663976217        5.1202629041898904     
   4.8658121844286901        4.9288831796212156        4.8511633011429263        5.2267500573617145        5.2131906970322355        5.1842797920445332        5.8470861862784913        5.3301274408645689        5.6393505692097818        4.8317884770643040        5.2293099548391879        4.9946611864799726        4.6479224290411914     
   4.8031975938429818        4.9747099481730386        4.9302467599732767        5.0892950423036103        5.2611421164836658        4.7702164568224061        5.8654728024585454        4.6286471947605854        5.4345778872419208        4.8221055042048473        5.2322079683603606        4.9210876546530891        4.7282938437570392     
   5.2556279162918038        5.0740837723241041        5.2818925961991621        5.2998083135374987        5.2282113610330851        4.6284692257161035        5.8474016549763244        5.0764629233854928        5.2777648987949757        4.9936766069012259        5.1221292634079134        5.0924212247979321        4.8503668683687424     
   5.2180704619143752        5.0914986620719782        5.2765741074299903        5.0040915760194409        4.3300860675085895        5.2181869208748104        5.5340274465765376        4.5816413888116623        4.8153346723228454        5.2078629480110354        5.1908939456969074        4.7500666898127157        5.3446399578786705     
   4.9840493524804446        4.9106430868710973        4.6075403982470409        4.7955896572113046        4.7568312353877040        5.1042683570635310        3.6548913570163872        4.9207430531125116        4.4451295282835597        5.3058138593519848        4.6038649946013965        5.0404025934458989        5.0440628965456815     
   3.2104435436471388E-004
           1           1           1           1           1           1           1           1           1           1           1           1           1
   2.5628622597258571E-003   2.3775719340513876E-003  -1.8432840947976916E-007   4.9938709132183305        1.8986309381616620E-005   2.1131703468547791E-007
   1.0770068299011598E-005   1.0407644613995647E-005   1.9690461315318984E-006   5.6205336222140558E-002   1.9674566028341899E-006   1.3709397934693308E-008
   6.4126606337788130E-003   5.0619953334001355     
