 -0.00000000203430183  0.00000006555677056  0.00000030204714564  0.00000074308951896
  0.00000125254298902  0.00000195375025927  0.00000270901335393  0.00000354729249842
  0.00000447557296116  0.00000528026478770  0.00000609284059741  0.00000708432930135
  0.00000812672070415  0.00000917140099465  0.00001016502012196  0.00001121697227907
  0.00001233053838755  0.00001336167421143  0.00001438708879049  0.00001541936186621
  0.00001639572225396  0.00001739348083127  0.00001831096803195  0.00001919995180171
  0.00002009968756229  0.00002103516060031  0.00002203739609140  0.00002302106352352
  0.00002390189844868  0.00002471708202330  0.00002558428582493  0.00002656235486065
  0.00002755543516189  0.00002854116258621  0.00002948296864740  0.00003025345087847
  0.00003087370240857  0.00003144683387886  0.00003197499727417  0.00003247288253365
  0.00003300239738791  0.00003354674923947  0.00003406912758051  0.00003459891696677
  0.00003512481251707  0.00003564020499622  0.00003621911495514  0.00003683914811924
  0.00003756822198039  0.00006180352364446  0.00006350232457463  0.00006456531961207
  0.00006534244403390  0.00006607843170318  0.00006680710113946  0.00006753143032384
  0.00006826083276501  0.00006900739091449  0.00006981991523415  0.00007071919587108
  0.00007178315898439  0.00007299023634809  0.00007420869474884  0.00007543411986778
  0.00007692001474689  0.00007862942999903  0.00008045257038554  0.00008227748764664
  0.00008404747024813  0.00008604950346216  0.00008804101917115  0.00009014680888208
  0.00009241820845914  0.00009458139561728  0.00009906478371097  0.00010489743757939
  0.00011117076840585  0.00011816671200449  0.00012527672346550  0.00013383980459182
  0.00014356782736188  0.00015698296194641  0.00017224059230738  0.00019153680916414
  0.00021639023850022  0.00024944424815854  0.00028927767808085  0.00035082494724268
  0.00042415663766429  0.00051881656599772  0.00063020135783647  0.00077113634178618
  0.00098138600337204  0.00127608564415428  0.00158141208883972  1.00000000000000000
  0.02451594941547889  0.03247465125212845  0.04144376674575499  0.04772041397536093
  0.05248218192870380  0.05761647751481228  0.06329113055602363  0.06867424421908519
  0.07481574950623907  0.08382484543679934  0.09458313082706050  0.10713821988012356
  0.11795970405508829  0.12812358225099582  0.13974986330976397  0.15036162849034118
  0.15944694595010334  0.16872158593165437  0.17850756172488161  0.18901955659763864
  0.19791844693426863  0.20661335598385450  0.21368451070811326  0.22083842014562352
  0.22822898148289647  0.23670802063285995  0.24556632568025505  0.25623794189442661
  0.26900679924772392  0.28171325646033574  0.29341976909069323  0.30421935976725617
  0.31416756701081605  0.32516970913659710  0.33651196684198370  0.34853110634550999
  0.36082376237327424  0.37349993463082753  0.38627682486611459  0.39909184045114321
  0.41265133706418267  0.42665798402485672  0.44004252641314451  0.45183386819285076
  0.46182579251077677  0.47221905916181056  0.48265353087378804  0.49266718352754996
  0.50324483855965896  0.51570563011544412  0.53040999810314826  0.54324333402205915
  0.54970332667005140  0.55703245113990685  0.56533997343003239  0.57331957802167000
  0.58001340341420959  0.58539291666600390  0.59012778736514027  0.59532725091476557
  0.60087159511266808  0.60748179792781232  0.61883106407815092  0.63084981389193473
  0.64347702822109509  0.65684155593407834  0.67028022685098032  0.68250113484015806
  0.69580993269548763  0.70809998157190246  0.71929115197155602  0.72942455185780297
  0.73868187465550383  0.74748263431181083  0.75719896997293612  0.76871851867222363
  0.77948142026107903  0.79166612713885598  0.80820237089718239  0.82467027871395548
  0.83772828725201409  0.84926999998821617  0.86002061391149476  0.87112882042289708
  0.88154882313497174  0.89068219509805679  0.90048891067454517  0.90936716459363442
  0.91689425543686742  0.92420968925990554  0.93186501277357181  0.94088610310036325
  0.95150229671059749  0.96277998939436260  0.97221589193282187  1.00000000000000000
  0.00861537456025060  0.01937065057876911  0.03310673169599542  0.04701810731660273
  0.05927606663593674  0.06978667184944085  0.07983506048900854  0.08759578760932986
  0.09720502525998692  0.10536641875297177  0.11444717830656867  0.12508069175340594
  0.13730442649700317  0.14944453761160351  0.16117347441949842  0.17266931121411960
  0.18487725331321470  0.19572807134555442  0.20346085046589357  0.21106711639627690
  0.21944979388922947  0.22921151443458362  0.24394917803516941  0.25923390523641943
  0.27226593478729483  0.28366391285216702  0.29470401830112553  0.30496931394047111
  0.31498202873279596  0.32562945118058029  0.33624038001677242  0.34749327826084636
  0.36033391187622288  0.37310647461523827  0.38382953521291602  0.39292689675862436
  0.40165325357979870  0.40973517455978264  0.41712029191108951  0.42467140564017297
  0.43357758527907492  0.44384347423688697  0.45441973767808769  0.46497890689321825
  0.47449134747225824  0.48770125322435415  0.50341779606825432  0.51637013736496462
  0.53037508560534108  0.54379571763606016  0.55928738856836746  0.57272004264605325
  0.58629163510852766  0.59828036073015656  0.60953165967716205  0.61951771683913293
  0.62860954634975530  0.63597179671195603  0.64325057208823244  0.65046300187497985
  0.65813652734838191  0.66650345722198057  0.67576758739659937  0.68630008524110764
  0.69696404708606252  0.70790156895669898  0.71805584311788972  0.72733395547137292
  0.73830248783620411  0.74969053833623822  0.76305362341508343  0.78089464557101274
  0.80069366688297794  0.81687503441673281  0.82747443310309665  0.83567245319726491
  0.84003006334757524  0.84503296380654747  0.85025451800804108  0.85541374804529613
  0.86128620705223313  0.86772853548018669  0.87330926748323323  0.87866739763506274
  0.88409396976594157  0.88992222413099631  0.89619658602157959  0.90319371262378811
  0.90925878179650343  0.91538399063659015  0.92419318819797724  0.93702686296078719
  0.95090337563677862  0.96634840183329140  0.98401822367024672  1.00000000000000000
  0.00257391882291565  0.01622373401651221  0.03016464375991003  0.04088284942034762
  0.04902641326798530  0.05730595453918479  0.06678415598337159  0.07954899009330468
  0.09393075368347216  0.10773154300687382  0.12275217319877181  0.13393225768597289
  0.14422803661815448  0.15401305328479065  0.16317700869498966  0.17217430809487652
  0.18123897082152418  0.19106392046439352  0.20267627880205463  0.21539345357618861
  0.22822146145815911  0.23448758911594489  0.24111662927766825  0.24786333032713387
  0.25361897382626764  0.25947091853998527  0.26480463375152091  0.26982020403403062
  0.27587430132518331  0.28329469267867269  0.29118194565529903  0.30117719604560922
  0.31352990810391296  0.32812792495217219  0.34258500230805122  0.35830955634592193
  0.37296180051276806  0.38739748508029642  0.40100523073305722  0.41341743892307459
  0.42559172711386983  0.43833472456003653  0.45228798703545398  0.46393952006294725
  0.47213519767333001  0.48086727529561135  0.49036316490101056  0.50011224246294617
  0.51004395834896132  0.52049770072780677  0.53237393324372417  0.54553295421439152
  0.56112766978500894  0.57571008380826205  0.58799598722623569  0.59648557390571344
  0.60397161714390857  0.61080887074618562  0.61833982706091539  0.62710187560506081
  0.63371113503756216  0.63866523018615284  0.64364155049458305  0.64804326948002644
  0.65278632804463510  0.65901014395353819  0.67006343946263580  0.67931710155306946
  0.68793168290525397  0.69824964541444201  0.70898188242962135  0.71987426968470114
  0.73150613949254550  0.74165716407194493  0.75317904356168197  0.76610205731049663
  0.78131848089543421  0.79728258097034399  0.81157200275529251  0.82521850337588520
  0.83769400158877194  0.84952177749778057  0.86337020987002233  0.87697411882050247
  0.89097320345210418  0.90481028615503833  0.91928212786300834  0.93253871083687490
  0.94444505218869734  0.95499771084496998  0.96383630832027156  0.97089139585530948
  0.97897307412975398  0.98650186244282290  0.99193811923138853  1.00000000000000000
 -0.00032311314778315  0.00218988038971318  0.00349722709053875  0.00525412113974763
  0.00759998352155937  0.01002877545357296  0.01443936107753470  0.01841989347820296
  0.02289390159322609  0.02876964400664395  0.03453052532222666  0.03981366416987447
  0.04394408638941745  0.04738218133200758  0.05203691091098237  0.05932496466261532
  0.06815302182734233  0.07351524926054523  0.07878468166324520  0.08520682367686991
  0.09076336894227979  0.09499126541627585  0.09827770686740010  0.10172481457228184
  0.10583196905516329  0.11040578919143119  0.11623848402505892  0.12398740053908651
  0.13319391764571523  0.14273115056408509  0.15242198966434872  0.16226965275431765
  0.17253559146963590  0.18551568341352956  0.20119731118747919  0.21414285715529033
  0.22545167363134327  0.23650263543956529  0.24779603779475015  0.25991917528238889
  0.27029868161746268  0.27951661049441517  0.28894004444680160  0.29904146602918508
  0.30859851370103053  0.31842141786768435  0.32857667142538760  0.34316504879923093
  0.35989758983967912  0.37419182500414355  0.38769463731580839  0.40125276257058057
  0.41791691867894687  0.43431134207042943  0.44822570673176637  0.46186012396024412
  0.47611662044885183  0.49032855644535567  0.50597598406286981  0.52241524587874988
  0.53982353329992949  0.56076435620688836  0.57948320858135050  0.59567873208896416
  0.61028173243072004  0.62451534078917947  0.63801532863049371  0.65039816047333598
  0.66629174590300455  0.68239441018245284  0.69589217673246240  0.70518848537098178
  0.71410534142601423  0.72160897043514860  0.72774737312948712  0.73431452382408413
  0.74181837137485007  0.75341719964851162  0.76655672071755765  0.77789016508915321
  0.78853501348429733  0.79867116639061908  0.80789288486405331  0.81756567973423855
  0.82821767822068082  0.83903710952418564  0.84995094576974406  0.86102240999127599
  0.87327121499062754  0.88778767976414996  0.90486860324982199  0.92275751036555764
  0.94117942130586052  0.96028526373192524  0.97989685712609798  1.00000000000000000
 -0.00370518120732089  0.01348103979065893  0.02676445749227773  0.03710877264545188
  0.04694424025832486  0.05705439591010433  0.06702553335471757  0.08097519508514094
  0.09370654760670330  0.10578906494662987  0.11718414906336620  0.12860841805911744
  0.14063958616600911  0.15153711187964655  0.16193254365097720  0.17156221240702557
  0.17945260433707044  0.18759235354236825  0.19576897901650478  0.20498366257493292
  0.21357744693702604  0.22840536401595188  0.24310080295063743  0.25624834868262752
  0.26988798230525318  0.28391502261880025  0.29704222396565250  0.30867046347233146
  0.31788303634834558  0.32635427240282577  0.33469046359143612  0.34322283985099428
  0.35281642023415427  0.36339590668373073  0.37400231975433068  0.38550427940250181
  0.39713818486471575  0.40478985163683906  0.41383125588036634  0.42197844027290277
  0.43035740965560915  0.43914040354883399  0.44871203587857206  0.45852099046810896
  0.46811488789540079  0.47756526554893597  0.48721932943896451  0.49801011799818423
  0.50946904770665480  0.52044794549394069  0.53047893257306433  0.53999291684255746
  0.55048494063394005  0.56216091904505250  0.57058717032409090  0.57797233630768596
  0.58396978797359611  0.58940153245695293  0.59555623148887116  0.60137829632311224
  0.60636431414498548  0.61053258190114101  0.61395820559536662  0.61740868043905794
  0.62124668640575842  0.62853743653839178  0.63823446320082633  0.64802831467145527
  0.65824307892061229  0.66613370943180372  0.67265921383338845  0.67884044812064759
  0.68587304693427253  0.69499016015880843  0.70623966479904898  0.71824359650530611
  0.73102928129124090  0.74928635003876565  0.76657484691641031  0.78144821059390512
  0.79487049565507195  0.80665690111571020  0.81730699230305914  0.82847026647187949
  0.84162802034496453  0.85591459053931973  0.86950221817710593  0.88308150391132689
  0.89695163819176171  0.90974030828349617  0.92305843812589605  0.93728923619398063
  0.95261471655027696  0.96839161285639253  0.98492477586664395  1.00000000000000000
 -0.00128634269009764  0.00677764493211636  0.01293181099749356  0.01860566236685153
  0.02416434504563229  0.03008279484701559  0.03630620386971117  0.04270126636180163
  0.04920245582342669  0.05563241213563308  0.06247462115866514  0.07147307488779690
  0.08116322831073046  0.08952502390978358  0.09741804546172050  0.10824205252900947
  0.12172003950358336  0.14054110670896949  0.16025320942591914  0.17706057508018222
  0.18967782304491715  0.20124979470755577  0.21282406071174831  0.22543671831994885
  0.24036202394030184  0.25519790310283330  0.26875613049625580  0.28165122669912712
  0.29472347975465613  0.30717458031681949  0.31785626891153856  0.32749621494220649
  0.33833187311960272  0.35023890023994098  0.36156970255052284  0.37345656169867936
  0.38687850663800183  0.39906289788346710  0.40876344712505552  0.41773249079271013
  0.42622317707311502  0.43635706280117698  0.44744244038271030  0.45901247970888970
  0.47162027061976619  0.48362331279191922  0.49395390004505646  0.50323053663642936
  0.51107289150342383  0.52017254716700911  0.53046363022643472  0.54096136409521611
  0.55036377279311488  0.55793041722578574  0.56686610198107390  0.57740295301257794
  0.58777999851787988  0.59696371233576606  0.60514359500982662  0.61245905383198362
  0.62034539838095171  0.62951921552909951  0.63904074144262180  0.65040808572436126
  0.66290471175160393  0.67381687538041879  0.68184133640394196  0.68943820612779216
  0.69735048705372393  0.70690131855571092  0.71768072641563785  0.72910342616095769
  0.74320582783900335  0.75780169424334509  0.77144078729300025  0.78367082194962934
  0.79604532878633039  0.80845924336648978  0.82088658067195530  0.83331074930093874
  0.84571327481017533  0.85824216509512419  0.87109358713150919  0.88249940917876646
  0.88840843656611745  0.89366316752268227  0.90056118349812353  0.90878857098990318
  0.91678167557035417  0.92480901054481468  0.93591486774057719  0.94793370702098023
  0.96049320713226738  0.97319685200904538  0.98580167746023528  1.00000000000000000
 -0.00245544864146664  0.00812814328205130  0.01836746059154795  0.02983841129957304
  0.04137875170278665  0.05248773472212762  0.06300336977148276  0.07436164702230547
  0.08639799151682735  0.09957029045793692  0.11112784373429832  0.12152729296308747
  0.13046243637771870  0.13572620419187972  0.14183226750362371  0.14814700845515172
  0.15681843945832863  0.16487584328283614  0.17127995048105354  0.17874098150449202
  0.18856509382622375  0.20294361985329037  0.21907887114308836  0.23387255208171898
  0.24760778333447156  0.25965329631197165  0.27090445513056016  0.28297983766558293
  0.29404037768100733  0.30523351870501320  0.31246958138045483  0.31831146792025178
  0.32346960166757349  0.32833075187173866  0.33358690594289170  0.34290448247474692
  0.35299931318608213  0.36789860171413985  0.38291282372724661  0.39862985455349709
  0.41484317621912159  0.43098522747783846  0.44427535017576875  0.45333895376618866
  0.46351979591039127  0.47419567936058821  0.48528235036266987  0.49390335106808270
  0.50199782310133623  0.51099004392072955  0.52026020104302029  0.52981922853260710
  0.54144762228249599  0.55457112219919902  0.57136487929668212  0.58790757605827626
  0.60296023465562476  0.61668963239723662  0.62962231228912180  0.64134075179276528
  0.65270190347460300  0.66317878309034539  0.67279016107651135  0.68237936708465163
  0.69348808380822147  0.70504707545611611  0.71936945896205129  0.73011730558380483
  0.73698083890345245  0.74303638997289712  0.74793322189153011  0.75254518735468379
  0.75752100365628050  0.76266237257057989  0.76837575962437676  0.77635029490379948
  0.78317338402005454  0.78911854520660063  0.79817009560622487  0.80918538951120311
  0.82168547217047150  0.83325082461065902  0.84384938962005407  0.85481379497307530
  0.86409723889173418  0.87342525245909630  0.88408607856165522  0.89680850870349260
  0.91019157802209594  0.92513482715604112  0.94026206911170618  0.95274888211363740
  0.96460915699256122  0.97633911126634543  0.98783581681714150  1.00000000000000000
 -0.00294225599745108  0.01250456929196415  0.02742460971353938  0.03911044171381297
  0.05003086973614302  0.06277993214947734  0.07733977474191196  0.09493710711990361
  0.11355124900526584  0.12938752361447736  0.14275870558629497  0.15602227364946838
  0.16769400001750057  0.17269561909186693  0.17788470411893073  0.18365940015755722
  0.18943796030790505  0.19530575677941703  0.20066526045361072  0.20591142060238174
  0.21188568876217104  0.21834184795417583  0.22505951507780839  0.23395869312327147
  0.24806698052537543  0.25936458473928331  0.26965061445273980  0.28101875627634415
  0.29385836707078861  0.30646058654512381  0.31808577903068436  0.33016369845198923
  0.34210324888577870  0.35196062622385443  0.36041483118002932  0.36864372741297513
  0.37696082805784731  0.38560016705184480  0.39415443731717920  0.40242663330807898
  0.41074098830471262  0.41823980160400059  0.42582147692228450  0.43245516004530754
  0.43951753095904939  0.44767564340393445  0.45712042464324637  0.46767524457219695
  0.47981648731535187  0.49334744068163883  0.50813065036993466  0.52374762491584548
  0.53893128008215363  0.55275207842259910  0.56470584109109978  0.57599955031298966
  0.58610847037314528  0.59402570650438502  0.60271316570647437  0.61070303648295166
  0.61828551472045912  0.62603350209740893  0.63344655359634927  0.64062169462366703
  0.64902096138752285  0.66015080371227419  0.67336369305216937  0.68777378799351485
  0.70350516715533185  0.71481277834606605  0.72430066675653648  0.73350282243571563
  0.74372641119287508  0.75481449047522109  0.76562557551126453  0.77271178192636236
  0.78299863137353642  0.79482589043422536  0.80560349255997465  0.81582079918551442
  0.82835213439670807  0.84038671893044359  0.85216162642881188  0.86337597166907376
  0.87482635346171145  0.88825597057895700  0.90087392781919740  0.91163150201349030
  0.92192918913038302  0.93222045009937526  0.94268766551204841  0.95357448563847269
  0.96479034905632888  0.97542818507520035  0.98708857238317749  1.00000000000000000
 -0.00266368584388525  0.00914567881982576  0.02057601276450266  0.03183672626374606
  0.04403332357669303  0.05625147928031163  0.06823723115820975  0.08201895469401123
  0.09749951543696421  0.11282685286633082  0.12662381821512439  0.13979051131835488
  0.15271268309574923  0.16519780474762269  0.17605994189914151  0.18676736337821537
  0.19790582505319837  0.20912581092336605  0.21984249306050752  0.23095594062080613
  0.24238682374970794  0.25213747285605687  0.26085257547368002  0.26805658683252215
  0.27609179017620350  0.28346073853595627  0.29098498641095799  0.29954194916557808
  0.30959212636778566  0.32096569850967177  0.33130341782711392  0.34124625462260499
  0.35124513279457220  0.36075032804259016  0.37003414757400305  0.37929850028495615
  0.39126030921644284  0.40149616790222159  0.41088307163850535  0.42006918710794827
  0.42875280846042396  0.43681074029212358  0.44313897211455677  0.45015393704680262
  0.45698444221479012  0.46311905275365145  0.46876357223843795  0.47408754235523526
  0.48061967574421732  0.48746856317794107  0.49315356076560496  0.49856578043625716
  0.50443099850840467  0.51031869598589774  0.51669335852875220  0.52499084877984847
  0.53832903812318778  0.55091449985625518  0.56346770861749718  0.57533387686925308
  0.58744309843246134  0.59998425609900541  0.61363053321668748  0.62664493893386941
  0.63749156911444815  0.64723931579017169  0.66019586957001153  0.67419160171770398
  0.68751959635117266  0.70150555384063495  0.71471390909239385  0.72766648296710412
  0.74150704404099255  0.75616755064790186  0.77084120475761631  0.78529109775807560
  0.79918375335453873  0.81240585149436262  0.82440681483368927  0.83562960673797781
  0.84664419220966713  0.85726695325287872  0.86926954512233590  0.88092215616597047
  0.89074953634884402  0.89978755384233744  0.90906524147845325  0.91949561390811374
  0.93232128638220513  0.94514819125800309  0.95556517581773914  0.96490460681142243
  0.97381370194877048  0.98233128692749572  0.99103694877061332  1.00000000000000000
 -0.00191521949845248  0.00796505625544620  0.01515809455050003  0.02294021556285656
  0.03205721132100150  0.03936143805937985  0.04568957108614440  0.05185683764083221
  0.06121270665907981  0.07114579554704477  0.08029289088586974  0.08858704646957646
  0.09721563571167220  0.10655306345799484  0.11589749441695857  0.12546084007650357
  0.13586454456389055  0.14807337106262353  0.16178308966472288  0.17540105230148959
  0.18814647507710616  0.19944150815489028  0.21015175569651307  0.22182749786399480
  0.23589990131606189  0.25003117160127974  0.26223166058363279  0.27206501065709227
  0.28156518098393835  0.29139958203724320  0.30158353898797785  0.31193120143300718
  0.32333359041335447  0.33592508769440871  0.34980108679882993  0.36507831837940485
  0.38159424389970675  0.39810012145424489  0.41167265143851839  0.42460079583138283
  0.43721318973300966  0.45197674804356430  0.47159621936998758  0.48925185695410417
  0.50323710808685618  0.51669572547979248  0.53109855802580541  0.54633190159149936
  0.56203926960046346  0.57866363038018465  0.59494548594737051  0.60921808201158323
  0.62082590790201631  0.63360684656057453  0.64671149220522484  0.65916435227934966
  0.66914224997216487  0.67448992478281855  0.67893465945496156  0.68323047208156051
  0.68970602145957172  0.69684977371074441  0.70418377048488900  0.71197218597703726
  0.71848884283904191  0.72326835176882065  0.72807818746396780  0.73908424665821326
  0.75307371390384170  0.76154024776488094  0.77157305952143951  0.78187347042290023
  0.79321120167838621  0.80194377425403063  0.81007960996076900  0.81889196283527932
  0.82872355362361982  0.83736617260431068  0.84533485822371679  0.85302982109149583
  0.86018172901598899  0.86732596170544884  0.87397726205540094  0.88334297608133239
  0.89055765509346629  0.89720755412510689  0.90853271293997151  0.91848003656942445
  0.92692891972576286  0.93541056569906733  0.94640790853014423  0.95706926100382783
  0.96827505939734115  0.97875570826055369  0.98966720131432084  1.00000000000000000
 -0.00297319976655386  0.01054329385009665  0.02089101595846592  0.02980508221413066
  0.03770296370264849  0.04509004837837662  0.05326777199926459  0.06430116509014551
  0.07882254623606298  0.09275664788546388  0.10506488147669800  0.11701922976876475
  0.12900693959415546  0.14194329864962316  0.15390511619405470  0.16548551299015207
  0.17625674733313726  0.18682385516394104  0.19675262645013081  0.20452945449798327
  0.21152781991314179  0.21905868297155906  0.22664014717039241  0.23678971678780808
  0.25135971084486392  0.26562008527827574  0.27856503152538536  0.29022520005313024
  0.30127202017263521  0.31178261168887678  0.32096387285324135  0.33052173659189166
  0.34133712012599121  0.35356327001470689  0.36693379546537502  0.38114935094640418
  0.39507442467907711  0.40729391775600626  0.42023793118022357  0.43302681708080848
  0.44536036196311568  0.45728747399448771  0.46855673578513185  0.47808959664470285
  0.48546921562401080  0.49219168077036224  0.49852353126301535  0.50539070705037648
  0.51214313534041966  0.51799238979492845  0.52307232149286143  0.52832278453123682
  0.53435872408190921  0.53935519888982664  0.54787984855338578  0.55919317804244495
  0.57094324138180819  0.58196827176589738  0.59298099493286682  0.60534178183249499
  0.61975310139126205  0.63437973741342335  0.64828409028047029  0.65959903365535788
  0.66998095790367995  0.67920177479028754  0.68948510544406671  0.70323041004976306
  0.71513239551826990  0.72633316314788443  0.73752307766480585  0.74960149599559933
  0.76064134194674871  0.77322958142785003  0.79004979724964730  0.80794566114781319
  0.82602751010489039  0.83818552528200552  0.84617726342460531  0.85418616475202203
  0.86248374212156209  0.87178131851552032  0.88146005593941879  0.89026710265693731
  0.89822676451741401  0.91101349630826645  0.91979677844874497  0.92633374354236331
  0.93411625203796278  0.94225806839360260  0.95018572465905871  0.95746424447509182
  0.96402343964447545  0.97106671983829251  0.97915370424062143  1.00000000000000000
 -0.00706505467773826  0.03747467193009686  0.05700209254029549  0.06982360025486341
  0.08021599378991894  0.09041090989217074  0.09914419228086370  0.10681355755165070
  0.11474408941423381  0.12554835384811680  0.13944978482000184  0.15406731278726482
  0.16827883582104333  0.18189779210140186  0.19529249710863728  0.20973002759207143
  0.22677160244692349  0.24518929019992830  0.26001619946481402  0.27291761517233748
  0.28320731629375073  0.29294043594976293  0.30290044431633417  0.31259960888025778
  0.32237321155197912  0.33187722802281355  0.34250350126414036  0.35382647318900601
  0.36575658178162290  0.37638787554745962  0.38425941064474439  0.39169933127655249
  0.39924392514915458  0.40656329389476131  0.41401884787063015  0.42173321321037316
  0.42903146065407360  0.43569299859656818  0.44235061752398758  0.44904738192097571
  0.45501020448978291  0.46063561280015020  0.46592609894032977  0.47181255714057646
  0.47825634271871637  0.48469716528877932  0.49105276226863559  0.49711110387136309
  0.50430783696452697  0.51162320318011800  0.51894804248014559  0.52813591168633178
  0.54039830348341655  0.55363337872397134  0.56887840024091640  0.58270817271009567
  0.59403828310711271  0.60432897726121482  0.61344580864805975  0.62172625217938449
  0.62974802322407319  0.63844615915167957  0.64501268859305549  0.64979243763233208
  0.65398829645211320  0.65922198026879386  0.66517408489395624  0.67122165355397478
  0.67749097408904424  0.68320059428218527  0.68797431895738037  0.69285317400892876
  0.69803280240713561  0.70510709497213808  0.71549099942455008  0.72965134949018651
  0.74234077368560514  0.75405307260669130  0.76776475999924243  0.78354881754988992
  0.80002451396568752  0.81476618611421447  0.82770502004174873  0.83880388096259584
  0.84654002215195745  0.85258284376961779  0.85886016195571679  0.86505686904921575
  0.87304889661842999  0.88321264994568227  0.89385995927460871  0.91171591266421470
  0.93009830896314827  0.94749479519355917  0.96938394442452169  1.00000000000000000
 -0.00166531109250595  0.00769318581922555  0.01674897497352098  0.02663031279713575
  0.03669234096428405  0.04489347786854756  0.05259777185007529  0.05933730211925308
  0.07072887312139525  0.08532919700535312  0.10010051832814321  0.11769829773355249
  0.13692651748728343  0.15277196651572397  0.16448096521378808  0.17535473915825073
  0.18603490323593577  0.19552040533866150  0.20516121851805386  0.21687257074051028
  0.22881615585907950  0.23868132344808887  0.24744373823913851  0.25670712601875506
  0.26618768616561050  0.27530403478776405  0.28367456124799129  0.29190330982226426
  0.30139133191749895  0.31456306116075056  0.32879678975067483  0.34225025306008389
  0.35459545865234016  0.36488826690975490  0.37493629092120817  0.38533581718561888
  0.39684814686501740  0.41273496453461561  0.42834686914380321  0.44177480793828466
  0.45485623935307895  0.46679731646220324  0.47758152293712181  0.48822757096483166
  0.49844198979096660  0.50498589756644385  0.51354394370529410  0.52257606108700139
  0.53267358754607619  0.53877988693507828  0.54361228757703239  0.54903801453651380
  0.55500756560380271  0.56037657321554946  0.56806380730102002  0.58244128327533995
  0.59654791067918433  0.60940699085207306  0.62112442602109719  0.63259914040921017
  0.64486819350279601  0.65716184675939116  0.66793673824498434  0.67739401486328044
  0.68568725210479720  0.69506343714043439  0.70357567303230295  0.71350340848197547
  0.72452663045503163  0.73531975791368975  0.74572742004416814  0.75491265323357593
  0.76398941742496140  0.77067901383225657  0.77559929842476316  0.78166438066844468
  0.78836493175097899  0.79424095133673989  0.79937409515019042  0.80550494130356443
  0.81225972845683747  0.81906749325323891  0.82610031609964629  0.83330549605494497
  0.84452653304837411  0.85858454408600582  0.87219130163345626  0.88451765885703748
  0.89643652085178305  0.90720903720024859  0.91882896179767493  0.93211062496484431
  0.94631656033108391  0.96242384777644197  0.98097479354363870  1.00000000000000000
 -0.01068091737116846  0.15131061329895182  0.20723652241895735  0.24825847038700943
  0.29316514307505964  0.33281401088596696  0.36427878143090836  0.38843819464006424
  0.41160229924685438  0.43220968068014154  0.45116834805154177  0.46648820576621419
  0.48020620271561981  0.49223064394973809  0.50413280377002367  0.51455203007377837
  0.52463723148184260  0.53583542196329381  0.54899875405844645  0.56274749264622570
  0.57591908477923703  0.58893850708660578  0.60235706455680382  0.61580298129500954
  0.62840692372745610  0.63986432829625173  0.65032222863994771  0.66077800125568931
  0.67165303058106229  0.68367132603216008  0.69353782667584674  0.70185265278392339
  0.70945756085065137  0.71629681288079605  0.72200822480834326  0.72771939019893128
  0.73331124822020466  0.73895184886572940  0.74481819559556484  0.75038321940505703
  0.75515823138068006  0.75971283255742028  0.76449306083913438  0.76960906971341647
  0.77443374757405159  0.77882569379764621  0.78315200210647340  0.78747472226490489
  0.79189495164822377  0.79661806203666952  0.80152702585692259  0.80666389900744184
  0.81207337401292923  0.81774465120240702  0.82336276105696227  0.82842151114611573
  0.83324684049963527  0.83765123250031759  0.84191205513819289  0.84599753640285036
  0.85023773931019953  0.85519135053198170  0.86106331407454584  0.86703459229031443
  0.87195260483327153  0.87606735845683370  0.87964795937089990  0.88266802617910323
  0.88612782409861934  0.88967864894516879  0.89286380648748065  0.89585514529891719
  0.89884697540885561  0.90143708223071284  0.90403301651012868  0.90662949193916020
  0.90969852237326143  0.91388752416138397  0.91770817976665242  0.92120293384869556
  0.92469413288185542  0.92761442096751823  0.93048278546903895  0.93343053391885600
  0.93642605053299310  0.94028191544792838  0.94406276725978067  0.94769191076577985
  0.95147311960860970  0.95531203250445329  0.95966928968990306  0.96430651899147435
  0.96996849400921648  0.97517628206655194  0.98356299714253315  1.00000000000000000
 -0.02414486555650772  0.13782158643528497  0.17264657540456091  0.19435578176720605
  0.21249033586670479  0.23247390005715074  0.24873157561600509  0.26213144308056380
  0.27298960347719442  0.28405088721883409  0.29471449908118902  0.30384196741940644
  0.31090963881328582  0.31501789435654021  0.31837500758365167  0.32211156424969301
  0.32642942856517831  0.33134936905115048  0.33664384710894096  0.34235303482760115
  0.34797075276369693  0.35207658712182116  0.35562623988200132  0.35925824413757423
  0.36325891089568574  0.36742723458183368  0.37136252821004617  0.37563518827731501
  0.38183038117779849  0.38928567769057748  0.39735746104576875  0.40536827907052375
  0.41373762429875260  0.42218757975297722  0.43038343004777491  0.43824007296366330
  0.44519245524458728  0.45153417251725980  0.45778456676193613  0.46361122370084762
  0.46892443582366555  0.47426888306540738  0.48038117695821481  0.48623270887288128
  0.49083845219675720  0.49471381693508776  0.49842868160479775  0.50223666133565781
  0.50649365462362383  0.51127580669706241  0.51626270262950724  0.52137183985420077
  0.52666651723223856  0.53196858897480814  0.53707272238049097  0.54205380254084690
  0.54690930653615522  0.55171989685958267  0.55663676692291753  0.56167561070196370
  0.56658397259115134  0.57148623332071702  0.57577237427329819  0.57950670232632306
  0.58340594482796537  0.58754842684726116  0.59224382448363899  0.59748505805242325
  0.60254557681988941  0.60785691624875959  0.61374261653473261  0.62011573617663485
  0.62728541596207110  0.63441945140135048  0.64131925344410801  0.64811393435532438
  0.65466456903816916  0.66133596690855090  0.66811371073065973  0.67443972685651399
  0.68132567569908287  0.68850221655070420  0.69657456406335683  0.70439982113441846
  0.71139194287654606  0.71833024664157885  0.72565039562990452  0.73387382050490135
  0.74289097384812830  0.75432563441775580  0.76702323142430184  0.78408049108243860
  0.80442294146553761  0.82713841248461717  0.86516018164026653  1.00000000000000000
   6.9481571639235359E-014  -1.0000000000000000     
 T F F T T F F T T F F T T F F T F F F F F F F F F F F F F F F F F F F F F F F F F F F F F F F F T F F T T F F T T F F T T F F T T F F T T F F T T F F T T F F T F F F F F F F F F F F F F F F F F F F F F F F F F F F F F F F F T F F T T F F T T F F T T F F T T F F T T F F T T F F T T F F T F F F F F F F F F F F F F F F F F F F F F F F F F F F F F F F F T F F T T F F T T F F T T F F T T F F T T F F T T F F T T F F T F F F F F F F F F F F F F F F F F F F F F F F F F F F F F F F F T F F T T F F T T F F T T F F T T F F T T F F T T F F T T F F T F F F F F F F F F F F F F F F F F F F F F F F F F F F F F F F F T F F T T F F T T F F T T F F T T F F T T F F T T F F T T F F T F F F F F F F F F F F F F F F F F F F F F F F F F F F F F F F F T F F T T F F T T F F T T F F T T F F T T F F T T F F T T F F T F F F F F F F F F F F F F F F F F F F F F F F F F F F F F F F F T F F T T F F T T F F T T F F T T F F T T F F T T F F T T F F T F F F F F F F F F F F F F F F F F F F F F F F F F F F F F F F F T F F T T F F T T F F T T F F T
  <DiscreteSampler_grid>
  grouped_processes
  1 # 1 for a reference and 2 for a running grid.
  10 # Attribute 'min_bin_probing_points' of the grid.
  1 # Attribute 'grid_mode' of the grid. 1=='default',2=='initialization'
  0.0000000000000000 # Attribute 'small_contrib_threshold' of the grid.
  0.5000000000000000 # Attribute 'damping_power' of the grid.
 # binID   n_entries weight   weight_sqr   abs_weight
    25   10   5.190683369786315E-006   1.773554768936261E-010   5.190683369786315E-006
    26   10   5.190683369786354E-006   1.773554768936295E-010   5.190683369786354E-006
    28   10   5.190683369786315E-006   1.773554768936261E-010   5.190683369786315E-006
    29   10   5.190683369786354E-006   1.773554768936295E-010   5.190683369786354E-006
    31   10   6.350959266994161E-006   2.925515207660872E-010   6.350959266994161E-006
    32   10   6.350959266994203E-006   2.925515207660921E-010   6.350959266994203E-006
    34   10   6.513864040640250E-006   2.762048637709495E-010   6.513864040640250E-006
    35   10   6.513864040640286E-006   2.762048637709534E-010   6.513864040640286E-006
    37   10   7.959670869499967E-006   4.552825750286618E-010   7.959670869499967E-006
    38   10   7.959670869500007E-006   4.552825750286676E-010   7.959670869500007E-006
    40   10   7.959670869499967E-006   4.552825750286618E-010   7.959670869499967E-006
    41   10   7.959670869500007E-006   4.552825750286676E-010   7.959670869500007E-006
  </DiscreteSampler_grid>
