  0.02572042435845238  0.02612400263715733  0.02657007149396890  0.02704855751515343
  0.02755852794408722  0.02805622395014280  0.02857266603348657  0.02910881659410552
  0.02962011227515652  0.03011042766735543  0.03058656310093347  0.03110142976689691
  0.03169173267747776  0.03233560618179763  0.03303869201791172  0.03372336952623507
  0.03433798555152012  0.03505207099202710  0.03575761461916434  0.03636950522365245
  0.03715624779679245  0.03790468531349071  0.03857774987160292  0.03924999488938267
  0.03993232337824608  0.04059722840435929  0.04130105281382010  0.04219746681749310
  0.04322724364797253  0.04443947073394409  0.04587991035152181  0.04739382877219012
  0.04889269607594719  0.05051183742795998  0.05263015544912566  0.05489998554552123
  0.05730933009429202  0.05987398720273986  0.06266696728068281  0.06582627959240543
  0.06906028191575503  0.07252622541205472  0.07585250965284959  0.07866190011912846
  0.08207169255328893  0.08600738326936540  0.09120441572575848  0.09770813054405685
  0.10417426005949498  0.11040680041889797  0.11639081860106630  0.12183630949357648
  0.12787443469450205  0.13539218078048598  0.14411895096153454  0.15223046148154695
  0.16063032210515812  0.17056141998954222  0.17937745501604105  0.18796417191956799
  0.19750408114567375  0.21064388972040315  0.22539626026902354  0.23943296663863686
  0.25295893980434064  0.26918824958972593  0.28615716501893979  0.30628190502722674
  0.32559116192138826  0.34187126951810759  0.35887419109081325  0.37543519989874702
  0.38687256135268050  0.39921028018865667  0.41394062674022231  0.43089349652814002
  0.45377814116534498  0.47502593915893837  0.49408060849531660  0.51525108247222884
  0.53891888007514099  0.56300810359819975  0.58546365774929399  0.60609626201941558
  0.62581011355273231  0.64743697590592264  0.67318375690638887  0.69901495654702905
  0.72259516782435584  0.75131244717906120  0.78248341441898694  0.80726424443798461
  0.82439569978475602  0.84064039316949080  0.88203399388613657  1.00000000000000000
 -0.00000000102625214  0.00000000621951877  0.00000001358620970  0.00000002265528140
  0.00000003145578055  0.00000003981665829  0.00000004909621128  0.00000006012010263
  0.00000007108686389  0.00000007999393939  0.00000008916802102  0.00000009852603844
  0.00000010679202539  0.00000011647802879  0.00000012688405172  0.00000013771499243
  0.00000014924758698  0.00000015916739567  0.00000016820676258  0.00000017686481891
  0.00000018496620481  0.00000019464101623  0.00000020384949219  0.00000021303083468
  0.00000022287704118  0.00000023031406158  0.00000023650376819  0.00000024279264196
  0.00000025111538989  0.00000025928324680  0.00000026661919786  0.00000027419933061
  0.00000028300596320  0.00000029136458781  0.00000029968890816  0.00000030818502791
  0.00000031854289550  0.00000032960669168  0.00000034161803458  0.00000035545609903
  0.00000037029885358  0.00000038426828564  0.00000039772448396  0.00000041123645212
  0.00000042381477623  0.00000043781824511  0.00000045156376789  0.00000046388411830
  0.00000047702868761  0.00000049276821993  0.00000050695237359  0.00000052243516961
  0.00000053764064226  0.00000055324609333  0.00000057062273550  0.00000058918977030
  0.00000060641571284  0.00000062242909362  0.00000063781332146  0.00000065668769686
  0.00000067699942259  0.00000069607037361  0.00000071483784408  0.00000073276096483
  0.00000074501951070  0.00000075646679155  0.00000076933366351  0.00000078425188180
  0.00000080044252826  0.00000082676533307  0.00000084713620941  0.00000086713352601
  0.00000088639146692  0.00000091040793003  0.00000093887560705  0.00000097006289807
  0.00000100703411600  0.00000104165886742  0.00000107504295860  0.00000110604271528
  0.00000113559008113  0.00000117600319820  0.00000122547272578  0.00000127465956000
  0.00000132220183696  0.00000136876178353  0.00000142155966092  0.00000147659413583
  0.00000154568870301  0.00000164548809535  0.00000176794616553  0.00000190574245358
  0.00000212047481170  0.00000247853114763  0.00000302554101666  1.00000000000000000
  0.00006895719530004  0.00007833244590033  0.00007980313966233  0.00008116921769295
  0.00008279475298055  0.00008393835022614  0.00008482673796704  0.00008561046502381
  0.00008633310269656  0.00008699140700861  0.00008758613060242  0.00008816045601771
  0.00008875746815493  0.00008936151177176  0.00008995950990018  0.00009052872882295
  0.00009102230304803  0.00009150243248583  0.00009192518696762  0.00009233136019021
  0.00009274273328918  0.00009316430435370  0.00009359124579934  0.00009398373280133
  0.00009423358201399  0.00009450050766908  0.00009471682204917  0.00009493921736682
  0.00009515760626539  0.00009539293165367  0.00009570587194150  0.00009607431019078
  0.00009646870463404  0.00009688979146935  0.00009737542489672  0.00009778729724482
  0.00009820145864612  0.00009866612880028  0.00009918289089059  0.00009965218170628
  0.00010006606592786  0.00010043933267342  0.00010080623647139  0.00010117097714867
  0.00010156944346065  0.00010197753130652  0.00010244640159296  0.00010294082756734
  0.00010346418781025  0.00010405096833005  0.00010463127606674  0.00010523293253561
  0.00010588005988067  0.00010649980491324  0.00010719984190017  0.00010792691766307
  0.00010866107961448  0.00010940885026942  0.00011018859000228  0.00011102217731103
  0.00011186685543073  0.00011270111751690  0.00011360053475999  0.00011448697174534
  0.00011548031760504  0.00011654398856083  0.00011767491209532  0.00011888980357896
  0.00012020810908841  0.00012135955340714  0.00012220833490011  0.00012294446808137
  0.00012365756615977  0.00012431326115778  0.00012509572467191  0.00012600716781822
  0.00012700352266704  0.00012805426797901  0.00012911953477686  0.00013005650180888
  0.00013077292074100  0.00013142390074204  0.00013212812779046  0.00013293453928566
  0.00013372508932376  0.00013451511639197  0.00013537811798027  0.00013628934986152
  0.00013718043647948  0.00013807967706529  0.00013920055559191  0.00014086889918118
  0.00014261644708018  0.00014535197190844  0.00015104545902631  1.00000000000000000
 -0.00000781772345528  0.00001800528366386  0.00004046858855118  0.00005941333266469
  0.00006770374426253  0.00007230739792558  0.00007451535426650  0.00007684634030630
  0.00007896441146378  0.00008096043885648  0.00008291788260306  0.00008486683807804
  0.00008664021245054  0.00008838867103340  0.00009005554536971  0.00009181579098498
  0.00009355850791010  0.00009533436885308  0.00009707814568528  0.00009870057616454
  0.00010028857019363  0.00010188295339398  0.00010367114295558  0.00010561060241748
  0.00010790986249302  0.00011031189539971  0.00011302627207270  0.00011574108918574
  0.00011816997692314  0.00012034330922343  0.00012227718486937  0.00012410761429126
  0.00012596422795177  0.00012791730260289  0.00012991490921331  0.00013193487993486
  0.00013402906021977  0.00013612950918601  0.00013833384726546  0.00014034667836197
  0.00014225965196537  0.00014404737722266  0.00014601791423395  0.00014800897802667
  0.00014986496680564  0.00015175567646976  0.00015390715364186  0.00015618164301472
  0.00015850261145905  0.00016083782176811  0.00016342265536403  0.00016631861105985
  0.00016947188417017  0.00017266463027165  0.00017561914110235  0.00017852133383995
  0.00018153107827788  0.00018421705987163  0.00018665028907961  0.00018900195052979
  0.00019122178278654  0.00019386444664300  0.00019779088809112  0.00020171328143236
  0.00020532011537374  0.00020923720519344  0.00021331354594452  0.00021746229429939
  0.00022306872009571  0.00022883249653341  0.00023305684290883  0.00023640729147128
  0.00023956539598574  0.00024295341769770  0.00024702497591701  0.00025047223785427
  0.00025377986108860  0.00025923568693476  0.00026441885436311  0.00026811714654893
  0.00027239606802703  0.00027573118606224  0.00027903290351757  0.00028300150834396
  0.00029022562986095  0.00030096050520129  0.00031050257199721  0.00032027783567509
  0.00033026154508564  0.00034424604303017  0.00035459032996762  0.00037004735812586
  0.00039675246597721  0.00044993227330137  0.00049977875750048  1.00000000000000000
 -0.00277408251926654  0.01119153993484323  0.02373126046158807  0.03640266465426365
  0.04719545407760790  0.05947687450712102  0.07125666030039723  0.08300823429054853
  0.09019094795166886  0.10002431344500917  0.11196673230734083  0.12114786321768690
  0.12894820943516022  0.13746399875285550  0.14666677805313641  0.15687159478249937
  0.16925556403927144  0.18224757388179111  0.19448951411575754  0.20570033434287244
  0.21722464793733620  0.23052886753633559  0.24322304128099029  0.25423504276401032
  0.26517333767849355  0.27563181135679210  0.28549086184308409  0.29500418721400418
  0.30467256380815566  0.31561124369417159  0.32754622254158683  0.33570915925975020
  0.34299899122706190  0.34987591483972541  0.35872361696279265  0.36771822900197998
  0.37641729082087527  0.38491415622566316  0.39336697790007408  0.40245640573595393
  0.40936099866311021  0.41574293531869805  0.42172159752018168  0.42841833334094886
  0.43525569144416343  0.44289159921963112  0.45254523770971972  0.46154867333999716
  0.47217676927125407  0.48405054835801076  0.49507281439831080  0.50369732908451004
  0.51089652142045860  0.52064687540850951  0.53420068298861301  0.54804998181198139
  0.56097329911614147  0.57442168988095932  0.58638524012888005  0.59594069983112563
  0.60449883728670861  0.61339528301764679  0.62049480316442129  0.62872493649618533
  0.63972160534294942  0.65251943269210322  0.66557252870060180  0.68005685624146750
  0.69406680151038624  0.70815319993665538  0.71995883677412276  0.73169015747575139
  0.74620533024503233  0.76131529544247367  0.77791013073420157  0.79133633326822039
  0.80242322570408653  0.81051459022082062  0.81858334361067198  0.82641276599872060
  0.83591773762505495  0.84612037992196476  0.85733347444950714  0.86936905233559902
  0.88219634990913431  0.89406534419908246  0.90628555581382308  0.91699893269487254
  0.92743673711755459  0.93869106635242272  0.94936175330508321  0.95835947308164982
  0.96712523257358884  0.97743562175878840  0.98794974544006420  1.00000000000000000
 -0.00321110997330434  0.01093168281989024  0.02475092789359261  0.03618999253302857
  0.04713386649146740  0.05608235027618290  0.06407016959567220  0.07038925504683019
  0.07657655855354392  0.08282592140018664  0.08982902176436248  0.10255037438199176
  0.11272669285603033  0.12158345320266266  0.13121641155546321  0.14136710189531454
  0.15546032829461040  0.16822674343012817  0.18036595820722337  0.19232084758688558
  0.20535353606137061  0.21918279547707761  0.23204433982195730  0.24352325185367180
  0.25390387061169639  0.26497494231766228  0.27870703562716764  0.29399414502549104
  0.30760485579581598  0.31966010690458657  0.33216323880794107  0.34585035350275606
  0.35799329017414006  0.36885979263533236  0.37979904106126311  0.39202631489406536
  0.40274916391430488  0.41058601833952146  0.41895051249554160  0.42937198362681844
  0.44036735530746296  0.45039222353610087  0.46090020281784844  0.47378900399674645
  0.48974772342090750  0.50647944851825777  0.52031444102824986  0.52997626364555750
  0.53753509882317696  0.54402478851820846  0.54976752984776078  0.55496513214509002
  0.56169624322770850  0.56947628129219841  0.57894995192866616  0.59237173370509288
  0.60765251323943792  0.62125190462690627  0.63450539396626371  0.64826772865892535
  0.66051173483538128  0.67336280994676723  0.68617129899519558  0.70042661417726082
  0.71336150796195807  0.72524819695001908  0.73713289260303749  0.74958988868538456
  0.76189047514868702  0.77141675857424707  0.78026185843490947  0.78837523362289819
  0.79685073567066067  0.80729720712200559  0.81838343413637560  0.82791017510358300
  0.83517756594131454  0.84111572513502808  0.84697990467844486  0.85521763364334569
  0.86392228322338849  0.87163342483143003  0.88025508728006674  0.88896421530822289
  0.89895220073692927  0.90940603664001585  0.91995290463627100  0.92942761017995079
  0.93872455735268046  0.94967401386531314  0.95993480864936331  0.96853234679820022
  0.97713427641902584  0.98598760196716917  0.99409004499289388  1.00000000000000000
 -0.00194811386077270  0.01007803597772432  0.02055982670378479  0.03181582910401053
  0.04351446917707010  0.05519002461410021  0.06708159326694768  0.07909581723389759
  0.09048444438811587  0.10026727656802152  0.11202853772653171  0.12261632357344660
  0.13251902553184380  0.14307260791185356  0.15582159522886627  0.17162769393785718
  0.18679417041489280  0.20335096234801800  0.21825173918454624  0.23098511211443687
  0.24074403596846211  0.24955324377956606  0.25884345391651487  0.26792612675496952
  0.27581618401077446  0.28368551668288894  0.29157407304938937  0.30127644882224908
  0.31160816048975165  0.32182726802983525  0.33198409476919494  0.34208170067578675
  0.35244471718592502  0.36279659114591867  0.37282145751635054  0.38438337440577197
  0.39756352189619099  0.40980636684811111  0.42193012060600638  0.43416081669630746
  0.44715162311746992  0.46083943200460042  0.47427899284293373  0.48747465014391156
  0.50065567093378704  0.51664290276077030  0.53027492385166186  0.54091546918329758
  0.55015203295389858  0.55889687246706210  0.56821488067888593  0.57996390038993229
  0.59436873308303262  0.60779989822848146  0.61792445756872327  0.62638587485895947
  0.63437396786131772  0.64461182528510685  0.65478463289772992  0.66172691510066950
  0.66808225901086205  0.67604468662549855  0.68332048595323480  0.69132934162364179
  0.70178612596176360  0.71364426801552439  0.72556877938081299  0.73594463174120572
  0.74592647253147493  0.75788751239511409  0.76973154043867031  0.77983470304584424
  0.78990441624726104  0.80059737162319011  0.81406774964508966  0.82418987704407654
  0.82989087683935048  0.83610382072770439  0.84238968811108927  0.84805596098162384
  0.85729249525403362  0.86916288834886812  0.87988364865854107  0.89006578743673070
  0.89995620355009587  0.90976850778116414  0.92014274262089424  0.93078858989274271
  0.94063104196343383  0.94998597089956727  0.95673551973446025  0.96353884389231337
  0.97054429652819252  0.97751141073844294  0.98748927687886290  1.00000000000000000
 -0.00216958133847287  0.00871349261673130  0.01832972559961450  0.02771467633973942
  0.03721233904019287  0.04682135712615720  0.05822193365705225  0.07183867130565230
  0.08693588813222095  0.10182263329697115  0.11631307807907079  0.13028497846462461
  0.14259820468160991  0.15398839542830714  0.16584562920162324  0.17668055658132428
  0.18786831912972532  0.19997393170945274  0.21250516252440554  0.22730327721700519
  0.24415628545055207  0.25819945119743520  0.26727880302180274  0.27408026307560002
  0.28125794754621608  0.28874036607498166  0.29662309205161169  0.30595309111819508
  0.31597843203440140  0.32491143374870562  0.33276240435286580  0.33856260480211775
  0.34359846720243137  0.34920365347314575  0.35545354701853160  0.36160527257652036
  0.36822431250319615  0.37704226759556153  0.38798270422433401  0.39859255556573109
  0.40778019769994284  0.41649745698788321  0.42572227398299739  0.43876168387658443
  0.45078977466794318  0.46534301505755549  0.47613997741614006  0.48513739029852537
  0.49361094510538917  0.50346678233550290  0.51262463777804756  0.51788975112396751
  0.52295494690402078  0.52886030452529120  0.53660901477811540  0.54859213947583341
  0.55818915867177277  0.56701896610344538  0.57459086011875649  0.58113257894161963
  0.58911610961125138  0.59795630566112801  0.60788073847793411  0.61903898366192733
  0.62813075370820759  0.63549855900828889  0.64284924032453128  0.65231799117750744
  0.66321259822581513  0.67365191524785550  0.68468468373279112  0.69827349416509088
  0.71104017367831140  0.72290880499865240  0.73500815827458299  0.74571723618233432
  0.75665013892147581  0.76980650482642055  0.78437746809320286  0.79720479282271617
  0.80904838179668315  0.82091939567263084  0.83157827977467524  0.84276188836042998
  0.85514080370903822  0.86745302853727979  0.87911250791939366  0.89030969085269718
  0.90209750058818949  0.91454450662149867  0.92737895948241511  0.94132436639870387
  0.95545238962887868  0.97013801650602427  0.98472734523555983  1.00000000000000000
 -0.00229194998271877  0.01000993519590983  0.01829512725542973  0.02624227526033521
  0.03399954064218509  0.04160866015566520  0.05057598024966910  0.06149478263254299
  0.07312705572584340  0.08284111112417195  0.09009807194615360  0.09659215449427404
  0.10458429592366018  0.11506952804040887  0.12770010543150598  0.14051683481118840
  0.15377023488275687  0.16722818343422752  0.17723153680451423  0.18917092742258262
  0.20040474349052700  0.21094580179930170  0.21674183839912656  0.22388819356519482
  0.23138468442441948  0.23851417708152656  0.24712797622799343  0.25566919781257508
  0.26362060297557999  0.26884164196656374  0.27441491266784801  0.28120701395027847
  0.28932007408636035  0.29941184385766167  0.30895033469528044  0.31805503156153148
  0.32523288667101125  0.33259500154493127  0.33975705012073770  0.34686681724270768
  0.35604910475066626  0.36734768345835078  0.37823220107083433  0.38942377392441657
  0.40045897639443373  0.41311765244128462  0.42870735679789063  0.44402845283292847
  0.45798734486963688  0.46909810833349896  0.47890686162239937  0.48924519103204150
  0.49844174767279575  0.50875022295184613  0.51940340772359683  0.53115812930504791
  0.54701768668424366  0.56310647050642459  0.57562915229936717  0.58554090574925932
  0.59532191607178619  0.60582844909688915  0.61719693671225151  0.62893424604052284
  0.64180771796267977  0.65582138059638695  0.66893054707947974  0.68062193113608138
  0.69229216632750512  0.70397479718591272  0.71567104376287138  0.72881263583333189
  0.73959710616258445  0.74925874412863003  0.75872046548171423  0.77154396146510140
  0.78675379406024881  0.79769405544901162  0.80789140833902651  0.81952014747533175
  0.83152578329898008  0.84205596395653326  0.85335264996274784  0.86323156305678772
  0.87186641825574496  0.88012459776164076  0.89161800488115317  0.90412694472137056
  0.91346950110301695  0.92389312132779422  0.93506596968222366  0.94701115818233406
  0.95924546361440766  0.97091566543945573  0.98311299624527604  1.00000000000000000
 -0.00290294596992505  0.01284033528152889  0.02104498435502318  0.03020604948346964
  0.03992115534594045  0.05221283160739625  0.06665211581965128  0.07966163712829101
  0.08994754970231930  0.09934020561899790  0.10734639113521827  0.11531754942877165
  0.12639617875683495  0.14276365242362521  0.15467950858512580  0.16477895556569930
  0.17354242084369417  0.18338185882807570  0.19436204889661279  0.20548407439616800
  0.21714021328022562  0.23000649816667337  0.24026034659082399  0.24839993928520537
  0.25516132358182353  0.26324988718298803  0.27275441221259095  0.28347659735521363
  0.29564415311975323  0.31070721670942281  0.32887362553631083  0.34774745197512774
  0.36490662984125682  0.37985334381492913  0.39336496586784497  0.40395603829335802
  0.41440506797820609  0.42529604866088810  0.43580918345001440  0.44798787633461773
  0.45969620722801191  0.47446055409169458  0.48855417109412053  0.50296061884916032
  0.51642154722767375  0.52774074891557010  0.53937849969739515  0.55138368679650351
  0.56307183660396853  0.57235224386626171  0.58066868713045339  0.58983508133183193
  0.59873858615298192  0.60684313510151011  0.61887852159147372  0.63410302828769050
  0.64695498036097587  0.65653211038662640  0.66449525917329344  0.67265833449709633
  0.68063373811858918  0.68793798988539401  0.69566576279933412  0.70443699265252668
  0.71557808296300940  0.72548081017955490  0.73582736839692975  0.74560218688904645
  0.75432649918754113  0.76220770067139043  0.77004639012481091  0.77921939245109861
  0.78889462591881576  0.79830376663484137  0.80781485777846573  0.81531473657421716
  0.82201050848445045  0.82863418988253235  0.83649164322748171  0.84667508038280492
  0.85743072480857441  0.86892029724200948  0.87666321079477805  0.88298425824393012
  0.88982361478793515  0.89697068011770131  0.90464911710989504  0.91441616286839644
  0.92275398679955956  0.93084532038859191  0.94123822346440822  0.95222627453577291
  0.96177773570823566  0.97135020114861548  0.98172166323530941  1.00000000000000000
 -0.00296048334873127  0.00943007673408489  0.02095069211762941  0.03085064575359889
  0.04027576876404499  0.04972958647610005  0.05921876564972090  0.06944700448109896
  0.07942607716525549  0.08797617658796528  0.09433976424514380  0.10050395097344235
  0.10681388104537086  0.11428817287886486  0.12268121850848944  0.13125231602512918
  0.14028525209228013  0.15129262896177925  0.16334367794494017  0.17607476434485109
  0.18866452647665541  0.19969977653204216  0.21070260122068687  0.22095681871958561
  0.23234944827769935  0.24560167276798314  0.25843494477167522  0.26976582105081698
  0.28037930627060703  0.29079766749775671  0.30229772759221973  0.31450253527331973
  0.32454149504562912  0.33507587476094136  0.34928020414880329  0.36390885966161862
  0.37675604514910666  0.38598445421026406  0.39480236039105238  0.40568155942753326
  0.41924404621015754  0.43323404245983843  0.44204794052166524  0.44879425637706982
  0.45806790099966749  0.47004544615331895  0.47783574383897498  0.48342861131466297
  0.49021468759925474  0.50126163412888192  0.51118827954150303  0.51897294965483776
  0.52406595897384545  0.52989444109470052  0.54033787428880808  0.55189991090042012
  0.56155817841424194  0.56898544742763857  0.57719794122989088  0.58453013640156770
  0.59059858066525162  0.59649881982941322  0.60539880680267411  0.61715565018628138
  0.63148643486424760  0.64513644096002976  0.65901501094678272  0.67296104176088201
  0.68564817431350300  0.69736546206367367  0.70932041010581715  0.72105727530422736
  0.73513144711843326  0.75141008986289948  0.76319234810571435  0.77157967125939575
  0.77835886981451619  0.78500665441212580  0.79207588338723578  0.80000191155929734
  0.80968868074553313  0.82148737606192290  0.83389718781305233  0.84730943276552140
  0.86175317128757367  0.87478544496548394  0.88826680619601051  0.90148945984153495
  0.91446675465406402  0.92628200943531813  0.93756463948527435  0.94827112659174673
  0.95925254970324447  0.97161478309835447  0.98451738120521826  1.00000000000000000
 -0.00214772055965922  0.00766400231206087  0.01468098331491439  0.02184219940283064
  0.02887141477194520  0.03671591915873908  0.04517237496795479  0.06005958730403117
  0.06703737069444964  0.07272321307991553  0.07754485253941054  0.08260151712073113
  0.09045426161949803  0.10051024887906089  0.11040704134539782  0.11813922951784950
  0.12677370793975418  0.13662533380023933  0.14638956687780777  0.15626529689129373
  0.16537995547492873  0.17509139711349828  0.18745579617784847  0.20207276617372325
  0.21507030582276931  0.22681630303117306  0.24099977183953125  0.25791123810550382
  0.27356313430381179  0.28747435225094364  0.29940986428527083  0.31085522552769196
  0.32159190578513797  0.33181166752299568  0.34159515531048751  0.35122767260819115
  0.36145137074386297  0.37304994686006482  0.38532463528169614  0.39858262299956715
  0.41165823561049175  0.42238709246960415  0.43163187046864721  0.44071985639644179
  0.45070813708583723  0.46264752379241036  0.47499607674942623  0.48623782313233688
  0.49596141053672627  0.50445646589390836  0.51111198719576045  0.51775629285871327
  0.52425549115090875  0.53067240916925096  0.53769699144176930  0.54785737050186079
  0.55782959586215231  0.56934567029248617  0.58114911610780162  0.59570963521869891
  0.61069939877188784  0.62386825773694143  0.63590143457592774  0.64707761895684601
  0.65635661870699658  0.66504705476793335  0.67348285166201594  0.68215279205176949
  0.69349278972221329  0.70865815927002862  0.71973521803484442  0.73068153543851089
  0.74176037624919022  0.75340585389141090  0.76648407384530259  0.78113155565979886
  0.79708026959687228  0.81207189794791834  0.82396460440986896  0.83413204432933075
  0.84423460130814443  0.85428185939549628  0.86508842780071726  0.87324557229463506
  0.88185434711658883  0.89075585246735911  0.89955564899039653  0.90765140113902554
  0.91610311691897972  0.92589930577898605  0.93747636263450262  0.94988160417411915
  0.96258344810035157  0.97538348648573348  0.98801506559778451  1.00000000000000000
 -0.00308627571426349  0.01360534520679268  0.02858673122834881  0.04251441241487794
  0.05674915154248834  0.06966091117213563  0.08032199485330793  0.09271847197139038
  0.10678405791956791  0.12097162829609016  0.13567434963760366  0.14921165957929006
  0.16013432081512993  0.16897664698103601  0.17715546202796764  0.18619557155230848
  0.19619141319661598  0.20940398991043183  0.22416592001600166  0.23477059672267842
  0.24213029873019254  0.24922231877107942  0.25788401544423767  0.26760952392125725
  0.27637485784663612  0.28416190747298969  0.29182733939954447  0.30002608847302159
  0.30884369513549093  0.31873756437429013  0.32901242084386606  0.33890964744288771
  0.34689730849866945  0.35388002342427732  0.36067826385542812  0.36717268993754326
  0.37321116265367260  0.38083774123931663  0.39071694087555670  0.40226515474643632
  0.41432294542557169  0.42694506334323928  0.43846808492748451  0.44873901723176884
  0.45977874001228691  0.46943425200650407  0.47912775328962665  0.48935235511042469
  0.50053161783023659  0.51230117699619171  0.52281778118655131  0.53205573817021867
  0.53967935542272416  0.54698941369447263  0.55406424131035281  0.56067709919899777
  0.56859535727949040  0.57949409508258942  0.59000736861597924  0.59895592696093836
  0.60651617326141938  0.61166218415809892  0.61726104687199168  0.62334684586899014
  0.62935531009351475  0.63700872012749754  0.64697431978007380  0.65701202868249708
  0.66702801227015529  0.67688815437782546  0.68865144600498851  0.69974400224645483
  0.70990259995381477  0.71962661857354804  0.72966705380814234  0.73930395099589230
  0.74806132188961094  0.75814577083830947  0.76817265466721585  0.77832233591885092
  0.78842272351082909  0.80143438765218389  0.81510043925749442  0.82301185687480749
  0.83093072610498309  0.83996298105817768  0.84916795356279928  0.85712488370754791
  0.86666665037714719  0.87948417773017540  0.89749157506061927  0.91781180738291435
  0.93667450500515737  0.95489048140192756  0.97196819992997652  1.00000000000000000
 -0.00309570875592167  0.01194741270666858  0.02548067174541426  0.03858701748493096
  0.05152230045188319  0.06471261956886033  0.07603950100976041  0.08625626662144845
  0.09862515114766084  0.11332337129693495  0.12782788348220778  0.14191991381663460
  0.15696399194304889  0.17300628515283950  0.18656883914956712  0.19584216427125151
  0.20364240426851324  0.21136422796704488  0.21961518905298757  0.22812601683918313
  0.23961593355795693  0.25095533826239103  0.26088451975193300  0.27170530440362212
  0.28276535740951769  0.29432735237732954  0.30371339285835236  0.31236611317716284
  0.32073026717883768  0.32906606152248863  0.33568944132324979  0.34331851864808943
  0.35174570124553806  0.35927610128215803  0.36658322931817666  0.37440368458354495
  0.38228696500396225  0.39079097364925858  0.39912662680083516  0.40722146670509779
  0.41892204856296084  0.43456708561237012  0.44988767068847574  0.46359709146991962
  0.47582927125408170  0.48847433127183559  0.50116988181665700  0.51309494027251212
  0.52583299746478818  0.53727699248908223  0.54919677190907379  0.56189247658569552
  0.57554883066910123  0.59365462578441630  0.60583557436992219  0.61464803113656685
  0.62181726329974296  0.62915252071715388  0.63820465218447853  0.64821220943382296
  0.65565879370589819  0.66105320351548680  0.66627271234446828  0.67183372482090342
  0.67966741262972830  0.68904613999065734  0.69934134141596704  0.71127350146059609
  0.72399379943126008  0.73556979028377256  0.74544181429398748  0.75576963214284387
  0.76658188128786231  0.77767325313838398  0.78928567705656794  0.80123700773492790
  0.81238797279212815  0.82245114585848667  0.83249382177053677  0.84332834870883755
  0.85437595845299241  0.86241605987052739  0.86863365777881685  0.87540753490390999
  0.88235128577740962  0.88858724591152283  0.89881395835635503  0.91143464383491102
  0.92351439541899405  0.93454205777136568  0.94403087589870560  0.95375447029388483
  0.96198913658376040  0.97326647413702516  0.98645408008357294  1.00000000000000000
 -0.00384986180623728  0.17806200473672670  0.25293229989300053  0.30912187731866009
  0.34277612666523782  0.37729237834063689  0.41163009200429523  0.44577105353292135
  0.47763519288244327  0.51082354414864173  0.53642926038235850  0.55462005296575756
  0.57193889243054286  0.58858969359097835  0.60887713592911563  0.63518033159114029
  0.65920587535268760  0.67740432906201209  0.69570270341907037  0.71409788592182089
  0.73194863980466218  0.74985658082738571  0.76940723216567630  0.79045329972659284
  0.80981037457095773  0.82681270062601375  0.84113666418121980  0.85404135153240424
  0.86533621727486687  0.87292582839979294  0.87888238393581741  0.88500718772097053
  0.89096823428770477  0.89546762633679688  0.89917434682778707  0.90295009805506088
  0.90727983588637551  0.91248867234821074  0.91686368193557688  0.92067934474167612
  0.92367862761410546  0.92665905919285163  0.92921159420122312  0.93178238362134935
  0.93453456948020730  0.93739016747320614  0.94001335810225395  0.94170769996501724
  0.94296161505547949  0.94401687705130977  0.94506088607912964  0.94626728270105154
  0.94770154486932623  0.94903134196857142  0.95025276559098448  0.95143059814886144
  0.95238514037236566  0.95315991848843384  0.95403845797039388  0.95495317924065826
  0.95588978653532208  0.95683800644808770  0.95774588703049013  0.95863503616268164
  0.95943852545985198  0.95997990165715386  0.96052381591283875  0.96101728076479731
  0.96151965673803674  0.96199710213700085  0.96260352765672308  0.96320478534546283
  0.96372922394112481  0.96420014367137619  0.96466857395628114  0.96513161096221467
  0.96558288378431856  0.96604149359420699  0.96654213418522128  0.96700465985106965
  0.96730514360844189  0.96757682116828669  0.96783400898785865  0.96807107615369414
  0.96831585878297921  0.96856271823269091  0.96875742032353152  0.96893498169057524
  0.96909973687956630  0.96927484659652341  0.96947931035717572  0.96966900756199148
  0.96983212197024105  0.96996569545578537  0.97005558442375206  1.00000000000000000
 -0.02742869558577058  0.12473710133888810  0.17602534151959856  0.21135634445198706
  0.23417165802657891  0.24999304602011324  0.26251758574499240  0.27480641992450067
  0.28844193527473444  0.30361604808003789  0.31870427910579185  0.33071398957316939
  0.34251303661069832  0.35589727136314914  0.36857187048563511  0.37945885279238400
  0.38965590971119074  0.40158023577112795  0.41492654970652043  0.42421307066371383
  0.43417899768602586  0.44201486108760141  0.44989007029168337  0.45809107234741764
  0.46516475329818158  0.47117416420623398  0.47903700133386673  0.48848035253565147
  0.49845316482483670  0.50847706120191993  0.51719915483686152  0.52287506217641755
  0.52557058291461078  0.52827673869050862  0.53129189372248498  0.53494061482278721
  0.54265257978209380  0.55327777925523869  0.56238736803462175  0.56835823686022180
  0.57521804627008666  0.58156647066249711  0.58772289447109172  0.59351702460976841
  0.59935149005313171  0.60527166619767370  0.61083350958628868  0.61653604426099240
  0.62325347689562371  0.63092587908789644  0.63871169775880621  0.64574130108829475
  0.65316349914066052  0.65958052735767891  0.66579492036371013  0.67256992106862490
  0.68030756740163689  0.68616241471549444  0.69184644321421152  0.69835440197082865
  0.70642194251276746  0.71416808913595797  0.72068326639255909  0.72534362178189482
  0.72927061464142040  0.73331747611381159  0.73898229242085978  0.74463325913801337
  0.75069340159562625  0.75637856486129729  0.76265035521764646  0.76780649527962741
  0.77183651232887396  0.77588807143116123  0.78030126656359455  0.78531241701779908
  0.79162475205315475  0.79711444108830609  0.80205640041724169  0.80695988700936438
  0.81297292891585959  0.81990054228244558  0.82655779274039765  0.83433162785737214
  0.84145429125106708  0.84844751251740436  0.85536888629308516  0.86164483155317795
  0.86791571429068692  0.87553604045784850  0.88515362168140321  0.89706363438168024
  0.90948474743623864  0.92148086512118088  0.93835236337043437  1.00000000000000000
   3.3853745475685782E-030  -1.0000000000000000     
 T F F F F T F F F F T F F F F T F F F F F F F F F F F F F F F F F F F F F F F F F F F F F F F F T F F F F T F F F F T F F F F T F F F F F F F F F F F F F F F F F F F F F F F F F F F F F F F F F F F F F F F F F F F F F F F F F F F F F F F F F F F F F F F F F F F F F F F F F F F F F F F F F F F F F F F F F F F F F F F F F F F F F F F F F F F F F F F F F F F F F F F F F F F F F F F F T F F F F T F F F F T F F F F T F F F F F F F F F F F F F F F F F F F F F F F F F F F F F F F F T F F F F T F F F F T F F F F T T F F F F T F F F F T F F F F T F F F F F F F F F F F F F F F F F F F F F F F F F F F F F F F F T F F F F T F F F F T F F F F T F F F F F F F F F F F F F F F F F F F F F F F F F F F F F F F F F F F F F F F F F F F F F F F F F F F F F F F F F F F F F F F F F F F F F F F F F F F F F F F F F F F F F F F F F F F F F F F F F F F F F F F F F F F F F F F F F F F F F F F F F F F F F F F F T F F F F T F F F F T F F F F T F F F F F F F F F F F F F F F F F F F F F F F F F F F F F F F F T F F F F T F F F F T F F F F T
  <DiscreteSampler_grid>
  grouped_processes
  1 # 1 for a reference and 2 for a running grid.
  10 # Attribute 'min_bin_probing_points' of the grid.
  1 # Attribute 'grid_mode' of the grid. 1=='default',2=='initialization'
  0.0000000000000000 # Attribute 'small_contrib_threshold' of the grid.
  0.5000000000000000 # Attribute 'damping_power' of the grid.
 # binID   n_entries weight   weight_sqr   abs_weight
    133   10   4.790096409291418E-021   4.639071294404553E-041   4.790096409291418E-021
    134   10   4.790096409293647E-021   4.639071294410939E-041   4.790096409293647E-021
    136   10   2.601877957250612E-022   1.368229143525642E-043   2.601877957250612E-022
    137   10   2.601877957251815E-022   1.368229143527501E-043   2.601877957251815E-022
    139   10   2.601877957250612E-022   1.368229143525641E-043   2.601877957250612E-022
    140   10   2.601877957251815E-022   1.368229143527501E-043   2.601877957251815E-022
    142   10   1.397496677087759E-023   3.947176630391415E-046   1.397496677087759E-023
    143   10   1.397496677088404E-023   3.947176630396777E-046   1.397496677088404E-023
    145   10   2.601877957250612E-022   1.368229143525641E-043   2.601877957250612E-022
    146   10   2.601877957251815E-022   1.368229143527501E-043   2.601877957251815E-022
    148   10   1.211762419115113E-023   2.903337862047771E-046   1.211762419115113E-023
    149   10   1.211762419115709E-023   2.903337862052300E-046   1.211762419115709E-023
    151   10   4.844211092175283E-021   4.742759608929061E-041   4.844211092175283E-021
    152   10   4.844211092177520E-021   4.742759608935504E-041   4.844211092177520E-021
    154   10   2.601877957250612E-022   1.368229143525642E-043   2.601877957250612E-022
    155   10   2.601877957251815E-022   1.368229143527501E-043   2.601877957251815E-022
    157   10   2.601877957250612E-022   1.368229143525642E-043   2.601877957250612E-022
    158   10   2.601877957251815E-022   1.368229143527501E-043   2.601877957251815E-022
    160   10   4.844211092175283E-021   4.742759608929061E-041   4.844211092175283E-021
    161   10   4.844211092177520E-021   4.742759608935504E-041   4.844211092177520E-021
    163   10   1.211762419115113E-023   2.903337862047771E-046   1.211762419115113E-023
    164   10   1.211762419115709E-023   2.903337862052300E-046   1.211762419115709E-023
    166   10   2.601877957250612E-022   1.368229143525641E-043   2.601877957250612E-022
    167   10   2.601877957251815E-022   1.368229143527501E-043   2.601877957251815E-022
    169   10   1.397496677087759E-023   3.947176630391415E-046   1.397496677087759E-023
    170   10   1.397496677088404E-023   3.947176630396777E-046   1.397496677088404E-023
    172   10   2.601877957250612E-022   1.368229143525641E-043   2.601877957250612E-022
    173   10   2.601877957251815E-022   1.368229143527501E-043   2.601877957251815E-022
    175   10   2.601877957250612E-022   1.368229143525642E-043   2.601877957250612E-022
    176   10   2.601877957251815E-022   1.368229143527501E-043   2.601877957251815E-022
    178   10   4.790096409291418E-021   4.639071294404553E-041   4.790096409291418E-021
    179   10   4.790096409293647E-021   4.639071294410939E-041   4.790096409293647E-021
    193   10   6.204886962450692E-021   7.798455574478229E-041   6.204886962450692E-021
    194   10   6.204886962453681E-021   7.798455574489598E-041   6.204886962453681E-021
    196   10   3.370278328422089E-022   2.299168851166619E-043   3.370278328422089E-022
    197   10   3.370278328423701E-022   2.299168851169928E-043   3.370278328423701E-022
    199   10   3.370278328422089E-022   2.299168851166619E-043   3.370278328422089E-022
    200   10   3.370278328423700E-022   2.299168851169927E-043   3.370278328423700E-022
    202   10   1.810212793304007E-023   6.632825796462563E-046   1.810212793304007E-023
    203   10   1.810212793304872E-023   6.632825796472104E-046   1.810212793304872E-023
    205   10   3.370278328422089E-022   2.299168851166619E-043   3.370278328422089E-022
    206   10   3.370278328423700E-022   2.299168851169927E-043   3.370278328423700E-022
    208   10   1.570820213834135E-023   4.908753386835154E-046   1.570820213834135E-023
    209   10   1.570820213834933E-023   4.908753386843209E-046   1.570820213834933E-023
    211   10   6.274829154366713E-021   7.969721455663841E-041   6.274829154366713E-021
    212   10   6.274829154369714E-021   7.969721455675312E-041   6.274829154369714E-021
    214   10   3.370278328422089E-022   2.299168851166619E-043   3.370278328422089E-022
    215   10   3.370278328423701E-022   2.299168851169928E-043   3.370278328423701E-022
    217   10   3.370278328422089E-022   2.299168851166619E-043   3.370278328422089E-022
    218   10   3.370278328423701E-022   2.299168851169928E-043   3.370278328423701E-022
    220   10   6.274829154366713E-021   7.969721455663841E-041   6.274829154366713E-021
    221   10   6.274829154369714E-021   7.969721455675312E-041   6.274829154369714E-021
    223   10   1.570820213834135E-023   4.908753386835154E-046   1.570820213834135E-023
    224   10   1.570820213834933E-023   4.908753386843209E-046   1.570820213834933E-023
    226   10   3.370278328422089E-022   2.299168851166619E-043   3.370278328422089E-022
    227   10   3.370278328423700E-022   2.299168851169927E-043   3.370278328423700E-022
    229   10   1.810212793304007E-023   6.632825796462563E-046   1.810212793304007E-023
    230   10   1.810212793304872E-023   6.632825796472104E-046   1.810212793304872E-023
    232   10   3.370278328422089E-022   2.299168851166619E-043   3.370278328422089E-022
    233   10   3.370278328423700E-022   2.299168851169927E-043   3.370278328423700E-022
    235   10   3.370278328422089E-022   2.299168851166619E-043   3.370278328422089E-022
    236   10   3.370278328423701E-022   2.299168851169928E-043   3.370278328423701E-022
    238   10   6.204886962450692E-021   7.798455574478229E-041   6.204886962450692E-021
    239   10   6.204886962453681E-021   7.798455574489598E-041   6.204886962453681E-021
  </DiscreteSampler_grid>
