  0.02126472545972205  0.05544980740313758  0.06623775835205999  0.07587476510517212
  0.08651253859545982  0.09809771526625484  0.11357426395785915  0.13221934009835046
  0.13919937334286903  0.14842954290442495  0.16381130812129505  0.20658415569201147
  0.24157404780751651  0.26764846138189008  0.28805414246064498  0.30330398596305552
  0.32902105408886645  0.33855636454640886  0.34608930600096699  0.35431910509887515
  0.36260957715430192  0.37107185027918010  0.37720378915615899  0.38050945096518035
  0.38385605271796563  0.38792678680408471  0.39034515150884191  0.39165211105604869
  0.39389040585666563  0.40104897032404602  0.42079632058096172  0.45788882841522982
  0.47060170751036057  0.48485694325300460  0.49824409301801192  0.51778950236572097
  0.52599775190496834  0.52833519206938517  0.52894388494842248  0.52955257782745990
  0.53014679673971032  0.53072974282622409  0.53131268891273786  0.53189556265349214
  0.53247840262725488  0.53306124260101750  0.53559397968747535  0.54039429393404081
  0.54375236469357380  0.54443796450414805  0.54512356431472231  0.54580916412529668
  0.54649476393587093  0.54718036374644530  0.54786596355701955  0.54855156336759381
  0.54923716317816818  0.55010407586731835  0.55102122946549792  0.55193838306367760
  0.55285553666185716  0.55377269026003684  0.55468984385821640  0.55560699745639608
  0.55652415105457564  0.55744130465275532  0.55916414556121818  0.56097127053847584
  0.56277839551573339  0.56458552049299104  0.56639264547024870  0.56819977044750636
  0.57000689542476402  0.57181402040202167  0.57458419397665383  0.61257917043602517
  0.63590707884111386  0.64564022780004959  0.66806656009892151  0.69333571362071278
  0.71253157743346751  0.74344744174565425  0.78843550473389867  0.84069755538133251
  0.90046165850841942  0.92884196917597273  0.93249136131954113  0.93423897509078124
  0.93551898698313429  0.93815417793760159  0.94006900814950023  0.94273146862070656
  0.94952762401743918  0.96137773203447363  0.97233728259416496  1.00000000000000000
  0.01351577131880987  0.04468937965882509  0.07423658200657024  0.09113682675229785
  0.10716297013108901  0.12250512116069613  0.13446177389444824  0.14703663012616022
  0.16762817323427256  0.18864530353903863  0.19874152093715933  0.20679722649605442
  0.21994515865702668  0.24341635548705934  0.26326727359975544  0.27003658259848767
  0.27433818879674993  0.27725323351060432  0.28064686529566535  0.29775193696475299
  0.31060474554032469  0.32359008737804867  0.33489277194381067  0.35414634025653347
  0.37719950158457161  0.38108913878774830  0.38267668961359608  0.38426424043944390
  0.38585179126529168  0.38743934209113945  0.38902689291698722  0.39061444374283505
  0.39220199456868282  0.39378954539453059  0.39535221985741109  0.39690907208126835
  0.39846592430512562  0.40002277652898288  0.40157962875284015  0.40313648097669741
  0.40469333320055467  0.40625018542441194  0.40780703764826914  0.40903176118974721
  0.41013449894459092  0.41123723669943468  0.41233997445427839  0.41344271220912215
  0.41454544996396586  0.41564818771880963  0.41675092547365333  0.41785366322849710
  0.42435769828769954  0.43549086062947417  0.44266287315376113  0.45352964932822049
  0.47293100877918648  0.49647448594118310  0.50623986333526150  0.51578957245272228
  0.52638597418928568  0.54103395107129093  0.55748946717242254  0.61321409744976652
  0.65081749885791307  0.66534157728440413  0.67730001411180252  0.68906014685060701
  0.70482301164740147  0.71954995651679254  0.73416251936461385  0.75601338019073760
  0.77447469682905135  0.78626018475366644  0.79694752143509417  0.80912773833715890
  0.81422201589409593  0.81945675888684244  0.82832759957556956  0.83913929744561988
  0.84994837926210032  0.85981582614529395  0.86219220275263442  0.86447149877644480
  0.86671934065755551  0.86888023667764536  0.87104113269773520  0.87293522184124994
  0.87460674495665891  0.87627826807206788  0.88974648286581259  0.90382437283233097
  0.91559961335194473  0.93765356850958270  0.97370650755361143  1.00000000000000000
 -0.00008279288871560  0.00191003219217536  0.00205062743810348  0.00208956296744938
  0.00210269123891577  0.00211257738730653  0.00211888180327651  0.00212124273326588
  0.00212346399893145  0.00212507706895769  0.00212612039700317  0.00212697786892659
  0.00212785266192904  0.00212859355876289  0.00212917567337275  0.00212951953953504
  0.00212965020511379  0.00212971853089533  0.00212978517559861  0.00212984285619151
  0.00212989852017192  0.00212995408921784  0.00213000741649103  0.00213005513913318
  0.00213009498647919  0.00213011549050649  0.00213011834635024  0.00213012120219399
  0.00213012405803774  0.00213012691388149  0.00213012976972524  0.00213013262556899
  0.00213013548141274  0.00213013833725649  0.00213014119310024  0.00213014404894399
  0.00213014690478774  0.00213014976063149  0.00213015261647524  0.00213015547218772
  0.00213015832771468  0.00213016118324164  0.00213016403876860  0.00213016689429555
  0.00213016974982251  0.00213017260534947  0.00213017546087642  0.00213017831640338
  0.00213018117193034  0.00213018402745730  0.00213018688298425  0.00213018973851121
  0.00213019259403817  0.00213019544971512  0.00213019830566784  0.00213020116162055
  0.00213020401757327  0.00213020687352599  0.00213020972947870  0.00213021258543142
  0.00213021544138414  0.00213021829733686  0.00213022115328957  0.00213022400924229
  0.00213022686519501  0.00213022972114772  0.00213023257710044  0.00213024563708823
  0.00213028485590578  0.00213032936050852  0.00213037505399128  0.00213042688775838
  0.00213049037394686  0.00213055000215499  0.00213060987561519  0.00213067512723631
  0.00213074433922593  0.00213082099899334  0.00213100725147071  0.00213124431254619
  0.00213164469779355  0.00213220487762309  0.00213307076508776  0.00213432096418896
  0.00213547862184483  0.00213735744035603  0.00214084717749542  0.00214486469492180
  0.00215125596322544  0.00216152125664661  0.00218413732826947  0.00224273830815356
  0.00242495183169233  0.00284180528905642  0.00609340745427240  1.00000000000000000
  0.00175057226701508  0.02914181213070793  0.03988253828773244  0.04465689802764888
  0.04890390536540754  0.05207483789835925  0.05494800141192097  0.06304758882606974
  0.07895822985616038  0.09486466786829723  0.11597755718484171  0.13810137047223164
  0.18043795665886708  0.22234091923440033  0.24271255348011400  0.26282022692194329
  0.29271459001496569  0.35864505314911821  0.39226477205320026  0.41855486821432353
  0.44519298817545377  0.46730724657605166  0.47455831786625996  0.47932709048101768
  0.48918934062436575  0.50543477047438812  0.50737863592841070  0.50932250138243318
  0.51126636683645565  0.51321023229047813  0.51515409774450072  0.51709796319852319
  0.51904182865254567  0.52098569410656814  0.52268801860105807  0.52402286052689151
  0.52535770245272506  0.52669254437855850  0.52802738630439205  0.52936222823022550
  0.53069707015605905  0.53203191208189249  0.53336675400772604  0.53445503906803327
  0.53527614945780888  0.53609725984758438  0.53691837023735989  0.53773948062713539
  0.53856059101691101  0.53938170140668651  0.54020281179646201  0.54102392218623752
  0.54836170346141400  0.56753417231684045  0.58346469166756132  0.58652924034910525
  0.58845456443818300  0.59037833356919922  0.59229004138083197  0.59420174919246460
  0.59611357964732548  0.59802561285302658  0.59993764605872757  0.60637651283518568
  0.61498850281652073  0.62280422899389942  0.62562532780045632  0.63063810811521959
  0.63907364286784896  0.64911200195215701  0.66047513062148000  0.67729164268876574
  0.69486568715248886  0.70317672098397321  0.71077760468229345  0.71395966364043129
  0.71628097152517334  0.71961415775395843  0.72341419582573352  0.72809138658614669
  0.74065370975599853  0.75227167071612278  0.77078619041508145  0.80563333427202111
  0.82608234106810108  0.83832831463635282  0.85634172514930063  0.88321877447086183
  0.89231368254950538  0.90503940180733433  0.91432289133555511  0.92380888230914715
  0.95000180646612864  0.97038791144240033  0.98433968688408824  1.00000000000000000
 -0.00019827382633653  0.00187844645632615  0.00762153356184370  0.02989696270337987
  0.04223537951025513  0.04767309945794142  0.05385773691834467  0.06876569137704229
  0.08835146020152120  0.10247992194630685  0.11817314157151539  0.13263330602963483
  0.15060938079421660  0.16090685239982383  0.16620213546522833  0.16926612717101344
  0.17470769457416344  0.17993308874864941  0.18381436654865058  0.18490353874706608
  0.18599271094548159  0.18712330782553535  0.18839936221559553  0.18967541660565571
  0.19095146634931234  0.19222750927468066  0.19350355220004897  0.19773522832273216
  0.20475482419325206  0.21590765115159014  0.23020909997022529  0.23995735181008868
  0.24583806275078210  0.25927865983914999  0.29323704243211335  0.30419766498796047
  0.30719795811236961  0.31046222918874589  0.31390134897803640  0.31544802912037956
  0.31647446011364749  0.32085949004573422  0.33078525118964514  0.34768708344950316
  0.37479591877491070  0.41956767926893068  0.47056431946099325  0.51957686139128634
  0.56337057795444434  0.59891855269779648  0.62498854561872741  0.64355887280788104
  0.66235135880541363  0.67422690214938896  0.68891528320311368  0.70390990088088368
  0.72893218201999388  0.73619498322125276  0.74066275207222732  0.74511422398679505
  0.74844790434330344  0.75205617395775803  0.75686883486746614  0.76439804671022982
  0.80402641282764575  0.84324273091683422  0.86702327922851352  0.88815202139815419
  0.89368628226517355  0.89629261813822070  0.89889895401126785  0.90150528988431500
  0.90411162575736215  0.90671796163040930  0.90932429750345645  0.91193063337650371
  0.91478267653162471  0.91806702505125559  0.92135137357088648  0.92463572209051736
  0.92792007061014825  0.93120441912977903  0.93448876764940991  0.93777311616904080
  0.94105746468867169  0.94616840706663297  0.95155156635996974  0.95693472565330640
  0.96231788494664317  0.96770104423997982  0.97308420353331659  0.97846736282665325
  0.98385052211999002  0.98923368141332668  0.99461684070666345  1.00000000000000000
 -0.00737879362316816  0.03463344100945469  0.04758218384565648  0.06866841884824823
  0.10411671901704951  0.13033343506018655  0.13992342079341175  0.14809201287055440
  0.15304991739172807  0.15521944810631544  0.15738897882090283  0.16024401605664113
  0.16331278965797960  0.16638156325931808  0.16827483615477401  0.17012371037998258
  0.17197258460519119  0.17382145883039979  0.17567033305560836  0.17751920728081697
  0.17936808150602554  0.18121695573123414  0.18306582995644272  0.18500611527323707
  0.18715910763617699  0.18931209999911694  0.19146509236205686  0.19361808472499678
  0.19577107708793670  0.19792406945087662  0.20007706181381654  0.20223005417675646
  0.20436420137853673  0.20629410154031277  0.20822400170208882  0.21015390186386490
  0.21208380202564095  0.21401370218741700  0.21594360234919305  0.21787350251096910
  0.21980340267274515  0.22173330283452120  0.23844815704916425  0.24361511732676094
  0.24818866372327794  0.25211774556136179  0.25647253513685836  0.26101542088175728
  0.29569103497302096  0.29706818345968011  0.29818065735609595  0.29927779054945425
  0.30040336291038344  0.30150769358858132  0.30250157684904450  0.30373543058706659
  0.30522988223391895  0.31472862160955489  0.33113228695673869  0.35639232864631298
  0.39969604381592022  0.44973278944403161  0.47055127808567360  0.47595946208109324
  0.49392975430570613  0.51560393851147868  0.54723150855038372  0.59000018313887648
  0.63408508716227252  0.66602277094697548  0.69474611644415818  0.71376005902395689
  0.72982909485812575  0.73630705787580775  0.74559362779582039  0.75356456383262993
  0.75877776973705069  0.77989369146360266  0.79744136445946812  0.80335967964377375
  0.80784763766269996  0.81441535666990161  0.83666922895309159  0.86236237782500680
  0.88170953379909700  0.88994450869240749  0.89593884915824040  0.90039836949673890
  0.90792558826748582  0.92360303366758068  0.93558125025257100  0.94548038784431832
  0.95506532595063143  0.96402792136354309  0.97769879909610813  1.00000000000000000
 -0.00258488050217884  0.01636918088539390  0.02610431852125135  0.03269445574739153
  0.03757794502765496  0.04192623166341527  0.05283872426204100  0.07649457354067697
  0.09783500203644246  0.11216858654778790  0.12461252598721806  0.13453123439169518
  0.14256437435963218  0.15097981913467295  0.16052254778536301  0.17092641610225109
  0.18226130305474639  0.20665538476029846  0.21027141084240547  0.21496352177367836
  0.21750100231597860  0.21870248511101278  0.21982540352705351  0.22141577971666943
  0.22398616450919034  0.22766863246525185  0.23264759393422960  0.25494165314803341
  0.26903833865045595  0.27553889581478513  0.28154286646289711  0.28875893065870945
  0.29390813836672414  0.29966807843110788  0.30820870385217397  0.31650666507988068
  0.32947996038819433  0.33416225378683850  0.33770958024434627  0.34280848644164391
  0.35319751822276640  0.36083136277996553  0.36442311160607727  0.36586286456880868
  0.36730261753154003  0.36874237049427139  0.37018212345700274  0.37162187641973415
  0.37306162938246551  0.37450138234519686  0.37594113530792828  0.37696565106223806
  0.37770481307426917  0.37844397508630034  0.37918313709833151  0.37992229911036263
  0.38066146112239380  0.38140062313442497  0.38213978514645608  0.38287894715848725
  0.38339069907036616  0.38371663225276159  0.38404256543515697  0.38436849861755240
  0.38469443179994778  0.38502036498234321  0.38534629816473859  0.38567223134713402
  0.38599816452952940  0.39017621459531104  0.39943934648560397  0.44077118897816775
  0.50544263978958648  0.52929054230963402  0.55464981043111428  0.58789346743717730
  0.61140932253172386  0.63110800480021556  0.64903599649269061  0.67780358427573484
  0.73091719202314731  0.77878453389335101  0.81192231417096306  0.83320828226957400
  0.86913561848090282  0.90655608195384862  0.93108127932547757  0.93767625007046862
  0.94427122081545978  0.95019882750447027  0.95569653391402631  0.96119424032358225
  0.96661969209411081  0.97203937477477098  0.98107923486559501  1.00000000000000000
 -0.00403343329838265  0.02473918821468748  0.04822872194848862  0.05871420014059133
  0.07058973964283191  0.08879101518305436  0.11166507973487674  0.13196030168930695
  0.16877480394213579  0.18738763024700575  0.20563979416974734  0.22073943143881294
  0.23457992758048088  0.25248804358297616  0.27400203520276273  0.29320995243643300
  0.29743749780964707  0.30166504318286119  0.30550386097732030  0.30868480995861036
  0.31186575893990037  0.31790351068594630  0.32613448705663711  0.33436546342732798
  0.35467821914045250  0.36545118223161743  0.36618886361596570  0.36692654500031402
  0.36766422638466228  0.36840190776901061  0.36913958915335887  0.36987727053770714
  0.37061495192205546  0.37135263330640372  0.37193581003292331  0.37232183395062168
  0.37270785786832006  0.37309388178601849  0.37347990570371686  0.37386592962141524
  0.37425195353911367  0.37463797745681204  0.37502400137451042  0.37529627967989349
  0.37545012709796799  0.37560397451604244  0.37575782193411694  0.37591166935219145
  0.37606551677026590  0.37621936418834040  0.37637321160641490  0.37652705902448935
  0.37828471358455651  0.38110703395295947  0.38328161516074388  0.38590838422343055
  0.38854617156371068  0.39001120936097089  0.39304508445356462  0.42663494434182880
  0.44695538704017040  0.45717512856407444  0.46308622359397450  0.46635950616523869
  0.46872971918735895  0.46984513043358012  0.47095833018159861  0.47225875784158761
  0.47323091653273652  0.47502280654908025  0.48043558146740228  0.48715136459381292
  0.49693388504261427  0.53022036625949287  0.55431995218029506  0.56827473261157191
  0.57997258182264610  0.58485950081375693  0.58915782650137194  0.59366348008274317
  0.59919480482889975  0.62293294175567904  0.70476507136344524  0.74448875995042152
  0.76957213128532209  0.79892689137341022  0.83197766685752050  0.85500215640760013
  0.86436565939407162  0.87441313865827763  0.88466044729510318  0.89106182285532920
  0.89756140149451447  0.91329192361557465  0.93480968660155106  1.00000000000000000
 -0.00213059733568117  0.01371563875486353  0.02571463853473466  0.02695286816318074
  0.02819109779162683  0.02942932742007292  0.03066755704851900  0.03190578667696509
  0.03314401630541117  0.03438224593385725  0.03562047556230334  0.03685871121680936
  0.03809697085243680  0.03933523048806423  0.04057349012369166  0.04181174975931910
  0.04305000939494653  0.04428826903057396  0.04552652866620140  0.04676478830182883
  0.04816847752937678  0.05113150487734656  0.05409453222531634  0.05705755957328612
  0.06002058692125589  0.06298361426922566  0.06594664161719543  0.06890966896516522
  0.07187269631313499  0.07483572366110477  0.09733984744257292  0.11259240143794112
  0.14581715969558448  0.19057408756488523  0.20647304189899057  0.21447459288727289
  0.22052438708171970  0.22416867921893266  0.22742033469895731  0.24956796164703257
  0.27928030849745522  0.32434408888171251  0.36460014201456220  0.40120388278393626
  0.43508750488569492  0.45832477591586801  0.47027561267785128  0.47904617555483042
  0.48811385033754251  0.49820446536623281  0.51226803858745695  0.53969306632148073
  0.57672997230779499  0.58159557545037410  0.58667968156350636  0.59418567840112069
  0.60142656019070118  0.60819710745721567  0.61937367257761289  0.65351552051391015
  0.67164481763948025  0.68454386330497230  0.69264663412534577  0.69536799875290090
  0.69863062974068568  0.70162757680954524  0.70505146820557396  0.70935675622243766
  0.72104183012232148  0.73304927261380592  0.74286844898059790  0.75654986111961231
  0.76845484783519569  0.78196173273719971  0.79320792739588719  0.79757044647142539
  0.80181157238898082  0.80599024571696576  0.81152775567812296  0.81744413572966335
  0.82203236702563098  0.82646869582368720  0.83104292179487327  0.83984647352534414
  0.84865002525581501  0.85734147133737493  0.86546999147842651  0.87359851161947810
  0.88885165602040739  0.91498875231462418  0.93668183915762881  0.96046261151810530
  0.97928736374637759  0.99027237972387683  0.99685232732577200  1.00000000000000000
 -0.00082707284331380  0.00605808338344124  0.01670683552196208  0.02764439135224167
  0.03952365692302420  0.04918067375726679  0.05640491279530539  0.06552182881505139
  0.07847369279822307  0.09033129605694777  0.10534337184279299  0.11042644548158381
  0.11367260362395952  0.11726994781255537  0.12960541130430270  0.16280763850624855
  0.21063651878995296  0.23120673188775487  0.25162698940890521  0.27541944597869589
  0.31060065276122278  0.33966776137983457  0.36119164325378528  0.38190117975047433
  0.40597637285935556  0.43098347642550638  0.45774365067184192  0.52101212872322256
  0.57526934045929889  0.59871178181270768  0.60711244215701221  0.61554480941710155
  0.61906054610350780  0.62213971431746451  0.62517157397065815  0.62677809763166092
  0.62838456253844743  0.63431128761256095  0.64400504189278562  0.64929849395180805
  0.66243949971421145  0.67838492900524483  0.70252158848058033  0.72889566018711216
  0.76150651337140851  0.76319873854137255  0.76489096371133658  0.76658318888130061
  0.76827541405126465  0.76996763922122868  0.77165986439119272  0.77335208956115675
  0.77504431473112090  0.77662581278832299  0.77764160296376228  0.77865739313920146
  0.77967318331464075  0.78068897349008004  0.78170476366551922  0.78272055384095851
  0.78373634401639769  0.78475213419183698  0.78576467951991236  0.78671524000266635
  0.78766580048542045  0.78861636096817456  0.78956692145092855  0.79051748193368265
  0.79146804241643665  0.79241860289919075  0.79336916338194474  0.79431972386469885
  0.80747759230428651  0.82169424525165313  0.83543100985451024  0.84585176205716173
  0.87297563752173646  0.87951439835189982  0.88027479684943366  0.88078633691205799
  0.88181060659536359  0.88691166873348881  0.89928317866708385  0.90379728220290922
  0.90681104552764791  0.90984079920506511  0.91320650071909804  0.91657220223313096
  0.92012014117991459  0.92420822548168857  0.92829630978346256  0.93648673126552695
  0.95113071799291227  0.96455953209030154  0.97830176306678163  1.00000000000000000
 -0.00355166962082164 -0.00112634172277174  0.00014210613142137  0.00141055398561449
  0.00267900183980760  0.00394744969400071  0.00521589754819383  0.00648434540238695
  0.00775279325658006  0.00902124111077318  0.01028968896496630  0.01155813681915941
  0.01282658467335253  0.01409503252754564  0.01536348038173876  0.01711702676823028
  0.01887565563756942  0.02063428450690857  0.02239291337624771  0.02415154224558686
  0.02591017111492600  0.02766879998426515  0.02942742885360429  0.03118605772294344
  0.03294468659228258  0.03757178485526982  0.05300453013512394  0.06637742201282767
  0.06995858630084172  0.07370465361175313  0.07756759978625820  0.08043409051015563
  0.08280220148053226  0.08727338322797648  0.10096776830985647  0.11860399385347850
  0.12184390386607583  0.12642194126847134  0.13322244240373515  0.14080878999818097
  0.16486243227308042  0.21460522065348617  0.24675875143871176  0.25783966676446762
  0.26306296420000297  0.26736737970838775  0.27029557366448070  0.27268749557465949
  0.27580974918620960  0.27716362318591758  0.27851749718562552  0.28000628858619242
  0.28269790967823560  0.28538953077027879  0.28828945325638794  0.29267434024991756
  0.29705922724344724  0.30242499614670898  0.31393652581088149  0.32288562772451979
  0.33356010144023712  0.36686421596707891  0.41336326592175288  0.42550045543926551
  0.42954566542048123  0.43516062721591742  0.44427129006933047  0.45117045657168897
  0.45711561655451988  0.46444383708946757  0.47350462824343237  0.51851766687295142
  0.57042895313397257  0.61442410359507127  0.64820955022821281  0.68376058027435205
  0.69801751791362054  0.70665487254046278  0.71604116701314524  0.72093788559717020
  0.72408803086141471  0.72723998998667594  0.73025781886531516  0.73139250630142938
  0.73199914527677246  0.73378217061278928  0.74337734998450100  0.75553027187409805
  0.76835473406122767  0.77985609286411950  0.80270845665972557  0.83328597299537666
  0.89008850557220720  0.93619105459217122  0.96489494790610131  1.00000000000000000
 -0.00392754712658727  0.02932967856030940  0.04832934980587594  0.06719122481532909
  0.09654058567741074  0.15543589504004410  0.22802310236093537  0.24157998691707627
  0.24619165609062277  0.24931371935448177  0.25213405133686062  0.25458749056142238
  0.25751711445500841  0.26147265241336104  0.26820485318270165  0.27892428092448568
  0.28973625951738546  0.29124206893626442  0.29281575661196935  0.29493979336495646
  0.29760913206980050  0.30189946625371755  0.30459902513679127  0.30732353217528580
  0.31438231383727394  0.32609258160719851  0.33886948449476206  0.35168127992034032
  0.36903794121130806  0.38759941776258988  0.39477603295983360  0.39740681566394964
  0.39967042481904580  0.40193587159110866  0.40421920669651279  0.40650254180191692
  0.41037601590827127  0.41858358598037670  0.42679115605248213  0.43303479923505650
  0.43691510096154385  0.44079540268803125  0.44467570441451859  0.44855600614100599
  0.45243630786749334  0.45631660959398074  0.46019691132046808  0.46407721304695548
  0.46771316793178253  0.47094624485828085  0.47417932178477917  0.47741239871127750
  0.48064547563777582  0.48387855256427409  0.48711162949077241  0.49034470641727074
  0.49357778334376906  0.49662069171398926  0.49922245183522829  0.50182421195646731
  0.50442597207770634  0.50702773219894537  0.50962949232018440  0.51223125244142342
  0.51483301256266256  0.51743477268390159  0.52454696711461157  0.54124134609988495
  0.54937667372513299  0.55965604360945176  0.57209494597803578  0.58512931871486384
  0.59840774091625604  0.63113049534806487  0.65120851470426167  0.66418501415791009
  0.68942419143762956  0.74353393698778536  0.78764633460500089  0.82410717090712937
  0.83587860234526135  0.83870437056150338  0.84124766836217157  0.84360595761285229
  0.85508133241965523  0.86364176688347871  0.88435640625504297  0.90210368753898473
  0.91443380977248412  0.92858802593271339  0.93702453115802886  0.94598993286311039
  0.95682085462430433  0.96484225819547642  0.97723468638218070  1.00000000000000000
 -0.00210948999769178  0.01377936958812938  0.02449235881820222  0.03308744202859596
  0.03733374749357976  0.04090519026651201  0.04114211209923255  0.04137903393195308
  0.04161595576467362  0.04185287759739416  0.04208979943011470  0.04232672126283524
  0.04256364309555578  0.04280056492827631  0.04303652487741449  0.04326794495995822
  0.04349936504250194  0.04373078512504567  0.04396220520758940  0.04419362529013313
  0.04442504537267686  0.04465646545522058  0.04488788553776431  0.04511922841456416
  0.04535011065279176  0.04558099289101936  0.04581187512924696  0.04604275736747455
  0.04627363960570216  0.04650452184392976  0.04673540408215736  0.04696628632038496
  0.04782339672003871  0.05407110675877757  0.06236533627719553  0.07436086393983146
  0.08149542505373786  0.08617803150974621  0.09139059021466113  0.09931041820348614
  0.12636416957823804  0.14006402364829343  0.14256098229699263  0.14487779565288769
  0.14691916719573178  0.14879826875278448  0.15052807028711943  0.15377926908486525
  0.16018380102425697  0.16737405420145249  0.17477042247879740  0.17784286314651393
  0.18019455591782735  0.18259822613139465  0.18556504987013817  0.21089379303859054
  0.24962749805022319  0.29303527597717438  0.34316694131361469  0.38597819370988784
  0.41008091395933832  0.43086613124588857  0.45140511136445616  0.46608851846942784
  0.47360313814060501  0.48124599545045277  0.48933271194145039  0.49851434009092949
  0.51849211818580154  0.55669379348087755  0.60246538747750145  0.63311594466026444
  0.66009165285909754  0.67012120817262466  0.68052448151960421  0.69517807812910837
  0.71236024205413506  0.74073152650200202  0.75262598523111779  0.76452044396023355
  0.77605850410013344  0.78728004075610547  0.79850157741207761  0.80666448698593018
  0.81430057275395717  0.82268841392183756  0.83343124855459638  0.84357886566624407
  0.84998203862246524  0.85661187596003219  0.87024598814664689  0.88561687257458133
  0.91904876502612154  0.93672118645720137  0.95672074340394941  1.00000000000000000
 -0.01052067318744633  0.06268557017336771  0.08098855553153503  0.09522581544719035
  0.10499706947064689  0.11290085473811837  0.13349807656903706  0.15554464985965205
  0.17618880477764487  0.19152297659142756  0.21676708605595296  0.26499963911818225
  0.31285945979160357  0.35624208958529263  0.37803744482325563  0.38665121854761436
  0.38823339140055002  0.38981556425348562  0.39080804504130545  0.39173552559615643
  0.39250407263017700  0.39280143484652569  0.39309879706287432  0.39392197895300463
  0.39535374988699962  0.39623996506557024  0.39755564162109558  0.40051026621162172
  0.40443270775939844  0.40878805855066480  0.41190108828146360  0.41466724709629388
  0.41740309529149644  0.41934435715051027  0.42123036789356810  0.43600570729065818
  0.46143410203368557  0.47346612673442801  0.48426790514771623  0.49718960296186093
  0.51803796693640247  0.54661282776489550  0.57062769249108436  0.57711947443836220
  0.58470208842089966  0.59548363352500733  0.61372632814881412  0.64170950374531399
  0.69077527604723177  0.72263729534667664  0.73186333078382015  0.73901153738152225
  0.74660650627614755  0.74768811228869092  0.74876971830123418  0.74985132431377755
  0.75093293032632080  0.75201453633886406  0.75309614235140743  0.75417774836395068
  0.75525935437649405  0.75662025881713568  0.75885053002001823  0.76108080122290067
  0.76331107242578322  0.76554134362866566  0.76777161483154821  0.77000188603443076
  0.77223215723731320  0.77446242844019575  0.77659562196193888  0.77817602247409545
  0.77975642298625203  0.78133682349840861  0.78291722401056518  0.78449762452272165
  0.78607802503487822  0.78765842554703480  0.78923882605919138  0.79097788400395086
  0.79577479756183822  0.79934920091892059  0.80203670672756699  0.80500585933416369
  0.82213308116628181  0.84992497462469419  0.86029904359954235  0.87118711820229544
  0.88103308069864461  0.88577560153001300  0.89083155719168405  0.89613457073036817
  0.90729171426526434  0.92014882998144176  0.95537300728749441  1.00000000000000000
  0.09122489194005343  0.91224506594802413  0.91996033675124678  0.92245935314207528
  0.92649767253672444  0.93296295690721076  0.93485916035074279  0.93600229950811320
  0.93726443013774330  0.93763449064659521  0.93810791537568616  0.93870663611865679
  0.93942770365732153  0.94012069410317545  0.94286335449107272  0.94530843798661957
  0.94831466884598981  0.94977012713533315  0.95024147932203540  0.95049291561122107
  0.95070957153711599  0.95088748372058485  0.95132730906634211  0.95180414865918739
  0.95198924019103814  0.95217433172288890  0.95233791295793824  0.95249830663961910
  0.95265870032129996  0.95280960805395842  0.95296043045743672  0.95314695610290034
  0.95368403579134531  0.95445341810061879  0.95610384176727947  0.95730051427259311
  0.95799799138425645  0.95837724109763978  0.95885419638679603  0.95943294342654040
  0.96016326195752577  0.96115238801197755  0.96230064135778925  0.96462539828809835
  0.96689732235774528  0.96867395786180455  0.96981975436603629  0.97066708327272344
  0.97121301708221308  0.97274806510827938  0.97563440693377912  0.97882675214698633
  0.98079778460197220  0.98148749990318429  0.98213304249586175  0.98296903848889616
  0.98393860205217865  0.98457224086310013  0.98464249503954826  0.98471274921599627
  0.98478300339244440  0.98485325756889242  0.98492351174534054  0.98499376592178856
  0.98506402009823668  0.98513427427468470  0.98524808050140589  0.98541655459236188
  0.98558502868331788  0.98575350277427387  0.98592197686522987  0.98609045095618586
  0.98625892504714185  0.98642739913809785  0.98659587322905384  0.98670423198091040
  0.98677322936064171  0.98684222674037292  0.98691122412010424  0.98698022149983555
  0.98704921887956676  0.98711821625929808  0.98718721363902928  0.98725621101876060
  0.98750745956979535  0.98803208397960118  0.98907274907130593  0.98959815628589098
  0.98992717782697992  0.99077112330615691  0.99228163530888824  0.99355968493809232
  0.99412363565032513  0.99461144996177175  0.99561974271048381  1.00000000000000000
 -0.05111484508831755  0.23598195661707111  0.25604276689549249  0.26634825692122338
  0.29168422386073140  0.32448056089616301  0.32865423331629129  0.33543487554276025
  0.34484186683182744  0.35244121757510249  0.37133569587595783  0.40787486325592531
  0.42459808682046807  0.43777547327146077  0.45360122185948160  0.47473201254101405
  0.48670112873371024  0.48684759306973430  0.48699405740575841  0.48714052174178246
  0.48728698607780652  0.48743345041383057  0.48757991474985468  0.48772637908587874
  0.48787284342190279  0.48801930775792690  0.48816577220574281  0.48831223666212803
  0.48845870111851319  0.48860516557489841  0.48875163003128363  0.48889809448766880
  0.48904455894405402  0.48919102340043918  0.48933748785682440  0.48948395199003186
  0.48963041605553886  0.48977688012104587  0.48992334418655281  0.49006980825205981
  0.49021627231756681  0.49036273638307376  0.49050920044858076  0.49065566451408776
  0.49239368830468122  0.49431540650689815  0.49604710878458635  0.49743897833121925
  0.49999888157883920  0.51469143034930998  0.52816160402266255  0.53849071157452699
  0.55006723271617086  0.56285440069402637  0.57774052379428764  0.59034553187456085
  0.60945005347240411  0.62714061748988081  0.64165352140698639  0.65739616441789384
  0.66440005495243248  0.67140394548697102  0.67975934870167054  0.68846469261206300
  0.69609048206855317  0.70002992451730062  0.70396936696604806  0.71474743311284228
  0.71901705409940464  0.72277896890656679  0.72653293261648311  0.72958962290401264
  0.73162678730224562  0.73470640035702461  0.74027490666034734  0.74708958091187982
  0.75553812044108382  0.76137195511242917  0.76471492180595813  0.76985476089105620
  0.77655045259070044  0.78055435871132028  0.78249355634689766  0.78338491777562391
  0.78434064351014077  0.78816861856380949  0.80069632106081723  0.81631412738762910
  0.83597545909537307  0.83941590118630949  0.84119160457016884  0.84292596360051519
  0.84764637921184738  0.86549061699795460  0.89616580504885401  1.00000000000000000
   6.9994251387897428E-006  -1.0000000000000000     
 T F F F F T T F F T T F F F F T F F F F F F F F F F F F F F F F F F F F F F F F F F F F F F F F T F F F F T T F F T T F F F F T F F F F F F F F F F F F F F F F F F F F F F F F F F F F F F F F F F F F F F F F F F F F F F F F F F F F F F F F F F F F F F F F F F F F F F F F F F F F F F F F F F F F F F F F F F F F F F F F F F F F F F F F F F F F F F F F F F F F F F F F F F F F F F F F T F F F F T T F F T T F F F F T F F F F F F F F F F F F F F F F F F F F F F F F F F F F F F F F T F F F F T T F F T T F F F F T T F F F F T T F F T T F F F F T F F F F F F F F F F F F F F F F F F F F F F F F F F F F F F F F T F F F F T T F F T T F F F F T F F F F F F F F F F F F F F F F F F F F F F F F F F F F F F F F F F F F F F F F F F F F F F F F F F F F F F F F F F F F F F F F F F F F F F F F F F F F F F F F F F F F F F F F F F F F F F F F F F F F F F F F F F F F F F F F F F F F F F F F F F F F F F F F T F F F F T T F F T T F F F F T F F F F F F F F F F F F F F F F F F F F F F F F F F F F F F F F T F F F F T T F F T T F F F F T
  <DiscreteSampler_grid>
  grouped_processes
  1 # 1 for a reference and 2 for a running grid.
  10 # Attribute 'min_bin_probing_points' of the grid.
  1 # Attribute 'grid_mode' of the grid. 1=='default',2=='initialization'
  0.0000000000000000 # Attribute 'small_contrib_threshold' of the grid.
  0.5000000000000000 # Attribute 'damping_power' of the grid.
 # binID   n_entries weight   weight_sqr   abs_weight
    127   10   1.133578535377841E-010   9.802730973738160E-020   1.133578535377841E-010
    128   10   1.133578535377841E-010   9.802730973738201E-020   1.133578535377841E-010
    130   10   4.533025609222465E-010   1.567476145339231E-018   4.533025609222465E-010
    131   10   4.533025609222463E-010   1.567476145339237E-018   4.533025609222463E-010
    133   10   6.473687514793262E-010   3.291746214036230E-018   6.473687514793262E-010
    134   10   6.473687514793257E-010   3.291746214036237E-018   6.473687514793257E-010
    148   10   6.479930594766713E-010   3.297391915411398E-018   6.479930594766713E-010
    149   10   6.479930594766707E-010   3.297391915411405E-018   6.479930594766707E-010
    163   10   6.479930594766713E-010   3.297391915411398E-018   6.479930594766713E-010
    164   10   6.479930594766707E-010   3.297391915411405E-018   6.479930594766707E-010
    178   10   6.473687514793262E-010   3.291746214036230E-018   6.473687514793262E-010
    179   10   6.473687514793257E-010   3.291746214036237E-018   6.473687514793257E-010
    181   10   2.379290369890473E-010   4.593089045580857E-019   2.379290369890473E-010
    182   10   2.379290369890473E-010   4.593089045580878E-019   2.379290369890473E-010
    184   10   9.514281161072920E-010   7.344300051378482E-018   9.514281161072920E-010
    185   10   9.514281161072922E-010   7.344300051378513E-018   9.514281161072922E-010
    187   10   1.418335054887328E-010   1.512221348356341E-019   1.418335054887328E-010
    188   10   1.418335054887329E-010   1.512221348356349E-019   1.418335054887329E-010
    190   10   5.671735815389741E-010   2.418073532518566E-018   5.671735815389741E-010
    191   10   5.671735815389741E-010   2.418073532518577E-018   5.671735815389741E-010
    193   10   8.092430921446731E-010   5.076493953630909E-018   8.092430921446731E-010
    194   10   8.092430921446724E-010   5.076493953630923E-018   8.092430921446724E-010
    208   10   8.100269204772957E-010   5.085203958676653E-018   8.100269204772957E-010
    209   10   8.100269204772953E-010   5.085203958676666E-018   8.100269204772953E-010
    223   10   8.100269204772957E-010   5.085203958676653E-018   8.100269204772957E-010
    224   10   8.100269204772953E-010   5.085203958676666E-018   8.100269204772953E-010
    238   10   8.092430921446731E-010   5.076493953630909E-018   8.092430921446731E-010
    239   10   8.092430921446724E-010   5.076493953630923E-018   8.092430921446724E-010
    241   10   2.971173936196884E-010   7.081619534873429E-019   2.971173936196884E-010
    242   10   2.971173936196885E-010   7.081619534873467E-019   2.971173936196885E-010
    244   10   1.188110761096280E-009   1.132343405080210E-017   1.188110761096280E-009
    245   10   1.188110761096281E-009   1.132343405080215E-017   1.188110761096281E-009
    250   10   1.133578535377841E-010   9.802730973738160E-020   1.133578535377841E-010
    251   10   1.133578535377841E-010   9.802730973738201E-020   1.133578535377841E-010
    304   10   2.379290369890473E-010   4.593089045580857E-019   2.379290369890473E-010
    305   10   2.379290369890473E-010   4.593089045580878E-019   2.379290369890473E-010
    310   10   1.418335054887328E-010   1.512221348356341E-019   1.418335054887328E-010
    311   10   1.418335054887329E-010   1.512221348356349E-019   1.418335054887329E-010
    364   10   2.971173936196884E-010   7.081619534873429E-019   2.971173936196884E-010
    365   10   2.971173936196885E-010   7.081619534873467E-019   2.971173936196885E-010
  </DiscreteSampler_grid>
