  0.02497829866706360  0.02924320273254589  0.03630452056223966  0.04303440034970516
  0.05039864429539662  0.05853522045271555  0.06683176080185313  0.07463434194240019
  0.08178166618063297  0.09160147462943605  0.10262621058861313  0.11401412751157657
  0.12463354109721961  0.13470395327139972  0.14405437158643308  0.15385280642185087
  0.16317833228386883  0.17408123733536324  0.18354728385979113  0.19307767445698126
  0.20219052559640774  0.21155272043594828  0.22357998077610206  0.23561474792428899
  0.24733194029161715  0.25892005581644911  0.27008272203531708  0.28052614382607266
  0.29060662163639456  0.30090822628806752  0.31068437311600366  0.31975832705509183
  0.32887911277692022  0.33831428995694179  0.34800548581786522  0.35807317460395693
  0.36719670162027329  0.37699148052052622  0.38894208745704334  0.40207942742920827
  0.41391498212677441  0.42519974425931828  0.43615153071874840  0.44740309549639362
  0.45954042896752129  0.47190567745593404  0.48427423853278162  0.49697218874963195
  0.50952779713280283  0.52125999836752246  0.53192439622732535  0.54241668322052372
  0.55281329609036645  0.56321542091456900  0.57354967358340903  0.58351151303579196
  0.59314909704860797  0.60313127514986753  0.61391597404565068  0.62511736644780691
  0.63587240034801962  0.64686859018913545  0.65826592955244956  0.66919224391884391
  0.68023944526151803  0.69020577878751210  0.69913403547175201  0.70802833433680223
  0.71598202683854517  0.72458647024166123  0.73388518434233441  0.74395691820115617
  0.75375198199920734  0.76220055654661167  0.77020926817795110  0.77860169416551139
  0.78750657122175849  0.79631806456149123  0.80526402378711048  0.81492420403872701
  0.82572046682110778  0.83703668405215537  0.85057381452106662  0.86253968865120345
  0.87421277795690289  0.88534379955042330  0.89598725633580889  0.90540994077727366
  0.91483228486368962  0.92500775831818116  0.93608702852577408  0.94724047122799360
  0.95724123447565113  0.96597355841296217  0.97128401058093272  1.00000000000000000
  0.02370909929363756  0.03403145712176536  0.04351427776540141  0.05337505182403401
  0.06380104079526179  0.07397906733567061  0.08273545326755749  0.09089905200501380
  0.09940230473722698  0.10893233372351431  0.11914490079711738  0.13039726492208706
  0.14306775385084089  0.15700345106533081  0.16963818643031947  0.17933662097508674
  0.18745724499184058  0.19511391645665538  0.20262085066428909  0.21030935194430725
  0.21894813044446296  0.22869624644597747  0.23922815926437910  0.25076118079278775
  0.26242992060172377  0.27344324980497381  0.28414420683972991  0.29492486807340412
  0.30591186426463618  0.31714306916795815  0.32748359878628630  0.33854273116024419
  0.34979518344435739  0.36040404919047236  0.37108623858922657  0.38205084205670331
  0.39189355686310429  0.40010917137834523  0.40790075939782128  0.41646068581568868
  0.42552790129470291  0.43391620172783779  0.44185495489867344  0.44979760531463786
  0.45804350248769166  0.46713575758918607  0.47631188677856784  0.48726201736000080
  0.49749905072305195  0.50740399818917858  0.51634761611141122  0.52757399319241594
  0.54069313224788862  0.55506233202431365  0.56794523329930569  0.57894654467786133
  0.58860560933356409  0.59729898167394824  0.60604633992930201  0.61519923242394903
  0.62538813387122616  0.63592134700352776  0.64565410120098321  0.65391534427239895
  0.66235663899442609  0.67152161333377258  0.68067319138951710  0.68919136751582699
  0.69711560934974626  0.70508231585765835  0.71392740819818190  0.72373315481112888
  0.73384820465455380  0.74413122205927384  0.75442438295233571  0.76393458335183895
  0.77412411795538549  0.78507154754295660  0.79537321290572305  0.80562019901173942
  0.81600851886975334  0.82691109264189977  0.83813667058202368  0.85004714149464111
  0.86172299968698618  0.87378360339718741  0.88717979792484769  0.90139034342778679
  0.91399088911116499  0.92411281884184027  0.93313403056720656  0.94387673661044702
  0.95538486778918563  0.96524587061570588  0.97089265674560543  1.00000000000000000
  0.00996092934512219  0.01790943700363372  0.02974912155124944  0.04196989511437412
  0.05394792279171343  0.06573961054383688  0.07760176645192102  0.08976748626186062
  0.10166696403177169  0.11383506872019669  0.12596657082753782  0.13706556536451950
  0.14814923168140248  0.15910820148409982  0.16988626019845435  0.18190197561691923
  0.19419715253889641  0.20633489800956833  0.21674270820788380  0.22594522368429817
  0.23484040778839485  0.24468766964416591  0.25530595920604482  0.26560248642018125
  0.27545321313934712  0.28559699264877547  0.29667650777261240  0.30792978663437659
  0.31873376265993547  0.32925413477859172  0.33951571667184371  0.34938612563278032
  0.35890122765056226  0.36745886044744797  0.37543251429879443  0.38433988651887407
  0.39460684770717058  0.40712375861915184  0.42027569006813392  0.43073690595727071
  0.44156704993112639  0.45238668407627713  0.46443603319260918  0.47598607174313717
  0.48680090334790771  0.49703539131479152  0.50697202923351325  0.51664306927753090
  0.52660174550206351  0.53631716161549359  0.54623672556855862  0.55653703627765716
  0.56731709465398727  0.57847655669771469  0.59141215026717175  0.60317846868776392
  0.61404202086826476  0.62443400867524956  0.63502149040424927  0.64600160250448080
  0.65719845621285733  0.66844399930841536  0.67986586189324694  0.69021968513278087
  0.69980284196339837  0.70976220803701284  0.72014007642836819  0.73075073737213114
  0.74039482168754123  0.75027407219837428  0.76000949102891679  0.77010338591233141
  0.77949467121973992  0.78909332665861209  0.79795611922820486  0.80621652919943487
  0.81475337192751562  0.82322694573563193  0.83221007645562339  0.84060626820231243
  0.84863704917665816  0.85680812063110179  0.86436750699169929  0.87168512074848370
  0.87945806175574548  0.88742637202983221  0.89535951916637768  0.90526711912204583
  0.91684690106847300  0.92829501537683401  0.93997223104309424  0.95224333112359782
  0.96332944601964954  0.97592071205751230  0.98779900313501823  1.00000000000000000
  0.00341715201463938  0.01181945641411249  0.02298978197500261  0.03426305567492177
  0.04545116111087867  0.05650766239432684  0.06913559787384914  0.08133072876197871
  0.09266666087858701  0.10384602940668360  0.11413663199384733  0.12513275669820123
  0.13509004251269502  0.14490127275062498  0.15454160355576593  0.16471246608862047
  0.17598563625814334  0.18774883847430468  0.19938915634077581  0.21127693959875418
  0.22184640022518767  0.23235100073806866  0.24370252853634711  0.25383656646163671
  0.26368964462994171  0.27478367225494893  0.28621424183743532  0.29636749419440656
  0.30588056539381275  0.31611166863166779  0.32585933274805901  0.33402456964015037
  0.34143580996773581  0.34931656955015117  0.35893651862270098  0.36865258678411023
  0.37806449725688024  0.38879288962757458  0.40039866493649845  0.41204197959728417
  0.42367206210005948  0.43528068508382234  0.44668593351352009  0.45818589093530343
  0.46994179952360893  0.48114198072705228  0.49082674341068067  0.49927034448768498
  0.50796153324648907  0.51846780371472456  0.52906882356882790  0.53865444021854747
  0.54660931438515581  0.55531638999247068  0.56519494520794644  0.57665615430505357
  0.58770077715716385  0.59725441060785356  0.60748521310575454  0.61880714896545530
  0.63011923944227477  0.64155102479305803  0.65415538508327598  0.66606721970601723
  0.67520909220190428  0.68278600043738868  0.69068385473771809  0.69909611060530452
  0.70821019801970397  0.71784497279890358  0.72504758156929583  0.73346091172763705
  0.74330354547905408  0.75281711321855493  0.76163402310333650  0.77058875802518412
  0.78080064333332688  0.79210704796168718  0.80335016804149295  0.81393098946898579
  0.82448381134989213  0.83543115349184549  0.84844979828977773  0.86065204436441023
  0.87340150729369359  0.88628818110877128  0.89911126050958468  0.91138319018327296
  0.92326672411275412  0.93527776723330702  0.94734415096639790  0.95908493463072064
  0.96982130801152089  0.97993409858575575  0.99013283748832770  1.00000000000000000
 -0.00029433379378730  0.00199856259967264  0.00343396360254157  0.00524041980619312
  0.00773214919976525  0.01047944525984833  0.01338512032400149  0.01707706964431475
  0.02129120427493558  0.02529982959115348  0.02991904743956979  0.03502232271191257
  0.04010622402734510  0.04567364850786402  0.05154945954583344  0.05771609324245009
  0.06430852475191458  0.07131506782798959  0.07867710218448386  0.08573445227823455
  0.09265898060978041  0.09975714393738565  0.10722649004842512  0.11501235634402684
  0.12249149956769873  0.12931653495081899  0.13633336819901257  0.14428791224693183
  0.15327149530742867  0.16317994400210414  0.17268670534119251  0.18272669682850795
  0.19263057188327706  0.20186108442230596  0.21143146252810521  0.22078379519044489
  0.23111309406679978  0.24256381754880788  0.25462451997561725  0.26558314760896201
  0.27557217149509716  0.28588302984602659  0.29666502993639809  0.30760383989775830
  0.31911733511482820  0.33090865029670180  0.34301913438930631  0.35533451903875124
  0.36750755002405844  0.37975547628916279  0.39253843034573127  0.40578972023405324
  0.42009320557069535  0.43371989966124763  0.44694942103442675  0.45875811747343748
  0.47071527132140817  0.48325275727210754  0.49609751265971935  0.50934389316577700
  0.52359372129138471  0.53877776024707147  0.55453336278039378  0.57004604917356438
  0.58435294841643681  0.59613281655729344  0.60948934892716899  0.62284306871022532
  0.63570857648486612  0.64813928099365115  0.66008824085876161  0.67156454663740406
  0.68337330407360108  0.69473131840735536  0.70837429809435604  0.72294126627289845
  0.73760651324595494  0.75246884668858194  0.76808487446163032  0.78342801061291145
  0.79920871360753731  0.81520643770154277  0.83018116411711262  0.84516791491747445
  0.86116579690347728  0.87592278414677782  0.88850270651241070  0.90050379823010007
  0.91294631821426786  0.92611646068987696  0.93894534458554313  0.95060795809718124
  0.96207055538048436  0.97405082008716737  0.98673196229869087  1.00000000000000000
 -0.00243031387787301  0.01131870692890659  0.02330037757882144  0.03669172005352287
  0.04825236099302500  0.05907407664218380  0.06919214098510358  0.07890674356586214
  0.08860584566582629  0.09868481105938234  0.10954491151352716  0.12040010104009764
  0.13075676953815646  0.14044307984644103  0.14900099101657346  0.15735496832796797
  0.16590189729802357  0.17554380177551315  0.18525133712395062  0.19569780487157540
  0.20735571112363080  0.22057096185401306  0.23314503522442517  0.24397514281890106
  0.25380550697247783  0.26399406405831183  0.27534067841290832  0.28691542891118277
  0.29857784234375279  0.31059390073598780  0.32223975310639824  0.33379000695565769
  0.34485238625214348  0.35560803838240251  0.36549358663880477  0.37492795406659424
  0.38477565372593231  0.39512129133250296  0.40491453534390298  0.41413340928871245
  0.42477360736865977  0.43575341566392972  0.44660549085597478  0.45680175146310614
  0.46744668206408374  0.47858229946863529  0.48956546790045380  0.49977078348899445
  0.50840511091332430  0.51655249634322298  0.52404530543609251  0.53142956660557394
  0.53910754391592419  0.54650813136202903  0.55385296255373251  0.56171496277612809
  0.57117014096867624  0.58098342885285670  0.59054043627512942  0.59980761797966375
  0.61237389351044813  0.62508563703654008  0.63804747064153133  0.65023799788197834
  0.66072558326858222  0.67125587561664235  0.68165245021977627  0.69220792989903368
  0.70296825158670551  0.71455722938789668  0.72692565783803298  0.73942034066441642
  0.75240247134374316  0.76602356796694571  0.77930284228714408  0.79213807775080791
  0.80439202870686799  0.81531994964904886  0.82503981743340749  0.83465233263105842
  0.84368030519969106  0.85221146064123021  0.86118684729842454  0.87056665095110730
  0.88015549015871819  0.88960937051700639  0.89901913721477034  0.90917832807757948
  0.91962430792765892  0.93029288486608197  0.94143808148963848  0.95247671198020412
  0.96284190119059321  0.97373109813231284  0.98573738127453059  1.00000000000000000
 -0.00160665435131455  0.00748988877312981  0.01530471812201539  0.02331228752236715
  0.03207540444584401  0.04078824397429626  0.05062654041590643  0.06062007146626426
  0.07042652116469802  0.08018704531318054  0.09026543652141618  0.10172558741278104
  0.11266874768556204  0.12115304242704857  0.12942029768691732  0.13811794382927761
  0.14763859337131063  0.15762791953017771  0.16697930307906741  0.17541312261767342
  0.18363175311855998  0.19260921628998307  0.20341882499964634  0.21686995006493215
  0.23160592428189264  0.24507049058117084  0.25718142242301589  0.26864786616421998
  0.28064320477472432  0.29130389000417534  0.30239627605631891  0.31329833974416016
  0.32466444590279947  0.33725387692305320  0.35064509821027334  0.36310146528466264
  0.37381088152832104  0.38348148987434283  0.39288759248489913  0.40200696984448209
  0.41158580554747831  0.42206245114636903  0.43330185388907466  0.44471692564143822
  0.45624148024510447  0.47039306750575260  0.48355301900005687  0.49644671607716295
  0.50895949423449116  0.52077568960469511  0.53170296767845260  0.54197368458669293
  0.55226539914058981  0.56226764911171290  0.57130195313934040  0.58045772537239604
  0.59081449807537501  0.60309526114080769  0.61478123469990220  0.62573364778613105
  0.63638382036907282  0.64630438405743718  0.65554740547697776  0.66479650263054912
  0.67431232199747904  0.68484398661149337  0.69579077531716127  0.70689494735786629
  0.71988650850775504  0.73335135068336077  0.74695062564816628  0.75899595276784670
  0.77083255267659523  0.78372415069590351  0.79657041785392724  0.80803315346577098
  0.81854080734098678  0.83002416619138830  0.83856412543617742  0.84753847427617535
  0.85551142640999989  0.86318237997031921  0.87107216087177664  0.87918729973247900
  0.88693405237758072  0.89458948509767067  0.90342278997745407  0.91407142547288123
  0.92563285604439838  0.93675537783324081  0.94715293108140564  0.95713942633396032
  0.96722044198814916  0.97807346844899323  0.98863404884632378  1.00000000000000000
 -0.00223285028794816  0.00873119887405267  0.01815997398036248  0.02829515820509961
  0.03944836659050614  0.05059515385808662  0.06084391837496143  0.07231191911345997
  0.08376910674664199  0.09543632642758546  0.10469017224241743  0.11421894760684351
  0.12482270756843816  0.13693547935136266  0.14955968925450935  0.16270639727329916
  0.17629126153942787  0.18941309292780750  0.20212376363968948  0.21497171048783859
  0.22843896343303777  0.24073646896923528  0.25313449803571847  0.26460276846871328
  0.27583541423596758  0.28553001753789181  0.29588749091471395  0.30675851357360495
  0.31892474518720620  0.33203836621699440  0.34514425631214890  0.35713022985839626
  0.36717392694091550  0.37686031028438061  0.38567471451093749  0.39447095175228242
  0.40370721310359170  0.41246767415550595  0.42175029386556157  0.43129625076220873
  0.44231066603895036  0.45475034218910015  0.46737812999760142  0.47948232263334595
  0.48993420334368010  0.49940801969802012  0.50961555222256372  0.51956277098693682
  0.52842846261256338  0.53686576405870456  0.54551718821161310  0.55414153170858993
  0.56292910436701082  0.57157159212040320  0.57993399480382868  0.59068712032759541
  0.60367948888051315  0.61694190088036160  0.62971808557082631  0.64098430743594692
  0.65118409142386180  0.66056416055062306  0.67029256093228062  0.68026915950900557
  0.69118771792801525  0.70365148378740761  0.71491457793715585  0.72486574236847789
  0.73422113471349904  0.74363384528460896  0.75355549247315035  0.76340732452142024
  0.77424910476558750  0.78651338896673184  0.79958411821579845  0.81269517063529295
  0.82371326364114583  0.83366896895113463  0.84284034833699095  0.85225192477978196
  0.86113536543031233  0.86981454057114849  0.87878965458663116  0.88745877489757641
  0.89632579318121708  0.90619013954119343  0.91649943446038451  0.92833857866687608
  0.94001700609958128  0.95048508751345573  0.95963827730443130  0.96778796945248147
  0.97586193746698169  0.98413676287577267  0.99203225079509261  1.00000000000000000
 -0.00389609835046518  0.01101862220696699  0.02296788974916045  0.03325034014636781
  0.04371691411058334  0.05268817683873590  0.06230528541210503  0.07255828645043107
  0.08315584754318937  0.09392336367326778  0.10532002222881193  0.11645119085147508
  0.12738989161826927  0.13718490257831328  0.14622919433059428  0.15516335230936221
  0.16373870381862929  0.17267266272931656  0.18243712839579643  0.19185034536282422
  0.20098386376055433  0.21008727733015389  0.22029010722177317  0.23036842567496199
  0.24002322819414371  0.24947698849578626  0.26112195679970013  0.27288950103434267
  0.28214402849925613  0.29014399307789429  0.29782180037945249  0.30633273582043713
  0.31564515871987459  0.32542307212428578  0.33420170145610195  0.34230768806725115
  0.35025796532354947  0.35819206623469535  0.36673289217870431  0.37534191709380410
  0.38395644719201472  0.39233975905040819  0.40291109037982081  0.41471285140949143
  0.42624563418517991  0.43666546190258948  0.44768955299223900  0.45785315670219473
  0.46765500706693375  0.47724348061644206  0.48762288027946016  0.49883130288396504
  0.51015872728903833  0.52147582912049928  0.53352796401515867  0.54605637437752252
  0.55886496208574876  0.57044578651796063  0.58051199004300613  0.59021567145952014
  0.59978676304129963  0.60976273529420388  0.61882097016470849  0.62777674287669194
  0.63806231991679474  0.64893245588707105  0.66018383699709626  0.67143000987498047
  0.68345827458336816  0.69539747587268730  0.70744826789656112  0.71884107291263266
  0.72992194109249708  0.74078010176827747  0.75191942501153486  0.76319304642381558
  0.77428266335590390  0.78564354263413516  0.79727041879000116  0.80913500240068026
  0.82059851095058400  0.83097834917463742  0.84227720312022258  0.85287995121831439
  0.86325262420871973  0.87411191091982476  0.88598923282740405  0.90134173907256154
  0.91600576814113521  0.93201332988109253  0.94364422514223167  0.95586470023783598
  0.96819134526514150  0.98018936811573765  0.99045575581181100  1.00000000000000000
 -0.00244657745456217  0.00914215715502949  0.01864660334953016  0.02918053829174811
  0.03953394402156183  0.04961254409801149  0.06007767418411014  0.06968314478578015
  0.07806176948742288  0.08604677315357653  0.09435323302605371  0.10414862713345846
  0.11528503680872905  0.12787241227679624  0.14230695565874743  0.15517797373746509
  0.16616080518948764  0.17608135853887782  0.18663991108423292  0.19700144687496374
  0.20850826250760338  0.21918470633261797  0.22971900811893525  0.24083864226455093
  0.25207994886410756  0.26382265660775306  0.27636562919285856  0.28937129082109325
  0.30264313419859284  0.31453966859188026  0.32538033222483875  0.33616832270214725
  0.34619637274537962  0.35524537550335289  0.36367410544081558  0.37195891655166680
  0.38140528025525211  0.39218032314010515  0.40262466921102474  0.41374009447637455
  0.42618038354749060  0.43967287824084689  0.45325139544814413  0.46577489850294934
  0.47720143544516963  0.48714918154937703  0.49653082748727945  0.50562386007168558
  0.51569231424429562  0.52634910332877738  0.53786848086216010  0.54926565863042454
  0.56003889388952999  0.57113950565370208  0.58213504808749972  0.59313588944524698
  0.60366529600028074  0.61338416752578961  0.62339690245593393  0.63359496161305096
  0.64428345113229457  0.65569606687130277  0.66773268610076153  0.68020625065851814
  0.69059939326895026  0.69967671867496162  0.70915368609831586  0.71782100110272584
  0.72619837216192484  0.73465211169138922  0.74338632677290872  0.75336063197311753
  0.76481741390762570  0.77648993462207205  0.78891595675121107  0.80081908593925577
  0.81123952232698482  0.82069337408308829  0.83076172293854023  0.83986209182870253
  0.84893559186337375  0.85833481498744624  0.86871361434832339  0.87770565810789503
  0.88557789134537768  0.89314159521467318  0.90165923399384718  0.91084255456154639
  0.92001066893562733  0.92951346448039107  0.94045768570293087  0.95137889018480781
  0.96234872177084529  0.97369728415797263  0.98590575948904102  1.00000000000000000
 -0.00236281579136913  0.00737057996749533  0.01581147802419328  0.02432018984650007
  0.03350727654803279  0.04307932514738309  0.05245202909963580  0.06147291386173030
  0.07024171872419585  0.07944874666942424  0.08635246889175177  0.09237169027513871
  0.09847416751790386  0.10656502527555085  0.11301704419340698  0.11856823408032699
  0.12415446903620077  0.13048674860938306  0.13749720281907296  0.14561860928785500
  0.15681809582685091  0.16818314961958125  0.17809394766293812  0.18735983147941027
  0.19655327501538519  0.20637563942829512  0.21753916471359463  0.22940218102192528
  0.24125545709945939  0.25161544471100206  0.26190297073829893  0.27289484631764777
  0.28484013270588271  0.29823125189605998  0.31203673523722930  0.32511577573576195
  0.33787009146676056  0.34981014719733139  0.36123777385880690  0.37274801969285476
  0.38623030948245529  0.40104125770671412  0.41462457177694539  0.42782084558351796
  0.44042122899840536  0.45052540697792454  0.46061484351024090  0.46960048255909109
  0.47827760482331105  0.48713316740629348  0.49711525027998671  0.50942797285543184
  0.52263070800022560  0.53554449948806393  0.54818945774176941  0.56155811060220773
  0.57359115331790556  0.58480466505227491  0.59445158011784838  0.60404998350400751
  0.61442991031607941  0.62533918255613785  0.63611412352122965  0.64720516867299116
  0.65870952217713397  0.67036094687809222  0.68059483350695060  0.69123198930136254
  0.70087324105765247  0.70971732981394120  0.71848515096192300  0.72765214710696258
  0.73770400230545841  0.74803687189882040  0.75849304957492558  0.76880572477809106
  0.77900440197876797  0.78995943082945419  0.80184608984017702  0.81422840889342141
  0.82675931058943375  0.84058148426793067  0.85482653621279214  0.86960942247496331
  0.88370697565224254  0.89743815594108345  0.90858041821825863  0.92027675890712768
  0.93039200392894272  0.93999793754955507  0.94951862169929102  0.95937437659069225
  0.96900259135948752  0.97927777388251269  0.98896990857069467  1.00000000000000000
 -0.00264260756340257  0.00983284371270320  0.02051802640138659  0.03141985951054176
  0.04158434210276212  0.05135920701577525  0.06169823626678891  0.07233800645926915
  0.08488971357290451  0.09877096467837294  0.11298154919121123  0.12584886397134704
  0.13595034685206198  0.14527223907396963  0.15481111684377813  0.16426570123949455
  0.17341718181841259  0.18250474996302288  0.19205805098331202  0.20202593672685992
  0.21189565934182769  0.22280724723178846  0.23296812212011281  0.24351023085364581
  0.25415554371383303  0.26541233872736086  0.27662487996960639  0.28675358707944565
  0.29665548030644218  0.30690168068264134  0.31768334908642909  0.33000811493375470
  0.34363497444208752  0.35742541481756129  0.37055888505112383  0.37994863638872256
  0.38825852028060698  0.39766772919755344  0.40567193340550145  0.41352033184498560
  0.42188701574400783  0.42981796734485367  0.43873959089910142  0.45023810645265550
  0.46199339614933610  0.47246317571866636  0.48276662437866924  0.49404467555826564
  0.50366424546489896  0.51352684604281362  0.52306208789371089  0.53516701416446022
  0.54503156005196551  0.55443208770490648  0.56313528747109276  0.57180803774523170
  0.58011716086853937  0.58854158395151046  0.59740408280117752  0.60853437397012111
  0.62035363675944000  0.63114032206701942  0.64101688774083510  0.65147833620127349
  0.66263176616794817  0.67374839404076659  0.68491996072864436  0.69598685514190195
  0.70655480290922723  0.71607610685832768  0.72493902724365267  0.73350488796345759
  0.74195670328095131  0.75116158834299096  0.76152199108899810  0.77214306642877639
  0.78275247000878856  0.79306550185557700  0.80452041440413780  0.81543632523442411
  0.82654208802187534  0.83845074001345898  0.85072815739593521  0.86257172324144882
  0.87256204558133565  0.88202835841029292  0.89197269370311993  0.90306260455942755
  0.91453581527151429  0.92634786996862417  0.93834727473923574  0.95039749007223850
  0.96303514755507869  0.97535953137239961  0.98777266738056702  1.00000000000000000
 -0.00468383612582279  0.02918136986069719  0.05172146796529501  0.06965510235449072
  0.08552067695501260  0.10031125122548645  0.11578283531966325  0.12926765883628796
  0.14166675390981157  0.15242349803553101  0.16236801705884388  0.17187486161624252
  0.18121977473624601  0.19041929269761834  0.19939742306859917  0.20915549060056268
  0.22045575076322169  0.23223893875240564  0.24319009292643862  0.25339254730192140
  0.26306226190794024  0.27253795730609504  0.28198325541503966  0.29133781502351164
  0.30076102165286223  0.31041450681957788  0.32014212306952844  0.32995964869535621
  0.33921246577186515  0.34834063455539438  0.35728253487682454  0.36600241690254787
  0.37440216301218521  0.38247098465378193  0.39033923666287712  0.39825917572616587
  0.40632344735068388  0.41446723774992511  0.42342761020450431  0.43221115130037069
  0.44105925891781556  0.45038375645169199  0.45975100498035626  0.46901139531931596
  0.47854048674587835  0.48719591369176363  0.49570004161444786  0.50364169631808309
  0.51155620508987276  0.51927200764665005  0.52654655902080305  0.53323695166384222
  0.54049911106780191  0.54753491761194950  0.55520204862504907  0.56311875859119176
  0.57133850287688048  0.58000974915568948  0.58940996760761921  0.59843331673557498
  0.60594905454431014  0.61243772599070467  0.61887320542315050  0.62562305858767375
  0.63354692757293396  0.64269474239398161  0.65229992347922439  0.66276320457707183
  0.67353912081303779  0.68458974944906537  0.69606703094745181  0.70607001284972737
  0.71537466001252259  0.72443415595703131  0.73420102172735857  0.74484545189467655
  0.75439980155824826  0.76217203032978986  0.77018466226507099  0.77776690585274244
  0.78530077892342132  0.79281964737345334  0.80026065547725878  0.80755322374533511
  0.81591942058394373  0.82664480852871902  0.83942542240062645  0.85270354824513339
  0.86461478956588567  0.87804582772217932  0.89205260208829695  0.91180777600999030
  0.92855079181217981  0.94451625793941507  0.96568530804767538  1.00000000000000000
 -0.00162129385401587  0.00658050713226880  0.01507914866890576  0.02431646771787480
  0.03552276990533059  0.04731636116013692  0.05898653957008379  0.07053038824760742
  0.08206041543608186  0.09310708561666131  0.10437630204143493  0.11672799531719370
  0.12866619935344381  0.13988048035944972  0.15224658118584028  0.16530590791967234
  0.17910398208936784  0.19257907543900574  0.20440061765623591  0.21479647171507527
  0.22462170963634231  0.23469409829028079  0.24576360244032169  0.25564054109622603
  0.26554647005001658  0.27641489658021440  0.28869748111272103  0.29912761743814481
  0.30750529934492404  0.31574254709552385  0.32451561820650626  0.33378506188413543
  0.34335648016954529  0.35144188604296961  0.36193338514446505  0.37326126131723514
  0.38357379991688378  0.39352044383899665  0.40400548994128088  0.41531784327648269
  0.42742051255774605  0.43894447279198978  0.45021141684261051  0.46149822593592293
  0.47305977533456561  0.48547376821988292  0.49859370884931864  0.51104037524632040
  0.52206786335394129  0.53204844501420190  0.54168975353741156  0.55274570331909023
  0.56375324388002235  0.57404182581662877  0.58415232299485420  0.59577067299683084
  0.60595523962745745  0.61564725016006494  0.62452424200628198  0.63601052938897018
  0.64825714561380121  0.66239919036200756  0.67288872886815521  0.68201897788578369
  0.69167091174914730  0.70185055559929876  0.71239377698878226  0.72273982880887733
  0.73346534276431208  0.74445545093367271  0.75486825168519078  0.76501638352184420
  0.77474809838782499  0.78391867141767646  0.79323910814365151  0.80252470662565933
  0.81271592058114139  0.82352004081541408  0.83429130580948263  0.84452757266759648
  0.85427253002303183  0.86365283993903630  0.87276248229011744  0.88205297837875796
  0.89215872140261476  0.90361326156017396  0.91499383057941031  0.92503025247433712
  0.93476511278436636  0.94525715303729141  0.95623377966232781  0.96579764202118434
  0.97401690485867876  0.98210021117647617  0.99056607115291051  1.00000000000000000
 -0.00894680912116360  0.17647477225648509  0.24574776468198947  0.29640767311303401
  0.33720015236801554  0.37033899698027573  0.39826716835162768  0.42599784742907926
  0.45172782576042797  0.47290864522641124  0.49123143613829268  0.50913755676245143
  0.52539402274978653  0.54126773681560481  0.55623770273991946  0.56977670918170031
  0.58277327912008103  0.59543244466832057  0.60723808881173702  0.61843388372950170
  0.62963010314955203  0.64123714076090765  0.65263098588576962  0.66424335802852086
  0.67520452146382381  0.68586781686101406  0.69511479085532579  0.70331776742862118
  0.71078563437445197  0.71772095113547851  0.72457743455631130  0.73131978907633777
  0.73809209372059426  0.74512995401447613  0.75225926019215950  0.75904106241703495
  0.76561361088934776  0.77232923437264656  0.77840306838781081  0.78386907570476727
  0.78873332268991170  0.79357916862988487  0.79835139548446810  0.80306676010107325
  0.80785574956709916  0.81261766042156236  0.81701485144821684  0.82120141708014049
  0.82559049891564840  0.83005019612661857  0.83450512541182742  0.83897748680043172
  0.84321789100344735  0.84722876603394226  0.85112159050076042  0.85489744000889456
  0.85852319990227366  0.86211380240011937  0.86553674495685085  0.86882949549664934
  0.87191122571761881  0.87489834116545273  0.87800590896124719  0.88146141004501910
  0.88507155247352276  0.88862548104483519  0.89228870913822234  0.89625327739033323
  0.90025438827468307  0.90430973992989450  0.90832849553847528  0.91179972507050722
  0.91530967386801554  0.91858027924906938  0.92170296187199097  0.92479315005089890
  0.92791965983816027  0.93110390313862779  0.93442984908549453  0.93768620383575252
  0.94095325096961968  0.94428759276454666  0.94760336686863433  0.95072001468105116
  0.95361709271070483  0.95656102446621949  0.95954391102440029  0.96253875645173570
  0.96552667052015329  0.96859784366027690  0.97207323350307973  0.97553913104753009
  0.97929338056321957  0.98378533333141382  0.98988274901675033  1.00000000000000000
 -0.01814173633592717  0.12838784176375770  0.18205989034902803  0.21573336696363574
  0.24070932479391297  0.26068954385310561  0.27793436225362761  0.29221096794721485
  0.30618527202012180  0.31954282587613009  0.33249334764866140  0.34427109129229611
  0.35532291162640250  0.36548263599475705  0.37485887824594599  0.38366814007665173
  0.39204874985360411  0.39997616134909414  0.40735727176336045  0.41485109202227477
  0.42213718945553830  0.42939329594027070  0.43710809543080603  0.44449162742252912
  0.45148464656518417  0.45808317256834691  0.46469129842394197  0.47106751418364790
  0.47731058885986827  0.48343873904029228  0.49013199126909562  0.49721294091627227
  0.50453377529695642  0.51209648602360336  0.52012371678612690  0.52737461185249157
  0.53299137356709447  0.53824559640542591  0.54327463952698141  0.54834614882200239
  0.55378903736292762  0.55948387802596622  0.56553442920611829  0.57069158900635819
  0.57578534289688643  0.58099508419374335  0.58601275425806243  0.59082974813687028
  0.59581528955718988  0.60131724388089880  0.60678212766590522  0.61217194695781141
  0.61726446368514742  0.62224224602001554  0.62704483406300016  0.63164050190287091
  0.63616836460872472  0.64079068830780528  0.64578139545610280  0.65032632353308584
  0.65431254496185409  0.65827423531042517  0.66235119828200006  0.66664501932186271
  0.67137941636255483  0.67588160660126828  0.68031157065701486  0.68459001025530919
  0.68877106598637960  0.69300394757058070  0.69747183647803623  0.70206406087104412
  0.70614092061485534  0.71099470763108730  0.71618958142363442  0.72143958152622600
  0.72695019212036727  0.73293565095406410  0.73940033678663419  0.74616670210919800
  0.75184292236593819  0.75799450984648886  0.76412517723805762  0.77063619103451775
  0.77857864047326009  0.78659505596417667  0.79454065913051153  0.80264295094170335
  0.81211332586959117  0.82314135679726541  0.83474540098704231  0.84706717608854809
  0.86270308191309630  0.88540990844117595  0.91989885385024672  1.00000000000000000
   6.2420184371755329E-011  -1.0000000000000000     
 F F F F F F F F F F F F F F F F F F F F F F F F F F F F F F F F F F F F F F F F F F F F F F F F F F F F F F F F F F F F F F F F F F F F F F F F F F F F F F F F F F F F F F F F F F F F F F F F F F F F F F F F F F F F F F F F F F F F F F F F F F F F F F F F F F F F F F F F F F F F F F F F F F F F F F F F F F F F F F F F F F F F F F F F F F F F F F F F F F F F F F F F F F F F F F F F T T T T F F F F F F F F T T T T F F F F F F F F F F F F F F F F F F F F F F F F F F F F F F F F F F F F F F F F F F F F F F F F F F F F F F F F F F F F F F F F F F F F F F F F F F F F F F F F F F F F F F F F F F F F F F F F F F F F F F F F F F F F F F F F F F F F F F F F F F F F F F F F F F F F F F F F F F F F F F F F F F F F F F F F F F F F F F F F F F F F F F F F F F F F F F F F F F F F F F F F F F F F F F F F F F F F F F F F F F F F F F F F F F F F F F F F F F F F F F F F F F F F F F F F F F F F F F F F T T T T F F F F F F F F T T T T F F F F F F F F F F F F F F F F F F F F F F F F F F F F F F F F F F F F F F F F F F F F F F F F
  <DiscreteSampler_grid>
  grouped_processes
  1 # 1 for a reference and 2 for a running grid.
  10 # Attribute 'min_bin_probing_points' of the grid.
  1 # Attribute 'grid_mode' of the grid. 1=='default',2=='initialization'
  0.0000000000000000 # Attribute 'small_contrib_threshold' of the grid.
  0.5000000000000000 # Attribute 'damping_power' of the grid.
 # binID   n_entries weight   weight_sqr   abs_weight
    31   10   2.197595416884950E+000   4.804329451384909E+001   2.197595416884950E+000
    32   10   2.197595416884881E+000   4.804329451384602E+001   2.197595416884881E+000
    34   10   2.197595416884950E+000   4.804329451384909E+001   2.197595416884950E+000
    35   10   2.197595416884881E+000   4.804329451384602E+001   2.197595416884881E+000
    37   10   1.180352169909326E-001   1.385991303060730E-001   1.180352169909326E-001
    38   10   1.180352169909288E-001   1.385991303060639E-001   1.180352169909288E-001
    40   10   1.180352169909326E-001   1.385991303060730E-001   1.180352169909326E-001
    41   10   1.180352169909288E-001   1.385991303060639E-001   1.180352169909288E-001
    43   10   1.180352169909326E-001   1.385991303060730E-001   1.180352169909326E-001
    44   10   1.180352169909288E-001   1.385991303060639E-001   1.180352169909288E-001
    46   10   1.180352169909326E-001   1.385991303060730E-001   1.180352169909326E-001
    47   10   1.180352169909288E-001   1.385991303060639E-001   1.180352169909288E-001
    49   10   2.197595416884950E+000   4.804329451384909E+001   2.197595416884950E+000
    50   10   2.197595416884881E+000   4.804329451384602E+001   2.197595416884881E+000
    52   10   2.197595416884950E+000   4.804329451384909E+001   2.197595416884950E+000
    53   10   2.197595416884881E+000   4.804329451384602E+001   2.197595416884881E+000
  </DiscreteSampler_grid>
