  0.02321436222966563  0.03645406872860250  0.04732239589783497  0.05744462205866226
  0.06802020077168780  0.07813939443295775  0.09143401166413274  0.10568486326447415
  0.11657968369449104  0.12953719116524909  0.14128007524614228  0.15216081139904994
  0.16285080325178158  0.17538018548636786  0.18820756216741874  0.19997885272033430
  0.21136094284633813  0.22252835884736649  0.23271464280037232  0.24074930618233406
  0.24804923190917211  0.25572060995587403  0.26421264253218474  0.27238079521336100
  0.27964393320025677  0.28640488481281778  0.29314425984004261  0.30033037256939454
  0.30757949246297100  0.31522347133243572  0.32275629265167755  0.33067474205819036
  0.34189727780137025  0.36067899322053204  0.37726895993644716  0.39415782057167270
  0.41183313197200799  0.42711993717252761  0.43917028372000932  0.44837339020807709
  0.45680250080684598  0.46504062481611380  0.47379785682343273  0.48347966922240770
  0.49214197843656338  0.49947155351280087  0.51001697848360439  0.52208809071099793
  0.53274784495016114  0.54407848932275904  0.55319526095291660  0.55993669184538930
  0.56708363132691686  0.57572089220848488  0.58480390766344093  0.59642153905804107
  0.61053634791955447  0.62527999805834378  0.63985630246179104  0.65450257371722975
  0.66858562087142903  0.67750618597503709  0.68735494449403478  0.69788691288042426
  0.70838924003579151  0.71649530918758364  0.72407553921083689  0.73207269263989894
  0.74162117505211878  0.75255389206747991  0.76574605760742132  0.77791286464365106
  0.78914695960390124  0.80076236731698536  0.81039277476340377  0.81966917793961480
  0.82729301285738355  0.83428650412370087  0.84299276945235402  0.85283055027322940
  0.86188993603267783  0.86992314560035078  0.87730907771333966  0.88433230750830871
  0.89199800893667236  0.90018410082263689  0.90865477788903215  0.91611990363761298
  0.92321001518539381  0.93126424512411632  0.94207090412942718  0.95080996872919932
  0.95865313688528553  0.96424696060603687  0.97139318187993084  1.00000000000000000
 -0.00000000224365365  0.00000006684364919  0.00000025463824671  0.00000060586678762
  0.00000114616664863  0.00000172826642412  0.00000235723373238  0.00000315814223813
  0.00000421290375361  0.00000546487801678  0.00000680378273786  0.00000825510900523
  0.00000944487236880  0.00001047695210746  0.00001140096578461  0.00001231672549389
  0.00001329132395534  0.00001443037589020  0.00001560487262776  0.00001657612617587
  0.00001749563394793  0.00001823087357170  0.00001892854564855  0.00001965741869003
  0.00002038087162849  0.00002117299646099  0.00002212494223157  0.00002301882681705
  0.00002391075874515  0.00002475702050805  0.00002555154956997  0.00002630603151769
  0.00002715463069273  0.00002805058437621  0.00002898085565843  0.00002974870105520
  0.00003045870426793  0.00003112299781265  0.00003179736860614  0.00003246472208273
  0.00003311566412835  0.00003371886864593  0.00003429617798531  0.00003488052205328
  0.00003546708318660  0.00003613199835408  0.00003683021701458  0.00003780239132691
  0.00006188029651611  0.00006357154048872  0.00006468501405997  0.00006560968392597
  0.00006648713598262  0.00006732761621077  0.00006811742144906  0.00006901162355046
  0.00006995148190012  0.00007093497726441  0.00007210355270830  0.00007336275762703
  0.00007460903804210  0.00007584341662765  0.00007719804464064  0.00007863265644244
  0.00008017964529182  0.00008193793074960  0.00008416605132692  0.00008665701439090
  0.00008921212405438  0.00009202657417009  0.00009520950592756  0.00009888278004989
  0.00010308519656432  0.00010721987579279  0.00011153197527821  0.00011714286823586
  0.00012409622162087  0.00013311583723630  0.00014324030745359  0.00015508010960881
  0.00016867249351243  0.00018228152285756  0.00019682098573674  0.00021556215956948
  0.00023899622708715  0.00027205987938776  0.00031190399763949  0.00036765585531531
  0.00043138591887886  0.00051522030978835  0.00062782967409145  0.00076996278361554
  0.00096092678995037  0.00123904585902161  0.00157956927313568  1.00000000000000000
  0.00960299909051736  0.01551549627805391  0.02469938326574376  0.03575307054039042
  0.04618217175586312  0.05533649683568317  0.06457086063136762  0.07366224380391796
  0.08246238551216749  0.09650637219062132  0.11164637886459632  0.12416589910829461
  0.13240612516860512  0.14013217341714138  0.14756017018515064  0.15523285975299400
  0.16406186788191926  0.17235543468916825  0.17914810641403020  0.18550512348954534
  0.19119902006196662  0.19814118653910912  0.20531889732822511  0.21101646525015708
  0.21693699430257507  0.22379518545294483  0.23124606531398834  0.23959196339676039
  0.24679078053869702  0.25627927355488683  0.27032206488117205  0.28547215137062038
  0.30033935315550808  0.31393633912037877  0.32649890954445154  0.33910443629236886
  0.35245609060990429  0.36635269371247986  0.38010774698297933  0.39227361248452131
  0.40358936288534647  0.41553459715591012  0.42791129473839007  0.44049349210241612
  0.45302839917710924  0.46544304015376659  0.47795934777384858  0.48998074813758513
  0.50281031625324846  0.51637603808592170  0.52870168508815052  0.53997453201390877
  0.55203664084208581  0.56432503815151469  0.57706703732566467  0.58732478533359267
  0.59455946472076449  0.60150034456744594  0.60834594998696612  0.61719568388148305
  0.62600913716674311  0.63412595251582182  0.64171630910502042  0.65043939200089551
  0.66747172292597456  0.68016241766102592  0.69104994333614678  0.70149650773210603
  0.71233383325332067  0.72355495186727370  0.73361559548832045  0.74481169294069727
  0.75706817280773153  0.76551056339565482  0.77491877936669007  0.78417043486455684
  0.79233897951606935  0.80064539008852531  0.81132742257767632  0.82145570327858675
  0.83015532255063484  0.84032175382816199  0.84924485357053081  0.85896698285220163
  0.86823818175376344  0.87819850241264330  0.88912598672308008  0.89958257914539963
  0.91105721094904191  0.92248330334309669  0.93548120656073686  0.94713082044076191
  0.95909525127790562  0.97212738265257415  0.98602607924621355  1.00000000000000000
  0.00069733029494663  0.01824054318853755  0.03292614888425598  0.04726806193149333
  0.06286103612542246  0.07601825864780225  0.08536946033080046  0.09465189687769522
  0.10435887761744891  0.11292358068014781  0.12364676562505809  0.13481345106000969
  0.14502737617705855  0.15310968005670536  0.16071295324386287  0.16837339351842490
  0.17821532599741952  0.18998808870682532  0.20304858436262790  0.21485332219334627
  0.22424118431689433  0.23147370064473188  0.23738788093514451  0.24274780781768204
  0.24833730672942209  0.25477405231846334  0.26688848617628896  0.28295630781531683
  0.29834058904197353  0.31317441856667727  0.32720059194863960  0.34081088044348457
  0.35492574872100086  0.36799734564175429  0.38339333519983126  0.39901583057645218
  0.41035835509855728  0.42193665882985615  0.43281681832373736  0.44495123392673691
  0.45618047562403163  0.46648886030077219  0.47580726472320239  0.48581384100616365
  0.49550079840987155  0.50503634797022456  0.51396673908585777  0.52180410526044263
  0.52847469136480774  0.53584041257694348  0.54266168710240281  0.55086692837754114
  0.55954066127512936  0.56751258300932328  0.57584851090995548  0.58409604693040307
  0.59364790958352875  0.60468132187843304  0.62032375882163138  0.63771117263033639
  0.65114435575626939  0.66540429792652800  0.68085870316942887  0.69928161622356844
  0.71573769302675305  0.73024643396401656  0.74453911892828473  0.75707003069833911
  0.76963489488422743  0.78178323870043176  0.79496427720480967  0.80822885472260853
  0.82076315591967097  0.83196243764923983  0.84176116538977841  0.85034145014336082
  0.85982387392338755  0.86780372665543382  0.87497931147915675  0.88102872032890256
  0.88733732504353990  0.89530537744489402  0.90310078380483905  0.91079749680053446
  0.91897084498168502  0.92764806277997902  0.93722012691807099  0.94587097908890971
  0.95373569757109600  0.96096333512635712  0.96829819239634551  0.97598071431269839
  0.98276617255878562  0.98904517772394029  0.99162916526562794  1.00000000000000000
 -0.00027589747477667  0.00167832888733308  0.00290040108504327  0.00428860739318893
  0.00660777896701365  0.00996314262651919  0.01295537485046259  0.01630463639673658
  0.02033871213433594  0.02499129198054865  0.02976093100036212  0.03525585315197619
  0.04015097305505425  0.04516478289573239  0.04973499628431626  0.05445633574110362
  0.05993416570492865  0.06567406252198933  0.07139011884362054  0.08055031612997796
  0.09090321213682892  0.10056337644465786  0.11031393819023075  0.11970637740548121
  0.12885614893490194  0.13844198381259437  0.14803559980743727  0.15775611448753746
  0.16752783154595832  0.17663754595470219  0.18501043729343750  0.19441512755814314
  0.20498472824575387  0.21681228510613845  0.22780221689588886  0.23713200539554677
  0.24570095913096637  0.25410170972163282  0.26294851265318925  0.27331647755693927
  0.28586949764295783  0.29884084993078569  0.31004972469657849  0.31982925835952042
  0.33027351060549726  0.33979755198313760  0.34901153502003440  0.35864337350938563
  0.36848600163832640  0.37838610515004495  0.39017560861235734  0.40275450114101424
  0.41353367842134808  0.42363632321928701  0.43333402080523165  0.44463173566929887
  0.45562410585553048  0.46746162367068284  0.47763746346080116  0.48773973955621136
  0.49609909267333946  0.50689406194519215  0.51939557526590285  0.53311070738053312
  0.54645111750587338  0.56073008672506675  0.57618470473409034  0.58848251954736996
  0.60521710238609250  0.62115866773132722  0.63491460318866344  0.64803657349343180
  0.66060700647989290  0.67225863184194568  0.68332201384394498  0.69466287530196069
  0.70778385881775963  0.72351815332869063  0.74109805911257864  0.75959481176920873
  0.77386166358915198  0.78688272857804031  0.79994714731768968  0.81383061917474497
  0.82677884196068996  0.83987981867614936  0.85268122435972149  0.86543485356904248
  0.87791996820528140  0.88958343921296901  0.90147224336468779  0.91425091608508025
  0.92837712739058731  0.95064420690471674  0.97474769395127414  1.00000000000000000
 -0.00431726366296412  0.01574712646971327  0.03188658475388956  0.04508439809344014
  0.05638211786583940  0.06885993392405473  0.08146069985073061  0.09364563913193960
  0.10255610845792823  0.11386741595905137  0.12462691745241317  0.13492957087251356
  0.14601938961846389  0.15777781805685023  0.16935099465544765  0.18092744187459880
  0.19241419062681142  0.20351420838280729  0.21530661144667662  0.22788663139060347
  0.24075900645375259  0.25367800884808012  0.26683868831279745  0.27914617085042803
  0.29080568271650870  0.30262401709151565  0.31495359444880194  0.32793056464182063
  0.33742146384971750  0.34362031945172500  0.35120941670883460  0.35860605859515382
  0.36532201644787382  0.37257179066656898  0.37962669495679235  0.38646518593782697
  0.39397850379497518  0.40559742964492301  0.41858548991033817  0.42819184681668843
  0.43788990171888759  0.44733300693589062  0.45676409758500425  0.46620816995642272
  0.47625145391477380  0.48771646695831050  0.50079672151020682  0.51381023935884029
  0.52473999162400053  0.53494835417877296  0.54421568468612458  0.55422578202260708
  0.56599476827075990  0.58027710887111905  0.59228231945486121  0.60419705561851733
  0.61307762062605820  0.62026046768726206  0.62739154857123747  0.63474500522537969
  0.64494954771185697  0.66001975334706520  0.67439515030140651  0.68607764486855494
  0.69621591303098329  0.70540492653880726  0.71451394917396471  0.72478257980408700
  0.73523459326564689  0.74725716016361310  0.75651548260355395  0.76470352615638926
  0.77392089913490281  0.78275996649530288  0.79384345724997085  0.80383189243112241
  0.81257521155473245  0.82189789512995337  0.83364738756747259  0.84853199925669032
  0.86414950681403002  0.87764951483912179  0.88819538105395968  0.89849443288428132
  0.90706539244264250  0.91346743655144369  0.91889851228256991  0.92537616746645035
  0.93376206169865761  0.94006290658590508  0.94668465766265320  0.95473374871256877
  0.96257007740052880  0.97125790174862425  0.98247780040271382  1.00000000000000000
 -0.00150519281811423  0.00618563299638915  0.01307204769748340  0.02082455876383425
  0.02906103767215484  0.03808001229903208  0.04669769895184638  0.05437986567317590
  0.06227319673985199  0.07005438242239301  0.07679819771476454  0.08518908958564693
  0.09689671636612866  0.11050116369720861  0.12267858960386742  0.13387703163548159
  0.14350792966571935  0.15068158874424672  0.15755425336120182  0.16397728573578424
  0.17020164701578785  0.17775674282158471  0.18675054934124902  0.19402755179847478
  0.20214848208235986  0.21166527867390339  0.22282294085597157  0.23578173385634971
  0.24924823975649393  0.26367721908044778  0.27892579441234078  0.29071593053923894
  0.30281644483498066  0.31381277613172859  0.32524647160058862  0.33484362382216820
  0.34452765413119324  0.35457166556801123  0.36609002699127552  0.37829997419394795
  0.39009652147398743  0.40291124724130156  0.41725191660348587  0.43665038626699026
  0.45302580025034633  0.46304778798510160  0.46983212615176806  0.47663820518540645
  0.48450595388342227  0.49337024527967605  0.50203823325595154  0.51052721853940408
  0.51857645629816085  0.53097688197356296  0.54406753264763641  0.55617486392796800
  0.56665211484929734  0.57409893447162808  0.58144584440287506  0.58914895958025071
  0.59748182886062462  0.60647213183606508  0.61605498224599231  0.62611335322240913
  0.63847584172718164  0.65114181812299532  0.66421161444471932  0.67870192011767472
  0.69550061635308191  0.71241200040422570  0.72726692582522778  0.74316418825306574
  0.75295888949668333  0.76228420724580093  0.77030762823197108  0.77696630270950873
  0.78324472471765005  0.78949018895724987  0.79611259335150697  0.80280336298198718
  0.80902528261108986  0.81719250372052299  0.82743908428370938  0.83872973227608150
  0.85161546311633185  0.86619615790632809  0.88229683455835106  0.89357198448866071
  0.90526118408990464  0.91659140110417203  0.92725436117221272  0.93948136268634208
  0.95386670197792833  0.96911924829987917  0.98432456901547816  1.00000000000000000
 -0.00230141668885004  0.01193998333765893  0.02489402771226018  0.03802008047123079
  0.05364463558666436  0.07025355698173892  0.08365137884027979  0.09505256088024117
  0.10469112454428922  0.11137086873579362  0.11903750145416783  0.12724061915029064
  0.13581238611112961  0.14432315790098313  0.15169099249272652  0.15892929870382222
  0.16764558017662101  0.17875492201351653  0.18966708682286632  0.20120851129188341
  0.21438070165529249  0.22809311016388356  0.24456345424615022  0.26060808589957996
  0.27587088132700266  0.29090179258669507  0.30578152524725011  0.32012504927927354
  0.33189912741515221  0.34372268029335723  0.35232582589028177  0.36042110667857735
  0.36825426248492626  0.37529435062468625  0.38260819825022230  0.39253797627622233
  0.40258926764482172  0.41246227211606390  0.42198949779111372  0.43160602923191960
  0.44267010155064196  0.45434774897173569  0.46538595060241761  0.47443077593347516
  0.48354553756347507  0.49299475334837745  0.50288671509135829  0.51320490936063723
  0.52356744556163326  0.53368886009448147  0.54393280333653127  0.55584727325573668
  0.56726121038590083  0.57798947594712036  0.58630202779884666  0.59260510856932558
  0.59878056646027966  0.60569233471902451  0.61396671565547289  0.62155701246111650
  0.62819821916270813  0.63473677362399705  0.64168555554511908  0.65172434589265782
  0.66403947350097858  0.67522992096419776  0.68660167256036575  0.69904685782632547
  0.71244332700092550  0.72668284317541032  0.74143868827633352  0.75612869570110330
  0.76944019869122338  0.78113268106143774  0.79105401272771869  0.79880985415297723
  0.80633523776460458  0.81325765995433086  0.82151468486158208  0.82947168700957341
  0.83664203952731953  0.84498192589880416  0.85407272271605461  0.86382902053362387
  0.87498556503705549  0.88536232864281705  0.89521248419640587  0.90441249339637420
  0.91479577413732927  0.92776048069381645  0.94504459711872024  0.95990801604814147
  0.97017634280843290  0.98084726174978110  0.99014828539495225  1.00000000000000000
 -0.00272724508782089  0.01156071734969098  0.02404190296985006  0.03614555847700822
  0.04778931704550674  0.05948443113733477  0.07236132193762358  0.08589228476509000
  0.09808171745739107  0.10823397879382562  0.11832732052222605  0.12959809217732693
  0.14280431476922764  0.15672052909568454  0.16999076916118952  0.18320717404733275
  0.19333551696997775  0.20368807986358639  0.21352358534081253  0.22553712650452437
  0.24232711909261181  0.25571344964360443  0.26366287802334443  0.27179456211213932
  0.27991222241718716  0.28677247552228724  0.29294984574667715  0.29982787478770079
  0.30864221437008105  0.31876144108038351  0.32885108580482736  0.33747637186188828
  0.34534746342352879  0.35292422918166017  0.36205802798387055  0.37446677208638163
  0.38753283010763800  0.39780040034562947  0.40756412498954309  0.41760269457713428
  0.42820283721282121  0.43917877836901992  0.44831233127905940  0.45488871114971169
  0.46107137897480616  0.46756364706609876  0.47720082780358319  0.48869042881653701
  0.49858053611373038  0.50897206809883422  0.52019447050498180  0.53162612401648401
  0.54141527802901201  0.55025712131833970  0.55973250801996588  0.57143080866920026
  0.58394454039267651  0.59647482387669037  0.60564910962079310  0.60980615538161353
  0.61535123713587492  0.62052627233206936  0.62685210543794068  0.63344318809252631
  0.64018290054136207  0.64827765026992146  0.65736660675303593  0.66503065353582036
  0.67994511348862841  0.69549149418410794  0.70980070897884373  0.72307126415530865
  0.73640631017300195  0.75048441094934715  0.76525991920589076  0.77634465876197223
  0.78709065044160076  0.79774794780827973  0.80882826070134561  0.82108078232073944
  0.83457629273459044  0.84872120559451514  0.86415598509535363  0.87743424464263142
  0.88975397208850704  0.89999941300482944  0.90866933838574337  0.91740268814758452
  0.92601238532805896  0.93351819768563959  0.94088205686697901  0.94796952488677488
  0.95545451791845770  0.96583784680199825  0.98179893710169486  1.00000000000000000
 -0.00302243102654443  0.01357421745092128  0.02568572127415312  0.03489186292200099
  0.04359188191702662  0.05003045128584307  0.05593534338521370  0.06198223329766974
  0.06875841626577094  0.07517347944127818  0.08290575149921461  0.09212703825867144
  0.10469617089550283  0.11613064270099213  0.12903114901376878  0.14374354881806170
  0.16185549987167180  0.17845953581712037  0.19320900383287226  0.20883906577429504
  0.22552556882079250  0.24218279302934173  0.25605366502807897  0.26734000265019575
  0.27640949145592281  0.28305648482913087  0.28973654466999310  0.29635837013218741
  0.30452684196037960  0.31329776066238307  0.32055740864697335  0.32839636012550044
  0.33686007632335563  0.34675336705380455  0.35796361578096531  0.36766379222503248
  0.37677284313982812  0.38609577770509634  0.39678286794949924  0.40727600409965259
  0.41697835421408080  0.42997123836558765  0.44534581323241801  0.45994496520905132
  0.47056825772171618  0.47973568656477789  0.48934694908780962  0.50137710050787554
  0.51592092025370684  0.52937403346234224  0.54089300281445274  0.55129036954202348
  0.56108919102796573  0.57096449299357077  0.58235627151472380  0.59437379733365858
  0.60615015082634183  0.61708133051009983  0.62870682828495505  0.64097197872950640
  0.65401688297047267  0.66702721330918768  0.67746664216684904  0.68596340752610774
  0.69374076265104889  0.70263283850810399  0.71124318642249640  0.71990955321584804
  0.72898271465934361  0.73661498515423018  0.74667925188791051  0.75533111707171074
  0.76231378453411036  0.76877576872781472  0.77667880858643024  0.78678052369945994
  0.79854119165474879  0.81208623726206830  0.82267081997783831  0.83368670228049824
  0.84426776743939302  0.85550053952144012  0.86664565742102240  0.87742931793122481
  0.88845802435856835  0.89985329975995076  0.91296852736625800  0.92781254779330713
  0.94225946319318732  0.95103381952444588  0.95903519089754030  0.96598643352468949
  0.97291987550319070  0.98096686257440291  0.98968072998196333  1.00000000000000000
 -0.00207662299662572  0.00765332289538702  0.01851428935650232  0.02980707437422787
  0.03925608925950765  0.04989701610116771  0.06089444303812055  0.07207488446284163
  0.08310056730394849  0.09408293038160365  0.10554461762816107  0.11970501455022899
  0.13350687573557085  0.14684843633723907  0.16097983784817099  0.16882744773252936
  0.17628482343307042  0.18392798628215026  0.19017291385968102  0.19597830548499928
  0.20142623266507606  0.20723952448496913  0.21575373682273991  0.22272153046791970
  0.22999479925854560  0.23896459275661877  0.24896001506594118  0.26388595948188792
  0.27602670557487147  0.28904499478478918  0.29872796283238429  0.30832749576162866
  0.31817463988311201  0.32752182924219825  0.33592185551404663  0.34370170645685094
  0.35269073651968674  0.36547438250706549  0.38010252025537145  0.39391075298708106
  0.40629517212060501  0.41872162282883640  0.43170797574119768  0.44402516659418545
  0.45482879416815974  0.46483512488806994  0.47455684599387338  0.48306721354548660
  0.49134485093035768  0.50273223772874653  0.51117898714897869  0.51675140889008975
  0.52229414789453488  0.52684510269338281  0.53447486552231349  0.54059096697931808
  0.54811183190620449  0.55633913086076947  0.56831783446582385  0.58407964906125720
  0.60038741850762245  0.61337098762788267  0.62591084840283773  0.63787630439152243
  0.65212245809976255  0.66724458857856905  0.67836897298581689  0.68621470000167895
  0.69401274643359090  0.70289170358682118  0.71408800864604161  0.72666128217201675
  0.73959285636592420  0.75076322906967352  0.76112272508642109  0.77046468151454861
  0.77975956186280415  0.78793887728950418  0.79816971970174100  0.81052202569411214
  0.82523803638615167  0.84175192634208851  0.85881944458362913  0.87428834675281464
  0.88774431726862191  0.89974137441789914  0.91049760825101933  0.92209089952257250
  0.93416644840932972  0.94564299646904981  0.95497009036559111  0.96304873104053745
  0.97116915939856030  0.97880648034628859  0.98920771320109868  1.00000000000000000
 -0.00310508073211257  0.01260738686519139  0.02320632794122562  0.03087206632245388
  0.03836888787355536  0.04545205760403627  0.05369841660841978  0.06262352145606474
  0.07069085629016343  0.07922296485634363  0.09031293507427325  0.10382668309575893
  0.11572439387377700  0.12801036603721874  0.14045767159567210  0.15176749432722669
  0.16064824096100222  0.16781340456454771  0.17463913962511154  0.18126107392637295
  0.19014373166723306  0.20254513562571413  0.21469087294581279  0.22669905198537382
  0.23816426811452335  0.24976912995205508  0.26150134154584714  0.27301257093774189
  0.28551835779363183  0.29788057527926748  0.30958637528872829  0.32385389659221303
  0.34058741910365403  0.35644805067112545  0.36960997115862804  0.38302722809995959
  0.39573410101520384  0.40803859778752793  0.42616857249733320  0.44093472457406635
  0.45050264998268752  0.45818793463282159  0.46515201042019921  0.47295892104454124
  0.48175254198042827  0.48988473818589240  0.49658585212594575  0.50271056835261763
  0.50926236647946299  0.51720094262181315  0.52611163193181398  0.53566788061375903
  0.54590701539448694  0.55622508308273377  0.56861998101835320  0.58306290506683467
  0.59373885784416858  0.60354675051561935  0.61373854414807072  0.62363081940156329
  0.63678936671430975  0.64889621378029527  0.65707110575781091  0.66475241697486953
  0.67162509731657094  0.68013385355093803  0.69016574807559317  0.69990904860959602
  0.70949961273674711  0.72229954416599140  0.73545085643547592  0.74657249768257483
  0.75818720539434481  0.77015726964191278  0.78149629650317098  0.79274232443558568
  0.80552031428009474  0.81647642164471035  0.82600115014129716  0.83520594997185993
  0.84517510313953492  0.85831378997086527  0.87141647665724820  0.88430559693182553
  0.89375531444326040  0.90163585514558764  0.90886548724909166  0.91630286341928679
  0.92377346524628723  0.93134098204439542  0.94263895938415776  0.95490528205125402
  0.96581609779496402  0.97574747954357310  0.98726373854469240  1.00000000000000000
 -0.00622737299364022  0.03468973662210154  0.06186241739915119  0.08321581999251644
  0.10093473172168818  0.11575435043207727  0.12926447612420330  0.13858830273761241
  0.14937044191656890  0.16084298050199569  0.17147065317555552  0.18042543416944842
  0.19086632000983589  0.19883032355187114  0.20691680279925420  0.21465006323069236
  0.22315064801177104  0.23026322729800749  0.24202785651417152  0.25149660676700580
  0.25875571304376410  0.26608497243133317  0.27348419062709667  0.28112042870290449
  0.28865297188692884  0.29597818877353782  0.30303515019139204  0.30959485580093909
  0.31599555395139317  0.32248258177727096  0.32946826138473428  0.33672378139695852
  0.34417516619119354  0.35301915481865453  0.36135473984329503  0.36930677818478136
  0.37748234129012220  0.38564257253619250  0.39416109884786099  0.40247501303662447
  0.41145635704584271  0.42114986408068866  0.42928540600630199  0.43668138302159809
  0.44294787618375148  0.44893417176467398  0.45617899682463436  0.46383063154765752
  0.47152556014146635  0.47780395848212026  0.48379100579003487  0.48831207453331804
  0.49292502725763437  0.49771879449368617  0.50363685241503964  0.51249674129057976
  0.52093599599180529  0.52947030761497971  0.53477506900577532  0.53974659430233263
  0.54532077929748635  0.55154927049400149  0.55941749963005227  0.56854804682688076
  0.57713957887775058  0.58654635081792661  0.59689101024091906  0.60674117057263677
  0.61703123113452740  0.62889041151597735  0.64203092993970989  0.65392236673176862
  0.66190846484173904  0.66976396396593962  0.67849792204946091  0.68752330687957941
  0.69837510815740755  0.71172355632668083  0.72657707160860441  0.74272624706314194
  0.75841980614278581  0.77339102599522302  0.78767425838287908  0.80029518370341080
  0.81100089718025459  0.82227209274811663  0.83306319874123769  0.84283814298059900
  0.85266085376785805  0.86265496317846857  0.87569887829095794  0.89024356692848328
  0.90823119547177367  0.92950114791630145  0.95852018528308147  1.00000000000000000
 -0.00218595401924915  0.00857551289249042  0.01665972289098044  0.02441008842124040
  0.03242128421818985  0.04048732978891633  0.04839957149993217  0.05603335910956767
  0.06578343674554360  0.07509158101703098  0.08538065794613524  0.09556098317293855
  0.11045712332041728  0.12570086617903042  0.13623940239674687  0.14496163076692231
  0.15332202130303330  0.16170777297528868  0.17239137695384618  0.18040241033388868
  0.18843280281784941  0.20166263703009293  0.21408120002866149  0.22428660605192502
  0.23343523150260193  0.24220350503882049  0.25102212895360221  0.26045613410402529
  0.26745815682449564  0.27518767739639793  0.28341928053864168  0.29218070120253847
  0.30264632384763401  0.31521647581470014  0.32856028206744020  0.34362702658613725
  0.35861112909209758  0.37016498376894902  0.38026414786052798  0.38961274193638695
  0.40040265872398190  0.41308190195419470  0.42960986402033158  0.44930329990619849
  0.46698320350973060  0.48096481104512406  0.49304236055850292  0.50495357624913872
  0.51816171249841347  0.53262578309724296  0.54681382302167048  0.55914598170168917
  0.57118194138285161  0.58420187710395111  0.59850793448826822  0.60983834795814895
  0.61808710421753232  0.62576142473318719  0.63465977478428492  0.64616218129902470
  0.66049891672433714  0.67918879646290253  0.69402566034210567  0.70545785073556544
  0.71342208537021001  0.72005667999537393  0.72765521157867774  0.73612154718345646
  0.74475279190940724  0.75242631146858263  0.76030004967378784  0.76964055535132803
  0.78034183886102026  0.79126678334798317  0.80279175173257478  0.81256870604581832
  0.81905349144849215  0.82766134089012955  0.83713947064189553  0.84630291222262888
  0.85353388474323122  0.86007139325959825  0.86688896484602240  0.87510943255531248
  0.88446569394286201  0.89432157021825065  0.90270121056767327  0.91145107805559922
  0.92183208531843952  0.93410956196829675  0.94881488171837702  0.96130771744828103
  0.97010007806575782  0.97828421082759320  0.98772047755051740  1.00000000000000000
 -0.00410179618199304  0.16396581432111068  0.22340338795553319  0.26164382173625139
  0.28761547537373156  0.31133801594242982  0.33543259472736364  0.35800741355447319
  0.38377258672132614  0.40596915028905034  0.42484644584295572  0.44187435359905602
  0.45943773129584009  0.47828783809694353  0.48703220204574793  0.49487458977280407
  0.50428694834996568  0.51457391715110301  0.52375341276565812  0.53086154437929955
  0.53843553003527989  0.54998451186482344  0.56239811078953206  0.57286602571934331
  0.58291365532813288  0.59314304630718340  0.60428499640415201  0.61698982479471876
  0.63043092311549109  0.64388036764820811  0.65623864030969048  0.66597444517596116
  0.67396477546207390  0.68114224894314690  0.68776379306705782  0.69477157306705284
  0.70152555423080298  0.70877823995519673  0.71656401611986587  0.72359927257471146
  0.72965367254201985  0.73545484143529671  0.74081921583246346  0.74677203485961186
  0.75304565735550566  0.75738486869829358  0.76050979439992938  0.76371423327932819
  0.76688865885862301  0.76975676019827666  0.77460041320986428  0.77984958287047890
  0.78479502318488570  0.78913298757912187  0.79252034904093049  0.79559600658307772
  0.79866567436720370  0.80188172857545004  0.80525553822429841  0.80872918176837050
  0.81280404593795375  0.81745825202005917  0.82180090690232210  0.82582190046769932
  0.83014761312255780  0.83498061186456263  0.84019857148739729  0.84534811195421589
  0.84949152228928648  0.85302452695814324  0.85639486951120214  0.85987052625170457
  0.86353597789009140  0.86686041143460246  0.87049019248891069  0.87378163565818745
  0.87775861154768897  0.88207750266310880  0.88686873915624032  0.89177536528363743
  0.89676460564303384  0.90210205915668329  0.90766242304394429  0.91312316958796624
  0.91867672066092920  0.92460620933036552  0.93079709872758321  0.93714631478458665
  0.94331266722858720  0.94889358283974978  0.95443759159176822  0.96016531580825237
  0.96581789442159527  0.97303695077006735  0.98406719299748191  1.00000000000000000
 -0.01981847964358919  0.13122905569517973  0.16870319031506514  0.18899644391832762
  0.20482926238690247  0.21886911845460347  0.23232961104710451  0.24383267767897718
  0.25453379353559685  0.26451636947012641  0.27430913868060158  0.28438765409776767
  0.29361880179674582  0.30068334165584837  0.30745160144227546  0.31293242195686538
  0.31792295440264590  0.32297897746748533  0.32827216691998368  0.33354053209553575
  0.33811524348376260  0.34223524030104824  0.34628469123988626  0.34931196413566651
  0.35196149108930042  0.35492150725161548  0.35832637739980128  0.36308477086876484
  0.36889539776443270  0.37500375837903416  0.38051539570468901  0.38650101572603118
  0.39265545798123686  0.39876300247120378  0.40467137451735807  0.41079150357327809
  0.41676351552701069  0.42243542670742462  0.42779160641811276  0.43237620386957637
  0.43666536258352817  0.44116049577561822  0.44595203187721139  0.45216399693170861
  0.45745142444882547  0.46438637958588574  0.47131520236091234  0.47785577305596338
  0.48387119147255581  0.49013047797604770  0.49656813937711708  0.50224269787050246
  0.50739849519724944  0.51231556410041235  0.51683725916276002  0.52177945417610916
  0.52704941317188403  0.53428029602441784  0.54238226688877533  0.55135129606977562
  0.55893757048162152  0.56564960203481618  0.57259975668122953  0.57891469951951435
  0.58445614178298289  0.58913763022831767  0.59382608295301731  0.59864736968206345
  0.60469934859715724  0.61062871078374936  0.61547597724920899  0.62042524662452903
  0.62483862255645517  0.63009851793666316  0.63594637739166604  0.64246060977097297
  0.65079712912510701  0.66059216599572146  0.66965564359187735  0.67643976910946602
  0.68261315940128320  0.68881693516871068  0.69754816616411686  0.70552435863606178
  0.71265657819251549  0.71917702792583382  0.72487112368036544  0.73251647752625837
  0.74250745961568754  0.75632498325239039  0.76831403993289105  0.77962255572534478
  0.79172844481962779  0.81111990119601218  0.85695048410521124  1.00000000000000000
   3.8407225531462343E-014  -1.0000000000000000     
 T T T T F F F F F F F F T T T T F F F F F F F F F F F F F F F F F F F F F F F F F F F F F F F F T T T T F F F F F F F F T T T T T T T T F F F F F F F F T T T T F F F F F F F F F F F F F F F F F F F F F F F F F F F F F F F F T T T T F F F F F F F F T T T T T T T T F F F F F F F F T T T T F F F F F F F F F F F F F F F F F F F F F F F F F F F F F F F F T T T T F F F F F F F F T T T T T T T T F F F F F F F F T T T T F F F F F F F F F F F F F F F F F F F F F F F F F F F F F F F F T T T T F F F F F F F F T T T T T T T T F F F F F F F F T T T T F F F F F F F F F F F F F F F F F F F F F F F F F F F F F F F F T T T T F F F F F F F F T T T T T T T T F F F F F F F F T T T T F F F F F F F F F F F F F F F F F F F F F F F F F F F F F F F F T T T T F F F F F F F F T T T T T T T T F F F F F F F F T T T T F F F F F F F F F F F F F F F F F F F F F F F F F F F F F F F F T T T T F F F F F F F F T T T T T T T T F F F F F F F F T T T T F F F F F F F F F F F F F F F F F F F F F F F F F F F F F F F F T T T T F F F F F F F F T T T T
  <DiscreteSampler_grid>
  grouped_processes
  1 # 1 for a reference and 2 for a running grid.
  10 # Attribute 'min_bin_probing_points' of the grid.
  1 # Attribute 'grid_mode' of the grid. 1=='default',2=='initialization'
  0.0000000000000000 # Attribute 'small_contrib_threshold' of the grid.
  0.5000000000000000 # Attribute 'damping_power' of the grid.
 # binID   n_entries weight   weight_sqr   abs_weight
    13   10   2.174498296245997E-005   2.979194642196154E-009   2.174498296245997E-005
    14   10   2.174498296246002E-005   2.979194642196164E-009   2.174498296246002E-005
    16   10   2.879074916975435E-005   5.545871592678347E-009   2.879074916975435E-005
    17   10   2.879074916975442E-005   5.545871592678367E-009   2.879074916975442E-005
  </DiscreteSampler_grid>
