  0.02386880621918847  0.03367318129475259  0.04551163570127940  0.05701569657306437
  0.06792052755578058  0.07885877359703770  0.09010136998770145  0.10149610935568380
  0.11273983492734739  0.12391134158740391  0.13502774832486511  0.14601441851163666
  0.15687492703630601  0.16750226808024057  0.17774630888756859  0.18791545785741481
  0.19807221496137425  0.20826016466954614  0.21873754749744145  0.22959065910000942
  0.24132480875523943  0.25316907434191183  0.26491153061187789  0.27625799596928485
  0.28747591858214011  0.29879526538346390  0.31001842452602568  0.32159684417038836
  0.33347245192434666  0.34292512672999231  0.35253408798069530  0.36164746936195463
  0.37049939990271918  0.37938185426938564  0.38827505909471483  0.39773780411253251
  0.40844357181005064  0.41894736302165209  0.42906461474746910  0.43947981473024078
  0.44951555856525821  0.45964534708230603  0.46984738739636939  0.48004671022068096
  0.49078616160344546  0.50106531300608836  0.51092788685507007  0.52053624724216163
  0.53059182192337617  0.54107965636626920  0.55103497759891218  0.56109809998477078
  0.57095079722245989  0.58117043683736191  0.59111224624779990  0.60127315722742580
  0.61162195005697984  0.62173678468464455  0.63142837046720079  0.64129537329808650
  0.65134242744566140  0.66234781074824733  0.67278074720353853  0.68288113818108553
  0.69319283684920829  0.70364847507840500  0.71361607953988004  0.72270153453389707
  0.73174852465858964  0.74121041658795650  0.75057396775931540  0.75978048384110364
  0.76925676684329325  0.77888895543414327  0.78892041829483739  0.79855283035162017
  0.80796333723033731  0.81749387203089086  0.82696606314383614  0.83667821051182789
  0.84674511600482583  0.85656159692669454  0.86640849321961200  0.87658713151102130
  0.88673869885857526  0.89653027335797109  0.90629428770393361  0.91568858199182179
  0.92468140752058725  0.93353072196234554  0.94234140529951360  0.95128812667734119
  0.95946527916141611  0.96711538715799261  0.97066840017522704  1.00000000000000000
  0.02346910013358285  0.03428266301452813  0.04567033807639621  0.05646435607215307
  0.06756339129367295  0.07900850191966445  0.09055641897922866  0.10167077189664074
  0.11226181456872956  0.12271045764299113  0.13279990987720680  0.14268166624095838
  0.15275331636522241  0.16290224769587563  0.17346288962108253  0.18448332344953644
  0.19651650546156341  0.20872407010497590  0.21995120271070914  0.23092336716265408
  0.24212521405031170  0.25233237588286250  0.26147518335936926  0.27068019572795149
  0.28041124444622872  0.29030611105358578  0.30000516764022256  0.30928347737649647
  0.31938664897865254  0.32973157385500640  0.34009795064062509  0.35030159622388024
  0.36052995380310981  0.37069914991644864  0.38036998600858646  0.38970701508423056
  0.39936292461193995  0.40970333009082172  0.42035920491588197  0.43112329449260089
  0.44190416511638386  0.45242782673875070  0.46261820550006982  0.47253572885552109
  0.48268853047369736  0.49327710756476578  0.50382274296207841  0.51450493399378661
  0.52506347064686720  0.53590487148833921  0.54685144402562758  0.55775087637118348
  0.56844073081777702  0.57859679960443799  0.58863507998941289  0.59848181305639958
  0.60815761574509475  0.61749145538151706  0.62668287813395063  0.63626952631902067
  0.64588321471250953  0.65548563562496032  0.66528458606923724  0.67559712665246274
  0.68621314757253815  0.69682404409540810  0.70737617298765476  0.71867070159943491
  0.72968527846223075  0.73988569755923483  0.74984854020566860  0.75978368378495853
  0.76939976681846345  0.77848377656852830  0.78734553654224460  0.79719410138437696
  0.80712152349268307  0.81677680873628611  0.82640967455713987  0.83634265818519204
  0.84648950866289374  0.85646228596780205  0.86625923886436906  0.87597441555964006
  0.88573883653788876  0.89546151887718317  0.90450712662031474  0.91375071240071970
  0.92299912502574599  0.93184689927598763  0.94073656637064274  0.94960030407229823
  0.95861170318248523  0.96684244972839173  0.97076869047476610  1.00000000000000000
  0.00581303308322869  0.01764108058747473  0.03035757294689431  0.04273702059676182
  0.05241337219005134  0.06284639774106590  0.07303210131450248  0.08377576898318162
  0.09439339810101924  0.10540954934712796  0.11594423481155015  0.12677020285769730
  0.13746014803939044  0.14793616316856881  0.15815711596692023  0.16860267467739010
  0.17936319209227011  0.19024792519544492  0.20076173746536380  0.21133518209169250
  0.22167137171976348  0.23222074278001523  0.24349876771101672  0.25478502495154404
  0.26559282947980689  0.27613546315210352  0.28633075150866610  0.29642959754565895
  0.30615578189799436  0.31604704934193939  0.32612405460556404  0.33663577946050122
  0.34749371621732866  0.35820241138949160  0.36861876529512899  0.37863193474706358
  0.38843798705429966  0.39808898617458705  0.40769487575440466  0.41745001794073189
  0.42757640060875057  0.43830652975746032  0.44971854731367561  0.46097303354151081
  0.47148039147938658  0.48250294097337110  0.49330095130113266  0.50390797299640855
  0.51336479193204898  0.52294195857360171  0.53281605353545392  0.54306486574231905
  0.55381359916647654  0.56413022804370150  0.57470782002910592  0.58494666480335422
  0.59503602499279795  0.60580552408335009  0.61648575335718425  0.62693711065412383
  0.63656994755204444  0.64622412458810130  0.65619857294547690  0.66649106517888301
  0.67653527579822048  0.68631357692819128  0.69584588087462962  0.70518778417336592
  0.71466733146663286  0.72457399090930097  0.73508381736022188  0.74571184878244168
  0.75643939996350806  0.76714558122163146  0.77768615012772846  0.78840092855398558
  0.79960599894908235  0.81071453781991754  0.82143721391766744  0.83170808664982487
  0.84162042918802005  0.85167989899970276  0.86212657503830914  0.87264204424698677
  0.88276903792334160  0.89270826889406230  0.90375589024871605  0.91538310343016127
  0.92638241340757221  0.93681202313131962  0.94724969427978079  0.95768781429839123
  0.96832844065479462  0.97921060338625421  0.98963346790146312  1.00000000000000000
  0.00239867292317765  0.01658919992671639  0.02998159039106062  0.04208846026777565
  0.05354411247330531  0.06525519193059488  0.07654818140459001  0.08784015473231446
  0.09856358566423239  0.10955702061787685  0.12025559014930766  0.13068181431712583
  0.14096832620718433  0.15125455578719080  0.16141384334196263  0.17156048848807082
  0.18134955274781744  0.19090946209915341  0.20026798083212508  0.21003067722033422
  0.22042849968491010  0.23100396216684618  0.24113796043899310  0.25113029831463995
  0.26138682775640631  0.27193959774964022  0.28270938043681271  0.29364329733182504
  0.30462239687464820  0.31553772401149399  0.32646377354409273  0.33716062759051185
  0.34745083695194728  0.35729321449855772  0.36777959336356947  0.37813705245089074
  0.38918195481191920  0.40021098170430602  0.41143661653388952  0.42202816892415018
  0.43215290618941316  0.44225857648783556  0.45170380659851667  0.46119969765745911
  0.47080399342098500  0.48084945424555431  0.49159234943997909  0.50233460271952035
  0.51358592372672995  0.52494681304311019  0.53629719070514215  0.54755864560502832
  0.55872227786972517  0.56981661075293011  0.58066981981218546  0.59097486922934694
  0.60084037487414066  0.61090225357012373  0.62095934793175211  0.63071423845874275
  0.64048015231394406  0.65064299395249736  0.66112014184561885  0.67073088381379409
  0.67987530682994768  0.68898300055540329  0.69874364307397918  0.70900357270775405
  0.71966858987210591  0.73031409505968159  0.74102160525300531  0.75194892117148748
  0.76303118851468577  0.77434212941798974  0.78568154849508154  0.79686264789993644
  0.80789141060857439  0.81858259367045672  0.82881053384440262  0.83842117095660773
  0.84759949617373331  0.85703197157903011  0.86665655887217485  0.87627952077398807
  0.88552532162260811  0.89480223641577761  0.90436759446548887  0.91433221628287087
  0.92455824610947368  0.93517316735804901  0.94530814577209332  0.95489157412356007
  0.96451390054763486  0.97413544527661788  0.98333087887670623  1.00000000000000000
 -0.00042443119914329  0.00266209476177160  0.00463703338499286  0.00688920098159831
  0.00958038926434641  0.01270613882988442  0.01620739843272731  0.02007648005427759
  0.02417545304807778  0.02869965236924451  0.03366319362477754  0.03884299286158848
  0.04424395701000159  0.04997703011406051  0.05638130186435694  0.06297817744675012
  0.06924822700336300  0.07547375574115575  0.08205030703285518  0.08943968659113145
  0.09694538849460732  0.10446240677842497  0.11235000706137377  0.12047895897726582
  0.12882816653910534  0.13732976358713084  0.14584832163281547  0.15448777925061927
  0.16332643419203177  0.17253583339545683  0.18214758832171524  0.19192247619886824
  0.20159577352597263  0.21115690845116289  0.22085603042182045  0.23067158633187729
  0.24083860500610560  0.25149932690255178  0.26222304046342121  0.27310777840380263
  0.28385739069652960  0.29459771633155446  0.30539847256083258  0.31600869913054247
  0.32629036490658681  0.33680076528036823  0.34764522675707504  0.35879751308765234
  0.37019842621720905  0.38207008125293346  0.39435553192768713  0.40665477082859602
  0.41927515483823319  0.43180106236176080  0.44393489259775032  0.45571865526250999
  0.46743592063405437  0.47964659956852645  0.49237540334386576  0.50543664051077331
  0.51864824708041923  0.53173692681583229  0.54377126350086891  0.55571402566246342
  0.56771750315112712  0.57981474780519060  0.59211848091805341  0.60461393914911776
  0.61709415328549910  0.62950314550485131  0.64196538722922847  0.65512031229283785
  0.66817114050704629  0.68106381344626743  0.69377725119747580  0.70623966950764849
  0.71893198121047552  0.73252441648232824  0.74671691741465440  0.76165136847892034
  0.77681262785619820  0.79201620982565435  0.80738615369368461  0.82309285747154193
  0.83907556426679497  0.85525659965483380  0.87092807990788002  0.88589610406071084
  0.90027289885027750  0.91489311041430144  0.92933284938412342  0.94360991479100120
  0.95772350416816510  0.97173188714630987  0.98576284831015981  1.00000000000000000
 -0.00220521711340570  0.00821085915002487  0.01699282639177181  0.02677260368356265
  0.03692784643082096  0.04717599566695140  0.05759013178739395  0.06913515814569456
  0.08196858120228853  0.09400790436537609  0.10549646474145262  0.11646613735970357
  0.12680526370246992  0.13648373603731204  0.14672000264001883  0.15748484396262730
  0.16852004668549431  0.17893709627017881  0.18921172502935152  0.20064875657137915
  0.21212175626080315  0.22363376180852185  0.23581349895116896  0.24810971615842714
  0.26036879818825648  0.27204122645317558  0.28267186526670440  0.29272481352877139
  0.30231059219849055  0.31147571949212099  0.32109151446229717  0.33042882503099891
  0.34039006107143355  0.35007373100498412  0.35989918953217948  0.36945495209260376
  0.37911472922372830  0.38847245647184725  0.39829853698163981  0.40817377730443993
  0.41809479334794114  0.42811800078797091  0.43834594499696689  0.44936399664644022
  0.46131868988859287  0.47354401063972240  0.48509253524730755  0.49535330808781830
  0.50559442031533131  0.51594401362537967  0.52656016224921720  0.53708097631249008
  0.54840264003957462  0.56031014685577796  0.57116616556605371  0.58212418294431445
  0.59314541183321468  0.60403441640397493  0.61430404612662604  0.62431452833880952
  0.63497977325160948  0.64553825926770503  0.65635344063712253  0.66736647275077132
  0.67902889849098347  0.69050599681836577  0.70149094111211163  0.71251225685552166
  0.72347594239056079  0.73482759828427746  0.74622283366253661  0.75735210432083322
  0.76836897344756772  0.77951758951122074  0.79021313120248826  0.80024991604736073
  0.81062893366093058  0.82148328431097384  0.83236905658661264  0.84266396361130425
  0.85281228214549265  0.86323147583792004  0.87380014030924291  0.88398407468366313
  0.89426124524392314  0.90360232201418433  0.91260022857066680  0.92150767214252904
  0.93056726924428590  0.94031527542715454  0.95005633490713937  0.95963343265203460
  0.96969465348269801  0.97987833730984464  0.99019260871188053  1.00000000000000000
 -0.00205409886676402  0.00892790161592408  0.01794959417830237  0.02769348018318877
  0.03715175779552721  0.04673730034195078  0.05637257191325964  0.06588681129400435
  0.07583374115260018  0.08643996177472055  0.09781700355126485  0.10880859689157524
  0.11891349067376000  0.12927222231354657  0.13999300066970802  0.15123284568011161
  0.16254209941325878  0.17302904730895383  0.18271217354078004  0.19254341359709790
  0.20224274799152733  0.21152853226197929  0.22032499959410090  0.22961342854227559
  0.24021119541246735  0.25163471576211244  0.26290809799152831  0.27379905089797058
  0.28457238006406105  0.29550577571444980  0.30667193553840155  0.31801240367985345
  0.32941546374163222  0.34059917210579621  0.35191530759172884  0.36332160336551711
  0.37420810725421305  0.38422988642145434  0.39412435178308769  0.40469087806215193
  0.41559650088188554  0.42629691549690885  0.43717436815161448  0.44866382199014132
  0.46006239625168188  0.47108796944229975  0.48210906381739538  0.49310456407812808
  0.50370506730753284  0.51395299024512398  0.52387385449636570  0.53367087723821105
  0.54364226513145997  0.55398100339245315  0.56442826597178108  0.57455454764392044
  0.58446271604230482  0.59423991986067215  0.60402211379870696  0.61400609340395729
  0.62447773075857838  0.63549098149463834  0.64669204227871280  0.65802289851558993
  0.66923586316361949  0.68080668146795464  0.69231901236877635  0.70354208711733024
  0.71464656202741950  0.72560289104072839  0.73670045892889702  0.74764436322676953
  0.75824699708641408  0.76841211074448845  0.77853806745459087  0.78872929774111555
  0.79891833359435105  0.80888808443943749  0.81852926445611418  0.82832718795192639
  0.83850435122717726  0.84909292877919595  0.85961831650103815  0.86997522423908691
  0.88028531416839095  0.89027896347171376  0.90063763670760910  0.91126557772606598
  0.92208947208842162  0.93293837782809474  0.94373930695661223  0.95482292286755222
  0.96615170216523816  0.97764121001363002  0.98873817211507797  1.00000000000000000
 -0.00240521020774898  0.00928460936428993  0.01918914143156863  0.02932231193180720
  0.03965622869704806  0.04996055143340495  0.06003220336771969  0.07110567673080702
  0.08198970964637485  0.09377846018980585  0.10499896243359352  0.11615375049115891
  0.12709108831690652  0.13761095357520162  0.14795584117973098  0.15848376295352409
  0.16944234908996553  0.18075774384694776  0.19296113614363924  0.20533622215208425
  0.21704854384067715  0.22833326246303010  0.23957281403785782  0.25037341732984891
  0.26077107768911073  0.27139362740292733  0.28244271264189469  0.29344283062447746
  0.30379782615388085  0.31394563122248803  0.32393331340036396  0.33360995881610334
  0.34355074633364274  0.35346377587993422  0.36435535846827521  0.37500518061339705
  0.38627066328690274  0.39720752198238585  0.40762554088232922  0.41784762699162653
  0.42767783232712542  0.43727900452419588  0.44643312763299908  0.45524509543381086
  0.46418989628609297  0.47348639705173623  0.48283094454559788  0.49311717221685841
  0.50401603458755029  0.51565197154294951  0.52646676410852877  0.53674264610079570
  0.54658806222707945  0.55646245111708270  0.56649614052506303  0.57678985929798399
  0.58721790259767215  0.59750424836305893  0.60758399404375918  0.61764196813570738
  0.62755273569307923  0.63796694840770840  0.64871570245756649  0.66025214856978265
  0.67215642533420561  0.68400628198882762  0.69479127078356384  0.70521502553258919
  0.71536628531137014  0.72550842861976916  0.73577807489695846  0.74636712139173300
  0.75720406391836137  0.76781533270789226  0.77843477908865522  0.78941930804852178
  0.80032939347063647  0.81097825946554003  0.82110773416257998  0.83155906876314412
  0.84164339760114759  0.85117541978642874  0.86056271372197324  0.86997485049665157
  0.88004784955387694  0.89021851383253903  0.90041135325182775  0.91132734763968037
  0.92263201072068157  0.93430716141514281  0.94534324759475374  0.95656384612334955
  0.96791279431722876  0.97921008115746599  0.98950021332968852  1.00000000000000000
 -0.00323944803241540  0.01134826616184898  0.02308397097775749  0.03465795421474688
  0.04560640881498894  0.05615019085123923  0.06597552950672896  0.07576379047701522
  0.08616170853362071  0.09662341378204906  0.10709269138927661  0.11773179384932039
  0.12812263761688233  0.13818273714522847  0.14829068337708234  0.15835076458792910
  0.16784616467840624  0.17706522739391473  0.18673090713404517  0.19712527290751863
  0.20753581858506434  0.21768727414694702  0.22821466089742951  0.23934269223408614
  0.25057990674146569  0.26119638845953258  0.27112044881709174  0.28058036678174403
  0.29006428500643439  0.30040042137619444  0.31126946806297745  0.32206688482733392
  0.33274780612253557  0.34353570885576773  0.35463104514489524  0.36562793598087823
  0.37642384011205832  0.38714285281378796  0.39751118862089635  0.40680008122191502
  0.41593074369030286  0.42489745960768921  0.43417403299635970  0.44363755789833637
  0.45321367772992693  0.46263921801705615  0.47230852039779730  0.48214049160575762
  0.49215231099120332  0.50203004250604544  0.51187649041610606  0.52244860208997279
  0.53429101085796049  0.54638046351510683  0.55867284985693111  0.56996144264558801
  0.58098910473115517  0.59149525995944563  0.60224580847940135  0.61330709836211317
  0.62489888845521790  0.63675639597627443  0.64844771968122739  0.65950958351969102
  0.67080548483153490  0.68213479413753264  0.69422560403768485  0.70645130073320395
  0.71845296425130800  0.72985319313927777  0.74080103075137105  0.75160624497111750
  0.76237830266498630  0.77335630780320974  0.78458156149587543  0.79581829621255828
  0.80697019922537938  0.81790418484553096  0.82851425196666995  0.83866725498232575
  0.84860452653783569  0.85890513769668153  0.86961809961138248  0.88067702570366857
  0.89184814186622263  0.90274049588437200  0.91290017319379102  0.92249753366836929
  0.93171412378289786  0.94090086900929071  0.94989179825564363  0.95933852254764318
  0.96933386132727162  0.97938703599210886  0.98972597448264332  1.00000000000000000
 -0.00274042238837820  0.01008608384615725  0.02144103748163113  0.03289410485528105
  0.04368920760568704  0.05366988280058240  0.06353103610562981  0.07388447120402594
  0.08469663675182891  0.09576433978133972  0.10703588225646866  0.11863704109701871
  0.12990851685475563  0.14102155321600854  0.15173923101489753  0.16242784615918771
  0.17280976118075642  0.18317360621640369  0.19324938553477791  0.20326965363964711
  0.21373685344519155  0.22402596854932808  0.23447247053775561  0.24441583628993027
  0.25495809353296012  0.26592658376323780  0.27730221738676752  0.28822890096471321
  0.29867239077191143  0.30932866265170955  0.32011121353463412  0.33112295666442448
  0.34194491161706209  0.35318094538738670  0.36510040610405770  0.37719826334194440
  0.38921690469287828  0.40113661542418633  0.41293395204183952  0.42412766659587564
  0.43469233530578283  0.44482311196573893  0.45478467207835693  0.46485827615384195
  0.47474752653223079  0.48472411052241304  0.49526954747983026  0.50637693415531004
  0.51776016663257707  0.52885348975988966  0.53968992041577746  0.55035624071360223
  0.56074787665641534  0.57163622666456193  0.58235461187010507  0.59306969744198834
  0.60409794110181070  0.61564240173247164  0.62683346211308955  0.63749138938279959
  0.64764437772721628  0.65779296242309526  0.66780684304148163  0.67732629906932851
  0.68636907948578441  0.69535078814380435  0.70446360208271719  0.71383927240473100
  0.72330422689666451  0.73272065554787069  0.74200291564682663  0.75143528646908564
  0.76106543428094786  0.77086677736993758  0.78068196524857414  0.79060575938053157
  0.80139059383780042  0.81263626528976851  0.82400810503761146  0.83508197118903260
  0.84557235898423300  0.85609523860909620  0.86614194905610964  0.87605143479023595
  0.88561583022891022  0.89529306468300462  0.90536146621266889  0.91557412690240436
  0.92642910265314982  0.93783507897394913  0.94850012366866654  0.95853406512282358
  0.96838926278404447  0.97844461818575112  0.98878233350890887  1.00000000000000000
 -0.00139190170594085  0.00550169032894887  0.01183753782908590  0.01838617518404652
  0.02533581837785247  0.03234547686688619  0.03924472549723183  0.04633579655690399
  0.05357574728143150  0.06105921382339854  0.06910194733207906  0.07758019122463974
  0.08598761658666904  0.09511974035948681  0.10427850383083173  0.11340165340818227
  0.12254845832472451  0.13165561489932359  0.14084452064667319  0.14978356088500386
  0.15828756742680972  0.16678477359283447  0.17551138805834929  0.18435211073123417
  0.19308164254848384  0.20170147139753725  0.21065633040992746  0.22036923088098592
  0.23050220266915822  0.24075129838175821  0.25061656463817211  0.26062608522723535
  0.27044563453923048  0.28081404612434202  0.29152583103587898  0.30269769350664477
  0.31363949771037403  0.32383162905398993  0.33413623670537929  0.34399799440604556
  0.35364910005676126  0.36330729737067446  0.37340787273480069  0.38484374484030748
  0.39605573726467358  0.40633115968455513  0.41658389828998221  0.42694850625883568
  0.43781798389641940  0.44952765320609428  0.46131398045307037  0.47352828572206662
  0.48587281431309293  0.49849937821301982  0.51071024874375970  0.52280529533461384
  0.53477152291080055  0.54696453595004835  0.55900923863606455  0.57034677093083219
  0.58154386751751386  0.59263394750462484  0.60415617548809619  0.61540727406191109
  0.62642271892631263  0.63790125152554311  0.65010478396283489  0.66257367309936288
  0.67455740418219623  0.68634515799504825  0.69863469037989034  0.71075226430069727
  0.72236270621584242  0.73434429800634948  0.74695779980626409  0.75996736909769758
  0.77300985388890542  0.78571090979602953  0.79800636819619597  0.80984824303660408
  0.82164240083890860  0.83377949808547758  0.84613685305201991  0.85821984333482437
  0.87027630664686084  0.88284469743008009  0.89600423652277106  0.90813876771015711
  0.92022396056282441  0.93225833960649163  0.94417510890649292  0.95554108508390090
  0.96619361054295683  0.97737320049785770  0.98865824976587180  1.00000000000000000
 -0.00249273953281499  0.00962852723808303  0.01946635862126645  0.03010699322611008
  0.04049994915209273  0.05190989527872719  0.06348409971613453  0.07467769120405329
  0.08544444893200594  0.09618376404441235  0.10678151808233485  0.11742367094952537
  0.12747951753354264  0.13728074817734010  0.14720405683085677  0.15717449204821252
  0.16754959092000443  0.17861531465700850  0.18972821143472221  0.20142022588153080
  0.21274707294754278  0.22410078458037916  0.23492591209111066  0.24592341050517974
  0.25634157944732283  0.26646107019148851  0.27759124870781138  0.28901580290591089
  0.30001450469902147  0.31026894789113219  0.32045746449219653  0.33052316435125534
  0.34068848096043552  0.35100564146752877  0.36195910637273571  0.37330532895801383
  0.38465232135585997  0.39600674146859444  0.40696111143310809  0.41735810733032092
  0.42743010139288989  0.43770322591620675  0.44862519795058109  0.45963742572159927
  0.47008853510770232  0.48015636659468691  0.48998112169884145  0.49965412738717530
  0.50949585672854336  0.51972381859020245  0.53029159200689813  0.54090285569782970
  0.55174963696580626  0.56271348637781116  0.57321356141701041  0.58353895083378338
  0.59430200085742924  0.60537152543321371  0.61624482589276797  0.62682762278691317
  0.63733821854414852  0.64767346046591134  0.65793162480221978  0.66809235565879399
  0.67860808397458372  0.68923146182861006  0.69969121584610483  0.71026809559419168
  0.72052138998257953  0.73046087368226720  0.74031146895276512  0.75070481674262601
  0.76153180055265846  0.77208535027359981  0.78259815662793908  0.79292938244742250
  0.80325069480718025  0.81306422259623723  0.82289853500061139  0.83254129257023213
  0.84303399990476913  0.85293768317888929  0.86426851742408972  0.87551677960837626
  0.88838405851974100  0.90073178884464888  0.91185383639178275  0.92245491774368127
  0.93247974815024259  0.94226250257030153  0.95145631157581001  0.96097306213859701
  0.97044415749146951  0.97987023431489029  0.98973976891490023  1.00000000000000000
 -0.00200764147480767  0.00706265691532705  0.01526262371296080  0.02382006037649230
  0.03290452325651593  0.04217384300196267  0.05136307290488745  0.06034338251313612
  0.06936064960723287  0.07849991491469899  0.08767069514841594  0.09688395946399718
  0.10620990259055639  0.11597190642381432  0.12566482931637968  0.13493091908500321
  0.14395038919040734  0.15274957690445057  0.16166166126105402  0.17104731508085522
  0.18060041978982663  0.19013387019281644  0.19973794666064854  0.20920130339687268
  0.21910563891372503  0.22962331078279621  0.24059401674957315  0.25129897836162990
  0.26163590300139611  0.27231477195849874  0.28401699581920414  0.29638981530041519
  0.30761491745072822  0.31914140663686913  0.33069351536137515  0.34219202246489577
  0.35369028203956282  0.36527080188935235  0.37651605638078295  0.38713823567844580
  0.39770305319846361  0.40853269279027327  0.42088902370570885  0.43481295078683335
  0.44954173102992584  0.46312099235815685  0.47575018878564368  0.48760411876009274
  0.49930322321716830  0.51102197146691741  0.52313309372012140  0.53595507678825050
  0.54855253175223706  0.56118785381392688  0.57398204383979223  0.58684120727140132
  0.59984410997650528  0.61224162677169203  0.62443357835584423  0.63638313072978925
  0.64790914043129411  0.65898323348053833  0.66992684652383960  0.68107391382056215
  0.69263104074046700  0.70437843732095773  0.71593087163209823  0.72747680813874127
  0.73912941494305251  0.75105011921078291  0.76319993414001341  0.77547257932401092
  0.78772255072813924  0.79985551731919990  0.81162987992689883  0.82279289353643503
  0.83370032473657352  0.84400874597907649  0.85377811717182905  0.86278598425259867
  0.87155036040748701  0.88028137623601987  0.88867978194144193  0.89703143430936783
  0.90563266765966832  0.91454553564447438  0.92359232301801386  0.93260767120186694
  0.94136096028515182  0.95003578778761366  0.95859485750166884  0.96695351564602239
  0.97517157356730033  0.98341671473742420  0.99156769582577242  1.00000000000000000
 -0.00239528406060181  0.00939891477465343  0.01983997834878580  0.02976819963114847
  0.03982775811084563  0.05030672369188687  0.06135099326837726  0.07182422683976690
  0.08175671475716506  0.09194865487785894  0.10292083342461211  0.11430555071531061
  0.12577091142580824  0.13770033735902551  0.14929984711762712  0.16053097354180657
  0.17159474085287391  0.18205252194480029  0.19251793434404013  0.20308404243975350
  0.21374223903518325  0.22421746073805765  0.23433354544125062  0.24413701801658497
  0.25436469253201432  0.26515364040807976  0.27580241637898828  0.28599467541650031
  0.29614586926001990  0.30651544260228969  0.31651954945489985  0.32633965222110972
  0.33617995671299022  0.34598328793051686  0.35589166190747834  0.36567322154292053
  0.37567071340977148  0.38474436923537647  0.39404758910729959  0.40389160953835190
  0.41415295396146445  0.42433691008775087  0.43432246521945028  0.44472164173075912
  0.45572400583393330  0.46685307304276674  0.47806354544103480  0.48861591361895773
  0.49873456172579550  0.50870721370680705  0.51854677187671627  0.52817082731271103
  0.53766819065404381  0.54745816346603482  0.55787137647342100  0.56877674746308726
  0.57974938661890196  0.59050750701252519  0.60109805298440910  0.61162499284928751
  0.62183086996855630  0.63171586648644362  0.64157652266835785  0.65191498099825518
  0.66290169224809647  0.67408529868766820  0.68585390134189828  0.69720511375285543
  0.70867647709416004  0.71988097169619381  0.73134856021582406  0.74290702447587176
  0.75434120948705652  0.76456327766505860  0.77452105161471030  0.78433730680473512
  0.79450499849728196  0.80489395126546504  0.81518123110658536  0.82610304892037756
  0.83704983395126886  0.84765980130421459  0.85763174618278637  0.86760814980815559
  0.87803151838109161  0.88998362721677038  0.90195340099607124  0.91332001771514582
  0.92456696971331975  0.93543602305646811  0.94613544412850525  0.95669407884948410
  0.96749468131261884  0.97824351951270461  0.98899433822539340  1.00000000000000000
 -0.01093833992512275  0.25602037070302935  0.35928703283135660  0.40591994463166836
  0.43909117418213062  0.46466224198658768  0.48526215190846966  0.50290289922207965
  0.51806876690435133  0.53138683117102326  0.54416740579202050  0.55607394486044937
  0.56733174493177496  0.57777443729131583  0.58766117591442646  0.59719002075968675
  0.60647170717456944  0.61558832933473595  0.62431440693474693  0.63253571549113208
  0.64039622818141417  0.64792011531131766  0.65518052861186260  0.66224784018943261
  0.66901852813987550  0.67534417353051579  0.68150763130160830  0.68761032375656195
  0.69346855972095689  0.69931695221216272  0.70500781816864644  0.71060471799354163
  0.71618436893061033  0.72169166298037590  0.72709661675309611  0.73221904985626729
  0.73711336914107584  0.74187427065390898  0.74661003741812526  0.75119102425355389
  0.75564502134282940  0.76019349389829838  0.76482797498779664  0.76931652476931534
  0.77345594302930698  0.77729178360056550  0.78108840334570173  0.78497312233125771
  0.78890454576520141  0.79287495628673765  0.79680329875629585  0.80055834492831979
  0.80430066243431786  0.80800994745778876  0.81176339247626594  0.81549971519365294
  0.81932320612114384  0.82308646793161533  0.82687807116105805  0.83065489738612541
  0.83426513870729224  0.83773550175489297  0.84106757739155613  0.84442063662908173
  0.84781373928289827  0.85123554505030319  0.85459121658087212  0.85788875685947696
  0.86116494049657055  0.86445707311912368  0.86773781718598142  0.87105636081520310
  0.87443602464736370  0.87786530051025136  0.88135907354642373  0.88486860025474201
  0.88833674293276310  0.89179404434407028  0.89513192606396819  0.89875314729894085
  0.90251071312029196  0.90635128270744314  0.91023597282496427  0.91406082711100500
  0.91812440934527162  0.92252140472672761  0.92702698239569936  0.93160871831329262
  0.93624739593984141  0.94136070016191953  0.94687378840949543  0.95273042227343374
  0.95972743250038051  0.96852377826626235  0.98052387896661786  1.00000000000000000
 -0.02047347628044719  0.14776972649942274  0.20726712085011281  0.24493055061404326
  0.27079744390980348  0.29118664521498266  0.30928166036835530  0.32579775326081212
  0.34135881124878209  0.35598426031177771  0.36800955575351729  0.37912744066686976
  0.38945492229863282  0.39948503229571891  0.40866185210707690  0.41765325375638374
  0.42614006064264659  0.43449381242020862  0.44239467268932153  0.44983225565268109
  0.45707433364230843  0.46392336133474843  0.47069891326589464  0.47732133135474875
  0.48384545435303211  0.49024183498916318  0.49660150004788473  0.50264166889016115
  0.50868366402210885  0.51464016386977385  0.52057038760060959  0.52642336066409456
  0.53211583898876647  0.53764865737812362  0.54305277230412718  0.54830536751055359
  0.55346346046206951  0.55878521330954711  0.56398651413724576  0.56878218254244639
  0.57349504136210594  0.57820969851988424  0.58281533446442213  0.58755418556490979
  0.59231509789936565  0.59689027462988697  0.60141730984976027  0.60582188783265645
  0.61043558005585008  0.61510983017807352  0.61973885219692015  0.62436860893075030
  0.62905486991346415  0.63378059675775766  0.63841604312679656  0.64295277982377508
  0.64763567897733243  0.65237008508155925  0.65709339922582033  0.66174914234052873
  0.66635324912116578  0.67117627078445075  0.67621291594863264  0.68113562465565969
  0.68608861148734668  0.69120014281678743  0.69634259324169323  0.70150879286886569
  0.70668534088647572  0.71195849966810298  0.71721677193938094  0.72244121496396119
  0.72762996993091711  0.73280304126142126  0.73805683055709437  0.74342941963283238
  0.74876123805110717  0.75414428440562220  0.75969144085144513  0.76527504032763949
  0.77126169947973755  0.77728901471226708  0.78340467297681227  0.78981397844304990
  0.79671799839582169  0.80409909013842118  0.81193549584015934  0.82057154403072763
  0.83007533909452480  0.84047631496311581  0.85181073053745504  0.86444327450967928
  0.87888729686758404  0.89611843681784276  0.92519188204863612  1.00000000000000000
   5.5519971003490756E-011  -1.0000000000000000     
 F F F F F F F F F F F F F F F F F F F F F F F F F F F F F F F F F F F F F F F F F F F F F F F F F F F F F F F F F F F F F F F F F F F F F F F F F F F F F F F F F F F F F F F F F F F F F F F F F F F F F F F F F F F F F F F F F F F F F F F F F F F F F F F F F F F F F F F F F F F F F F F F F F F F F F F F F F F F F F F F F F F F F F F F F F F F F F F F F F F F F F F F F F F F F F F F T F F T F F F F F F F F T F F T F F F F F F F F F F F F F F F F F F F F F F F F F F F F F F F F F F F F F F F F F F F F F F F F F F F F F F F F F F F F F F F F F F F F F F F F F F F F F F F F F F F F F F F F F F F F F F F F F F F F F F F F F F F F F F F F F F F F F F F F F F F F F F F F F F F F F F F F F F F F F F F F F F F F F F F F F F F F F F F F F F F F F F F F F F F F F F F F F F F F F F F F F F F F F F F F F F F F F F F F F F F F F F F F F F F F F F F F F F F F F F F F F F F F F F F F F F F F F F F F T F F T F F F F F F F F T F F T F F F F F F F F F F F F F F F F F F F F F F F F F F F F F F F F F F F F F F F F F F F F F F F F
  <DiscreteSampler_grid>
  grouped_processes
  1 # 1 for a reference and 2 for a running grid.
  10 # Attribute 'min_bin_probing_points' of the grid.
  1 # Attribute 'grid_mode' of the grid. 1=='default',2=='initialization'
  0.0000000000000000 # Attribute 'small_contrib_threshold' of the grid.
  0.5000000000000000 # Attribute 'damping_power' of the grid.
 # binID   n_entries weight   weight_sqr   abs_weight
    199   10   1.587205033098164E-002   2.436649380383504E-003   1.587205033098164E-002
    200   10   1.587205033098169E-002   2.436649380383523E-003   1.587205033098169E-002
    202   10   1.587205033098164E-002   2.436649380383504E-003   1.587205033098164E-002
    203   10   1.587205033098169E-002   2.436649380383523E-003   1.587205033098169E-002
    205   10   2.112669162185126E-002   4.323850881184055E-003   2.112669162185126E-002
    206   10   2.112669162185123E-002   4.323850881184052E-003   2.112669162185123E-002
    208   10   2.112669162185126E-002   4.323850881184055E-003   2.112669162185126E-002
    209   10   2.112669162185123E-002   4.323850881184052E-003   2.112669162185123E-002
    211   10   8.525049199292614E-004   7.029440599345913E-006   8.525049199292614E-004
    212   10   8.525049199292666E-004   7.029440599346008E-006   8.525049199292666E-004
    214   10   8.525049199292614E-004   7.029440599345913E-006   8.525049199292614E-004
    215   10   8.525049199292666E-004   7.029440599346008E-006   8.525049199292666E-004
    217   10   1.134737363722977E-003   1.247379010472530E-005   1.134737363722977E-003
    218   10   1.134737363722979E-003   1.247379010472537E-005   1.134737363722979E-003
    220   10   1.134737363722977E-003   1.247379010472530E-005   1.134737363722977E-003
    221   10   1.134737363722979E-003   1.247379010472537E-005   1.134737363722979E-003
    223   10   8.525049199292614E-004   7.029440599345913E-006   8.525049199292614E-004
    224   10   8.525049199292666E-004   7.029440599346008E-006   8.525049199292666E-004
    226   10   8.525049199292614E-004   7.029440599345913E-006   8.525049199292614E-004
    227   10   8.525049199292666E-004   7.029440599346008E-006   8.525049199292666E-004
    229   10   1.134737363722977E-003   1.247379010472530E-005   1.134737363722977E-003
    230   10   1.134737363722979E-003   1.247379010472537E-005   1.134737363722979E-003
    232   10   1.134737363722977E-003   1.247379010472530E-005   1.134737363722977E-003
    233   10   1.134737363722979E-003   1.247379010472537E-005   1.134737363722979E-003
    235   10   1.587205033098164E-002   2.436649380383504E-003   1.587205033098164E-002
    236   10   1.587205033098169E-002   2.436649380383523E-003   1.587205033098169E-002
    238   10   1.587205033098164E-002   2.436649380383504E-003   1.587205033098164E-002
    239   10   1.587205033098169E-002   2.436649380383523E-003   1.587205033098169E-002
    241   10   2.112669162185126E-002   4.323850881184055E-003   2.112669162185126E-002
    242   10   2.112669162185123E-002   4.323850881184052E-003   2.112669162185123E-002
    244   10   2.112669162185126E-002   4.323850881184055E-003   2.112669162185126E-002
    245   10   2.112669162185123E-002   4.323850881184052E-003   2.112669162185123E-002
    247   10   8.525049199292593E-004   7.029440599345877E-006   8.525049199292593E-004
    248   10   8.525049199292658E-004   7.029440599345995E-006   8.525049199292658E-004
    250   10   8.525049199292593E-004   7.029440599345877E-006   8.525049199292593E-004
    251   10   8.525049199292658E-004   7.029440599345995E-006   8.525049199292658E-004
    253   10   1.134737363722974E-003   1.247379010472524E-005   1.134737363722974E-003
    254   10   1.134737363722978E-003   1.247379010472534E-005   1.134737363722978E-003
    256   10   1.134737363722974E-003   1.247379010472524E-005   1.134737363722974E-003
    257   10   1.134737363722978E-003   1.247379010472534E-005   1.134737363722978E-003
    259   10   4.578895752900821E-005   2.027909125438303E-008   4.578895752900821E-005
    260   10   4.578895752900857E-005   2.027909125438339E-008   4.578895752900857E-005
    262   10   4.578895752900821E-005   2.027909125438303E-008   4.578895752900821E-005
    263   10   4.578895752900857E-005   2.027909125438339E-008   4.578895752900857E-005
    265   10   6.094796609314762E-005   3.598538521618383E-008   6.094796609314762E-005
    266   10   6.094796609314784E-005   3.598538521618412E-008   6.094796609314784E-005
    268   10   6.094796609314762E-005   3.598538521618383E-008   6.094796609314762E-005
    269   10   6.094796609314784E-005   3.598538521618412E-008   6.094796609314784E-005
    271   10   4.578895752900821E-005   2.027909125438303E-008   4.578895752900821E-005
    272   10   4.578895752900857E-005   2.027909125438339E-008   4.578895752900857E-005
    274   10   4.578895752900821E-005   2.027909125438303E-008   4.578895752900821E-005
    275   10   4.578895752900857E-005   2.027909125438339E-008   4.578895752900857E-005
    277   10   6.094796609314762E-005   3.598538521618383E-008   6.094796609314762E-005
    278   10   6.094796609314784E-005   3.598538521618412E-008   6.094796609314784E-005
    280   10   6.094796609314762E-005   3.598538521618383E-008   6.094796609314762E-005
    281   10   6.094796609314784E-005   3.598538521618412E-008   6.094796609314784E-005
    283   10   8.525049199292593E-004   7.029440599345877E-006   8.525049199292593E-004
    284   10   8.525049199292658E-004   7.029440599345995E-006   8.525049199292658E-004
    286   10   8.525049199292593E-004   7.029440599345877E-006   8.525049199292593E-004
    287   10   8.525049199292658E-004   7.029440599345995E-006   8.525049199292658E-004
    289   10   1.134737363722974E-003   1.247379010472524E-005   1.134737363722974E-003
    290   10   1.134737363722978E-003   1.247379010472534E-005   1.134737363722978E-003
    292   10   1.134737363722974E-003   1.247379010472524E-005   1.134737363722974E-003
    293   10   1.134737363722978E-003   1.247379010472534E-005   1.134737363722978E-003
    295   10   8.525049199292593E-004   7.029440599345877E-006   8.525049199292593E-004
    296   10   8.525049199292658E-004   7.029440599345995E-006   8.525049199292658E-004
    298   10   8.525049199292593E-004   7.029440599345877E-006   8.525049199292593E-004
    299   10   8.525049199292658E-004   7.029440599345995E-006   8.525049199292658E-004
    301   10   1.134737363722974E-003   1.247379010472524E-005   1.134737363722974E-003
    302   10   1.134737363722978E-003   1.247379010472534E-005   1.134737363722978E-003
    304   10   1.134737363722974E-003   1.247379010472524E-005   1.134737363722974E-003
    305   10   1.134737363722978E-003   1.247379010472534E-005   1.134737363722978E-003
    307   10   4.578895752900821E-005   2.027909125438303E-008   4.578895752900821E-005
    308   10   4.578895752900857E-005   2.027909125438339E-008   4.578895752900857E-005
    310   10   4.578895752900821E-005   2.027909125438303E-008   4.578895752900821E-005
    311   10   4.578895752900857E-005   2.027909125438339E-008   4.578895752900857E-005
    313   10   6.094796609314762E-005   3.598538521618383E-008   6.094796609314762E-005
    314   10   6.094796609314784E-005   3.598538521618412E-008   6.094796609314784E-005
    316   10   6.094796609314762E-005   3.598538521618383E-008   6.094796609314762E-005
    317   10   6.094796609314784E-005   3.598538521618412E-008   6.094796609314784E-005
    319   10   4.578895752900821E-005   2.027909125438303E-008   4.578895752900821E-005
    320   10   4.578895752900857E-005   2.027909125438339E-008   4.578895752900857E-005
    322   10   4.578895752900821E-005   2.027909125438303E-008   4.578895752900821E-005
    323   10   4.578895752900857E-005   2.027909125438339E-008   4.578895752900857E-005
    325   10   6.094796609314762E-005   3.598538521618383E-008   6.094796609314762E-005
    326   10   6.094796609314784E-005   3.598538521618412E-008   6.094796609314784E-005
    328   10   6.094796609314762E-005   3.598538521618383E-008   6.094796609314762E-005
    329   10   6.094796609314784E-005   3.598538521618412E-008   6.094796609314784E-005
    331   10   8.525049199292593E-004   7.029440599345877E-006   8.525049199292593E-004
    332   10   8.525049199292658E-004   7.029440599345995E-006   8.525049199292658E-004
    334   10   8.525049199292593E-004   7.029440599345877E-006   8.525049199292593E-004
    335   10   8.525049199292658E-004   7.029440599345995E-006   8.525049199292658E-004
    337   10   1.134737363722974E-003   1.247379010472524E-005   1.134737363722974E-003
    338   10   1.134737363722978E-003   1.247379010472534E-005   1.134737363722978E-003
    340   10   1.134737363722974E-003   1.247379010472524E-005   1.134737363722974E-003
    341   10   1.134737363722978E-003   1.247379010472534E-005   1.134737363722978E-003
    343   10   1.587205033098164E-002   2.436649380383504E-003   1.587205033098164E-002
    344   10   1.587205033098169E-002   2.436649380383523E-003   1.587205033098169E-002
    346   10   1.587205033098164E-002   2.436649380383504E-003   1.587205033098164E-002
    347   10   1.587205033098169E-002   2.436649380383523E-003   1.587205033098169E-002
    349   10   2.112669162185126E-002   4.323850881184055E-003   2.112669162185126E-002
    350   10   2.112669162185123E-002   4.323850881184052E-003   2.112669162185123E-002
    352   10   2.112669162185126E-002   4.323850881184055E-003   2.112669162185126E-002
    353   10   2.112669162185123E-002   4.323850881184052E-003   2.112669162185123E-002
    355   10   8.525049199292614E-004   7.029440599345913E-006   8.525049199292614E-004
    356   10   8.525049199292666E-004   7.029440599346008E-006   8.525049199292666E-004
    358   10   8.525049199292614E-004   7.029440599345913E-006   8.525049199292614E-004
    359   10   8.525049199292666E-004   7.029440599346008E-006   8.525049199292666E-004
    361   10   1.134737363722977E-003   1.247379010472530E-005   1.134737363722977E-003
    362   10   1.134737363722979E-003   1.247379010472537E-005   1.134737363722979E-003
    364   10   1.134737363722977E-003   1.247379010472530E-005   1.134737363722977E-003
    365   10   1.134737363722979E-003   1.247379010472537E-005   1.134737363722979E-003
    367   10   8.525049199292614E-004   7.029440599345913E-006   8.525049199292614E-004
    368   10   8.525049199292666E-004   7.029440599346008E-006   8.525049199292666E-004
    370   10   8.525049199292614E-004   7.029440599345913E-006   8.525049199292614E-004
    371   10   8.525049199292666E-004   7.029440599346008E-006   8.525049199292666E-004
    373   10   1.134737363722977E-003   1.247379010472530E-005   1.134737363722977E-003
    374   10   1.134737363722979E-003   1.247379010472537E-005   1.134737363722979E-003
    376   10   1.134737363722977E-003   1.247379010472530E-005   1.134737363722977E-003
    377   10   1.134737363722979E-003   1.247379010472537E-005   1.134737363722979E-003
    379   10   1.587205033098164E-002   2.436649380383504E-003   1.587205033098164E-002
    380   10   1.587205033098169E-002   2.436649380383523E-003   1.587205033098169E-002
    382   10   1.587205033098164E-002   2.436649380383504E-003   1.587205033098164E-002
    383   10   1.587205033098169E-002   2.436649380383523E-003   1.587205033098169E-002
    385   10   2.112669162185126E-002   4.323850881184055E-003   2.112669162185126E-002
    386   10   2.112669162185123E-002   4.323850881184052E-003   2.112669162185123E-002
    388   10   2.112669162185126E-002   4.323850881184055E-003   2.112669162185126E-002
    389   10   2.112669162185123E-002   4.323850881184052E-003   2.112669162185123E-002
  </DiscreteSampler_grid>
