  0.02415066644861858  0.03081900048413773  0.04000381887381317  0.05041770655188563
  0.06128365676682314  0.07112103776227832  0.07889109515431239  0.08737005953856899
  0.09640540041462899  0.10550149171798909  0.11470985374919315  0.12584661037330733
  0.13691726130956075  0.14886237727305907  0.16119892180875936  0.17286002952069712
  0.18409488187148135  0.19675676857022326  0.21091075634018588  0.22514498738673813
  0.23974431961620180  0.25255525763349024  0.26382661982045441  0.27345844364133642
  0.28416133494773976  0.29508775565208817  0.30613358333098334  0.31783657149009892
  0.32942620210167906  0.34017948497649547  0.34978579833503826  0.35951530880369287
  0.36990308511731501  0.38068877909865539  0.39181133221779152  0.40302566570425202
  0.41402545209754593  0.42462543162211619  0.43517157391200545  0.44530954283385893
  0.45564862300244086  0.46638538428241721  0.47707974927754959  0.48720059478047217
  0.49682930352421156  0.50578157311435212  0.51410816010506488  0.52253401857002135
  0.53226123728276609  0.54210282239757213  0.55026089508576159  0.55756378573698584
  0.56562864008665392  0.57440770483999570  0.58388491001962939  0.59322385453271453
  0.60242393021240570  0.60998680998692723  0.61751188551019343  0.62634469940649251
  0.63744681995340780  0.64987922754693261  0.65964292035662964  0.66798152063840255
  0.67383552636738375  0.68090178649507871  0.68815514995001448  0.69554934595129447
  0.70201212883232056  0.70814960833095419  0.71442616120270797  0.72097022227344310
  0.72759474831852777  0.74162650665915797  0.75480368154631139  0.76616554118472135
  0.77599130360351321  0.78509435242339076  0.79595019041871040  0.80775420702272294
  0.81860351946451737  0.82830342620768249  0.83827408297380468  0.84867911529947915
  0.85815751199235546  0.86718505185049310  0.87554395945254004  0.88579912920141890
  0.89774265409037579  0.91045208462055227  0.92349410040261704  0.93732363965185628
  0.95130704226872864  0.96371561135169903  0.97184573169045496  1.00000000000000000
 -0.00000001704161744  0.00000033105921889  0.00000103586474606  0.00000202731743276
  0.00000331408183903  0.00000457912183351  0.00000560583962317  0.00000670183587850
  0.00000795585863599  0.00000898832811510  0.00000991627066483  0.00001089662302782
  0.00001187746254334  0.00001286774783945  0.00001392210092442  0.00001504309663501
  0.00001622205228950  0.00001727638208285  0.00001822485070945  0.00001908723675087
  0.00001994989905949  0.00002080730276845  0.00002176527169668  0.00002265552324922
  0.00002351773985255  0.00002437318887342  0.00002520682929056  0.00002594887380670
  0.00002667338274828  0.00002737539395157  0.00002795845483798  0.00002850194716515
  0.00002902650948712  0.00002950251124346  0.00002995106218833  0.00003038042832770
  0.00003080754668971  0.00003128743809318  0.00003174590588494  0.00003220198054233
  0.00003265863563906  0.00003310180168447  0.00003353193139318  0.00003393787090730
  0.00003431885177340  0.00003468025507405  0.00003502706744424  0.00003537781897118
  0.00003573541944694  0.00003610512386869  0.00003655381558520  0.00003716150209108
  0.00004410902507323  0.00005769193209695  0.00006260458476755  0.00006361024950712
  0.00006449801613153  0.00006532666527070  0.00006624985521651  0.00006726363827187
  0.00006841057586275  0.00006960717680683  0.00007084034378865  0.00007215196359739
  0.00007360376850469  0.00007520910256098  0.00007700120283911  0.00007855666694936
  0.00008046986092594  0.00008261685468885  0.00008504888072361  0.00008783987255564
  0.00009084285440616  0.00009397189108892  0.00009716982224327  0.00010078976759531
  0.00010550904490264  0.00011095736578489  0.00011715216186194  0.00012448618823636
  0.00013363948141559  0.00014474083234205  0.00015994309312425  0.00017490529946099
  0.00019074601876311  0.00021601621607054  0.00026134258522581  0.00032912915667959
  0.00041014198121768  0.00051159371943373  0.00062448731613117  0.00074650501952592
  0.00091313659610808  0.00121578776566012  0.00160867016300860  1.00000000000000000
  0.00941783042350609  0.01515311663265028  0.02526213944436379  0.03869382824776414
  0.05297097501393101  0.06389103267279939  0.06874817587812049  0.07252523343303860
  0.07648732131725629  0.08401240938869911  0.09150602851141407  0.09889162962189593
  0.10582345056351231  0.11208841036793413  0.11716397842148206  0.12310144308254160
  0.13147503780792261  0.14190333668001023  0.15298775930308800  0.16410131115567353
  0.17570664144448764  0.18899354759599471  0.20144018653155382  0.21332988743010770
  0.22743200684288137  0.24026731665325185  0.25299315174183418  0.26678120917837517
  0.28168968261994770  0.29650118537412823  0.31018102591521218  0.32221750293267154
  0.33271066024197160  0.34221101400180476  0.35190703628485709  0.36098861703099439
  0.37119566392911357  0.37987170439459989  0.38502973556280146  0.39004798447728872
  0.39601146807893756  0.40523593380942846  0.41270957246144818  0.42103490736644517
  0.43284854110543147  0.44444038351392551  0.45645306777123240  0.46837907464316225
  0.47911405321609912  0.48925620305894729  0.49972222368175212  0.51151517947006686
  0.52431978016582914  0.53927426028956771  0.55215704624365036  0.56365772893050292
  0.57197398729488425  0.57941537193816284  0.58697029146119561  0.59672046231451092
  0.60549509245230848  0.61414266655836514  0.62318762979175935  0.63198446099598149
  0.64037511343899089  0.64836630127442840  0.65635409359798125  0.66260056454108907
  0.66810770371355133  0.67435977168617356  0.68207833989548250  0.69030758479759236
  0.70133065152374863  0.71246377289594742  0.72344521839556453  0.73475534611720827
  0.74630785613959694  0.75845027340240834  0.77115694135303436  0.78440038651498467
  0.79560452606665966  0.80532570955606031  0.81657521789766574  0.82800758246589001
  0.84003527104841369  0.85353000921970179  0.86745883268024315  0.88210752621964328
  0.89685495795289971  0.91059281498075917  0.92344571395586295  0.93748116964152139
  0.95146105913811130  0.96630974185089280  0.98244547399463189  1.00000000000000000
  0.00186998808666608  0.01648791822727448  0.02897596442376568  0.04068410505678416
  0.05234304665518302  0.06341763152970649  0.07498615350490079  0.08664863239904826
  0.09880797223232018  0.11288238671153836  0.12805758172406018  0.14151778249056449
  0.15355946998324857  0.16429120880420073  0.17409978708243495  0.18516237979340619
  0.19854216782879619  0.21221258540538407  0.22392460030761263  0.23235448618820242
  0.23836888687218849  0.24671051802566060  0.25647684102822421  0.26521431781960486
  0.27335117634804174  0.28111500479016127  0.28919259284261628  0.29913641920225992
  0.30967457571437396  0.31998509821448173  0.32966157298649379  0.34086466358305140
  0.35414290075244093  0.36737159623503346  0.38061632898031428  0.39318591031146066
  0.40438545420051142  0.41452983975547597  0.42474218657217444  0.43554046828997250
  0.44534987225276834  0.45774229921308213  0.46945698833158694  0.48117098998389490
  0.49202802454002365  0.50237574707145793  0.51398091864074258  0.52370825341785132
  0.53004315480675668  0.53514306930363342  0.54186626415609018  0.54947382637562869
  0.55636660690724793  0.56299166078775142  0.56834817828525297  0.57444768151467096
  0.57985598429503471  0.58555406978454028  0.59394162847679621  0.60467209339784411
  0.61742847240153653  0.63186396746234064  0.64684618311649622  0.66200295611108739
  0.67626719782682931  0.68761780683676221  0.69669328958075771  0.70630511175276189
  0.71749585337479826  0.72843365014903216  0.73641416249684222  0.74280942845109998
  0.74899933919239992  0.75883891975985407  0.77173753910432885  0.77841234423381211
  0.78608599825569403  0.79355589981694952  0.80053404502970804  0.80753130680643848
  0.81445642254506956  0.82537421856826576  0.83613771872951714  0.84706486708689122
  0.85756238683786523  0.86856600806847728  0.88171148242240560  0.89451687250917844
  0.90844491508894243  0.92309155619918848  0.93737852784957065  0.95084376319886443
  0.96213153807194862  0.97357956466463791  0.98633382963432237  1.00000000000000000
 -0.00046584569315857  0.00282973065632897  0.00534014212604703  0.00830151325413185
  0.01231486448371204  0.01661985309279060  0.02119207993866615  0.02646057774483858
  0.03160336216607976  0.03732961409690739  0.04293679305619344  0.04699450891028979
  0.05101779631581070  0.05678883657150554  0.06528897384672393  0.07346962079429412
  0.08227383558596287  0.09188703453335231  0.10301598914476083  0.11383728134483351
  0.12304645970842995  0.13236128577570155  0.14170084161032276  0.15136936774012083
  0.16098274295916637  0.17068640089415182  0.18100643375689182  0.19261519823456563
  0.20628359432917812  0.22141510731236175  0.23777072709829888  0.25410724750412012
  0.26767394124367061  0.27886387882949221  0.28908398291301907  0.30044661859710625
  0.31163494868025338  0.32133505431093035  0.32800153904537693  0.33437191725763332
  0.34139000833162225  0.34972082902041451  0.35869393807668337  0.36895241455416772
  0.38055225023093869  0.39240948540277126  0.40159382762649271  0.41274417515701917
  0.42611438538926849  0.43954661704535369  0.45288675989942434  0.46869643539218286
  0.48755441828808838  0.50667754460210357  0.52480975511297223  0.54144392016628673
  0.55638076416048166  0.57104996978272604  0.58554179641670401  0.59993376331812553
  0.61411878060385650  0.62256839219328008  0.63085759776313277  0.64014474964175461
  0.64911923721747622  0.65885236862214491  0.66942431771549693  0.68113638530409648
  0.69307653408702163  0.70530834033488832  0.71771885931639579  0.72806322247080613
  0.73742347240283390  0.74515146941114341  0.75514617063211054  0.76808203491844396
  0.78344145942579990  0.80166359972357393  0.81546009889138160  0.82579388833104106
  0.83488714617779736  0.84460014794563254  0.85479928529740035  0.86473438228640087
  0.87482886578509578  0.88545004518085124  0.89679070154733875  0.90915152462409188
  0.92094853675413324  0.93188022352059474  0.94310362509709489  0.95483260277225213
  0.96591373444346806  0.97667952647438072  0.98799923227699971  1.00000000000000000
 -0.00373728858401428  0.01269599211501380  0.02639770362764329  0.03798992495148611
  0.04863564731938568  0.05950007617815586  0.07113369399750638  0.08314645092870093
  0.09683634906265220  0.11154455469076005  0.12401693861820672  0.13401111406343053
  0.14601396382427864  0.15731686978987827  0.16878906462074039  0.18118000230809120
  0.19334117009191953  0.20329384576284171  0.21321461653526275  0.22273999176514639
  0.23038371863119378  0.23806941499749856  0.24636003381118440  0.25514370251345331
  0.26304937580666504  0.27312197863670401  0.28623311988494909  0.30021475938870551
  0.31479359260420647  0.32756092705092948  0.34056299189497014  0.35222050998178522
  0.36328336475909606  0.37549264777955144  0.38938405157410277  0.40162392011997294
  0.41131387733265329  0.42040139056331371  0.43021674634707502  0.44186627564159286
  0.45389754373679436  0.46129247237474891  0.46723872322828147  0.47494166311170427
  0.48149998516654574  0.48808482240222223  0.49563757261500924  0.50282340944651593
  0.50984808342333587  0.51703277502839540  0.52673121269660406  0.53913180699461039
  0.55184397777541594  0.56489836485463618  0.57536561077290216  0.58463952974097899
  0.59380762102768825  0.60557680985317697  0.62066432699233676  0.63491030228983425
  0.64913197943604561  0.66119097365207491  0.67239689177655548  0.68279636012566869
  0.69151772257151167  0.69971928040511011  0.70910517699389930  0.71622516587252405
  0.72301123904240483  0.72984829305651944  0.73758140154827923  0.74465938730257475
  0.75038959692633800  0.75711764111719881  0.76752096744460707  0.77761323760364942
  0.78619412164502545  0.79434736999716782  0.80684276173206682  0.81941822424080979
  0.83102339168424189  0.84275229847975219  0.85450352747739133  0.86578033284937550
  0.87806096354122687  0.88965578559749525  0.89953822811566364  0.90955501532937144
  0.92063621393706030  0.93263295753447173  0.94492220609600197  0.95661731422140883
  0.96673223762317928  0.97708591443996995  0.98775610731459507  1.00000000000000000
 -0.00127751942386612  0.00610859289919205  0.01629351624978569  0.02705414156330911
  0.03701808610348859  0.04548471823051208  0.05199384326630559  0.06295785882941082
  0.07531098002530622  0.08509328269609272  0.09462490933339419  0.10545977563607087
  0.11776291279694809  0.13018807841438004  0.14258505971859384  0.15612191867339220
  0.17064022825738764  0.18373500732022360  0.19200702503890943  0.19660098138333434
  0.20209845898416631  0.20934070234197513  0.21753368228111783  0.22547296214383966
  0.23264007587988508  0.23793710698097026  0.24321960890674094  0.24943307442774201
  0.25928353424759393  0.26857735586631476  0.27632210212981573  0.28419799959268188
  0.29533849705248977  0.31029150097040237  0.32635056122459655  0.34184240147909301
  0.35606379650715997  0.37016725355555807  0.38491813295147037  0.39920224051983633
  0.41238408260559589  0.42630847734949839  0.43979552013490175  0.45323611965615718
  0.46442883247118144  0.47410614253041328  0.48554137127288943  0.49834853221658426
  0.51056240127661612  0.52080455457205843  0.53169836011084881  0.54122840118564186
  0.54939519865814790  0.55702529080353125  0.56635765892766032  0.57587727130116406
  0.58495310165219816  0.59281640051920015  0.60088258951309015  0.60862808793555190
  0.61636466753182895  0.62465553948948616  0.63349004920499019  0.64279615693747005
  0.65166099763266727  0.66154270455689046  0.67205510085913334  0.68105756396060768
  0.68858396766134389  0.69677838059735042  0.70680721249701073  0.71901752414313747
  0.73334879088629623  0.75077593349427107  0.76257839682907602  0.77406948345870985
  0.78666142998506416  0.79652860268423487  0.80584089948659121  0.81548173134299529
  0.82600023807129053  0.83659689782890401  0.84735718445360775  0.85818990054276223
  0.86804566377711789  0.87646985264812594  0.88662477288784314  0.89693430318475953
  0.90891635266320481  0.92326018310648927  0.93750457136370069  0.94939341401877086
  0.96142302972472382  0.97319572184108427  0.98589863824621260  1.00000000000000000
 -0.00170344352120710  0.00791156368616053  0.01762913110702652  0.02710106152852060
  0.03501843774566838  0.04227003800941035  0.05166583507429662  0.06232599002648086
  0.07498369410162518  0.08938114673668462  0.10531980942623284  0.11748037664588026
  0.13102813244751757  0.14207864629711031  0.15535726517790699  0.16878765503427509
  0.18223030134276016  0.19714138372158438  0.21022983289971930  0.22287301301476325
  0.23518084673360973  0.24708521853221996  0.25877441013916486  0.27028107091785591
  0.28185276322902886  0.29064745810372089  0.29753817147260425  0.30477762090892974
  0.31256002884373829  0.32054253637968955  0.33247783524381636  0.34569791741414302
  0.35776476959432740  0.36871398829156082  0.37985007357136613  0.39126084469434652
  0.40112757459399767  0.41002349771170382  0.41838424132839608  0.42758036304732860
  0.43750936699688958  0.44889616192288884  0.46195141923082833  0.47267759932941605
  0.48595980479931938  0.49952802610695457  0.50761491589843899  0.51515326809104478
  0.52435540826264504  0.53195910510206668  0.54011232467771320  0.54862572663998077
  0.55684085461447641  0.56535941675065304  0.57482155365480292  0.58750200976313094
  0.60128867972308819  0.61442261332591797  0.62708472117143610  0.63930676777148698
  0.65151905958009082  0.66436951927490961  0.67555386467107092  0.68761744813728509
  0.69912344917718483  0.71250877977517579  0.72727554767008395  0.74152057146611616
  0.75500123901830130  0.76713952997936530  0.77885677518093088  0.79027499958143954
  0.80177152390154083  0.81155960928127491  0.81776906982104369  0.82278966423342303
  0.82838837843076718  0.83429144973646929  0.84055813341062269  0.84709824881244467
  0.85292628602047305  0.85840021982098957  0.86394751628943134  0.87034398404555113
  0.87748477960374904  0.88976737809957096  0.90211225931583661  0.91378177159883889
  0.92672870446740052  0.93896129359355107  0.94978994744400114  0.95946329058757074
  0.96834996892707970  0.97759500101049324  0.98846026065123527  1.00000000000000000
 -0.00449423927160907  0.01178833954666568  0.02629294252509480  0.03950621808796163
  0.05327047362247977  0.06627697043949823  0.07991830900804617  0.09416798753312666
  0.10838644727925330  0.12214054462679082  0.13482850986236938  0.14691428305621737
  0.15945203441659780  0.16976468710878934  0.17937285577830556  0.18919217552226469
  0.19868957447358909  0.20795115188098745  0.21771886455614925  0.22837061209953774
  0.23907845559791757  0.24868528356932926  0.25655894079796038  0.26411998924654756
  0.27140864501598971  0.27880129049780505  0.28610810458179287  0.29688382238180716
  0.31041288826224450  0.31704026595440071  0.32429736162916273  0.33175961950036392
  0.33827471293486439  0.34526101198602893  0.35198989378478951  0.35837016720634873
  0.36531335035668744  0.36928681936739666  0.37235813455263073  0.37653428167662356
  0.38150407010591825  0.38928617618213163  0.40417575423095509  0.41611382717096668
  0.42942354620456624  0.44315108312725232  0.45701751729367845  0.47111380289163690
  0.48507385664079655  0.49832353193055690  0.51252625160764897  0.52683286690186271
  0.54231522764630080  0.55620324822092915  0.56852025991158739  0.57980335191716070
  0.59121654911614285  0.60400865611604482  0.61771416282266467  0.63143709569336959
  0.64284820297281808  0.65238527215958164  0.66205910222370323  0.67194191626426247
  0.68156709411625094  0.69079568260011492  0.70009679163860106  0.70936476043898744
  0.71747320165443007  0.72498819615030130  0.73530339381117593  0.74687187273386069
  0.75584780105309479  0.76398004870939396  0.77200427882276235  0.78194306583602802
  0.79227563703450854  0.80191525892778803  0.81187710016530490  0.82295661210751814
  0.83402538745827182  0.84533776537690597  0.85584172090178834  0.86512083833938780
  0.87444763472366160  0.88441190816845117  0.89488403453576382  0.90577234784821425
  0.91791313857059320  0.92923412510520320  0.94286911957070396  0.95950372988970090
  0.97213592743842969  0.98231899734580119  0.99148079515144516  1.00000000000000000
 -0.00368732715238948  0.01122590565181136  0.02367535644927085  0.03474229732690738
  0.04550134205062971  0.05675041935961470  0.06876053041377375  0.08026976787837892
  0.09125544339068965  0.10188686851392224  0.11249315438265131  0.12434330290685010
  0.13695391066350182  0.15067228384473333  0.16485241767353426  0.17873857107321828
  0.19089186077480724  0.19989896219905853  0.20907699758816775  0.21826633999138467
  0.22856289395292120  0.23491603995561633  0.24082945077482115  0.24562782259649488
  0.25289955494409477  0.26389581883836322  0.27643695545147023  0.28776868626229724
  0.29727105121898789  0.30525192897780146  0.31240156809302200  0.32037653305731967
  0.32974185284046675  0.34161546960308553  0.35111056330107693  0.35948441791923780
  0.36774954090050965  0.37491384426280500  0.38216662546058783  0.38966145801081942
  0.39982637012997113  0.40986085408280493  0.41879696544197026  0.42707917097880194
  0.43513702582953118  0.44309884305011937  0.45292033482279420  0.46784205551048647
  0.48416273693696565  0.50077956592326545  0.51649715239121818  0.53031439456630225
  0.54311509724211848  0.55436306106805444  0.56578046859089337  0.57708708012362009
  0.58901491529701266  0.60228529602264969  0.61818400230906245  0.63492400469191346
  0.64839888884555519  0.66007407829402676  0.67167884796045374  0.68374966140989768
  0.69690046488164026  0.70878350573473015  0.71745324810994848  0.72504562198516820
  0.73325504024505372  0.74215774205051555  0.75267118746905692  0.76166585068472736
  0.77171894547034914  0.78669333476969272  0.80306804679274191  0.81582829100861631
  0.82740410446961965  0.83793643679765750  0.84832470443462127  0.85859344217600531
  0.86797073890654985  0.87603943667079831  0.88357161546031593  0.89229626412156438
  0.90099226243947905  0.90675957010894948  0.91262215539727654  0.91873164966708365
  0.92573425661315389  0.93338499162069333  0.94189875823668923  0.95406962713151233
  0.96544933609068961  0.97711668018492548  0.98829540450373887  1.00000000000000000
 -0.00531815222361607  0.00963860656687894  0.02389045319019823  0.03515468353440666
  0.04600936209392986  0.05628018762131111  0.06510202215590855  0.07347233888468986
  0.08122998545732699  0.08854585527856269  0.09598113823198627  0.10294618238275008
  0.10910382695877437  0.11578002628680216  0.12147127945978743  0.12710605166383551
  0.13279986846002217  0.13802272738956597  0.14265823667056285  0.14787836972177890
  0.15292007316872916  0.15889327756917113  0.16577543545936466  0.17469076525205171
  0.18365837049499828  0.18987132797229034  0.19641671976778524  0.20279166105439475
  0.21121980152121017  0.21972270230183535  0.22859315355053608  0.23844106018556441
  0.24947994149636546  0.26182845510487446  0.27492541760933864  0.28784717384339897
  0.29995744999679302  0.31236292352922762  0.32382441736597717  0.33467769439462425
  0.34301996166263654  0.35123955345246349  0.35855650757811175  0.36580774534130989
  0.37374002480824581  0.38162356496744593  0.39038471190726942  0.40099068471150295
  0.41330575338270575  0.42812118213415551  0.44214860479870294  0.45458518217566224
  0.46851797871357065  0.48268319749508193  0.49785495170804389  0.51191653900753842
  0.52476499284401323  0.53761356838390295  0.55121505688366323  0.56745523731792535
  0.57877894790646323  0.59092093046679262  0.60344596306619391  0.61811129905117668
  0.63526936409512380  0.65175258605951025  0.66532031133902969  0.67913665968770143
  0.69182336536439104  0.70359884188895139  0.71603895998084310  0.72997206485282451
  0.74458673102124517  0.75941624304672062  0.77597090179840866  0.79465041683925308
  0.81132948167677799  0.82605040494851323  0.83827429071093951  0.84883054821148396
  0.85891194254479197  0.87020194863258382  0.88096674821617427  0.89225430587297327
  0.90230745724212835  0.91238009628406480  0.92172027235089726  0.93118706718616362
  0.94102977410284117  0.95068438117192100  0.96064864805784023  0.96855865241225869
  0.97661526227865048  0.98362228176079736  0.99077961210386367  1.00000000000000000
 -0.00410147227119687  0.01381196885529547  0.02945629199464198  0.04173219178450195
  0.05170738160894710  0.06105244455318725  0.07028169462648626  0.08046216278491551
  0.09178783974595282  0.10459061653685764  0.11681867073272981  0.12836086426371832
  0.14037379266459937  0.15353404138167143  0.16730529930636309  0.18146812507439120
  0.19485146596981270  0.20749582424187790  0.21976578629629390  0.23075448240835164
  0.24201385551830626  0.25264594807304086  0.26367345983289775  0.27579466849819034
  0.28828482986974974  0.30117127241014902  0.31466210145891538  0.32698852909683457
  0.33998200970912418  0.35249599021631234  0.36269423783413673  0.37258885787767959
  0.38320915839179343  0.39486185887606728  0.40560449237401985  0.41371767896897954
  0.42197446934039168  0.43066686045947727  0.43971304363288161  0.44852727265254477
  0.45704489672592530  0.46692960650717702  0.47736693603331104  0.48882729052473195
  0.50128834404803857  0.51417512114957475  0.52802428925778533  0.54225548107603316
  0.55376871342043399  0.56643566239686960  0.58045432935574026  0.59604780733438067
  0.61015157623483518  0.62318473792094176  0.63744032665590677  0.64776771290514634
  0.65706794030045790  0.66598841608733539  0.67510703594453403  0.68569670575795183
  0.69629411219393755  0.70759498529967735  0.72002643128155042  0.73188927835303286
  0.74236986106328262  0.75348047721838451  0.76360460073435166  0.77263357961366375
  0.78093126542600466  0.78909572079307255  0.79630853600056684  0.80301077348988992
  0.80994194854453749  0.81977424751379402  0.82717934454212982  0.83187775985918155
  0.83668700875039426  0.84135756453758714  0.84624717151270812  0.85416560476347148
  0.86152736360534332  0.86847173848839665  0.87544410078316148  0.88104439462047257
  0.88522524132747016  0.88941835936364089  0.89480786569169968  0.90107484535812221
  0.90735836371556700  0.91553592866374756  0.92833497805312237  0.94231531203780750
  0.95542404462351216  0.96911461943278465  0.98457924556120879  1.00000000000000000
 -0.00952835088031945  0.04699499348280531  0.07368466851723532  0.09364192541315802
  0.11149469341812165  0.12995014541119435  0.14799587965812031  0.16382044825320832
  0.17473440704458615  0.18551948277701522  0.19655728800646807  0.21031196573662142
  0.22404366426884573  0.23606709293967404  0.24767471394545987  0.25811105873812340
  0.26884102617835681  0.28012409578476793  0.29191286391146426  0.30411974797741825
  0.31460231388416560  0.32408882580026854  0.33390129570017563  0.34394206375273623
  0.35316004829558073  0.36052804603561084  0.36679604354448259  0.37276407403447581
  0.37801889737507144  0.38485270946743988  0.39236949751790706  0.39950357283478216
  0.40704190761530740  0.41367556601505939  0.41957421776743820  0.42568289836781581
  0.43225815048120425  0.43874822142769548  0.44582661987790706  0.45162994400410850
  0.45805617726695380  0.46522298016364505  0.47208865732532962  0.47976039752714034
  0.48855867239755946  0.49864307613476710  0.50937717225434032  0.51971142302291740
  0.52720196590079538  0.53445798175379777  0.54185412950322087  0.54950270060347950
  0.55714822775509587  0.56445932992844505  0.57107276526031203  0.57749612252132876
  0.58471116685164148  0.59279121844276539  0.60023313882478146  0.60684176859098249
  0.61391003486236051  0.62124195355262157  0.62955970692984042  0.63965482361828541
  0.65057043934147685  0.66059515816585879  0.66998752617029478  0.67822106291795725
  0.68597963632019665  0.69601568463397345  0.70593090950917770  0.71722981769966532
  0.72736472288432930  0.73509753620831053  0.74156401810179617  0.74865479904085686
  0.75566859382295304  0.76243582081486039  0.76773296433582006  0.77258510915968148
  0.77927201664445478  0.78671865124061624  0.79464865641251303  0.80233633508690272
  0.81030565096229679  0.81787879727009505  0.82648417349937398  0.83506200645323836
  0.84504408965404754  0.86094961231102651  0.87984282738587127  0.90161665308112882
  0.92355967273934469  0.94348579324045889  0.96463151220710608  1.00000000000000000
 -0.00275343860487981  0.00805824843461684  0.01802423169267367  0.02790177809575884
  0.03764264760548724  0.04783027617228001  0.05997649101722430  0.07018658514605666
  0.07780830895410566  0.08554054059600535  0.09407353314295896  0.10277363925237641
  0.11122786428955157  0.11957519826186520  0.12860040008183138  0.13853618450439525
  0.14971515720014403  0.16112791438027407  0.17394328110041879  0.18859590334314835
  0.20307172675831547  0.21633464226365678  0.22699822701213265  0.23698156536832693
  0.24769540211203780  0.25922454905742620  0.27098459154478705  0.28159371724258037
  0.29101443828332552  0.30055111649644822  0.31135240680224241  0.32401763970241021
  0.33644979876680470  0.34877382471150503  0.36070586263077742  0.37280602380228595
  0.38596349811961927  0.39997014498318684  0.41482554741689581  0.43009447609688817
  0.44506507180269000  0.45992148245915226  0.47468540002463960  0.48800325984653781
  0.50074012775191834  0.51188355599634361  0.52050506259600415  0.52824515049873455
  0.53600913372778058  0.54477638707374221  0.55679903440021861  0.56402234372246884
  0.56886601061209485  0.57454228950036867  0.58087459344102266  0.58788736307773559
  0.59468726500994984  0.60046296592117998  0.60709159848309535  0.61391342003085092
  0.62151842326583862  0.63145760784499594  0.64120178357024882  0.64892384982058227
  0.65710309901217268  0.66669751065349925  0.67567903433860932  0.68300570929223126
  0.69146599704817258  0.70329735880752819  0.71531173205218967  0.72554064877856816
  0.73556110203127878  0.74626446381964084  0.75858270459093802  0.76991513876776907
  0.77903102440654126  0.78853070554631621  0.79917411721878739  0.80884173866043063
  0.81749398059950673  0.82720241611429846  0.83911459125324184  0.85162444111814184
  0.86294496945705623  0.87560428147245228  0.88979910522538963  0.90496050844990172
  0.91830725179769612  0.93060072293467089  0.94321457500468786  0.95653995516232904
  0.97010086819106345  0.98101604734893222  0.99085236695058188  1.00000000000000000
 -0.02042566152260750  0.22771227031523250  0.30767969292737246  0.35896525645021088
  0.40023246920828121  0.44062444840611181  0.46781367104395477  0.48949456630407850
  0.50974809251664821  0.53160889135072609  0.55332601631385059  0.57043919223095307
  0.58546926476233041  0.59949664245488155  0.61216230547992267  0.62174678595151733
  0.63045607767114975  0.63915257738234155  0.65225952994181513  0.66591507431511110
  0.67700018438844511  0.68618934401028553  0.69456651049614893  0.70247161931546531
  0.71010399204363706  0.71759547782441402  0.72497248262542624  0.73201742823490812
  0.73790374605354403  0.74484497788094650  0.75253022965092609  0.75941278469897167
  0.76500023941842110  0.76986359609135158  0.77487565706442052  0.77970722465974907
  0.78525241799098722  0.79187719045790550  0.79885913791931829  0.80606897887309881
  0.81238090203590774  0.81664091958234986  0.81993295294631552  0.82284300633825846
  0.82567805496023250  0.82872152087025552  0.83146745897988317  0.83425312123908035
  0.83738831824102944  0.84088720594541400  0.84442519009784367  0.84787318753338081
  0.85104642734050151  0.85435832941647338  0.85804245649291400  0.86168355968497146
  0.86506235405566390  0.86841297225392111  0.87194779170827807  0.87620967296620533
  0.88204094926987286  0.88793391058627658  0.89310901023827449  0.89697117670371618
  0.90038481624392130  0.90356236477764018  0.90674407413966318  0.90962158655380154
  0.91243229710144980  0.91476146634634348  0.91715102939827875  0.91971135679259508
  0.92227112920266940  0.92490413581061925  0.92765757192669762  0.93056328616410999
  0.93337408249362197  0.93535379001312247  0.93710609551073809  0.93886356561818618
  0.94064622198394066  0.94234821396170920  0.94376515897036173  0.94535246669547301
  0.94766118039676517  0.95042318986637664  0.95338839134565978  0.95653659254553125
  0.96041763103410127  0.96457651821388868  0.96860435840148562  0.97268894652508164
  0.97704847318557964  0.98193929157901649  0.98934427760441468  1.00000000000000000
 -0.02936987953566105  0.15695811571731663  0.21422779850269993  0.24562846954495499
  0.26841887699865030  0.28660280754832201  0.30260607775439524  0.31685649824865475
  0.32698189423017815  0.33783719218115210  0.34798248537520271  0.35917577478973362
  0.36925999193665909  0.37928877756902279  0.38949173296929818  0.39901474333962778
  0.40680298483903160  0.41355640824693790  0.42062080433296567  0.42842147477625120
  0.43470689335011903  0.44062820277825993  0.44604768406439771  0.45197300472206270
  0.45858371801990222  0.46572660536278032  0.47203967213111087  0.47758565200950553
  0.48262114968470621  0.48740337444396981  0.49228211948071909  0.49740785755603656
  0.50268366696995681  0.50842788870864974  0.51436780717234820  0.52048368488581043
  0.52709222864844052  0.53325489417410421  0.53864876484841462  0.54339130036541983
  0.54860513589924798  0.55497189313705964  0.56202805797763389  0.56904759651487236
  0.57547229618571349  0.58128253662629348  0.58636023497222622  0.59177019855431467
  0.59738646306953291  0.60317680404140928  0.60942036420451007  0.61689565791378764
  0.62184246464895487  0.62555024300647288  0.62862998316079255  0.63176587151298769
  0.63510901962536581  0.63910715652977468  0.64372443805547730  0.64825968711824211
  0.65356150032276616  0.65871793592267691  0.66362293871848865  0.66723971582758923
  0.67076870309498904  0.67493311739707473  0.67946041600026319  0.68426928508865292
  0.68900858964322886  0.69370782046266011  0.69752036153742103  0.70070251942393091
  0.70391453041044316  0.70734006167645214  0.71137506959077235  0.71615245082277224
  0.72162271113502241  0.72735808478811814  0.73168167122330574  0.73924457396137033
  0.74692703426363538  0.75379697217121899  0.76037270976293680  0.76706933763595353
  0.77382102298990030  0.78088126267198654  0.78792069512656504  0.79716045128113311
  0.80646661207973180  0.81677917677633538  0.82929269832338870  0.84298062692362308
  0.85837164735039528  0.87669396695513280  0.90964222510649884  1.00000000000000000
   9.8048707848242525E-013  -1.0000000000000000     
 F F F F F F F F F F F F F F F F F F F F F F F F F F F F F F F F F F F F F F F F F F F F F F F F F F F F F F F F F F F F F F F F F F F F F F F F F F F F F F F F F F F F F F F F F F F F F F F F F F F F F F F F F F F F F F F F F F F F F F F F F F F F F F F F F F F F F F F F F F F F F F F F F F F F F F F F F F F F F F F F F F F F F F F F F F F F F F F F F F F F F F F F F F F F F F F F T T T T F F F F F F F F T T T T F F F F F F F F F F F F F F F F T T T T F F F F F F F F T T T T F F F F F F F F F F F F F F F F F F F F F F F F F F F F F F F F F F F F F F F F F F F F F F F F F F F F F F F F F F F F F F F F F F F F F F F F F F F F F F F F F F F F F F F F F F F F F F F F F F F F F F F F F F F F F F F F F F F F F F F F F F F F F F F F F F F F F F F F F F F F F F F F F F F F F F F F F F F F F F F F F F F F F F F F F F F F F F F F F F F F F F F F F F F F F F F F F F F F F F F F F F F F F F F F T T T T F F F F F F F F T T T T F F F F F F F F F F F F F F F F T T T T F F F F F F F F T T T T F F F F F F F F F F F F F F F F
  <DiscreteSampler_grid>
  grouped_processes
  1 # 1 for a reference and 2 for a running grid.
  10 # Attribute 'min_bin_probing_points' of the grid.
  1 # Attribute 'grid_mode' of the grid. 1=='default',2=='initialization'
  0.0000000000000000 # Attribute 'small_contrib_threshold' of the grid.
  0.5000000000000000 # Attribute 'damping_power' of the grid.
 # binID   n_entries weight   weight_sqr   abs_weight
    19   10   3.056195363433401E-003   9.238689650932112E-005   3.056195363433401E-003
    20   10   3.056195363434096E-003   9.238689650936338E-005   3.056195363434096E-003
    22   10   1.641515449649435E-004   2.665250923659690E-007   1.641515449649435E-004
    23   10   1.641515449649809E-004   2.665250923660911E-007   1.641515449649809E-004
    25   10   1.641515449649435E-004   2.665250923659690E-007   1.641515449649435E-004
    26   10   1.641515449649809E-004   2.665250923660911E-007   1.641515449649809E-004
    28   10   3.056195363433401E-003   9.238689650932112E-005   3.056195363433401E-003
    29   10   3.056195363434096E-003   9.238689650936338E-005   3.056195363434096E-003
  </DiscreteSampler_grid>
