 -0.00000004120029393  0.00000078175478950  0.00000335165328644  0.00000624635346996
  0.00000864630334857  0.00001101942922552  0.00001336476791910  0.00001541208774231
  0.00001732433273067  0.00001928979738421  0.00002102021194718  0.00002253743054544
  0.00002389809133303  0.00002512512963923  0.00002628136892158  0.00002739476408719
  0.00002844060858896  0.00002948650455564  0.00003049388622158  0.00003148722385342
  0.00003251473832941  0.00003342250284372  0.00003413975994649  0.00003465833124962
  0.00003510970253498  0.00003557946076043  0.00003605353539502  0.00003658148904336
  0.00003742812120730  0.00006256519926788  0.00006345604299921  0.00006420429210394
  0.00006484550045457  0.00006550003497153  0.00006621411508952  0.00006692685599607
  0.00006764683299132  0.00006840391397623  0.00006928803048310  0.00007024339498861
  0.00007125370677356  0.00007227990472364  0.00007327950963664  0.00007432905842980
  0.00007540380637547  0.00007651313932652  0.00007768132556254  0.00007910362252221
  0.00008065011438657  0.00008243407085986  0.00008451799056927  0.00008667782793045
  0.00008942395012798  0.00009242817024916  0.00009591495340119  0.00010014175396962
  0.00010526627084840  0.00010991057697493  0.00011459347265175  0.00011966997752681
  0.00012513823242106  0.00013151751143220  0.00013937963477582  0.00014693956263964
  0.00015360303813867  0.00015906905897713  0.00016466218044234  0.00016983427656832
  0.00017580861167230  0.00018187590153240  0.00018917030771904  0.00019709119577916
  0.00020675309736706  0.00021727937033072  0.00022697294061257  0.00023631060892670
  0.00024575530576865  0.00025723266875175  0.00026991125229419  0.00028561106364779
  0.00031729127542062  0.00036638189273441  0.00042446957089263  0.00048646804122214
  0.00054863617849838  0.00060372015026598  0.00065922854662880  0.00073005800770835
  0.00083369550225152  0.00096899105594315  0.00114430943861672  0.00138235651716425
  0.00171234092313075  0.00225611625473611  0.00559624523297877  1.00000000000000000
 -0.00000003617522625  0.00000123033064274  0.00000402096650696  0.00000633712006519
  0.00000885161185662  0.00001140453778765  0.00001389659804891  0.00001625340083931
  0.00001862388314759  0.00002072406775450  0.00002225476483412  0.00002352334778616
  0.00002468145344756  0.00002593602882740  0.00002729390478055  0.00002866575768537
  0.00002993246101657  0.00003097326111452  0.00003188802912341  0.00003270318145954
  0.00003339526726334  0.00003409264144375  0.00003480589978646  0.00003556750098629
  0.00003659305571887  0.00005101036724131  0.00006253143206191  0.00006361705637770
  0.00006437302148168  0.00006495766912387  0.00006551454375187  0.00006608200174481
  0.00006664345381369  0.00006725074911379  0.00006792239984848  0.00006861879545488
  0.00006935809656413  0.00007014415032230  0.00007094895729808  0.00007174830747875
  0.00007266660571579  0.00007360083262710  0.00007451171378451  0.00007542268557006
  0.00007633440570771  0.00007715588772344  0.00007794396399661  0.00007881968652871
  0.00007978851603822  0.00008082183848947  0.00008171307365262  0.00008264835928719
  0.00008360037193300  0.00008459078462929  0.00008583389415565  0.00008745981281077
  0.00008923670260063  0.00009129094624921  0.00009354653865894  0.00009554138377482
  0.00009716994743717  0.00010183422591704  0.00010678594201501  0.00011178550654706
  0.00011698667662283  0.00012239732356795  0.00012820600226479  0.00013366233252593
  0.00014090628238114  0.00014886953563668  0.00015736203269702  0.00016669375208396
  0.00017681951537027  0.00018766424321297  0.00019900490084678  0.00021055686393578
  0.00022308546738150  0.00023979351973287  0.00026003943283191  0.00028246580943774
  0.00030968864474782  0.00034436487492970  0.00038411969555743  0.00042410089448207
  0.00047006595532098  0.00053564029834508  0.00060742566625548  0.00066693787965563
  0.00073820763462489  0.00083153059219687  0.00098977045930178  0.00123704985506436
  0.00150018972372155  0.00201038044685819  0.00525072385085864  1.00000000000000000
  0.00764680784549400  0.01922821827983444  0.03012528353620213  0.04088352048706717
  0.05275632437334740  0.06166674804595523  0.06793482466091659  0.07396290546250957
  0.07994521714388436  0.08532303177903877  0.09190279638429677  0.09934021568951860
  0.10642660970223261  0.11280071017455645  0.11877075883230734  0.12373835353449124
  0.13133803465961194  0.14155145477347916  0.15461524338560004  0.16767819922321725
  0.17875997556886522  0.18661268985852913  0.19492158799675366  0.20156166037706413
  0.20871634796878935  0.21559039527192486  0.22395902694887185  0.23190809987868158
  0.24008503462957614  0.24840681349148516  0.25911676672300676  0.27199210709245891
  0.28560186006848998  0.29909801433291761  0.31252371434985882  0.32457911323543309
  0.33423325108654128  0.34394217755149503  0.35347982132902145  0.36372201592901821
  0.37540265040072790  0.38749124532723384  0.39925949186189974  0.41017166462917709
  0.42041251663320278  0.43203752528207401  0.44577317404357797  0.45781606639459116
  0.46972015976692749  0.48017472175219483  0.48952306650409205  0.49853135025780926
  0.50899736172259102  0.51920186189036621  0.52937096940073403  0.54021294268327213
  0.55182086582670764  0.56441241931707375  0.57885802612889881  0.59100025345833451
  0.60348985958153245  0.61708188188278434  0.62925672322442505  0.64033666511609399
  0.65235439924280214  0.66525897279268642  0.67571130613883379  0.68599037914559835
  0.69587564557824289  0.70459244837004598  0.71079183044985472  0.71629622612743360
  0.72162188808090078  0.72730917920133320  0.73553903291161404  0.74598537462211467
  0.75667856478436302  0.76826611596580796  0.78178763317993627  0.79857675867318900
  0.81709673829375684  0.83326587578214650  0.84560008560336242  0.85552223093429780
  0.86371085915821399  0.87195829117461110  0.88172194687775884  0.89361210141908531
  0.90570965542394988  0.92025795880629158  0.93616029779920940  0.95085169893725174
  0.96298189792175259  0.97441069219098786  0.98637624872801799  1.00000000000000000
  0.00170367631271774  0.01776615742928820  0.03156130045126525  0.04236602447690454
  0.05351167530194750  0.06706055978191243  0.08462199879814018  0.10226059058379773
  0.11774030601477244  0.12995890081101363  0.13971218030318747  0.14946131731379420
  0.15654094121058304  0.16948623964425563  0.18281045110231128  0.19168764724334117
  0.19967058857732004  0.20622494249496864  0.21285811317066478  0.22059187176940007
  0.22880659547452945  0.23775603503925263  0.24698446153465242  0.25538323931671303
  0.26320113088094410  0.27037255753520040  0.27475173609553616  0.27955056881883367
  0.28516951373267385  0.29020923400149673  0.29553864226896520  0.30189553280819442
  0.30861649988489293  0.31491920322812400  0.32175407615021784  0.32894815799012878
  0.33896014181211503  0.34984866272526438  0.36005214973946797  0.36971718129835907
  0.37985013480488083  0.39028820744246329  0.40022378709676959  0.40913913908321980
  0.41788769962937056  0.42781280646872089  0.43828987387006790  0.44931448844319044
  0.46058234755636379  0.47272413113393180  0.48307402860698739  0.49206080867564245
  0.50064916182412311  0.51001893067050708  0.51963361611678682  0.52784747055992720
  0.53561924093160351  0.54614881049178965  0.56198778709101649  0.57730854155351097
  0.58915046898604517  0.59990625987835600  0.61039366994218947  0.62057947048972872
  0.62865119372291367  0.63697767810613637  0.64835121554220310  0.66312293390869081
  0.68051456820325895  0.69694591147913643  0.71209581728829574  0.72559100712618674
  0.73752117376407522  0.74918966523795538  0.76079159400846907  0.77112935305839914
  0.78001908565736766  0.78910339143039132  0.80250779685884222  0.81865484547452061
  0.83319067193402430  0.84779303746451107  0.86288876677665671  0.87605212868594640
  0.88703252346596828  0.89684997946450973  0.90641995793938857  0.91545494889059154
  0.92274891237845558  0.93275742592516342  0.94375370244037615  0.95338946251257595
  0.96271831542945607  0.97295618304161580  0.98498834624967291  1.00000000000000000
 -0.00065791291289255  0.00360818831594081  0.00648545327749243  0.00914317362989050
  0.01252703853154078  0.01754135626088648  0.02378477481883001  0.02918979697244382
  0.03447025355438906  0.04110647209021757  0.04878073908438791  0.05720796806072059
  0.06625416494836829  0.07565960385609453  0.08457827182784527  0.09417677235079006
  0.10011596678539529  0.10521215255321020  0.11066963398192806  0.11853919308782929
  0.12553403877791050  0.13048212542161239  0.13571079500604746  0.14083444367120515
  0.14920144466877375  0.16159277161709629  0.17262557796991088  0.18277870188614614
  0.19383787740954658  0.20561966066089682  0.21623585621304756  0.22586399722338535
  0.23440057842581466  0.24504753838664209  0.25783507726767069  0.26974625749380643
  0.28082988916639690  0.29097915935386892  0.30031108912031990  0.31013308431739450
  0.32018135895840150  0.33075451412489298  0.34068187787848370  0.35083531954763314
  0.36105858077635805  0.36950182081287608  0.37716092814061203  0.38533396790666530
  0.39371473199405943  0.40254243651025240  0.41221471880216487  0.42267599848355042
  0.43695823195101557  0.45150569967380166  0.46669869428405031  0.48138965187951938
  0.49678939678519113  0.51284972997287426  0.52914105979265824  0.54387441927799851
  0.55938599935377797  0.57568572264150597  0.59298765145365917  0.61065236396524947
  0.62727053035827718  0.64340677536953694  0.65812428847963722  0.67041208516471051
  0.68222976005251579  0.69376253027314483  0.70565552706579004  0.71954793055158017
  0.73455133842335774  0.74917985271509580  0.76101221681316800  0.77668405474353697
  0.79504950538909103  0.81420529975088662  0.83031473812831591  0.84216557220814647
  0.85182891961061880  0.86221576869917294  0.87330901405019390  0.88309416938196506
  0.89240473114849428  0.90254940898936864  0.91398001725893563  0.92555326613378386
  0.93582751571901324  0.94570628518208899  0.95536054799912362  0.96644035048472487
  0.97617681668297662  0.98446589727538769  0.99239868118340935  1.00000000000000000
 -0.00471287278839106  0.01834092243271925  0.03196029713967354  0.04331694977385903
  0.05447201304908589  0.06714739044961081  0.08186907859072738  0.09244345166821966
  0.09946635626696915  0.10570584789643124  0.11247180206363219  0.11903078661858284
  0.12604157363914481  0.13213838125183305  0.13730857705959340  0.14265763735478726
  0.15137705893678552  0.15876379805421001  0.16576816339978864  0.17416244363018657
  0.18532055041792955  0.19899250539661234  0.21189053517966353  0.22196467557122584
  0.23170344430663367  0.24240777366312008  0.25234511424369632  0.26130628724814076
  0.27023377502616347  0.27953705460838280  0.28846909448539987  0.29669526887673198
  0.30402956316956858  0.31397997795987942  0.32440871364899704  0.33138893230897837
  0.33965818895125938  0.34852042751679241  0.35872076899147654  0.36924003726403409
  0.37975290561347874  0.39248802435789709  0.40557084569165125  0.41642550858211419
  0.42642120152213148  0.43511981923985454  0.44584793445350585  0.45983081717501140
  0.47372419673453559  0.48533829582581911  0.49348475376506962  0.50064933655444177
  0.50822287068142447  0.51536618481637264  0.52271685154119329  0.53140185728661726
  0.53995258668719304  0.54663004164046425  0.55281358620864540  0.55887628803757139
  0.56486043679382103  0.57045361531872463  0.57708366203169725  0.58612563042962784
  0.59845028660676669  0.61260598920791820  0.62679381455526917  0.64063663314133046
  0.65422846333846729  0.66808709530411414  0.68206689801428988  0.69713810230100970
  0.71093642511584243  0.72302204000766135  0.73542545775824930  0.74811941807798699
  0.76010110163593270  0.77130424587057522  0.78285213731529890  0.79286276622746621
  0.80251873123223749  0.81290241669849639  0.82534759812749914  0.83983445203306717
  0.85372295014017285  0.86588831181934645  0.87849735171764554  0.89106861367870283
  0.90488987067142623  0.91661233791748442  0.92910437435447790  0.94194332642855605
  0.95465960310475195  0.96882444685853186  0.98425963318519560  1.00000000000000000
 -0.00436955180120509  0.01454896873267525  0.02966781381110180  0.04320602040878262
  0.05613580779626543  0.06901443468375636  0.08318369955461004  0.09660085848641932
  0.10682196225840163  0.11670624233404016  0.12706171801737551  0.13635649139935660
  0.14512815735223245  0.15229936286829421  0.16148172478502346  0.17047995507156671
  0.17770417356417872  0.18315442208191801  0.18924950768073864  0.19599915317489564
  0.20255741373079103  0.20777179066059470  0.21855895871551134  0.22872989212211625
  0.23782253881328891  0.24681449279569107  0.25635771466648433  0.26367936086840860
  0.27126782832866037  0.27957437949189368  0.28824648965716826  0.29654057298106679
  0.30754269275630414  0.31873067546450623  0.32841491872710693  0.33758417798464546
  0.34775550262785554  0.35544869595337575  0.36468469947021465  0.37663112557876760
  0.39099051770615845  0.40700244715734463  0.42247587812903470  0.43641623996524476
  0.45204683971278808  0.46780243858155091  0.48135367880198199  0.49308015727258425
  0.50446867564401732  0.51744012370191894  0.53229303446104259  0.54886635238234949
  0.56204616204992341  0.57373803308559068  0.58449205806826265  0.59492555953705162
  0.60610133727559579  0.61741119668627154  0.62842392507663536  0.63779927769908185
  0.64716813211354929  0.65572147812920811  0.66479097559082512  0.67467390458245513
  0.68474619760548616  0.69390260619808186  0.70319707496196748  0.71200634747613600
  0.71799832601536817  0.72438291049518877  0.73077721817385766  0.73857939053756572
  0.74651873805847824  0.75680501537330891  0.76920750165587914  0.78248825307358616
  0.79396236540609466  0.80210428497840336  0.80992151423155267  0.81760163526110707
  0.82513059205393180  0.83253053533498800  0.84075433038766290  0.84999915009404636
  0.86009805137284301  0.87182916283300127  0.88624123707360070  0.90252297688513938
  0.91826508416611285  0.93055606216412667  0.94087121681440478  0.95054349838415597
  0.96096252592998044  0.97332238243083924  0.98572490689780989  1.00000000000000000
 -0.00217231963120145  0.00902983478102218  0.01659990435082042  0.02382098122615504
  0.03188396926348225  0.03997868311959901  0.04844598121692360  0.05653131153332056
  0.06517303508080322  0.07528438415602388  0.08695197218398597  0.10045425322010035
  0.11682632806389293  0.13409099492501908  0.14971873789103110  0.16366988172943978
  0.17641845268418152  0.18900495175971885  0.20154534043291017  0.21439637467710004
  0.22679833203633329  0.23759246332384559  0.24849604955575158  0.25923826584323184
  0.26939531227502961  0.27932430800024499  0.28869754073309922  0.29739356408549511
  0.30738863528427651  0.31885244203728713  0.33135085894894939  0.34428577702720753
  0.35785298633213986  0.36804674501301932  0.37811034571821844  0.38761619217060200
  0.39638843474508617  0.40556496610890108  0.41735759736130545  0.43081521900376962
  0.44444119707134289  0.45814421805173983  0.47180777381110850  0.48412685752671775
  0.49597073082904219  0.50852144706177260  0.52194287759601499  0.53578899120096757
  0.55005690205266722  0.56484116474965018  0.57670172092246064  0.58665648087349376
  0.59604370474233170  0.60497686444758292  0.61379950096296232  0.62316355969055426
  0.63370414283341847  0.64551973784088501  0.65544451907617618  0.66503233958433750
  0.67496234945240829  0.68400105199386030  0.69146220117029078  0.69891982019751164
  0.70547901346242758  0.71050074946104702  0.71815420100488303  0.72584529205997850
  0.73256761383936175  0.73926517578848405  0.74530849151439860  0.74991555081358940
  0.75990748354383486  0.77087865084091323  0.78382327863572576  0.79683263137267923
  0.80923131224957723  0.82076662145857049  0.83171426405883198  0.84238411016070758
  0.85390975358891730  0.86552623178391208  0.87567349675034534  0.88380124093358514
  0.89158038217222446  0.89977258629519474  0.90775917349937019  0.91652569244530602
  0.92417900705572542  0.93089865270503136  0.93895498246602460  0.94623957992899421
  0.95473185679697981  0.96535003461454438  0.97920900501612107  1.00000000000000000
 -0.00374162126421903  0.01533438676106732  0.02896720737478505  0.03905517525034678
  0.04860123693700290  0.05866606954271297  0.07117018181776225  0.08516856397374326
  0.10042262050827401  0.11524222401973849  0.12822845294405799  0.14192696442344507
  0.15468615089346574  0.16632747579438437  0.17598052163020433  0.18498201079981560
  0.19411299709167573  0.20467341772263531  0.21488857059268288  0.22616964345055229
  0.23819713834485137  0.24910873950239029  0.25938605808985987  0.27049633569153370
  0.28299885257152013  0.29546917017927260  0.30521429365911679  0.31418441240663975
  0.32326071565980141  0.33241137151192857  0.34318517863794951  0.35701742034797718
  0.37281796449096927  0.38810632283069535  0.39972919176142341  0.41008993262293270
  0.41865943691745156  0.42706371858530073  0.43698129592434481  0.44675370157183764
  0.45644964801599835  0.46826753695902162  0.47718260784665156  0.48496883224813864
  0.49196606295617062  0.50050444997917998  0.51023690135040156  0.51927569255246975
  0.52739107470299484  0.53392125725761019  0.54124745671591656  0.55153287288883479
  0.56466598763380382  0.57736109414848935  0.58919428379100580  0.59702748969090991
  0.60456743913944400  0.61143002496663323  0.61750414715816793  0.62451990188539575
  0.63258342619856700  0.64240521451152532  0.65482422748353375  0.66950982840143436
  0.68528738384546617  0.70133351874578420  0.71273981822699695  0.72318321788698647
  0.73340723129628838  0.74543051300405350  0.75706968952848053  0.76775452609948225
  0.77791667054667168  0.78867651419717277  0.79730018740497055  0.80469159112332600
  0.81124512332565724  0.81966450960831505  0.82937786378057898  0.83956624287222614
  0.84597190841315517  0.85279349212536060  0.86584222589964066  0.88173527317508493
  0.89576702430823685  0.90720363518276093  0.91754646470104828  0.92854673418638511
  0.93743577541843581  0.94525442219046119  0.95397339482890653  0.96373614717637790
  0.97431506354828368  0.98370053747504083  0.99240306028940184  1.00000000000000000
 -0.00385609018615743  0.01382617456690277  0.02655005486851543  0.04017742135859637
  0.05343209868813680  0.06361701176481428  0.06987197094343230  0.07741174691379062
  0.08438159870761815  0.09127362676198442  0.09845750037421844  0.10708802048478817
  0.11538551943717362  0.12269077115746563  0.13127784113548410  0.14292094803484870
  0.15184144790809723  0.16114608976743000  0.17158392048549387  0.18248269945601456
  0.19265921541745112  0.20195498409198287  0.21255217714868660  0.22369805893333902
  0.23717905577443563  0.25091633897439275  0.26331040473448075  0.27582236413865574
  0.28872916236543900  0.30215749770624739  0.31818767463016245  0.33138922846437091
  0.34236887155981405  0.35180810195448758  0.36116770751502209  0.37103816467130118
  0.38349150099504936  0.39746733085138647  0.41168121831875665  0.42565816695569614
  0.43960898294151957  0.45539839302992008  0.47130302881014863  0.48614948764230387
  0.50052513355263129  0.51393547791331751  0.52456909076839930  0.53328692718015425
  0.54172538038793838  0.55139741781501050  0.56265348022659711  0.57672286829660191
  0.58751193624787057  0.59914908295050084  0.61135846510401215  0.62088049718234384
  0.62989548334304224  0.63899327872371137  0.64821952955323880  0.65707277610498438
  0.66583660481394147  0.67439694242063053  0.68163482149084498  0.68909322511501836
  0.69833671022528732  0.70895443017469661  0.71986317667947253  0.73309622980176614
  0.74826576951314538  0.76040990855996760  0.77096323454262439  0.78016707250104644
  0.78883186587898468  0.79645530915751583  0.80412962527040788  0.81238946293697811
  0.82045726182793632  0.82725889498360239  0.83400426487912627  0.84280810044015742
  0.85279418822626651  0.86342049424196166  0.87265502398132644  0.88064357254476133
  0.88761944610734989  0.89291499280043718  0.89998354439957462  0.90877307731633172
  0.91716405721415661  0.92510931129093865  0.93313372577840858  0.94386786459836480
  0.95656863507672085  0.97007504941537592  0.98445389066197586  1.00000000000000000
 -0.00235939819345467  0.00634695425693696  0.01383384532847528  0.01963733533620207
  0.02422032565571163  0.02859687245792767  0.03349383652595014  0.03911219263668826
  0.04465045421187230  0.05084653917944520  0.05679349002895721  0.06262264075141993
  0.06895239838338278  0.07512242388580655  0.08141830351200080  0.08800686618542856
  0.09311422679607682  0.09769344656965979  0.10221300011856134  0.10674892429729708
  0.11137537094998637  0.11618888790802706  0.12288261913541372  0.12979882446061516
  0.13657037540677472  0.14352968927272189  0.15006644928770124  0.15639104881662069
  0.16175259827821870  0.16711030293465121  0.17250185819908284  0.17866162882797912
  0.18592872737272370  0.19339217752364737  0.19965967004529461  0.20524626750139688
  0.21085419997071403  0.21800057511680168  0.22604173682210205  0.23470085827710119
  0.24391640441239321  0.25333998683802206  0.26381336153736923  0.27367592622732040
  0.28315145408374887  0.29253061860159874  0.30187710267428408  0.31102744481434830
  0.31902974772479803  0.32685856047613909  0.33451862941754551  0.34233912462531513
  0.35141073566453285  0.35945703630440501  0.36694811886645112  0.37432923561783848
  0.38288512727045537  0.39091398126510990  0.39885902781941679  0.40765023540044848
  0.41862790301082314  0.43039454923769549  0.44113281124431786  0.45169813209860055
  0.46371067114884712  0.47693224325155276  0.49291369016953240  0.50813730794760470
  0.52210082556275683  0.53676774524199933  0.55382192402977115  0.57510935873534075
  0.59691903191528939  0.61351205078914051  0.62496679353369666  0.63575151196697910
  0.64591598402421113  0.65813706784854120  0.66816684691235417  0.67810953463959345
  0.68765006863906608  0.69856324618889998  0.70943733623324912  0.71920228302475764
  0.72667773286054771  0.73571518245664125  0.75290646808605532  0.77077432268532997
  0.78935545619589675  0.81123475277268908  0.84121975802254212  0.88141999763556500
  0.92247533065905796  0.95229009265722597  0.97730000715005594  1.00000000000000000
 -0.00318444830273111  0.01083910336430049  0.02222456602376458  0.03470383561490095
  0.04845692552124032  0.06432394041886096  0.08152993064078073  0.09535878465159488
  0.11002163586071516  0.12536545379757760  0.13960480967103031  0.14950751767144899
  0.15582962391678745  0.16233269262760802  0.16917911175536682  0.17515726428587994
  0.18641028397003720  0.20126704931789702  0.21592347872020864  0.22774158230804240
  0.23925020268129321  0.25021747163916946  0.25917311250336555  0.26648379750694412
  0.27346108626846766  0.28104948627049720  0.28991127183308224  0.30116381054097663
  0.31385721460509697  0.32602573839917698  0.33559402788421921  0.34452165765169629
  0.35471389473554976  0.36641827471095723  0.38019836180970978  0.39372985970630531
  0.40548837331902865  0.41469005800104058  0.42391999933816099  0.43483666919749908
  0.45089839032293866  0.46933555124580750  0.48623700371382850  0.49892115674554821
  0.50679716283430098  0.51470345996421152  0.52318516805772475  0.53101355413223073
  0.54075921453015574  0.55284062022434954  0.56694340788027509  0.58371286834034497
  0.59905776222363838  0.61050689540551450  0.62027739839953677  0.62992436896307535
  0.63929443318731427  0.64686486489325434  0.65469932091214522  0.66360160260442047
  0.67174544408179560  0.67856186925159623  0.68710662061929872  0.69579533018032547
  0.70455572033581471  0.71118889052916756  0.71608839047874306  0.72260997834732721
  0.73045478058453606  0.73735194967865469  0.74381476163847438  0.75000089971488793
  0.75544886743532136  0.76009493586214572  0.76777677083075280  0.77823359876043008
  0.79341784457707709  0.80922527079356310  0.82401277770816528  0.83597227314396449
  0.84774802398026372  0.85967124410590934  0.87136709383484323  0.88190808490997452
  0.89163990883575883  0.90065112526988433  0.90892402700357899  0.91735616038285428
  0.92503042952843739  0.93278555014817854  0.94148849056650330  0.95129427461207550
  0.96318641003185435  0.97299923390237331  0.98548561889391839  1.00000000000000000
 -0.00701890589339795  0.02917253129122359  0.04978886353897641  0.06437736281525175
  0.07818272559064623  0.09186580200972852  0.10648053508297030  0.12093461996556987
  0.13541848108840537  0.14872358977314812  0.15933584321623043  0.17102895451384365
  0.18466354147932790  0.19837139642216395  0.20604322001774578  0.21488884106646766
  0.22578971527679900  0.23445103554656313  0.24114796559609653  0.24858030990251495
  0.25504900761992255  0.26043375854195067  0.26597706798445714  0.27205156254005797
  0.27944127531748292  0.28625104489337155  0.29212281574027565  0.29906978183695559
  0.30717334538258273  0.31369949230733823  0.32189615605885752  0.33145660148043721
  0.34326670485832111  0.35797613986674082  0.37036636517527394  0.37968766601963277
  0.38710379791258676  0.39368895973950752  0.40024541137431596  0.41012951104643408
  0.42066893263533311  0.43224303419940019  0.44482692180327388  0.45458530256191682
  0.46158170436442564  0.46869355178421385  0.47604205241645486  0.48376918399456814
  0.49289397073366698  0.50182913481929026  0.51221658382449975  0.52354350256455884
  0.53499480013419620  0.54644372460999213  0.55771485358451467  0.56846243806797347
  0.57978830216948707  0.59111658754002339  0.60298789864614510  0.61489828091004395
  0.62683235322900888  0.63864899350779392  0.65004614048707376  0.66132728505395821
  0.67259742292692781  0.68303102594332410  0.69134326194120621  0.69865280857516410
  0.70604805069882526  0.71374588517190873  0.72049858924764199  0.72763572933777210
  0.73585260334489477  0.74315360683531495  0.74964133696987878  0.75657201616780756
  0.76557749757536420  0.77566827546652872  0.78602212102148117  0.79399111162064218
  0.80039775852234341  0.80684615418998951  0.81368896726789330  0.82032311385010503
  0.82959346315644755  0.84109115549096025  0.85362052818889333  0.87163552282898071
  0.88775525425040291  0.90189507890599963  0.91790355336636154  0.93241133148625510
  0.94822806360074707  0.96197670477259778  0.97678737534077453  1.00000000000000000
 -0.00233601764018147  0.00909630814149086  0.01895821519827601  0.02790824533269455
  0.03835568925208564  0.04920742132305813  0.05849954169087541  0.06743738585986314
  0.07769061725127781  0.08865101134367610  0.10057721837132912  0.11354542892849055
  0.12590136825333903  0.13650364788907721  0.14687802051239765  0.15871953226961366
  0.17150031159990695  0.18467449341241457  0.19416052462460548  0.20152829511386325
  0.20831737847237825  0.21643335117369350  0.22674595371130174  0.23739796776494718
  0.24491687450768160  0.25415347451421250  0.26704653248687865  0.27838908846912436
  0.28718586863471712  0.29623483685642432  0.30632253175619473  0.31885281084886724
  0.33306161020828701  0.34698465782478383  0.36028964882567582  0.37192779389647368
  0.38325923845148607  0.39533039606211817  0.40730234110370128  0.41838849540296519
  0.43037802282039872  0.44277146444365378  0.45330354061082395  0.46308498357209144
  0.47133171924948303  0.47956540552734483  0.49083419179390919  0.50363875341181730
  0.51698695241242576  0.53271518910707549  0.54652582437075914  0.56173877916198944
  0.57761095608653490  0.59452324194334927  0.61143568136889370  0.62617311830364808
  0.63811288189077708  0.64831330915287044  0.65754598502055750  0.66651857541306658
  0.67561156302577319  0.68514466826356479  0.69659195425252896  0.70868764579402577
  0.72154591214481334  0.73080599090025067  0.73937639756460083  0.74829620760225424
  0.75797783905405081  0.76887747815072238  0.77973256491986709  0.78988754137210260
  0.80048527295882310  0.81249701830122412  0.82516464930323052  0.83732859180317265
  0.84575639942599945  0.85315257811541656  0.86161253481504707  0.87119040021513716
  0.88132074130265781  0.89227880698458906  0.89989579572480283  0.90539868621989550
  0.91243362494389346  0.91985514824991321  0.92576108841598892  0.93235484907516686
  0.94013804130175216  0.94562931644765513  0.95165412813604700  0.95681891442468325
  0.96541336728102212  0.97648212046777150  0.98881388163279227  1.00000000000000000
  0.03701685374308576  0.18946832202062583  0.24207815147886613  0.28452596653331325
  0.31449295807859601  0.33523594681604973  0.35981020773940525  0.38577828998283042
  0.41228597370888426  0.43669013103048449  0.45662180536316127  0.47329132180702782
  0.48770440568660889  0.50054046471231362  0.51264278433388710  0.52554000698476355
  0.53929921092327626  0.55143373479699553  0.56169072537146847  0.57101129005885642
  0.57956255163425707  0.58756400740939696  0.59591420234758707  0.60372386754647900
  0.60991976232912160  0.61640633667374356  0.62308622760027865  0.62874182748114205
  0.63329319820281438  0.63704491655444428  0.64143684635003462  0.64649215333418375
  0.65118289971305188  0.65458529696396728  0.65846263715854614  0.66247661182808759
  0.66817791497743140  0.67752680603975779  0.68552719370787851  0.69242214385597223
  0.69878834715684146  0.70501036740480250  0.71140599273748173  0.71754905975602790
  0.72429697247698155  0.73153132388332087  0.73781729944260344  0.74269728902205134
  0.74743093687117368  0.75189725612317693  0.75625288624953058  0.76178758362428778
  0.76670611900615293  0.77216465558152469  0.77811573237394227  0.78367167269650884
  0.78865790105087441  0.79337491078654088  0.79812569077896589  0.80369457285348167
  0.81028977020586024  0.81688483979112358  0.82298258637415256  0.82833381573644627
  0.83305451528120555  0.83756460542260358  0.84194619706491847  0.84622088563220466
  0.85040040194956246  0.85446662913257687  0.85778421685451434  0.86109414701453368
  0.86488125648882863  0.86846925097707495  0.87163097718697891  0.87472407137371921
  0.87852767492246409  0.88342766260308747  0.88823230290846200  0.89257946234846552
  0.89668300807354906  0.90007618421689672  0.90335272518966181  0.90643148516309169
  0.90957499259131847  0.91361074496514416  0.91906525776383252  0.92488363628790293
  0.93117244315772363  0.93763585729931043  0.94421376887302066  0.95216216984860969
  0.96058496537281124  0.97000723471697248  0.98189840512905002  1.00000000000000000
 -0.02624536729651880  0.16070173695778589  0.23263161465360396  0.27527732272721273
  0.30198491712646530  0.32173085392859724  0.33695654722899038  0.35024922706384853
  0.36215552081337965  0.37323616600906673  0.38398005491760617  0.39179995530275302
  0.39767500322698912  0.40323353932198963  0.40873945911382836  0.41489150220825538
  0.42238895507847185  0.43056908446104397  0.43971749734093202  0.45027119378794761
  0.46026638569597927  0.47014824188007126  0.47986818803713471  0.48928597570137145
  0.49746164496436962  0.50278841230573790  0.50685484217068011  0.51136159609328868
  0.51597409104150815  0.52005045464619459  0.52307105062367920  0.52547355637972248
  0.52787452960321779  0.53109504767472060  0.53483571559879706  0.53932379374754713
  0.54425750897173641  0.54874762245866660  0.55225910437262782  0.55539850958076531
  0.55813137817565317  0.56140809346174825  0.56740346770649619  0.57400598763558519
  0.57929164978075864  0.58393442596967893  0.58830896864899007  0.59295191224508326
  0.59703303973025168  0.60068708067818966  0.60408326560700343  0.60753069672297488
  0.61133669102957899  0.61551440937335666  0.61993231338890242  0.62471030125313320
  0.62910413481228644  0.63301059348734556  0.63686282154306473  0.64104642056817207
  0.64576871994937124  0.65124303365798775  0.65687704041222394  0.66213974356147209
  0.66699059851636222  0.67154002944494418  0.67576952434444004  0.67992767254298525
  0.68437385789968419  0.68934382232399061  0.69469063298514422  0.70018732744833212
  0.70595192632671766  0.71230870696004001  0.72024298733207581  0.72817547124554671
  0.73643917370059697  0.74511285294949947  0.75368769737330699  0.76243120281574839
  0.77012815718017091  0.77652689407174291  0.78323991664677117  0.78996426555266608
  0.79669001685575158  0.80319436130464594  0.81000642171477377  0.81638527219427071
  0.82310677323670622  0.83227665814360174  0.84442291183005835  0.85692333963632805
  0.86692848690930224  0.87981493730320348  0.90648063246073929  1.00000000000000000
   1.1589193030588045E-012  -1.0000000000000000     
 F F F F F F F F F F F F F F F F F F F F F F F F F F F F F F F F F F F F F F F F F F F F F F F F F F F F F F F F F F F F F F F F F F F F F F F F F F F F F F F F F F F F F F F F F F F F F F F F F F F F F F F F F F F F F F F F F F F F F F F F F F F F F F F F F F F F F F F F F F F F F F F F F F F F F F F F F F F F F F F F F F F F F F F F F F F F F F F F F F F F F F F F F F F F F F F F T F F T F F F F F F F F T F F T F F F F F F F F F F F F F F F F F F F F F F F F F F F F F F F F F F F F F F F F F F F F F F F F F F F F F F F F F F F F F F F F F F F F F F F F F F F F F F F F F F F F F F F F F F F F F F F F F F F F F F F F F F F F F F F F F F F F F F F F F F F F F F F F F F F F F F F F F F F F F F F F F F F F F F F F F F F F F F F F F F F F F F F F F F F F F F F F F F F F F F F F F F F F F F F F F F F F F F F F F F F F F F F F F F F F F F F F F F F F F F F F F F F F F F F F F F F F F F F F T F F T F F F F F F F F T F F T F F F F F F F F F F F F F F F F F F F F F F F F F F F F F F F F F F F F F F F F F F F F F F F F
  <DiscreteSampler_grid>
  grouped_processes
  1 # 1 for a reference and 2 for a running grid.
  10 # Attribute 'min_bin_probing_points' of the grid.
  1 # Attribute 'grid_mode' of the grid. 1=='default',2=='initialization'
  0.0000000000000000 # Attribute 'small_contrib_threshold' of the grid.
  0.5000000000000000 # Attribute 'damping_power' of the grid.
 # binID   n_entries weight   weight_sqr   abs_weight
    199   10   8.022713411496344E-009   3.038594831397737E-016   8.022713411496344E-009
    200   10   8.022713411496121E-009   3.038594831397569E-016   8.022713411496121E-009
    202   10   8.022713411496344E-009   3.038594831397737E-016   8.022713411496344E-009
    203   10   8.022713411496121E-009   3.038594831397569E-016   8.022713411496121E-009
    205   10   1.029257788518573E-008   4.994435884719293E-016   1.029257788518573E-008
    206   10   1.029257788518555E-008   4.994435884719117E-016   1.029257788518555E-008
    208   10   1.029257788518573E-008   4.994435884719293E-016   1.029257788518573E-008
    209   10   1.029257788518555E-008   4.994435884719117E-016   1.029257788518555E-008
    211   10   4.309085790342326E-010   8.765980877161829E-019   4.309085790342326E-010
    212   10   4.309085790342208E-010   8.765980877161352E-019   4.309085790342208E-010
    214   10   4.309085790342326E-010   8.765980877161829E-019   4.309085790342326E-010
    215   10   4.309085790342208E-010   8.765980877161352E-019   4.309085790342208E-010
    217   10   5.528254449110794E-010   1.440834724171536E-018   5.528254449110794E-010
    218   10   5.528254449110699E-010   1.440834724171486E-018   5.528254449110699E-010
    220   10   5.528254449110794E-010   1.440834724171536E-018   5.528254449110794E-010
    221   10   5.528254449110699E-010   1.440834724171486E-018   5.528254449110699E-010
    223   10   4.309085790342326E-010   8.765980877161829E-019   4.309085790342326E-010
    224   10   4.309085790342208E-010   8.765980877161352E-019   4.309085790342208E-010
    226   10   4.309085790342326E-010   8.765980877161829E-019   4.309085790342326E-010
    227   10   4.309085790342208E-010   8.765980877161352E-019   4.309085790342208E-010
    229   10   5.528254449110794E-010   1.440834724171536E-018   5.528254449110794E-010
    230   10   5.528254449110699E-010   1.440834724171486E-018   5.528254449110699E-010
    232   10   5.528254449110794E-010   1.440834724171536E-018   5.528254449110794E-010
    233   10   5.528254449110699E-010   1.440834724171486E-018   5.528254449110699E-010
    235   10   8.022713411496344E-009   3.038594831397737E-016   8.022713411496344E-009
    236   10   8.022713411496121E-009   3.038594831397569E-016   8.022713411496121E-009
    238   10   8.022713411496344E-009   3.038594831397737E-016   8.022713411496344E-009
    239   10   8.022713411496121E-009   3.038594831397569E-016   8.022713411496121E-009
    241   10   1.029257788518573E-008   4.994435884719293E-016   1.029257788518573E-008
    242   10   1.029257788518555E-008   4.994435884719117E-016   1.029257788518555E-008
    244   10   1.029257788518573E-008   4.994435884719293E-016   1.029257788518573E-008
    245   10   1.029257788518555E-008   4.994435884719117E-016   1.029257788518555E-008
    247   10   4.309085790342326E-010   8.765980877161829E-019   4.309085790342326E-010
    248   10   4.309085790342207E-010   8.765980877161350E-019   4.309085790342207E-010
    250   10   4.309085790342326E-010   8.765980877161829E-019   4.309085790342326E-010
    251   10   4.309085790342207E-010   8.765980877161350E-019   4.309085790342207E-010
    253   10   5.528254449110793E-010   1.440834724171536E-018   5.528254449110793E-010
    254   10   5.528254449110699E-010   1.440834724171486E-018   5.528254449110699E-010
    256   10   5.528254449110793E-010   1.440834724171536E-018   5.528254449110793E-010
    257   10   5.528254449110699E-010   1.440834724171486E-018   5.528254449110699E-010
    259   10   2.314456393509254E-011   2.528880123955840E-021   2.314456393509254E-011
    260   10   2.314456393509191E-011   2.528880123955704E-021   2.314456393509191E-011
    262   10   2.314456393509254E-011   2.528880123955840E-021   2.314456393509254E-011
    263   10   2.314456393509191E-011   2.528880123955704E-021   2.314456393509191E-011
    265   10   2.969285012465252E-011   4.156635004025377E-021   2.969285012465252E-011
    266   10   2.969285012465203E-011   4.156635004025236E-021   2.969285012465203E-011
    268   10   2.969285012465252E-011   4.156635004025377E-021   2.969285012465252E-011
    269   10   2.969285012465203E-011   4.156635004025236E-021   2.969285012465203E-011
    271   10   2.314456393509254E-011   2.528880123955840E-021   2.314456393509254E-011
    272   10   2.314456393509191E-011   2.528880123955704E-021   2.314456393509191E-011
    274   10   2.314456393509254E-011   2.528880123955840E-021   2.314456393509254E-011
    275   10   2.314456393509191E-011   2.528880123955704E-021   2.314456393509191E-011
    277   10   2.969285012465252E-011   4.156635004025377E-021   2.969285012465252E-011
    278   10   2.969285012465203E-011   4.156635004025236E-021   2.969285012465203E-011
    280   10   2.969285012465252E-011   4.156635004025377E-021   2.969285012465252E-011
    281   10   2.969285012465203E-011   4.156635004025236E-021   2.969285012465203E-011
    283   10   4.309085790342326E-010   8.765980877161829E-019   4.309085790342326E-010
    284   10   4.309085790342207E-010   8.765980877161350E-019   4.309085790342207E-010
    286   10   4.309085790342326E-010   8.765980877161829E-019   4.309085790342326E-010
    287   10   4.309085790342207E-010   8.765980877161350E-019   4.309085790342207E-010
    289   10   5.528254449110793E-010   1.440834724171536E-018   5.528254449110793E-010
    290   10   5.528254449110699E-010   1.440834724171486E-018   5.528254449110699E-010
    292   10   5.528254449110793E-010   1.440834724171536E-018   5.528254449110793E-010
    293   10   5.528254449110699E-010   1.440834724171486E-018   5.528254449110699E-010
    295   10   4.309085790342326E-010   8.765980877161829E-019   4.309085790342326E-010
    296   10   4.309085790342207E-010   8.765980877161350E-019   4.309085790342207E-010
    298   10   4.309085790342326E-010   8.765980877161829E-019   4.309085790342326E-010
    299   10   4.309085790342207E-010   8.765980877161350E-019   4.309085790342207E-010
    301   10   5.528254449110793E-010   1.440834724171536E-018   5.528254449110793E-010
    302   10   5.528254449110699E-010   1.440834724171486E-018   5.528254449110699E-010
    304   10   5.528254449110793E-010   1.440834724171536E-018   5.528254449110793E-010
    305   10   5.528254449110699E-010   1.440834724171486E-018   5.528254449110699E-010
    307   10   2.314456393509254E-011   2.528880123955840E-021   2.314456393509254E-011
    308   10   2.314456393509191E-011   2.528880123955704E-021   2.314456393509191E-011
    310   10   2.314456393509254E-011   2.528880123955840E-021   2.314456393509254E-011
    311   10   2.314456393509191E-011   2.528880123955704E-021   2.314456393509191E-011
    313   10   2.969285012465252E-011   4.156635004025377E-021   2.969285012465252E-011
    314   10   2.969285012465203E-011   4.156635004025236E-021   2.969285012465203E-011
    316   10   2.969285012465252E-011   4.156635004025377E-021   2.969285012465252E-011
    317   10   2.969285012465203E-011   4.156635004025236E-021   2.969285012465203E-011
    319   10   2.314456393509254E-011   2.528880123955840E-021   2.314456393509254E-011
    320   10   2.314456393509191E-011   2.528880123955704E-021   2.314456393509191E-011
    322   10   2.314456393509254E-011   2.528880123955840E-021   2.314456393509254E-011
    323   10   2.314456393509191E-011   2.528880123955704E-021   2.314456393509191E-011
    325   10   2.969285012465252E-011   4.156635004025377E-021   2.969285012465252E-011
    326   10   2.969285012465203E-011   4.156635004025236E-021   2.969285012465203E-011
    328   10   2.969285012465252E-011   4.156635004025377E-021   2.969285012465252E-011
    329   10   2.969285012465203E-011   4.156635004025236E-021   2.969285012465203E-011
    331   10   4.309085790342326E-010   8.765980877161829E-019   4.309085790342326E-010
    332   10   4.309085790342207E-010   8.765980877161350E-019   4.309085790342207E-010
    334   10   4.309085790342326E-010   8.765980877161829E-019   4.309085790342326E-010
    335   10   4.309085790342207E-010   8.765980877161350E-019   4.309085790342207E-010
    337   10   5.528254449110793E-010   1.440834724171536E-018   5.528254449110793E-010
    338   10   5.528254449110699E-010   1.440834724171486E-018   5.528254449110699E-010
    340   10   5.528254449110793E-010   1.440834724171536E-018   5.528254449110793E-010
    341   10   5.528254449110699E-010   1.440834724171486E-018   5.528254449110699E-010
    343   10   8.022713411496344E-009   3.038594831397737E-016   8.022713411496344E-009
    344   10   8.022713411496121E-009   3.038594831397569E-016   8.022713411496121E-009
    346   10   8.022713411496344E-009   3.038594831397737E-016   8.022713411496344E-009
    347   10   8.022713411496121E-009   3.038594831397569E-016   8.022713411496121E-009
    349   10   1.029257788518573E-008   4.994435884719293E-016   1.029257788518573E-008
    350   10   1.029257788518555E-008   4.994435884719117E-016   1.029257788518555E-008
    352   10   1.029257788518573E-008   4.994435884719293E-016   1.029257788518573E-008
    353   10   1.029257788518555E-008   4.994435884719117E-016   1.029257788518555E-008
    355   10   4.309085790342326E-010   8.765980877161829E-019   4.309085790342326E-010
    356   10   4.309085790342208E-010   8.765980877161352E-019   4.309085790342208E-010
    358   10   4.309085790342326E-010   8.765980877161829E-019   4.309085790342326E-010
    359   10   4.309085790342208E-010   8.765980877161352E-019   4.309085790342208E-010
    361   10   5.528254449110794E-010   1.440834724171536E-018   5.528254449110794E-010
    362   10   5.528254449110699E-010   1.440834724171486E-018   5.528254449110699E-010
    364   10   5.528254449110794E-010   1.440834724171536E-018   5.528254449110794E-010
    365   10   5.528254449110699E-010   1.440834724171486E-018   5.528254449110699E-010
    367   10   4.309085790342326E-010   8.765980877161829E-019   4.309085790342326E-010
    368   10   4.309085790342208E-010   8.765980877161352E-019   4.309085790342208E-010
    370   10   4.309085790342326E-010   8.765980877161829E-019   4.309085790342326E-010
    371   10   4.309085790342208E-010   8.765980877161352E-019   4.309085790342208E-010
    373   10   5.528254449110794E-010   1.440834724171536E-018   5.528254449110794E-010
    374   10   5.528254449110699E-010   1.440834724171486E-018   5.528254449110699E-010
    376   10   5.528254449110794E-010   1.440834724171536E-018   5.528254449110794E-010
    377   10   5.528254449110699E-010   1.440834724171486E-018   5.528254449110699E-010
    379   10   8.022713411496344E-009   3.038594831397737E-016   8.022713411496344E-009
    380   10   8.022713411496121E-009   3.038594831397569E-016   8.022713411496121E-009
    382   10   8.022713411496344E-009   3.038594831397737E-016   8.022713411496344E-009
    383   10   8.022713411496121E-009   3.038594831397569E-016   8.022713411496121E-009
    385   10   1.029257788518573E-008   4.994435884719293E-016   1.029257788518573E-008
    386   10   1.029257788518555E-008   4.994435884719117E-016   1.029257788518555E-008
    388   10   1.029257788518573E-008   4.994435884719293E-016   1.029257788518573E-008
    389   10   1.029257788518555E-008   4.994435884719117E-016   1.029257788518555E-008
  </DiscreteSampler_grid>
