  0.00000043085834196  0.00000129830681735  0.00000220718368847  0.00000320100872033
  0.00000423348231752  0.00000524129857936  0.00000664485330154  0.00000826542951483
  0.00000982238941794  0.00001139238791773  0.00001285339762956  0.00001423061255570
  0.00001534162399899  0.00001632941461331  0.00001729862875269  0.00001825914755187
  0.00001919645084883  0.00002031129733556  0.00002142327525817  0.00002257683771126
  0.00002372106938152  0.00002456313983944  0.00002523109016808  0.00002572229426485
  0.00002624158752792  0.00002680129310222  0.00002735633653418  0.00002805938317668
  0.00002885311427921  0.00002951777433113  0.00003015049498775  0.00003079562547940
  0.00003138983850730  0.00003186506697214  0.00003226805033530  0.00003263132801879
  0.00003294786516737  0.00003326870757144  0.00003359894018496  0.00003395770820843
  0.00003434328999368  0.00003471495629933  0.00003511665820690  0.00003559829454836
  0.00003610594673597  0.00003667297378062  0.00003750355259926  0.00006064122468592
  0.00006245832964257  0.00006400511314984  0.00006542364428677  0.00006665822126461
  0.00006782781948365  0.00006902686434846  0.00007023879027208  0.00007176131949807
  0.00007328466648733  0.00007480610397166  0.00007640984231872  0.00007792934550931
  0.00007928971806238  0.00008171569829389  0.00008468663884904  0.00008715531960020
  0.00009001885180152  0.00009319910165186  0.00009646936637086  0.00010000291271208
  0.00010382879989635  0.00010703986218432  0.00010989877188237  0.00011292056555216
  0.00011641037430185  0.00012142423332310  0.00012661755075748  0.00013355469464550
  0.00014573959701703  0.00016020089757816  0.00017958125696209  0.00020231310128731
  0.00024120611548359  0.00028827485627980  0.00033668566414366  0.00039216244034891
  0.00046417825258025  0.00056401541873300  0.00061547023397784  0.00065095744099448
  0.00068870970718989  0.00074426834620738  0.00080572787053248  0.00092996037610680
  0.00108582883807565  0.00139339354335465  0.00212822209607223  1.00000000000000000
  0.00000005386662010  0.00000028691845660  0.00000053298580976  0.00000087954757772
  0.00000135341313354  0.00000188841747695  0.00000272047698196  0.00000381917519349
  0.00000532912660239  0.00000687390027153  0.00000791570205304  0.00000866894478720
  0.00000955808630248  0.00001057505561978  0.00001164700517672  0.00001275678577794
  0.00001364484576947  0.00001455569509645  0.00001555774386799  0.00001688313683089
  0.00001832059294549  0.00001991358063088  0.00002130201076230  0.00002251672722516
  0.00002373983513911  0.00002502303558651  0.00002630844962756  0.00002761368335186
  0.00002876905188874  0.00002965949455324  0.00003048839308330  0.00003112127458566
  0.00003170796047511  0.00003221944483091  0.00003273923926941  0.00003326406546800
  0.00003379563188710  0.00003433194070156  0.00003487171157851  0.00003533480726670
  0.00003577602001697  0.00003624394749975  0.00003674158271930  0.00003733862951012
  0.00003806730906959  0.00006136202950459  0.00006302671202839  0.00006446214408867
  0.00006582118668632  0.00006715402482387  0.00006848963549078  0.00006973597597536
  0.00007073861673384  0.00007166027984280  0.00007255831556660  0.00007348837089743
  0.00007451197373364  0.00007568221315131  0.00007698115289206  0.00007836026372396
  0.00007989141514550  0.00008146422662028  0.00008312266345679  0.00008507505385127
  0.00008693482145529  0.00008879645667558  0.00009064613954734  0.00009241920031852
  0.00009430085877457  0.00009667388022397  0.00009929912098675  0.00010218082576881
  0.00010526247278780  0.00010884444689380  0.00011316955506927  0.00011773508584556
  0.00012260490656302  0.00012783330539405  0.00013501701741293  0.00014529562699832
  0.00015638467230233  0.00017656329047221  0.00020142888385820  0.00022999545122043
  0.00026141046334916  0.00029045510275502  0.00032579600948411  0.00038290462111746
  0.00045392220129868  0.00054539539748251  0.00066460349151582  0.00084583027251907
  0.00108135100432028  0.00149875084510886  0.00196652561746973  1.00000000000000000
  0.00778503599470716  0.02332255182915370  0.03660798631331473  0.04717582941816321
  0.05829834692195380  0.07060909957682349  0.08280289580482543  0.09567586680103270
  0.10613623812888041  0.11556813729401388  0.12487364129218696  0.13355732346768123
  0.14377731189719317  0.15211939515807085  0.16374087919693464  0.17434206762438895
  0.18509140696871226  0.19540758811719339  0.20541191860802160  0.21529788631064370
  0.22709336892123838  0.23984977758823864  0.25151767463059349  0.26020085057129044
  0.26860782832643337  0.27891478286266824  0.28782402380653549  0.29526152406226291
  0.30327702968309200  0.31032655200408693  0.31735116573045113  0.32519101472863504
  0.33302321422492048  0.34025508937732785  0.34898213793018845  0.36050653519487025
  0.37395764373677165  0.38972652999775975  0.40677248481070344  0.41888326839341661
  0.42918577412545755  0.43790308667501016  0.44618205270689548  0.45820016662792140
  0.47222926015330291  0.48589983114313912  0.49720920998535745  0.51116426237088508
  0.52658293807898604  0.53989506763601824  0.54876367556937677  0.55691072740668612
  0.56483455298594110  0.57267779970964683  0.58089926646169654  0.59206571921807327
  0.60455109478718561  0.61790005080152266  0.63045261588736889  0.64948085595270322
  0.66736152151679273  0.68859313284434220  0.70924281481251583  0.72522478286500780
  0.73318524066087087  0.73869866016998242  0.74394423085572237  0.75036585282019752
  0.75661945097342453  0.76153135764253543  0.76639147121294871  0.77301236110933225
  0.77849239878209897  0.78259401712774435  0.78784016213633101  0.79977056279425429
  0.81266499179708584  0.82362518267621465  0.83530584089329396  0.84828899086377008
  0.86197337951753084  0.87395472318120504  0.88502018755071266  0.89704616283999328
  0.90818705652152831  0.92037496208683756  0.93398555389172244  0.94294849848572071
  0.94959719785711671  0.95456483349527543  0.95958993944615867  0.96547210359452706
  0.97353682801333752  0.98186835894002578  0.99142658886528079  1.00000000000000000
  0.00308660620927112  0.01311175126110176  0.02569851872969950  0.03993974055447021
  0.05242443568887173  0.06679301343282906  0.08130638201362508  0.09833160176775403
  0.11747803038318858  0.13318086144511987  0.14741336505302655  0.16138179619039320
  0.17356515135426426  0.18805552972814754  0.20144133355770286  0.21580210655898668
  0.22601546453778834  0.23386219548467746  0.24154851265408780  0.24936243130915225
  0.25963062959939803  0.27280543747023206  0.28280651166678461  0.29064734809957704
  0.29794176558988916  0.30518605602539989  0.31328732127736170  0.32490005070399364
  0.33751449611471185  0.34910607871177807  0.36041027698924166  0.37195392826966955
  0.38293424863435332  0.39211436580664050  0.40525015663539665  0.41712074049999537
  0.42992313247641722  0.44457431896727939  0.45965674287161695  0.47188266571587156
  0.48248576264420578  0.49273937668728879  0.50235403603434259  0.51072745107453976
  0.52047125543387907  0.53225829246902501  0.54444812481700167  0.55461645771745627
  0.56279617658509684  0.57173105595273721  0.58272394652137938  0.60416540951267172
  0.61851658611953431  0.63139846518730425  0.64412677053366552  0.64832698905214692
  0.65345246847958760  0.65919098556189659  0.66408140747548305  0.66869270952955362
  0.67454620847554347  0.68033310448158835  0.68619118342036278  0.69227837078889976
  0.69970574515963235  0.70556584312340753  0.71412183958029352  0.72536576507626338
  0.73725502125402498  0.74436545975114288  0.75082837235897015  0.75664393693494569
  0.76214410737530480  0.77183738329502460  0.78599397744939214  0.80012398930959716
  0.81292845413747505  0.82764111212093461  0.84215809968729349  0.85867917412433137
  0.87690319645976667  0.88918371422938680  0.89892456234626472  0.90618557635641506
  0.91318261745489004  0.92012580481876571  0.92700912276956493  0.93468133433842659
  0.94382683672385104  0.95139271152257665  0.95818148329695607  0.96640062987031206
  0.97397836748517241  0.98167259049003175  0.99248552451273109  1.00000000000000000
 -0.00030680438803925  0.00228374791297005  0.00429092090590470  0.00586476570924443
  0.00835020837103294  0.01278486717614961  0.01579623340197047  0.02008823582690613
  0.02487748220759682  0.03113332260861811  0.03690470274583165  0.04179993260535372
  0.04747732864735010  0.05373451166474234  0.05866304136078240  0.06310162061644721
  0.06992397721181162  0.07887810550075398  0.08709886731750462  0.09661847118036308
  0.10773125317841360  0.11840322351227808  0.12788126453219520  0.13518451519321117
  0.14378844727579820  0.15142122626106955  0.15726718796933908  0.16211711954885377
  0.16708074590330946  0.17326165914307751  0.18189342632649794  0.19217321865569320
  0.20361767701005681  0.21231669933387975  0.21863601265223642  0.22511539692706012
  0.23191505563747941  0.23905201631874873  0.24875773430511791  0.26002946964895807
  0.27199101640052292  0.28300054526894020  0.29319152414128724  0.30398693273855432
  0.31588326657426835  0.32780838328579082  0.33632932660675580  0.34508917077389206
  0.35405192228906390  0.36295500196152580  0.37488188338128203  0.38734658889441936
  0.39985925792467925  0.41295325354838269  0.42886417326634807  0.44447170783293238
  0.45847777648008148  0.47301240150983820  0.48771602998418323  0.50451089533841498
  0.52397696598321131  0.54484737428008578  0.56465379963581286  0.57847981377512236
  0.58993055353487600  0.60051878479812837  0.61161109142354864  0.62332812393234593
  0.63930236101769566  0.65057930570277933  0.66106391884725713  0.67166377622710838
  0.68558451897293160  0.70233935173268291  0.72547623839362152  0.75082001162080758
  0.77728899089986259  0.79880797651346913  0.81993286271274657  0.84238637513947379
  0.86107635650341785  0.87406760159828079  0.88378814872243316  0.89265644307250402
  0.90407579199335053  0.91336708638689346  0.92390109133545539  0.93384688219949485
  0.94541991300622052  0.95892928652064324  0.96619160414543326  0.97181819638975520
  0.97734819857415911  0.98360563432750325  0.99059584972766768  1.00000000000000000
 -0.00204305634636234  0.00570840835285030  0.01358854489426355  0.02263018473754979
  0.03322334710038836  0.04256771815844825  0.05558821139315356  0.06814181114941111
  0.08292459290836297  0.10251154553112493  0.12362082820552404  0.14019395479311972
  0.15256109931970746  0.16112448876024343  0.16928335934393698  0.17689170358258663
  0.18497556513293958  0.19583489083895089  0.20534527726021479  0.21551434729188099
  0.22590145464278721  0.23566103941968017  0.24213887654363223  0.24947712455305407
  0.26012888435286530  0.27538892069557758  0.29257182097264106  0.29770651181761343
  0.30420437439193537  0.31153606424298075  0.31942592223556193  0.32673256205264356
  0.33198350224042777  0.33739765809061245  0.34541729897783441  0.35232635805050044
  0.35962385666128749  0.36793279299221576  0.37531577698152313  0.38121117908627961
  0.39077782155195778  0.39729419365256324  0.40395302765037794  0.41037348588859274
  0.41651052103456093  0.43363549221432168  0.44755270023488886  0.45906401566644800
  0.47046823954385331  0.48126243460897639  0.49249810296076357  0.50356973678493988
  0.51622183763104745  0.52848457406545768  0.54158612346767143  0.55647509644758186
  0.57318552615200791  0.58981305062622069  0.60721505619595095  0.62473303677170644
  0.63877864457037647  0.65129422389581348  0.66256870954505809  0.67246900632527551
  0.68138339682344473  0.68845443603360712  0.69444947800800427  0.69993035624422206
  0.70641434653998647  0.71287096753701662  0.71999155620299904  0.72959115976391653
  0.73852884235034810  0.74580206455185949  0.75358307048997542  0.76257903239255376
  0.77178832345888460  0.78030511987237150  0.78994242895991595  0.80083267647647183
  0.81322265147373152  0.82727357496385823  0.84341459755205794  0.85618843958014745
  0.86343014922295269  0.87046175063577935  0.87879895827549848  0.88701877760429459
  0.89837979899670695  0.90713004383684381  0.91575875325469780  0.92674868664360455
  0.94724953565575187  0.96689258695569735  0.98362633079197115  1.00000000000000000
 -0.00454355801808780  0.01214641295267761  0.02475405947529767  0.03403860523916619
  0.04335331202877372  0.05269962144711243  0.06437270440696150  0.07718400892888926
  0.09334995593214561  0.10370665952807415  0.11347732976510408  0.12230984802692893
  0.12980768651438035  0.13822032012649607  0.14962736441889962  0.16014940380793094
  0.16938328888209414  0.17884524880884570  0.18858085877413255  0.19996645279971537
  0.21174061277601436  0.22285650655103667  0.23311912659710138  0.24549612472834645
  0.25906817069508026  0.27170488530164327  0.28074675748743166  0.29081438098273649
  0.30091419734226882  0.31073599604254787  0.32002392087500942  0.33077788153302473
  0.34210156001607755  0.35020068031183843  0.35931303770254686  0.36867593218536998
  0.37805137320557991  0.39055824049458621  0.40317667503284471  0.41775478531188037
  0.43297503799320786  0.45223369544330355  0.47060820195687358  0.48572236329703655
  0.49980986396808846  0.51295326297053756  0.52781089088185285  0.54542172482879259
  0.56364254397450231  0.57850874642020800  0.59237973185091397  0.60363844337955663
  0.61223979035297760  0.62103292373274777  0.62877692690585474  0.63797815742282260
  0.65165687156476859  0.66154483256169649  0.67207675073697792  0.68137847478945035
  0.69154455276200077  0.70310560573577718  0.71774802976035290  0.73329625926377406
  0.74864030949321458  0.76219890141715452  0.77621793107113113  0.79048308069702888
  0.80196375550300014  0.80921538086573463  0.81690058438976842  0.82472998484350779
  0.83343729880199113  0.84262948074307042  0.85168290743477437  0.86055498297667077
  0.86810436547395498  0.87587434588471991  0.88592960024436407  0.89420168769982578
  0.90180886657894133  0.90968975046688871  0.91772375856711852  0.92503949237342864
  0.93526965823080754  0.94255402158105916  0.94824807584424176  0.95567854642483419
  0.96122488911721560  0.96569264551132927  0.97024825144635929  0.97615504533263886
  0.98211118526058117  0.98753756301767304  0.99316898308132195  1.00000000000000000
 -0.00430972518611535  0.02034717895878568  0.03185425148762875  0.04317093790903784
  0.05518660662269381  0.06901830057211779  0.08056943189308796  0.09078353378580685
  0.10013496511591248  0.11314590042997250  0.12774159624202253  0.14364911195156654
  0.15509148533586203  0.16356032008673896  0.16917933093128695  0.17433274038754207
  0.17954459165886302  0.18472800165680542  0.19634680320502859  0.20942857283983665
  0.22064902098294586  0.22869532759828562  0.23575848068017180  0.24346075740541956
  0.24931717287922328  0.25551503748493981  0.26215832329418853  0.26934664961512073
  0.28210008619958976  0.29653190140131669  0.31125879317954391  0.32526493981350707
  0.34081892936209185  0.35559533550388678  0.37195646150223666  0.39055716337982993
  0.40669952231146089  0.41980845938122818  0.43110192187610324  0.44176103070054695
  0.45504927044538712  0.46988729064977225  0.48416605010180952  0.49622406703494193
  0.50509985822035530  0.51236211373632901  0.51965116208436291  0.52641042571776675
  0.53977282121811831  0.55310918189490466  0.56857962875987722  0.58302323899240194
  0.59767244913563100  0.61445366901405229  0.62907418291273165  0.64187381898548046
  0.65018859882597690  0.66028092146189643  0.66983842897170842  0.68063521892382928
  0.68771405186216272  0.69283889371977958  0.69718770836739430  0.70144751637141256
  0.70530741798677155  0.70902007398294020  0.71402495169374447  0.72489184283555119
  0.73703744748267797  0.75092304071804983  0.76588588289981763  0.78022902679527428
  0.79422689922897582  0.81046986419348288  0.82708566190305144  0.84165766418738808
  0.85586901905571533  0.87342589081729849  0.88145465539216983  0.88888064576009840
  0.89481534931502915  0.89767336333884706  0.90007752702989063  0.90278991224015637
  0.90778335238089758  0.91152433182715076  0.91522749195009045  0.92003460585660979
  0.92523861760137183  0.93059261451819897  0.93604317151498628  0.95288470186135177
  0.96839605618653080  0.98035563774677359  0.99012774767613621  1.00000000000000000
 -0.00500505308902603  0.01064519698701954  0.02497261864419052  0.03756789644082593
  0.05397221281421014  0.07223773274285883  0.08973104335910413  0.10551861987769198
  0.12006550392498573  0.13269517742128736  0.14338989437553118  0.15280974378890461
  0.16066088990060259  0.17143176464533583  0.18257347926873652  0.19025672871059315
  0.19813442360258079  0.20644402317380176  0.21514353801621880  0.22774133368490618
  0.23935417298903888  0.24955625643515547  0.25952091989860987  0.27102620377991177
  0.28477042278067111  0.29733459213319496  0.31014238433448760  0.32555043964455893
  0.33613180631081008  0.34657081693999259  0.35685451493281867  0.36437232855337481
  0.37535667743562312  0.38678987248380392  0.39732322118468288  0.41037814835083253
  0.42007363044416945  0.42685229811586373  0.43331601666635089  0.43717878627892759
  0.44087898217589666  0.44443934474625563  0.44833725537555857  0.45260915462019574
  0.45766147054853734  0.46150560566841481  0.46590253409634691  0.47178179611326371
  0.48008417420816396  0.49155313863183614  0.49884725736440377  0.50564948779983743
  0.51205226661069847  0.51867496942554936  0.52573746991220205  0.53212188230461166
  0.53879856553017047  0.54481380758146636  0.55088033885218401  0.56247523988777559
  0.58413141320121653  0.59477846186723538  0.60456031305842783  0.61433664169163371
  0.62475183149191338  0.64216870101560031  0.66204082929036623  0.67698556730541093
  0.68839803831541424  0.69961312269082510  0.71261817247438608  0.72656274596980264
  0.74008701022843648  0.74871336864212235  0.75827125117866567  0.76991837514184502
  0.79053822824115594  0.81150187436453292  0.82736116181709574  0.84186066901429590
  0.85529962254900083  0.86773762302329394  0.87655212176287478  0.88541675173974843
  0.89461118193183975  0.90715848857915771  0.91918065453520259  0.92923593715586672
  0.93796356393386360  0.94449473207218904  0.95073495701011823  0.95632071007278840
  0.96138467036414499  0.96655421537698671  0.97668091563291437  1.00000000000000000
 -0.00245106819854707  0.01109694061491425  0.02276914884713691  0.03098325991620633
  0.03890443350328723  0.05050503848815028  0.06536263335311206  0.07909739877119792
  0.08933020390260428  0.09795636761485815  0.10316132000114363  0.10870489023865337
  0.11523867650133846  0.12380210838774511  0.14430499312608694  0.15828091549846218
  0.17110240799785217  0.18379087213809925  0.19343520173944698  0.20034050351775748
  0.20646321099001219  0.21229970660103081  0.21905206775013314  0.22658639189906438
  0.23475983203311193  0.24424426646520070  0.25527707955112600  0.26827241400914076
  0.27878810929131448  0.28782501140642314  0.29599645577894090  0.30466547238863356
  0.31359017445702886  0.32262061131883202  0.33171848399239739  0.34341760543018895
  0.35782153638314790  0.37191354512615310  0.38117472379492234  0.38902707536059261
  0.39679033666350633  0.40569101874486480  0.42241761342344281  0.44066714241229760
  0.45380376389511684  0.46588682509224122  0.47740791027476531  0.49060595344964186
  0.50350276687111495  0.51646646733654400  0.53324413024306672  0.54852449558881400
  0.56321465420593408  0.57786622356046513  0.59460182040340392  0.60938716758912137
  0.62732227693920595  0.64435158516623192  0.66149751777357790  0.67668427982159385
  0.69345192097664610  0.70884287448896677  0.72362891905443405  0.73894136117634657
  0.75244262838974330  0.76298083982094289  0.77391022762621053  0.78654234197357320
  0.79536431372005756  0.80182443506540269  0.80855651792556171  0.81497055729046908
  0.82054230298124908  0.82531136832295693  0.83194484619324227  0.83787169210941781
  0.84039904173629310  0.84280918886458023  0.84609866371239517  0.85277210016308214
  0.86135446761690138  0.87187453069293197  0.88152069266566080  0.88971688161056250
  0.89704041503591980  0.90317666726376100  0.90950417577252862  0.91610963156950509
  0.92059409084180899  0.92622060312498455  0.93202853945957298  0.94009525589348031
  0.95168438784950438  0.96498660717598028  0.98196735535627711  1.00000000000000000
 -0.00285076982872328  0.00850955069401503  0.01929170915360811  0.02836911469693746
  0.03710772983279537  0.04689990301559361  0.05625805919877547  0.06413784353368450
  0.07094702165658726  0.07763079424222250  0.08584928887568188  0.09622495601927697
  0.10788834768910868  0.11912869524052895  0.13084511596733261  0.14348552550554386
  0.15608490560516777  0.16905069343510529  0.18168169119652713  0.19867896171551752
  0.21054057509162677  0.22216887347690259  0.23444352172284016  0.24389299450932175
  0.25706220560278842  0.27363422501533358  0.29205193157481568  0.31228805285163463
  0.33014292604696532  0.34888398973103502  0.35763193205919291  0.36711954451962731
  0.37672221109842607  0.38771704453148392  0.40156731963105802  0.41110311835503421
  0.41932518974761873  0.42649338302051465  0.43285489735551785  0.43830269261908783
  0.44383817512020241  0.44983998415249904  0.45729041214422994  0.46429362922718820
  0.47375659827801542  0.48825602938297913  0.49802369738283703  0.50863097462746554
  0.51890191573992595  0.53157095674921162  0.54955333400551198  0.56817321247013297
  0.58933948696808780  0.60658329481040385  0.61856687284348066  0.62912959001689206
  0.63883643734513962  0.65048782162686869  0.66202220598180661  0.67343055521135931
  0.68595477109195468  0.70428359447782762  0.72183772065741181  0.73945470623220522
  0.75337074699337758  0.76616306114762933  0.77881932894313799  0.78665465197558582
  0.79426960171182182  0.80161546401425476  0.80904017724400701  0.81648157314997605
  0.82343914492528258  0.83043990910881615  0.83744148489369974  0.84339704275912031
  0.84965898250018823  0.85751738222240970  0.86754675294459804  0.88039013349710882
  0.89666134708592737  0.90757481084823577  0.91616418685711187  0.92590722259477698
  0.93461389758947933  0.94206661115277479  0.94823429435705520  0.95389512873654592
  0.95966529641124132  0.96484970976175299  0.97007910740907155  0.97531261171805039
  0.98062745253129568  0.98800637542495584  0.99553486429183580  1.00000000000000000
 -0.00234358331082623  0.00794318626444743  0.01758810402857779  0.02984989203587780
  0.04438672975556265  0.05469859762853303  0.06377876989859255  0.07335994176253369
  0.08785852607549499  0.11076570241693490  0.13419681918788245  0.14872791463671853
  0.15652911710798076  0.16385588356985822  0.17053878420494681  0.17670112078226055
  0.18212524000966646  0.18891542139947173  0.19497912350995225  0.19881874400664071
  0.20151425939183262  0.20420679763025210  0.20678313389801825  0.21212107629065105
  0.21906114547528049  0.22686542981471888  0.23903246859344895  0.25064331567302550
  0.26028448291068024  0.26893184621411498  0.27690398133063254  0.28481772800744865
  0.29441471767812710  0.30505633298285245  0.31561749987105125  0.32806588949371218
  0.34248747151802483  0.35569084940535373  0.36829649921859292  0.38153379714500973
  0.39296652187008391  0.40389336630913814  0.41682806952441925  0.43228832850880150
  0.45020532705186833  0.46855729598084001  0.48896650135707681  0.50704223253213654
  0.51825557735966099  0.52836760667691185  0.53887571592166916  0.55187137218262339
  0.56791487548595354  0.58114493980355086  0.59134621130959697  0.60085421412595985
  0.60896813614917755  0.61650310810140652  0.62370878237706995  0.63189581179525200
  0.64207398642339131  0.65280507045750946  0.66532738537230540  0.67796929944641582
  0.68854922130076590  0.69651145260011837  0.70393619379278383  0.71122695320404972
  0.71695938521364522  0.72289658188606987  0.72875082208593156  0.73751616111559948
  0.74757431561469279  0.75872755107381384  0.77003677102439838  0.78284827651424804
  0.79823785492403854  0.81169792386024164  0.82222668522977316  0.83262061082245820
  0.84455391213811692  0.86033022472007925  0.87574210554214238  0.88955509833971869
  0.89920665483083617  0.91085124560511754  0.91940561465495974  0.92497164262285625
  0.93073224171635394  0.93643967224365732  0.94401027444638985  0.95143171896806233
  0.95819605012780762  0.96744133721322045  0.98413072090838716  1.00000000000000000
 -0.00792367121452524  0.04265702210788923  0.06681467118624267  0.08670682240971110
  0.10238978314911683  0.12004289650939524  0.13882111073424075  0.15721774608823802
  0.18139504767342107  0.20111084602756904  0.21443673954045678  0.22533062462528181
  0.23564319196239428  0.24569036729257779  0.25533488002124738  0.26414756396547601
  0.27562954383381016  0.28311477864884982  0.29001261404719963  0.29759280843443747
  0.30404478225863507  0.30903634588247436  0.31448110151963221  0.32055524552476461
  0.32796921285438457  0.33529905121241543  0.34254616800342319  0.35209006816524063
  0.36224796512641999  0.37141536911721557  0.38237732879129954  0.39068255592690565
  0.40115503115501849  0.41301928222787376  0.42582166722122078  0.44211323859197049
  0.45657556627605311  0.46823908918131435  0.47856385043934863  0.48739906736857935
  0.49448237813751605  0.50065855986979835  0.50608947578606656  0.51165927996620209
  0.51686447841089067  0.52362796272342704  0.53418941367245709  0.54969411257174994
  0.56273822345855951  0.57137213053388380  0.57838088361764595  0.58488664450470118
  0.59083395692691498  0.59863331860268276  0.60627350657462042  0.61285892017802823
  0.61980850810402766  0.62661021789046056  0.63310667919213115  0.63924325267811410
  0.64702599148525686  0.65541838721530066  0.66520980646845884  0.67684408156639930
  0.68905457606189147  0.70408966709102316  0.71455270712432783  0.72480791820324286
  0.73591196704111628  0.74775679300210263  0.75564465932254266  0.76100333824663691
  0.76515395233676409  0.76929841420156708  0.77420224870237120  0.78085899071052411
  0.78605085386254536  0.79019984643023178  0.79585658410660221  0.80148674098905837
  0.80527377120360777  0.80871966481794422  0.81391003945688478  0.82700864614514602
  0.83779399520674691  0.84499338766706289  0.85158700640452190  0.85842243106162008
  0.86629482944678182  0.87874012724617967  0.88999862354792048  0.90119386061901596
  0.91568063683371104  0.93574511574921271  0.96283846144913932  1.00000000000000000
 -0.00531905463271288  0.01348240008296727  0.02920293563502301  0.04602775264382587
  0.06957894147902009  0.08735936663442428  0.10429241003243965  0.11668590748325888
  0.12944597566185251  0.14275501826129564  0.15409327229546216  0.16581202301210396
  0.17473371834291349  0.18269436408258730  0.18966480713971293  0.19467753206160618
  0.20082682066243335  0.20499189495084608  0.20917893383759081  0.21310545771862013
  0.21787664487272440  0.22582815574262075  0.23918622464239592  0.25605109994182240
  0.27268531334210694  0.28977274920202611  0.30672608278286279  0.32517975540856497
  0.34464249004116104  0.36451131536221587  0.38480390751177218  0.40331295552949814
  0.41440017387354922  0.42537889527915573  0.43912134407848680  0.45095988998785191
  0.46189511362426183  0.47273213994831509  0.48468123105225186  0.49657894588725027
  0.50949896557438779  0.52238937129986074  0.53266650771455559  0.54478034649478591
  0.55351286812114331  0.56030514480957305  0.56697529623351595  0.57339814404669065
  0.57983299261728416  0.58946253893242329  0.60138782658565193  0.61225369144571962
  0.62171352452749540  0.63045475810298834  0.64127245913276920  0.65762372403772096
  0.67673315908695109  0.69055313478325886  0.70271372220366435  0.71173892965246632
  0.72245358460489195  0.73275250211321763  0.74373573147957917  0.75130537868748859
  0.75574724243255997  0.76281703945241452  0.76971425052760234  0.77607888004596026
  0.78193225522920062  0.78872619998707005  0.79487137127981200  0.80098082847555652
  0.80678878427971967  0.81218579635818233  0.82566242617149599  0.83855310514805892
  0.85068039734817025  0.86157522868843572  0.87190263644629595  0.88149113635551324
  0.89035129845980376  0.89822984360508362  0.90512670204783219  0.90961168116784186
  0.91304333271092852  0.91649547972293821  0.92128460620228481  0.92748325089412342
  0.93706652928068945  0.94775557451886361  0.95650618095776152  0.96354980878640828
  0.97084131582935773  0.97830002269212957  0.98786095723530543  1.00000000000000000
 -0.00997149506281694  0.17481513683788547  0.25355637900657035  0.30365968139948957
  0.33570518253030951  0.36963516169581689  0.40527587898507605  0.43148179429111888
  0.45545150882766511  0.47934754354850440  0.50326120117993056  0.52294990112517015
  0.53839958594151260  0.55048754691733581  0.56421554082485170  0.58390246584726224
  0.60207927423636576  0.61356882128015089  0.62315795195150903  0.63176059705807408
  0.63730317129645930  0.64222735664808517  0.64833910383270765  0.65507307177153362
  0.66072979329034676  0.66537779369322614  0.67014572000072903  0.67360857965107790
  0.67741243091263192  0.68248880465354844  0.68820516245609298  0.69715365430715082
  0.70365040562346270  0.70925326937394473  0.71548985970293844  0.72169635682357791
  0.72791481143820969  0.73497539266537970  0.74312322407790166  0.75277533133345442
  0.76161785095787804  0.76835199150178013  0.77484738836219191  0.78202785382527151
  0.78911524949052025  0.79721784290152664  0.80665215560450054  0.81401239842925377
  0.81981778070165723  0.82570793158456313  0.83116599104944244  0.83579447270788720
  0.84046441124143245  0.84468286958627525  0.84888418513339470  0.85309921771587072
  0.85661594741199854  0.86012959694893576  0.86370778155759664  0.86772800777295289
  0.87225517788534468  0.87661582644084879  0.88142976392958183  0.88448359533031184
  0.88706478278681467  0.88966760081672558  0.89203596080128456  0.89455954255439074
  0.89750745440403490  0.90108320418082255  0.90480400751418555  0.90849097228155107
  0.91213354921115519  0.91568539515084457  0.91925991221744430  0.92291430206665925
  0.92675638829651696  0.93032013969255245  0.93360358587122394  0.93776958215685202
  0.94102119894366731  0.94414816070678809  0.94724049453870918  0.95042152720308448
  0.95449778883916658  0.95814562333470576  0.96138541859646121  0.96469054795951548
  0.96809465570694897  0.97178212148194598  0.97533999352103462  0.97868630010400470
  0.98238185759406904  0.98616631871295291  0.99015039665263915  1.00000000000000000
 -0.01933626095176672  0.12758411351235588  0.17322398122518742  0.20821901058740325
  0.23584652312178378  0.26060780575227099  0.28269787851425621  0.30488111718751493
  0.32289875609675606  0.33698319606669108  0.34979978709156878  0.36251583889318256
  0.37351472014038312  0.38413787862738535  0.39525457972104860  0.40768157343454214
  0.42051707001111149  0.43279283249423922  0.44428468371133878  0.45107523018902562
  0.45733680929612675  0.46304640138830716  0.46646007749906832  0.46953905577710781
  0.47248826941096100  0.47534758284833717  0.47972068531009471  0.48580406127918779
  0.49264876268741103  0.49977087058206987  0.50645055898017055  0.51276186213910913
  0.51825989234450187  0.52261825922845784  0.52703229915363436  0.52978338737455510
  0.53234840011028861  0.53507620885190599  0.53933333307229137  0.54400980626297601
  0.54821680378538740  0.55114828959061535  0.55400148833891905  0.55673954229895617
  0.55958629836568841  0.56482096923318437  0.57006580167778642  0.57333071441678130
  0.57617411465971180  0.57882693636864202  0.58125969571346192  0.58573306403151992
  0.59065396686045213  0.59593302023750017  0.60231417245097507  0.60946975311314422
  0.61677159105039914  0.62854094982833364  0.63904034905165030  0.64801088607303381
  0.65503925495464221  0.66072076597012630  0.66697460884175663  0.67195932507092204
  0.67608650719111740  0.68143190745754900  0.68496835634098530  0.68845842708611293
  0.69188338183390830  0.69521375760815995  0.69843660208473990  0.70160418859049489
  0.70503709172981210  0.70925054202835713  0.71456148473524117  0.72115725545717957
  0.73016118530185825  0.73765552444205373  0.74473157622123520  0.75177107936299326
  0.76068467636630877  0.76889449119605413  0.77378057565160241  0.77854045954017081
  0.78303594834941614  0.78838394696061931  0.79402086373691105  0.80011833881105099
  0.80769620343652804  0.81598366912115439  0.83263158161508244  0.84849097749407121
  0.86405780469109106  0.88047888872610447  0.90405982176380562  1.00000000000000000
   6.0134445929493164E-014  -1.0000000000000000     
 F F F F F F F F F F F F F F F F F F F F F F F F F F F F F F F F F F F F F F F F F F F F F F F F F F F F F F F F F F F F F F F F F F F F F F F F F F F F F F F F F F F F F F F F F F F F F F F F F F F F F F F F F F F F F F F F F F F F F F F F F F F F F F F F F F F F F F F F F F F F F F F F F F F F F F F F F F F F F F F F F F F F F F F F F F F F F F F F F F F F F F F F F F F F F F F F T T T T T T T T T T T T T T T T F F F F F F F F F F F F F F F F T T T T T T T T T T T T T T T T F F F F F F F F F F F F F F F F F F F F F F F F F F F F F F F F F F F F F F F F F F F F F F F F F F F F F F F F F F F F F F F F F F F F F F F F F F F F F F F F F F F F F F F F F F F F F F F F F F F F F F F F F F F F F F F F F F F F F F F F F F F F F F F F F F F F F F F F F F F F F F F F F F F F F F F F F F F F F F F F F F F F F F F F F F F F F F F F F F F F F F F F F F F F F F F F F F F F F F F F F F F F F F F F T T T T T T T T T T T T T T T T F F F F F F F F F F F F F F F F T T T T T T T T T T T T T T T T F F F F F F F F F F F F F F F F
  <DiscreteSampler_grid>
  grouped_processes
  1 # 1 for a reference and 2 for a running grid.
  10 # Attribute 'min_bin_probing_points' of the grid.
  1 # Attribute 'grid_mode' of the grid. 1=='default',2=='initialization'
  0.0000000000000000 # Attribute 'small_contrib_threshold' of the grid.
  0.5000000000000000 # Attribute 'damping_power' of the grid.
 # binID   n_entries weight   weight_sqr   abs_weight
    19   10   1.794089747765868E-008   1.497282072615227E-015   1.794089747765868E-008
    20   10   1.794089747765852E-008   1.497282072615175E-015   1.794089747765852E-008
    22   10   9.636249286455367E-010   4.319478819828317E-018   9.636249286455367E-010
    23   10   9.636249286455280E-010   4.319478819828165E-018   9.636249286455280E-010
    25   10   9.636249286455367E-010   4.319478819828317E-018   9.636249286455367E-010
    26   10   9.636249286455280E-010   4.319478819828165E-018   9.636249286455280E-010
    28   10   1.794089747765868E-008   1.497282072615227E-015   1.794089747765868E-008
    29   10   1.794089747765852E-008   1.497282072615175E-015   1.794089747765852E-008
  </DiscreteSampler_grid>
