  0.02363688104353739  0.03407327542874009  0.04434344565597264  0.05484949945841354
  0.06516447600310546  0.07682158989615977  0.08834018971181640  0.09999436347594114
  0.11128115443817652  0.12268092140287187  0.13469263616419733  0.14632910764705445
  0.15762878664974167  0.16902500978877977  0.18083693886856739  0.19217205357113942
  0.20307933575230216  0.21358760204848531  0.22392387873739689  0.23431203915961155
  0.24482120085586884  0.25526696078912653  0.26579370837030292  0.27654982926279581
  0.28758941489863293  0.29846662307697558  0.30902200809436930  0.31961862091968685
  0.33013618337446599  0.34043003960420470  0.35071595052959409  0.36139828450745898
  0.37223094856249100  0.38295052967806809  0.39339810469184444  0.40320102618540060
  0.41314195919651975  0.42324168653836913  0.43344502200317520  0.44332863288139213
  0.45309560217989447  0.46307907968136441  0.47286355193410889  0.48224428594652269
  0.49141617136165311  0.50096102584850632  0.51072836642385733  0.52035878362934229
  0.52969651126647843  0.53895258194758489  0.54862734992099593  0.55861386617105202
  0.56871187781051480  0.57902434674665026  0.58922035111523441  0.59895544940429335
  0.60836785138142391  0.61793282442272324  0.62786610948301846  0.63774752529842593
  0.64721968018201081  0.65652201014830847  0.66592210416439401  0.67590566175762756
  0.68618648618528377  0.69588303611908853  0.70565811403095835  0.71480750958040196
  0.72404392244059113  0.73334158600144794  0.74254800795116405  0.75176259117772726
  0.76098698997138037  0.77064373306026446  0.78134298356821497  0.79237757604358772
  0.80315582679803998  0.81367959724523753  0.82401766455361225  0.83442675198977601
  0.84474765208616409  0.85515761023792058  0.86560862629946023  0.87619606806303929
  0.88702169638559558  0.89732261606333874  0.90659905444855959  0.91551216772873245
  0.92457578469102653  0.93365850953146834  0.94213882557262563  0.95031203616257953
  0.95816605311712233  0.96572118391695394  0.97079028818974555  1.00000000000000000
  0.02366887432819167  0.03392910363292015  0.04509151925420248  0.05601538791907583
  0.06664245121399970  0.07751810650918310  0.08862836988100727  0.10040690869342975
  0.11176676149453353  0.12290997101671645  0.13300574747107596  0.14325733799855836
  0.15359709195589152  0.16438489361795228  0.17561276153441122  0.18673228459721739
  0.19729548781836029  0.20761393038131182  0.21785096593809397  0.22820739259639253
  0.23815074185051269  0.24784731504489016  0.25810073354498908  0.26831825252680874
  0.27854677584790644  0.28898443577302924  0.30047664121477424  0.31244817374790340
  0.32405362713874980  0.33526139561186269  0.34623522632158010  0.35691173109384888
  0.36731943285698637  0.37755784707183870  0.38752559846653406  0.39725604256955066
  0.40685111967457255  0.41655938720900865  0.42670110790430471  0.43670040643136926
  0.44600059181671331  0.45529638021095659  0.46492881112174550  0.47466523907959202
  0.48426148874181663  0.49345621576762205  0.50275633340720727  0.51280650478255885
  0.52321667771853064  0.53375863554858893  0.54435356835652937  0.55488171520423035
  0.56544849793008356  0.57611068083051620  0.58685132955038755  0.59760049156519335
  0.60813661069140812  0.61845837335122822  0.62873512409384125  0.63889638614529332
  0.64896672088280993  0.65901035380213269  0.66925477961330959  0.67954404220629572
  0.68955355585950662  0.69924262803568848  0.70906709745019503  0.71949191996486439
  0.73018991865777594  0.74060133071812262  0.75057264302224058  0.76049199991527128
  0.77032440223509868  0.78004358706305787  0.78958045590852211  0.79927558070931926
  0.80917257229417849  0.81905825208229266  0.82869083812052202  0.83833281551370731
  0.84835199204949496  0.85906567966935266  0.87013709776445769  0.87988889436342532
  0.88798515192549832  0.89625936090053782  0.90435460811639423  0.91258084842859832
  0.92087891581071746  0.92898711333310957  0.93615814577593637  0.94537969745969652
  0.95528179166315930  0.96512184045101446  0.97118500854696022  1.00000000000000000
  0.00855554773532410  0.01704631298270697  0.02827094476608698  0.04019911180520822
  0.05179703477837920  0.06294805314921453  0.07318846769805637  0.08297933134804834
  0.09258424807839923  0.10237712542405714  0.11203812231442586  0.12166554389905977
  0.13172389486650574  0.14177988188961460  0.15233951216830111  0.16380612706646022
  0.17478832553079085  0.18525651875647572  0.19527535865260626  0.20557581426855864
  0.21657191529399175  0.22790286436828031  0.23849536200525889  0.24891974149145021
  0.25956405521067283  0.27074888433226696  0.28160790342724001  0.29274683988041900
  0.30373917901464531  0.31491799825818667  0.32520209857316063  0.33632014086835482
  0.34800879897345632  0.36037931090827741  0.37258638979744374  0.38428154968296629
  0.39530072908464098  0.40559152036619422  0.41556637124624535  0.42550212549922345
  0.43534807012451610  0.44542130320944046  0.45557548630229544  0.46613339011194826
  0.47699286777584904  0.48749361282083137  0.49803446639265958  0.50847890287721353
  0.51919274200235521  0.52972274476293502  0.54011995876488894  0.55009640262664727
  0.55970485490157340  0.56905347573040554  0.57830494719089576  0.58773922873929207
  0.59744173116282084  0.60715373260061778  0.61677075132307180  0.62617112218930238
  0.63569823030349337  0.64600276625623487  0.65760872659340519  0.66927862676516559
  0.68044592292021377  0.69150710408031357  0.70216377804244590  0.71199863573702915
  0.72137286812977108  0.73114129527673732  0.74136838075456757  0.75148658338902763
  0.76115898984677133  0.77051199764429157  0.77970635470332506  0.78901980871222432
  0.79849346569429258  0.80777191725191788  0.81713199660674884  0.82695478446209192
  0.83762731818978498  0.84914277057468734  0.86079517060613919  0.87205778589576022
  0.88327385822369942  0.89481047801154634  0.90619208202388168  0.91760574861314359
  0.92927972545701465  0.94088526341317646  0.95127869070450544  0.96193873120706452
  0.97238331269409373  0.98247792130584277  0.99146404112603015  1.00000000000000000
  0.00262430899952370  0.01498115351560836  0.02865437485121063  0.04168966918937506
  0.05424360988532577  0.06624795577909715  0.07743439576066599  0.08811932532038437
  0.09888841846578586  0.10944651766730086  0.12014859038078567  0.13078935196627656
  0.14140590274916948  0.15214474729955707  0.16226116378159886  0.17208539592975214
  0.18153967889404701  0.19116904987793601  0.20092940516702235  0.21074496692652983
  0.22021161468349174  0.22941202886859360  0.23858165336497697  0.24826582590470031
  0.25821589165091058  0.26786492225981628  0.27742798305932620  0.28694237170928905
  0.29695735488494729  0.30756067482605476  0.31872379248056815  0.33007019875301247
  0.34142166507059352  0.35261370470668191  0.36349194941931795  0.37428911313977764
  0.38548788992363830  0.39666123473984327  0.40708480913018080  0.41731725005921427
  0.42803417534969784  0.43909892953949270  0.45036340213581161  0.46180426002846986
  0.47366479352458229  0.48566631464826920  0.49737320570923627  0.50873461293204181
  0.52008525084816448  0.53186529454183118  0.54362618323316159  0.55490724650935896
  0.56590011988018019  0.57713014069196777  0.58838871809727955  0.59954148326093437
  0.61043404074885887  0.62130562785205079  0.63235601748947357  0.64349219650032319
  0.65433947572995255  0.66485958198156281  0.67522305213435885  0.68545529807245209
  0.69544305933154615  0.70545695012963650  0.71500622179415918  0.72416984731609879
  0.73324164467874919  0.74274798845832268  0.75266932203133941  0.76243637396790465
  0.77206154791778636  0.78207139139790371  0.79264291238079543  0.80348704141481342
  0.81440166431350913  0.82492905207859790  0.83507725815647549  0.84644326412385318
  0.85712262808549855  0.86801102070726399  0.87855489238653184  0.88888776197344332
  0.89902108777536849  0.90915324164621647  0.91894418207630613  0.92870645410710340
  0.93818035647735809  0.94764691416656377  0.95749748381768074  0.96723534630026720
  0.97660302964118040  0.98546461099409399  0.99240570455218924  1.00000000000000000
 -0.00082054472620836  0.00429442839667893  0.00763245948932585  0.01154126849783673
  0.01614966867354228  0.02145294015958796  0.02688023494091941  0.03291439797188334
  0.03920170317069335  0.04554803546192971  0.05194748568766140  0.05898411107299772
  0.06640656063239064  0.07393001275957345  0.08203791317568325  0.09043823247393334
  0.09899161825145578  0.10789194206836430  0.11707044528208840  0.12594254937599419
  0.13490617732148455  0.14414752067087927  0.15330488272271914  0.16245960999240083
  0.17185483467831822  0.18153569828093435  0.19124611508818828  0.20123912616427328
  0.21170287704923380  0.22247788143099373  0.23300000046119307  0.24317033470964342
  0.25332741112126100  0.26354485396006960  0.27365779926417488  0.28381781500893311
  0.29420919881077207  0.30500472016700864  0.31599509098632478  0.32694217165460665
  0.33792082171242288  0.34872613188314955  0.35930275489049879  0.37015855755540128
  0.38173446000192490  0.39384906073345222  0.40575856408996464  0.41754032477825276
  0.42951004687236843  0.44146094246866907  0.45340056235379550  0.46525623435670499
  0.47721882708019842  0.48900344885774594  0.50064561232644789  0.51215820902784648
  0.52353805912029627  0.53498721467416499  0.54632738199643793  0.55786645725025108
  0.56961370620321672  0.58171565491269406  0.59401426189726203  0.60630687602504929
  0.61932626106308142  0.63230172326653478  0.64502160047893797  0.65718449564222536
  0.66889102679380774  0.68059698699052040  0.69237217236094883  0.70394708828707697
  0.71534762856690925  0.72712909583108143  0.73932099270711660  0.75189438033594691
  0.76450285763279757  0.77689527490315646  0.78924968686660657  0.80140105806110873
  0.81373160472090300  0.82604301876473096  0.83853706945367501  0.85123168614695799
  0.86358369563933723  0.87586796686162749  0.88823475178190037  0.90078745691456419
  0.91375323030962285  0.92674266060743793  0.93958620594149223  0.95211289898839191
  0.96425525984689486  0.97623157211820732  0.98822201789162922  1.00000000000000000
 -0.00236677936718746  0.00935340586654166  0.01957264191541964  0.03016698625885618
  0.04069393642406385  0.05173899779982344  0.06317645731292280  0.07471582485422701
  0.08650426662749335  0.09808341015267519  0.10896553371149210  0.11927736046068194
  0.12986644288655366  0.14113106257319952  0.15239025476543572  0.16339350891367624
  0.17449829571288103  0.18571363299173183  0.19657634640160551  0.20731092010966867
  0.21805853992508870  0.22888713861472765  0.23957581108627987  0.25041166575515561
  0.26170577311841847  0.27309146343524898  0.28429885742724359  0.29548926738029796
  0.30651914658478985  0.31742739372244855  0.32821858900441636  0.33838444297852838
  0.34820254698892228  0.35804303256740116  0.36792859294786917  0.37801583554871365
  0.38862952801730505  0.39935077607256114  0.40995424846325823  0.42060495617744081
  0.43133972652298919  0.44202334248103059  0.45233779074318831  0.46278168832861422
  0.47375531446033459  0.48514024457521504  0.49621576611524915  0.50627158073365386
  0.51604776715398482  0.52623253913834667  0.53629599385731919  0.54580622097642695
  0.55509123231245272  0.56531969799358972  0.57667734430203021  0.58767359775302797
  0.59827710751415142  0.60865532543262224  0.61838691381803190  0.62756333000374298
  0.63631549560547174  0.64509260521258893  0.65411104053724001  0.66337211298196208
  0.67328591326083520  0.68374465543742935  0.69448174083595016  0.70512488953447972
  0.71524785923234069  0.72514810257045459  0.73536335452895396  0.74526748230418627
  0.75534134392801999  0.76517626085674439  0.77641664556299128  0.78837310375184466
  0.80037827244353432  0.81157826673335420  0.82179571662334672  0.83174299557271547
  0.84251246351478670  0.85370694727500485  0.86437952876072321  0.87450840681530495
  0.88516685284762120  0.89624995359381110  0.90728112284535423  0.91798606380802394
  0.92850792420993233  0.93904645405052267  0.95014925901409109  0.96121329287223312
  0.97170719852133036  0.98183891920111432  0.99118135690482523  1.00000000000000000
 -0.00285056630668737  0.01017304562511499  0.02138538080108911  0.03199774217060250
  0.04199496973540370  0.05164744316814418  0.06139016960114180  0.07097533064716763
  0.08005400772341938  0.08937608989097658  0.09922271588090642  0.10936482332244182
  0.11984245176191036  0.13042906754206174  0.14168016900450214  0.15322457780723864
  0.16439421862217654  0.17512325725222114  0.18509079737844339  0.19506058670773943
  0.20504014348948932  0.21581307746247871  0.22708164269531295  0.23797908180539012
  0.24870134719016865  0.25980499048421646  0.27091122312679072  0.28061876222516291
  0.29006287267974290  0.29938296839794576  0.30877416850087497  0.31851501901648549
  0.32860717831806974  0.33880714766085063  0.34903687928614802  0.35941321948096716
  0.37023701535122833  0.38117976453957447  0.39208208582021237  0.40323361326683532
  0.41495027492543646  0.42703186350434075  0.43938213809724946  0.45125215185027079
  0.46301200675417953  0.47487846934082745  0.48683399371459912  0.49832149624812799
  0.50949001714907216  0.52064176624339809  0.53177239189744219  0.54257732900105660
  0.55271310150243946  0.56250629832871057  0.57256692840011203  0.58281042060633570
  0.59288832744248421  0.60327197654888676  0.61398587732960441  0.62441664835634825
  0.63424713960640278  0.64365458882022109  0.65371113469811404  0.66427964385649929
  0.67540563982184854  0.68655199840213998  0.69768647957667984  0.70839378985582524
  0.71846369978480806  0.72854127226917875  0.73896562335081029  0.74970038988399812
  0.76030949850431429  0.77008663331335037  0.78018861922590521  0.79044991685965016
  0.80087341500019271  0.81124908803767692  0.82160186553023340  0.83227302628420152
  0.84333318479690988  0.85415830249924174  0.86436017333640636  0.87437383024863435
  0.88442239897479891  0.89431265323671338  0.90416900819853840  0.91404786911920610
  0.92499410913700175  0.93662994324469662  0.94703169112968311  0.95760165398158348
  0.96860861972278245  0.97988720537831697  0.98996298753460843  1.00000000000000000
 -0.00198660228329829  0.00904422904464187  0.01809099763159882  0.02791474650742509
  0.03822657195303602  0.04901749639443385  0.06009719175318407  0.07041752926258546
  0.08100798963057187  0.09043999843872086  0.10046871994924904  0.11100214542708858
  0.12124277695388855  0.13076892083300018  0.13953922478836878  0.14903300515462301
  0.15963336976618056  0.17063100867029823  0.18094461064874262  0.19139495184854546
  0.20260673068635379  0.21377910015284884  0.22425741973599367  0.23409715708036705
  0.24363799264989017  0.25327605171430106  0.26305368487954339  0.27312322248245857
  0.28341273277025480  0.29353008945570963  0.30352736137873898  0.31354560343522064
  0.32353927854720110  0.33325317933256188  0.34274452016688517  0.35233096610060055
  0.36244022132856402  0.37221250157657382  0.38257052292223959  0.39235379919635199
  0.40412356504469249  0.41553100606167720  0.42594666785751140  0.43599096354986699
  0.44643488902768413  0.45709509661110270  0.46772091787904702  0.47792155308362244
  0.48846259226051997  0.49959994104385103  0.51087289909879419  0.52218044674965458
  0.53258352213987725  0.54284341177083406  0.55276973477760460  0.56328212717006110
  0.57421402207768557  0.58474495697972584  0.59515207581792062  0.60584033444332208
  0.61799216381267841  0.62985624604239920  0.64197622986069103  0.65458033506464741
  0.66688369399806158  0.67835222070373780  0.68927328843900937  0.70008298676612557
  0.71066338102699356  0.72073842412898115  0.73064612260718131  0.74071960823027050
  0.75087580881949667  0.76092889126647500  0.77085155540328965  0.78083489204448708
  0.79099717867923847  0.80152944412823468  0.81253364822884233  0.82389545426172972
  0.83560276118726329  0.84755596346559836  0.85949807436801373  0.87115728739691156
  0.88241745184646736  0.89337922166291261  0.90423882343262640  0.91555812685769744
  0.92708745245219015  0.93851724780878953  0.94898987314723493  0.95882690691727801
  0.96955548083410814  0.97995543175800848  0.99036489583045095  1.00000000000000000
 -0.00248596784036554  0.01004159107038043  0.02054500614532547  0.02989727080630393
  0.03929801001267417  0.04845915181027992  0.05763748702647474  0.06706375291815118
  0.07650833487628390  0.08612383269873385  0.09636088779265491  0.10673936496518456
  0.11727063190514654  0.12811972953333467  0.13921824035903074  0.14999921812884751
  0.16010101405684754  0.17012866694053660  0.18058572087826083  0.19134440014071055
  0.20246138623371704  0.21378227472568614  0.22485001487167550  0.23543675035311407
  0.24601047134014878  0.25661378029287418  0.26697384652570871  0.27743677770840186
  0.28799708651976297  0.29858950931651523  0.30869874979203016  0.31859012425194738
  0.32856818113034186  0.33874999360453539  0.34896688888337724  0.35932305279588467
  0.36997130629098751  0.38120239776051879  0.39264848832903693  0.40401477018789067
  0.41537981923261491  0.42684942493575018  0.43807626650712894  0.44891561511955375
  0.45949589545927078  0.46963936118418859  0.48024732999095382  0.49092055963802644
  0.50140006452061425  0.51200351607908712  0.52255940478488982  0.53375728710017445
  0.54490166304738596  0.55612390161738179  0.56760615512736778  0.57955150529641619
  0.59001745032993846  0.60039383787915646  0.61072130171203176  0.62033138539300570
  0.63012507776714266  0.63976532488294424  0.64978071077952360  0.65994775956725482
  0.67006349169018675  0.67999239000064804  0.69007184079465200  0.70041337645993296
  0.71057351172614014  0.72042745931123497  0.73051171539655235  0.74110713668455475
  0.75163561613076557  0.76221182019207101  0.77294292448013180  0.78388410196438651
  0.79506018522232014  0.80613874823419973  0.81727067266585518  0.82825636343878617
  0.83941423485099131  0.85175006516141061  0.86326740620454490  0.87478618982546930
  0.88530700026094156  0.89605389472057795  0.90653147426195024  0.91681867958587338
  0.92699633946056204  0.93784743872025100  0.94872524872915565  0.95929340389197748
  0.96927080298290647  0.97946458580890972  0.98968277579952479  1.00000000000000000
 -0.00215532339788701  0.00899802016751390  0.01947700628325360  0.03061855979701775
  0.04192373859970295  0.05287073021160926  0.06377060821023776  0.07495999219661527
  0.08608218507839348  0.09680230739695435  0.10774226282354554  0.11918812878601374
  0.12985282091688749  0.13986947420357557  0.14990183893433992  0.15995688874796118
  0.16952690831266762  0.17911712497356733  0.18918130695543983  0.20030304585283620
  0.21123768138956628  0.22137190685416488  0.23165058557261259  0.24242887594061890
  0.25339534986957979  0.26463385573429465  0.27593332025227052  0.28698470728644698
  0.29781322407317001  0.30857558920692729  0.31919856219546222  0.32972912527554871
  0.33996075901048534  0.35014763696207291  0.36036646233343089  0.37040085174537368
  0.38059524506330539  0.39072012131713252  0.40181611287975444  0.41295648684994307
  0.42342138499957688  0.43374872084271360  0.44404102721027655  0.45470367057072841
  0.46439387576524427  0.47373345371690528  0.48282301107066150  0.49255397646890675
  0.50235138285455494  0.51215163917359574  0.52189712785915465  0.53286007908855404
  0.54407466418857797  0.55491429947330217  0.56573205292143303  0.57568986162276492
  0.58668155475078032  0.59768305858760817  0.60896791437302822  0.61996410604221774
  0.63151000699072357  0.64323751543133179  0.65516761927208722  0.66706835490434324
  0.67843376539145872  0.68962192823756363  0.70041565409363882  0.71131030623496050
  0.72213559392035143  0.73306490069852903  0.74412291322386359  0.75514422299434059
  0.76602041232798590  0.77666950134798052  0.78717715501188379  0.79751676879059064
  0.80774777428205558  0.81744483943855339  0.82671224596021631  0.83607812536015036
  0.84584265894807109  0.85628574326966411  0.86690815764637674  0.87829849001074389
  0.88987785420662813  0.90114612043508002  0.91243115603930636  0.92405674692538886
  0.93523154562029231  0.94518490265695376  0.95468319052090356  0.96424710997796548
  0.97367223618331111  0.98284715910027542  0.99158828575930291  1.00000000000000000
 -0.00118019095049681  0.00400734570042894  0.00908907813815017  0.01407853618231371
  0.01908596905604857  0.02419809304923818  0.02948447748234808  0.03496562556004716
  0.04045121471940374  0.04565387734825004  0.05065305076051164  0.05552140861402169
  0.06035009789120222  0.06530211170438208  0.07051585486092928  0.07599271346398789
  0.08157518141001059  0.08735180049545480  0.09324555823533107  0.09883599251819350
  0.10450546182054243  0.11041068400275156  0.11644713958141105  0.12273130859368395
  0.12889995547046756  0.13521470282578382  0.14174138855895518  0.14808208451870825
  0.15405188112037693  0.15982391277127347  0.16566033362901766  0.17172333137485249
  0.17788859883444205  0.18415869361353751  0.19059289239081545  0.19724887834580712
  0.20406290049349804  0.21101813134277694  0.21859230042687083  0.22664327139659973
  0.23468262401075859  0.24252369556086173  0.25033385621331555  0.25814856471395381
  0.26615531948433935  0.27407534651846238  0.28155134627550854  0.28901756173635762
  0.29673158503026364  0.30450329667951165  0.31268864368697707  0.32107406358738771
  0.32959541585108704  0.33844746463403219  0.34778575763228292  0.35759162337863210
  0.36759007593476528  0.37801571303507836  0.38863761168518518  0.40004843962288550
  0.41161297290676729  0.42242251902157213  0.43310383134165709  0.44431801448216129
  0.45590580225330840  0.46725510623059419  0.47864980020136821  0.49090024726192827
  0.50348603299550321  0.51588085824766672  0.52792142491300575  0.54046381196400617
  0.55456290208833259  0.57073193980304882  0.58649181431399755  0.60187758306349248
  0.61521607965958669  0.62882622720546011  0.64259555275491331  0.65739528633811461
  0.67354003765917991  0.69024962033264603  0.70685140892681564  0.72446483004224749
  0.74430778829813116  0.76445494911653999  0.78510295930480589  0.80684312754452925
  0.82924249382345327  0.85256523138287155  0.87714813394944235  0.90295075577659034
  0.92903605771765596  0.95405621101187466  0.97795603217552585  1.00000000000000000
 -0.00257511084312823  0.01025541862191592  0.02110789397063741  0.03197850255731620
  0.04246597968687692  0.05312638572608427  0.06362554208181091  0.07407573871658468
  0.08441838757460460  0.09464377667741480  0.10520792382165993  0.11601713111250248
  0.12676029321376397  0.13701742759772867  0.14729033020934884  0.15758846949632055
  0.16776143987943856  0.17754461236519820  0.18685352228426760  0.19677474441009679
  0.20676125190393446  0.21736056861509651  0.22832035706730749  0.23971308160810639
  0.25135081670248077  0.26233344045744211  0.27323848994289063  0.28382250320286645
  0.29479679454247021  0.30502886200290691  0.31599234176205909  0.32687961924843428
  0.33772882364294510  0.34865254526502093  0.35935952019573414  0.37013064667260653
  0.38091317264314256  0.39133637011910993  0.40160461682824894  0.41182207609922816
  0.42128009107574893  0.43040837410893323  0.43960175591904649  0.44830754569247599
  0.45706948882454040  0.46596788443753689  0.47482393489183183  0.48412805479669940
  0.49362234903831470  0.50344727570901437  0.51392422941979365  0.52428434923112954
  0.53413477864316261  0.54432833762574329  0.55541246783958409  0.56700193534866017
  0.57842824011549143  0.58946144154588764  0.60000254665061103  0.61008400546830344
  0.61983190366808594  0.62986284404501458  0.64017170949083024  0.65059242291928043
  0.66076374660161552  0.67070014183456950  0.68074672585936424  0.69082112120685202
  0.70094866735418004  0.71129823562248784  0.72217529594457452  0.73343282732161574
  0.74518977606598646  0.75692945237370080  0.76822801924479878  0.77929946077735490
  0.78976184166868668  0.80010999802045868  0.81024872967994377  0.82068961296418785
  0.83152148808098270  0.84266542039703074  0.85437053812802732  0.86623299262007691
  0.87789463826821745  0.88904893329498824  0.89990806422727676  0.91026635695272384
  0.92039167488942031  0.93081813467108532  0.94159290315805766  0.95272416815928018
  0.96391328472831173  0.97620562317723247  0.98802232917422406  1.00000000000000000
 -0.00407463028316617  0.01933799673484726  0.03666588882827242  0.05318463117466700
  0.06932333676703142  0.08454735086921063  0.09861846681591313  0.11180810379844271
  0.12439878012617862  0.13677574096301362  0.14919224664048478  0.16171193858174471
  0.17443407056369931  0.18614812510972739  0.19592794076980546  0.20489740251299046
  0.21349339380365068  0.22240763687259588  0.23139200604797519  0.24025750606795321
  0.24877745925270625  0.25788293125365724  0.26728186393352954  0.27687940545877177
  0.28685861208879182  0.29671664750808763  0.30650153540258163  0.31666622040714165
  0.32671693201154661  0.33665494988361405  0.34592266751221251  0.35520325124233637
  0.36451673365212134  0.37383096560438767  0.38285541448165256  0.39180442522048209
  0.40115222032308151  0.41063520242917745  0.41969295847513799  0.42829661078566977
  0.43665587083883250  0.44481490418927533  0.45287567234348725  0.46099571121125332
  0.46883427753609125  0.47664564567846279  0.48462227263398833  0.49261060075170798
  0.50058704848208846  0.50861559574682058  0.51681100558065973  0.52498943255434627
  0.53316656153611242  0.54140639447830807  0.54960623647575524  0.55778502129189278
  0.56589131075806998  0.57427051677809893  0.58299054530708361  0.59203254628867774
  0.60139523608890277  0.61084333503157806  0.62052755083205247  0.62987033276306659
  0.63851420030186645  0.64732180295474073  0.65641091620908443  0.66532452021338917
  0.67368037914886192  0.68167522912260603  0.68996956451394109  0.69879812312779399
  0.70777660391726260  0.71665136197562462  0.72532819469730547  0.73483338823031608
  0.74544539981449731  0.75624190776102473  0.76682910731408394  0.77785258664408730
  0.78915549172413391  0.80065107288816839  0.81232842820405005  0.82413594187179251
  0.83622982675155921  0.84870341333715238  0.86153893305162510  0.87424953819147999
  0.88643609164432247  0.89866770506610272  0.91165264766884002  0.92518709328295423
  0.93969437686638912  0.95630869790328621  0.97511419925549447  1.00000000000000000
 -0.00276356960637897  0.01038858890503285  0.02158937993440076  0.03252872705309489
  0.04298786718134067  0.05345442403814950  0.06367902202919219  0.07381516945773370
  0.08419718152837095  0.09481312606173319  0.10571691827810123  0.11656278489712381
  0.12746305285106183  0.13848370725671452  0.14954626953902991  0.16062602116659205
  0.17176038344405101  0.18294187222560895  0.19401493512652204  0.20497318867564229
  0.21601164572608897  0.22720651344934950  0.23863091234008682  0.24989445463864129
  0.26054163706889738  0.27102725115477699  0.28155539730080786  0.29213709914965991
  0.30273312604624708  0.31344007563285459  0.32461406366383450  0.33576948122718475
  0.34670969190161072  0.35696776306045164  0.36684914369373794  0.37635607546483191
  0.38586598354270413  0.39585279759736997  0.40594054080581066  0.41611381942099551
  0.42652558555931241  0.43718800954488984  0.44774971255492729  0.45815437537740455
  0.46826235899151902  0.47829125218457930  0.48824356545743608  0.49824927538351249
  0.50848898010192400  0.51910600395588180  0.53046788399454992  0.54215422067477947
  0.55309975594502125  0.56332519635327372  0.57357045578359478  0.58425194779567957
  0.59572024831427073  0.60697547164334564  0.61717155765755094  0.62697651923150877
  0.63613746992097442  0.64528246368282471  0.65406328460959107  0.66287461881446319
  0.67254558432502709  0.68303444417032400  0.69349260521750578  0.70367680515432562
  0.71371364276853444  0.72374470756260678  0.73413367309930977  0.74470443598608638
  0.75580437258355060  0.76718229940999572  0.77805839959064726  0.78876680051169035
  0.79944766871538819  0.81035985429554525  0.82111811635317833  0.83190594487755953
  0.84242391106877301  0.85318519746654353  0.86344204973898797  0.87399735591589145
  0.88500906299030691  0.89567208689682698  0.90636546144749597  0.91711040139717070
  0.92711626243009948  0.93728335895036063  0.94764209410307876  0.95808246531718622
  0.96852805440701195  0.97836616085659811  0.98954052833430850  1.00000000000000000
  0.03797424109026596  0.19700178270322999  0.25691620243434460  0.29817650407265550
  0.33198822742471173  0.36249889989223300  0.38863937285037697  0.41249988259829606
  0.43398468169148019  0.45249109971469620  0.46898181573070458  0.48457363426289390
  0.49991017413707606  0.51419764857874761  0.52776275930559302  0.54075446933125471
  0.55308640256694264  0.56486049647151426  0.57633705221841214  0.58721321384871539
  0.59763237895039834  0.60760833949105519  0.61699491597956435  0.62584659014171928
  0.63427691011272347  0.64263931960033249  0.65090191380905749  0.65919988487205372
  0.66733367344002614  0.67494046119779716  0.68199934072338098  0.68882772216502719
  0.69565481359574355  0.70244039749561638  0.70902340611562342  0.71544767354252348
  0.72179525119489629  0.72796094218619967  0.73382223945949920  0.73943849588405308
  0.74494252807284311  0.75041498428178022  0.75587025888647996  0.76123050244211410
  0.76643524625205528  0.77152046709000299  0.77641862950223695  0.78134986747601443
  0.78623975256198064  0.79103773378069431  0.79556068159180071  0.80012226489739713
  0.80453972042278743  0.80884284020811770  0.81304589695229745  0.81700307969790797
  0.82092469673357249  0.82483402590678978  0.82864751148170035  0.83239880814698308
  0.83624056973210015  0.84022936270482973  0.84417600077758659  0.84802229039894816
  0.85184268479309500  0.85565376154809214  0.85946753579852220  0.86320685155047761
  0.86681390022170868  0.87040563059115728  0.87404121167203830  0.87771304209094925
  0.88140725235070239  0.88525826154674303  0.88913320834657328  0.89299358192000799
  0.89679477749274483  0.90052545757512015  0.90420807774134426  0.90789589032657392
  0.91160250186068470  0.91532442787460877  0.91911799723101528  0.92291780333183704
  0.92697382507828718  0.93103298535120860  0.93501484566441739  0.93896550126570832
  0.94296295852705647  0.94714825085313348  0.95167646166686526  0.95663273785452918
  0.96231738726449811  0.96910511829332058  0.97887311248853415  1.00000000000000000
 -0.03085861477801535  0.17260719659742352  0.23539156273037090  0.27279847294737153
  0.29877982731688013  0.31832809004836382  0.33496929012863341  0.34970104906037758
  0.36252401831779885  0.37403340393262702  0.38476192695681799  0.39489005757717788
  0.40428841955860395  0.41302442126001249  0.42147456144206247  0.42952292815447929
  0.43735164993530534  0.44488816611161519  0.45228680007190170  0.45964774970796479
  0.46687775198285775  0.47372830075911393  0.48022397440469811  0.48655988290432417
  0.49284006477012021  0.49909080163303571  0.50520053552057420  0.51112792925416706
  0.51694755396479153  0.52250256555314067  0.52779462938955801  0.53277890719454557
  0.53765131133870092  0.54238547178189078  0.54704526525057395  0.55179560124759253
  0.55668523458553676  0.56160691674007157  0.56651160951466328  0.57116887096830216
  0.57589015632407181  0.58059717735547844  0.58557026307796844  0.59071123364779210
  0.59569744099540078  0.60050531248829486  0.60518674742727907  0.60957438291754429
  0.61368208935544555  0.61770727342674003  0.62171627478314362  0.62583978248949168
  0.63003548288846445  0.63427285943337985  0.63854266148536476  0.64284221721242885
  0.64721131772910900  0.65153909302696844  0.65593722900924301  0.66030057240187712
  0.66450455439825162  0.66883693669059729  0.67341355368437306  0.67787768539476467
  0.68229553337611604  0.68665127409849513  0.69116797912905692  0.69593451043420551
  0.70090765792436183  0.70595430786513524  0.71099548700641746  0.71596755755183605
  0.72089326348265748  0.72581400523161965  0.73079053944405326  0.73587238986858361
  0.74094382260051317  0.74593957946901335  0.75099399410201040  0.75627676245027009
  0.76180023282652554  0.76750872427823791  0.77356340426560377  0.78033497716491029
  0.78746589695882863  0.79527211013099497  0.80364787588941322  0.81166787637411475
  0.81992452422578566  0.82882318839618796  0.83912141785977901  0.85129910666511110
  0.86689883462129946  0.88605338322167904  0.91540771870791493  1.00000000000000000
   8.2156605680372121E-011  -1.0000000000000000     
 F F F F F F F F F F F F F F F F F F F F F F F F F F F F F F F F F F F F F F F F F F F F F F F F F F F F F F F F F F F F F F F F F F F F F F F F F F F F F F F F F F F F F F F F F F F F F F F F F F F F F F F F F F F F F F F F F F F F F F F F F F F F F F F F F F F F F F F F F F F F F F F F F F F F F F F F F F F F F F F F F F F F F F F F F F F F F F F F F F F F F F F F F F F F F F F F T F F T F F F F F F F F T F F T F F F F F F F F F F F F F F F F F F F F F F F F F F F F F F F F F F F F F F F F F F F F F F F F F F F F F F F F F F F F F F F F F F F F F F F F F F F F F F F F F F F F F F F F F F F F F F F F F F F F F F F F F F F F F F F F F F F F F F F F F F F F F F F F F F F F F F F F F F F F F F F F F F F F F F F F F F F F F F F F F F F F F F F F F F F F F F F F F F F F F F F F F F F F F F F F F F F F F F F F F F F F F F F F F F F F F F F F F F F F F F F F F F F F F F F F F F F F F F F F T F F T F F F F F F F F T F F T F F F F F F F F F F F F F F F F F F F F F F F F F F F F F F F F F F F F F F F F F F F F F F F F
  <DiscreteSampler_grid>
  grouped_processes
  1 # 1 for a reference and 2 for a running grid.
  10 # Attribute 'min_bin_probing_points' of the grid.
  1 # Attribute 'grid_mode' of the grid. 1=='default',2=='initialization'
  0.0000000000000000 # Attribute 'small_contrib_threshold' of the grid.
  0.5000000000000000 # Attribute 'damping_power' of the grid.
 # binID   n_entries weight   weight_sqr   abs_weight
    199   10   2.269126565941559E-001   4.654785567679302E-001   2.269126565941559E-001
    200   10   2.269126565941824E-001   4.654785567680337E-001   2.269126565941824E-001
    202   10   2.269126565941559E-001   4.654785567679302E-001   2.269126565941559E-001
    203   10   2.269126565941824E-001   4.654785567680337E-001   2.269126565941824E-001
    205   10   2.824493233491470E-001   7.197840613666247E-001   2.824493233491470E-001
    206   10   2.824493233491788E-001   7.197840613667770E-001   2.824493233491788E-001
    208   10   2.824493233491470E-001   7.197840613666247E-001   2.824493233491470E-001
    209   10   2.824493233491788E-001   7.197840613667770E-001   2.824493233491788E-001
    211   10   1.218772320568705E-002   1.342849689992934E-003   1.218772320568705E-002
    212   10   1.218772320568843E-002   1.342849689993222E-003   1.218772320568843E-002
    214   10   1.218772320568705E-002   1.342849689992934E-003   1.218772320568705E-002
    215   10   1.218772320568843E-002   1.342849689993222E-003   1.218772320568843E-002
    217   10   1.517065739867444E-002   2.076490505554949E-003   1.517065739867444E-002
    218   10   1.517065739867609E-002   2.076490505555371E-003   1.517065739867609E-002
    220   10   1.517065739867444E-002   2.076490505554949E-003   1.517065739867444E-002
    221   10   1.517065739867609E-002   2.076490505555371E-003   1.517065739867609E-002
    223   10   1.218772320568705E-002   1.342849689992934E-003   1.218772320568705E-002
    224   10   1.218772320568843E-002   1.342849689993222E-003   1.218772320568843E-002
    226   10   1.218772320568705E-002   1.342849689992934E-003   1.218772320568705E-002
    227   10   1.218772320568843E-002   1.342849689993222E-003   1.218772320568843E-002
    229   10   1.517065739867444E-002   2.076490505554949E-003   1.517065739867444E-002
    230   10   1.517065739867609E-002   2.076490505555371E-003   1.517065739867609E-002
    232   10   1.517065739867444E-002   2.076490505554949E-003   1.517065739867444E-002
    233   10   1.517065739867609E-002   2.076490505555371E-003   1.517065739867609E-002
    235   10   2.269126565941559E-001   4.654785567679302E-001   2.269126565941559E-001
    236   10   2.269126565941824E-001   4.654785567680337E-001   2.269126565941824E-001
    238   10   2.269126565941559E-001   4.654785567679302E-001   2.269126565941559E-001
    239   10   2.269126565941824E-001   4.654785567680337E-001   2.269126565941824E-001
    241   10   2.824493233491470E-001   7.197840613666247E-001   2.824493233491470E-001
    242   10   2.824493233491788E-001   7.197840613667770E-001   2.824493233491788E-001
    244   10   2.824493233491470E-001   7.197840613666247E-001   2.824493233491470E-001
    245   10   2.824493233491788E-001   7.197840613667770E-001   2.824493233491788E-001
    247   10   1.218772320568703E-002   1.342849689992929E-003   1.218772320568703E-002
    248   10   1.218772320568846E-002   1.342849689993229E-003   1.218772320568846E-002
    250   10   1.218772320568703E-002   1.342849689992929E-003   1.218772320568703E-002
    251   10   1.218772320568846E-002   1.342849689993229E-003   1.218772320568846E-002
    253   10   1.517065739867443E-002   2.076490505554943E-003   1.517065739867443E-002
    254   10   1.517065739867614E-002   2.076490505555384E-003   1.517065739867614E-002
    256   10   1.517065739867443E-002   2.076490505554943E-003   1.517065739867443E-002
    257   10   1.517065739867614E-002   2.076490505555384E-003   1.517065739867614E-002
    259   10   6.546157414397296E-004   3.873959957328672E-006   6.546157414397296E-004
    260   10   6.546157414398043E-004   3.873959957329509E-006   6.546157414398043E-004
    262   10   6.546157414397296E-004   3.873959957328672E-006   6.546157414397296E-004
    263   10   6.546157414398043E-004   3.873959957329509E-006   6.546157414398043E-004
    265   10   8.148323500264100E-004   5.990425533281666E-006   8.148323500264100E-004
    266   10   8.148323500264991E-004   5.990425533282898E-006   8.148323500264991E-004
    268   10   8.148323500264100E-004   5.990425533281666E-006   8.148323500264100E-004
    269   10   8.148323500264991E-004   5.990425533282898E-006   8.148323500264991E-004
    271   10   6.546157414397296E-004   3.873959957328672E-006   6.546157414397296E-004
    272   10   6.546157414398043E-004   3.873959957329509E-006   6.546157414398043E-004
    274   10   6.546157414397296E-004   3.873959957328672E-006   6.546157414397296E-004
    275   10   6.546157414398043E-004   3.873959957329509E-006   6.546157414398043E-004
    277   10   8.148323500264100E-004   5.990425533281666E-006   8.148323500264100E-004
    278   10   8.148323500264991E-004   5.990425533282898E-006   8.148323500264991E-004
    280   10   8.148323500264100E-004   5.990425533281666E-006   8.148323500264100E-004
    281   10   8.148323500264991E-004   5.990425533282898E-006   8.148323500264991E-004
    283   10   1.218772320568703E-002   1.342849689992929E-003   1.218772320568703E-002
    284   10   1.218772320568846E-002   1.342849689993229E-003   1.218772320568846E-002
    286   10   1.218772320568703E-002   1.342849689992929E-003   1.218772320568703E-002
    287   10   1.218772320568846E-002   1.342849689993229E-003   1.218772320568846E-002
    289   10   1.517065739867443E-002   2.076490505554943E-003   1.517065739867443E-002
    290   10   1.517065739867614E-002   2.076490505555384E-003   1.517065739867614E-002
    292   10   1.517065739867443E-002   2.076490505554943E-003   1.517065739867443E-002
    293   10   1.517065739867614E-002   2.076490505555384E-003   1.517065739867614E-002
    295   10   1.218772320568703E-002   1.342849689992929E-003   1.218772320568703E-002
    296   10   1.218772320568846E-002   1.342849689993229E-003   1.218772320568846E-002
    298   10   1.218772320568703E-002   1.342849689992929E-003   1.218772320568703E-002
    299   10   1.218772320568846E-002   1.342849689993229E-003   1.218772320568846E-002
    301   10   1.517065739867443E-002   2.076490505554943E-003   1.517065739867443E-002
    302   10   1.517065739867614E-002   2.076490505555384E-003   1.517065739867614E-002
    304   10   1.517065739867443E-002   2.076490505554943E-003   1.517065739867443E-002
    305   10   1.517065739867614E-002   2.076490505555384E-003   1.517065739867614E-002
    307   10   6.546157414397296E-004   3.873959957328672E-006   6.546157414397296E-004
    308   10   6.546157414398043E-004   3.873959957329509E-006   6.546157414398043E-004
    310   10   6.546157414397296E-004   3.873959957328672E-006   6.546157414397296E-004
    311   10   6.546157414398043E-004   3.873959957329509E-006   6.546157414398043E-004
    313   10   8.148323500264100E-004   5.990425533281666E-006   8.148323500264100E-004
    314   10   8.148323500264991E-004   5.990425533282898E-006   8.148323500264991E-004
    316   10   8.148323500264100E-004   5.990425533281666E-006   8.148323500264100E-004
    317   10   8.148323500264991E-004   5.990425533282898E-006   8.148323500264991E-004
    319   10   6.546157414397296E-004   3.873959957328672E-006   6.546157414397296E-004
    320   10   6.546157414398043E-004   3.873959957329509E-006   6.546157414398043E-004
    322   10   6.546157414397296E-004   3.873959957328672E-006   6.546157414397296E-004
    323   10   6.546157414398043E-004   3.873959957329509E-006   6.546157414398043E-004
    325   10   8.148323500264100E-004   5.990425533281666E-006   8.148323500264100E-004
    326   10   8.148323500264991E-004   5.990425533282898E-006   8.148323500264991E-004
    328   10   8.148323500264100E-004   5.990425533281666E-006   8.148323500264100E-004
    329   10   8.148323500264991E-004   5.990425533282898E-006   8.148323500264991E-004
    331   10   1.218772320568703E-002   1.342849689992929E-003   1.218772320568703E-002
    332   10   1.218772320568846E-002   1.342849689993229E-003   1.218772320568846E-002
    334   10   1.218772320568703E-002   1.342849689992929E-003   1.218772320568703E-002
    335   10   1.218772320568846E-002   1.342849689993229E-003   1.218772320568846E-002
    337   10   1.517065739867443E-002   2.076490505554943E-003   1.517065739867443E-002
    338   10   1.517065739867614E-002   2.076490505555384E-003   1.517065739867614E-002
    340   10   1.517065739867443E-002   2.076490505554943E-003   1.517065739867443E-002
    341   10   1.517065739867614E-002   2.076490505555384E-003   1.517065739867614E-002
    343   10   2.269126565941559E-001   4.654785567679302E-001   2.269126565941559E-001
    344   10   2.269126565941824E-001   4.654785567680337E-001   2.269126565941824E-001
    346   10   2.269126565941559E-001   4.654785567679302E-001   2.269126565941559E-001
    347   10   2.269126565941824E-001   4.654785567680337E-001   2.269126565941824E-001
    349   10   2.824493233491470E-001   7.197840613666247E-001   2.824493233491470E-001
    350   10   2.824493233491788E-001   7.197840613667770E-001   2.824493233491788E-001
    352   10   2.824493233491470E-001   7.197840613666247E-001   2.824493233491470E-001
    353   10   2.824493233491788E-001   7.197840613667770E-001   2.824493233491788E-001
    355   10   1.218772320568705E-002   1.342849689992934E-003   1.218772320568705E-002
    356   10   1.218772320568843E-002   1.342849689993222E-003   1.218772320568843E-002
    358   10   1.218772320568705E-002   1.342849689992934E-003   1.218772320568705E-002
    359   10   1.218772320568843E-002   1.342849689993222E-003   1.218772320568843E-002
    361   10   1.517065739867444E-002   2.076490505554949E-003   1.517065739867444E-002
    362   10   1.517065739867609E-002   2.076490505555371E-003   1.517065739867609E-002
    364   10   1.517065739867444E-002   2.076490505554949E-003   1.517065739867444E-002
    365   10   1.517065739867609E-002   2.076490505555371E-003   1.517065739867609E-002
    367   10   1.218772320568705E-002   1.342849689992934E-003   1.218772320568705E-002
    368   10   1.218772320568843E-002   1.342849689993222E-003   1.218772320568843E-002
    370   10   1.218772320568705E-002   1.342849689992934E-003   1.218772320568705E-002
    371   10   1.218772320568843E-002   1.342849689993222E-003   1.218772320568843E-002
    373   10   1.517065739867444E-002   2.076490505554949E-003   1.517065739867444E-002
    374   10   1.517065739867609E-002   2.076490505555371E-003   1.517065739867609E-002
    376   10   1.517065739867444E-002   2.076490505554949E-003   1.517065739867444E-002
    377   10   1.517065739867609E-002   2.076490505555371E-003   1.517065739867609E-002
    379   10   2.269126565941559E-001   4.654785567679302E-001   2.269126565941559E-001
    380   10   2.269126565941824E-001   4.654785567680337E-001   2.269126565941824E-001
    382   10   2.269126565941559E-001   4.654785567679302E-001   2.269126565941559E-001
    383   10   2.269126565941824E-001   4.654785567680337E-001   2.269126565941824E-001
    385   10   2.824493233491470E-001   7.197840613666247E-001   2.824493233491470E-001
    386   10   2.824493233491788E-001   7.197840613667770E-001   2.824493233491788E-001
    388   10   2.824493233491470E-001   7.197840613666247E-001   2.824493233491470E-001
    389   10   2.824493233491788E-001   7.197840613667770E-001   2.824493233491788E-001
  </DiscreteSampler_grid>
