  0.00000040229697978  0.00000136398035058  0.00000237623274625  0.00000367805679174
  0.00000496066282207  0.00000639649052630  0.00000793168154940  0.00000947849606567
  0.00001103098268000  0.00001257652296785  0.00001406893867956  0.00001544805599429
  0.00001667468381924  0.00001771985340334  0.00001862708128591  0.00001949007566197
  0.00002032896469454  0.00002111926734794  0.00002189896911288  0.00002267779352457
  0.00002346673322198  0.00002427126428574  0.00002503225187582  0.00002574488076924
  0.00002643179601603  0.00002706716167448  0.00002771962279821  0.00002837209309396
  0.00002897093267196  0.00002948485598614  0.00002993412741312  0.00003033294853270
  0.00003070776924887  0.00003108540565843  0.00003146640752810  0.00003183316128614
  0.00003217280880494  0.00003247572439964  0.00003278097547757  0.00003308781401492
  0.00003341735984667  0.00003376470008743  0.00003411200170289  0.00003444734907912
  0.00003478194894986  0.00003514392278827  0.00003552556278993  0.00003583035199900
  0.00003606608133754  0.00003631228335486  0.00003660734626821  0.00003769178446559
  0.00005520140784483  0.00006282624308358  0.00006407287499751  0.00006497332360885
  0.00006586655138233  0.00006674131546574  0.00006757267536534  0.00006839563921917
  0.00006923129089878  0.00007011176163977  0.00007104303078869  0.00007199308425283
  0.00007303399415731  0.00007417731969329  0.00007542019730192  0.00007678323774222
  0.00007834818357384  0.00008014448227144  0.00008211724858626  0.00008441001536772
  0.00008670028008386  0.00008910691749650  0.00009196978782560  0.00009516670613056
  0.00009892845538163  0.00010309238609283  0.00010774128725001  0.00011315861947078
  0.00011976763424511  0.00012801959472013  0.00013886215589348  0.00015231385986542
  0.00017004206795525  0.00019470906801753  0.00022766363292543  0.00027385076289182
  0.00033947218742410  0.00042420222594499  0.00053784365125329  0.00068397814780888
  0.00087578154730975  0.00116131215118523  0.00158640812164548  1.00000000000000000
  0.02435459503512167  0.03082163919541729  0.03944541374187797  0.04867989822438259
  0.05791132576829079  0.06688327646182179  0.07552566276356605  0.08449686959215635
  0.09345317381602210  0.10304842294077957  0.11307887609225453  0.12331931942564361
  0.13428863195190058  0.14531372294916850  0.15515052787011629  0.16403631837714988
  0.17340486711350253  0.18386827534246875  0.19494177804218688  0.20674578805864938
  0.21959027928559793  0.23183320400373905  0.24259374180715443  0.25236447856640537
  0.26136734421684776  0.27010913960741834  0.27944650314183445  0.28882044058131529
  0.29929166526525663  0.30922405220346189  0.31741934361987129  0.32502680958617058
  0.33385770328901332  0.34304959230355764  0.35156146838642049  0.36006338689381745
  0.36833818526727624  0.37816299467512965  0.38978580568115112  0.40014899653594310
  0.40959562087497942  0.42012767197977063  0.43231320461506384  0.44554268491459331
  0.45770273360315433  0.46959442545336738  0.48113267715629243  0.49155633298342327
  0.50279322354851774  0.51563761946938025  0.52882957892425131  0.54171488620426367
  0.55463795993183374  0.56824758714071211  0.58134434677052149  0.59182705719062911
  0.60137153985871583  0.61062326465149508  0.62095635196111587  0.63167560775588061
  0.64232525437922794  0.65123755993229748  0.65900783893840631  0.66624973392789300
  0.67301731876940141  0.67936486039261290  0.68521992270203125  0.69179197868255593
  0.69971768979871185  0.71168128942456754  0.72550139120676838  0.73764645482253521
  0.74783891253018786  0.75766565433584243  0.76707057163509784  0.77664584844687556
  0.78842735569448552  0.80148995173936144  0.81327083188642069  0.82549525025697668
  0.83731998796398632  0.84960442445719020  0.86278512847244948  0.87532036514931544
  0.88583181363811703  0.89460437652585889  0.90208837785744567  0.90932928271457569
  0.91738046602158296  0.92754867372888905  0.93574014826138641  0.94521436254329916
  0.95528828014977751  0.96461056548410162  0.97142860507891116  1.00000000000000000
  0.00918844172335852  0.01722421897301932  0.02528237892660425  0.03524418431995577
  0.04569725632585957  0.05664385499377082  0.06801283317473590  0.08048733286563670
  0.09413326232771160  0.10950588050836582  0.11978139113543951  0.13061583724389200
  0.14101228035825081  0.15098838866274666  0.16069855274806061  0.17078988203722290
  0.18179665614648483  0.19381754439178020  0.20593323111957118  0.21704293590235296
  0.22765351969063141  0.23798431508101961  0.24954311951536598  0.26050635849884124
  0.27111329964432079  0.28164001242929554  0.29253637204870431  0.30411942972092137
  0.31585845287360520  0.32692699249272028  0.33785678279796955  0.34880779501383052
  0.35935386594979790  0.36964115118027069  0.38032849789531314  0.39189224296501551
  0.40410371897668840  0.41623841469976502  0.42898701991238597  0.44220079731922435
  0.45470313579026278  0.46637860926162927  0.47786749595225819  0.48947533748785527
  0.50221517772590107  0.51425521907077465  0.52522396216595535  0.53627683413020588
  0.54855429887900042  0.56200816462514669  0.57574823051377499  0.58808796824622644
  0.60010703008671495  0.61221232055119856  0.62634836934766069  0.63968275414126619
  0.65056843697576983  0.65858505425950098  0.66531061816387260  0.67251844077001921
  0.68064061032079337  0.68897195794271870  0.69678235876390848  0.70409880761928723
  0.71308040762912495  0.72353486691319535  0.73440481502824728  0.74521233763698758
  0.75507236896844543  0.76383476209267198  0.77235464162537149  0.78215458544880256
  0.79237846641622867  0.80179305083518537  0.81070664903049305  0.81908636317364591
  0.82805387376365636  0.83724621975425217  0.84759802121799366  0.85690055587607172
  0.86542419358508893  0.87464921133048990  0.88486947356609336  0.89477564344999372
  0.90331985745711452  0.91026735109098766  0.91829966564644683  0.92747090866791349
  0.93564183930563916  0.94422706278638857  0.95363888898138627  0.96375044972638257
  0.97263512753381265  0.98150454920445174  0.99149563222744175  1.00000000000000000
  0.00020794819313762  0.02159776640149103  0.03950853274145589  0.05424916335395593
  0.06638226165050803  0.07783648659666548  0.08923381038956375  0.10062069097519302
  0.11237549246310627  0.12473859926046772  0.13701698437500640  0.14780606303059704
  0.15693457637416267  0.16565769082398946  0.17461734790147790  0.18347037341154815
  0.19241270120128326  0.20065347454625279  0.20844606926223705  0.21736949069506828
  0.22790309693994348  0.24059823905898903  0.25232078595299684  0.25967335770588945
  0.26664547500930591  0.27333486580236271  0.28011283410550653  0.28842233253311061
  0.29691356556222759  0.30378072116040256  0.30957790483744330  0.31717331447793579
  0.32608202164052197  0.33652021617284489  0.34640930574800582  0.35683495797211767
  0.36733326727954946  0.37724790032521927  0.38533333879119824  0.39308845563016498
  0.40095730181573913  0.40956441792030501  0.41909846000601869  0.42842160101978471
  0.43737730500170990  0.44808482762691559  0.45924814630662436  0.47004093629798027
  0.48124275338270367  0.49267990101521664  0.50473445455078592  0.51734817241230480
  0.52966293052571822  0.54213910615411576  0.55531494664059544  0.56836227650922222
  0.58169163873022067  0.59491086182568731  0.60808718702572639  0.62074855185024191
  0.63239165775976436  0.64346960799211628  0.65374375207545676  0.66351055689744987
  0.67435197467303409  0.68566358195242583  0.69682552633755990  0.70705683249654694
  0.71621350244986637  0.72474587662542467  0.73331563860467242  0.74301804964781826
  0.75397773558070791  0.76536468316622552  0.77610561752527596  0.78703390430416564
  0.79847043790945771  0.81090076511713460  0.82221105541145278  0.83397761435823570
  0.84549992158830689  0.85648609824897914  0.86842706745359877  0.88281917349841510
  0.89712753058159023  0.90876513399759706  0.91779511921805923  0.92595153461420809
  0.93414326198622433  0.94220531319298739  0.95058228229601038  0.95899868986355663
  0.96740035964348337  0.97623919507076162  0.98683460477838891  1.00000000000000000
 -0.00046075722844862  0.00278555731842355  0.00517699648331709  0.00860241853355191
  0.01279515607045018  0.01749695884210450  0.02193180671061706  0.02786875784707833
  0.03495104056850537  0.04247631046132622  0.04951894989612022  0.05670435762387370
  0.06306065137673399  0.06813917311336369  0.07533070170045501  0.08428037225604440
  0.09399771049198394  0.10325041777126918  0.11195820276650473  0.12112027340230433
  0.13006203975960948  0.13793282800229920  0.14557725142858569  0.15326606467757525
  0.16195640863362112  0.17097356279393286  0.17892341090093122  0.18625809138863988
  0.19450991398028461  0.20208012115494559  0.20836045694640895  0.21469280518034595
  0.22177122464526411  0.22984768716354825  0.23789903515273964  0.24537989221155948
  0.25396132435469498  0.26825874794895166  0.28089806441701132  0.29300298420720539
  0.30472546429611685  0.31664631559502826  0.32914696380138581  0.34215755014661664
  0.35501778564354536  0.36714853106781098  0.37926848390122758  0.39089005602918847
  0.40167844916216489  0.41364884169487992  0.42751522782527540  0.44279475694721082
  0.45863642110693370  0.47465418155598693  0.49081953149811058  0.50715474417858741
  0.52303968748261231  0.53689308261996727  0.54893059169378500  0.56018455567062519
  0.57217640017979376  0.58528670314030051  0.59851217949377278  0.61227990688936762
  0.62472320845097384  0.63786219496900021  0.64991876446325236  0.66210309093632080
  0.67390168074009038  0.68567505009543450  0.69772040636454857  0.71003329926621361
  0.72177039138036814  0.73213507174010684  0.74239911850703011  0.75352990562871847
  0.76413599106961594  0.77560703960783772  0.78799801300873418  0.80093161107538080
  0.81552736788410696  0.82898398263708184  0.84126010804623652  0.85308233969419878
  0.86439787494871623  0.87567893185444723  0.88792444955463368  0.90090934918369014
  0.91267087783545897  0.92302105954368474  0.93486239423974549  0.94675474089830469
  0.95918050585868042  0.97222392449678652  0.98583325143033218  1.00000000000000000
 -0.00171923195618789  0.00813844790705761  0.01785461560943966  0.02818873114325200
  0.03896419230625055  0.05021769870302950  0.05917032762795819  0.06711785403075529
  0.07434305809962520  0.08224963835323644  0.08968176726277854  0.09798672914998445
  0.10683588021066175  0.11507171726989893  0.12394924884481140  0.13550837838370169
  0.14722674250728737  0.15865797858898772  0.16935599117835332  0.18113474609569963
  0.19271298713180726  0.20323179023641474  0.21283352418654583  0.22202625575921886
  0.23226396848410166  0.24288028613909537  0.25342343847940157  0.26347340011952802
  0.27685825263498426  0.29113797855367224  0.30377051162143398  0.31305586977492283
  0.31977369118928317  0.32806217706144042  0.33675963633891315  0.34421792994253037
  0.35158512976773282  0.35904610176901813  0.36564607990727266  0.37211515207076568
  0.38084770935786799  0.39435452657042441  0.40417014950510405  0.41385254602526239
  0.42374900227430945  0.43314383854364619  0.44205432385803750  0.44784113061776565
  0.45362031906768424  0.46086546284632302  0.47099924584099029  0.48285207757302762
  0.49479845024111163  0.50668683807246806  0.51876243279784995  0.53154227525678144
  0.54528646095954181  0.55908751621211827  0.57192348439243212  0.58383285659249740
  0.59552821148223256  0.60685586050316942  0.61828941602602527  0.63101399976778061
  0.64473647799777467  0.65688095858187590  0.66764228492835909  0.67880757214947463
  0.69121939371512575  0.70524068601686574  0.72008082532153372  0.73366409385160603
  0.74773776243339962  0.76151393015923352  0.77388496029035092  0.78525885845440058
  0.79647745216753008  0.80801041438800758  0.81861639021679378  0.82824269376965087
  0.83917192170515298  0.85184157839070240  0.86655535766017466  0.88148606146676556
  0.89477613518649568  0.90715136876825619  0.91861853020240447  0.92822284665012122
  0.93768846244520299  0.94817572496022839  0.95905752211281237  0.96925175268042085
  0.97832276613192604  0.98643012579989275  0.99358961543913538  1.00000000000000000
 -0.00354212253937740  0.01284616598525337  0.02564111380775420  0.03534285857060687
  0.04417121922141081  0.05304041490724293  0.06132007265814966  0.06919108023143025
  0.07826279486290515  0.08723528250269831  0.09683512941059559  0.10662824809321453
  0.11721346422297954  0.12718962532825637  0.13571449679836281  0.14429217559336341
  0.15316475217157910  0.16306039882280121  0.17218740162034676  0.17980725219332708
  0.18667745287937504  0.19449495663234137  0.20330356354970111  0.21299378781027425
  0.22338311313059636  0.23457338609653824  0.24638614872843165  0.25756028981886264
  0.26778854046467032  0.27840088133071555  0.28932880856371074  0.29984323214191139
  0.30938937203483657  0.31894269770664263  0.32990058217114326  0.34247585117974688
  0.35579979929117744  0.36799640145797990  0.37911784546258603  0.38977544149984805
  0.40039360571531146  0.41132027337448013  0.42437469461656074  0.43861234923541659
  0.45192950292454837  0.46338695744099556  0.47369961304629898  0.48425708550853536
  0.49548337357965805  0.50694013587179632  0.51813291362437441  0.52986857514034158
  0.54198572778354182  0.55474514988540347  0.56457910556931856  0.57241037769836456
  0.58160460553860072  0.58987036101646029  0.59656959590106795  0.60245089620729786
  0.60973106862287019  0.61773148088063001  0.62874801948025183  0.64252466558886412
  0.65662708016423610  0.67031154475675159  0.68336556562578854  0.69467271200975889
  0.70517335198972497  0.71568932410068076  0.72636052362998926  0.73680683893540366
  0.74588065802088055  0.75568997768804447  0.76740919294724486  0.77965096762138075
  0.79274314340010166  0.80624616160414653  0.81858813341024228  0.82848337181846932
  0.83884759140220688  0.85017607933498240  0.86046329143920508  0.87417173690057692
  0.88739670889943101  0.89992263032241360  0.91214911883275007  0.92154496053378332
  0.93018841086701054  0.93941575732556237  0.94950207832854683  0.95999260252560514
  0.96935653139057321  0.97738655600219571  0.98737219610693439  1.00000000000000000
 -0.00401137579910927  0.01503444081881810  0.02993704112286815  0.04246147549291220
  0.05391138316069844  0.06543749182997177  0.07667256802115982  0.08628044880559105
  0.09483191235336394  0.10333032785458653  0.11220385159901598  0.12154446428033422
  0.13084674362281085  0.13879306852229403  0.14795528786261655  0.16096050545103649
  0.17594146091488619  0.19165460963521566  0.20716440672159658  0.22151612360239903
  0.23477239864844957  0.24803150915537153  0.26113042461362834  0.27340162090341391
  0.28527215833317404  0.29642926950604981  0.30642701376727616  0.31533106953001616
  0.32506425508507714  0.33636915729088462  0.34887454787175559  0.36069497080516555
  0.37287907272781151  0.38525808835498937  0.39770480394022173  0.41211281740946787
  0.42243760722048040  0.43099001539366461  0.43999725154932295  0.44824356552958838
  0.45668811018397976  0.46675356726228034  0.47844860772305287  0.48755177070124600
  0.49630372816478052  0.50370256199410179  0.51062098196623584  0.51782809556014608
  0.52522466254147127  0.53292516183751992  0.54171565684393630  0.55265422023810173
  0.56473296077885904  0.57698400966569763  0.58947120252516372  0.60230559022054408
  0.61235602226966601  0.62003666474418850  0.62789609902811161  0.63655456442700076
  0.64547043803996307  0.65447418532790458  0.66292355831031635  0.67166205528019740
  0.68057287179499326  0.69138480245712286  0.70453150301723255  0.71776851861688684
  0.72999493325138531  0.74215205235598170  0.75386581776780281  0.76505390109212679
  0.77587457902819901  0.78655787236895447  0.79683337459810588  0.80660581191923830
  0.81626051606426786  0.82642733696393189  0.83562240344726901  0.84283653396195524
  0.85009258371086471  0.85805431711443891  0.86766144340408458  0.87893630503147968
  0.88977227799974634  0.90018612937012554  0.91064459588767321  0.92147800630171106
  0.93145280604291214  0.94085854259152801  0.94964127237438845  0.95896826981709282
  0.96847250242451399  0.97871773314221788  0.98901714605405255  1.00000000000000000
 -0.00210497726899281  0.00936265285088893  0.01927269827106224  0.02974771411230358
  0.03986362578339464  0.04969774973332036  0.06044128048627546  0.07083428691344448
  0.08076011740590699  0.09014708487944006  0.09895545499529271  0.10850443187720824
  0.12181216511156412  0.13639633067167847  0.15017069963767163  0.16230152437113685
  0.17446590122654074  0.18655064065856444  0.19680988388333112  0.20521223233930633
  0.21371938782854211  0.22313025811442216  0.23344076772203526  0.24477499679098638
  0.25672743623685529  0.26873181326311035  0.28018039953538676  0.29049065732148743
  0.29901919829092666  0.30735538003796525  0.31724370092461857  0.32747003537226860
  0.33746278888570208  0.34754762591146920  0.35831124856722590  0.37010402393691727
  0.38277505151922164  0.39641300479849778  0.41037979754351162  0.42170427160657342
  0.43086902633468144  0.43860985549608605  0.44578092744285958  0.45397995569836413
  0.46215817426435474  0.46971334458214253  0.47685201115465670  0.48693724586652687
  0.49988992173073854  0.51294337842258819  0.52505646726821764  0.53490131922919137
  0.54395164590974188  0.55336232212281622  0.56392711955265529  0.57444599193180679
  0.58353829724820727  0.59246887015965499  0.60318054343211003  0.61556909796768788
  0.62703746963411944  0.63733896485467612  0.64770492173060268  0.65824012683319966
  0.66970025005406508  0.68269010621692028  0.69667364940333132  0.71141061234079372
  0.72638596891092344  0.73927253436038753  0.75212526060121820  0.76492868230976296
  0.77731789832250797  0.79177334295465118  0.80677707057048920  0.81958491087958973
  0.83029877907872962  0.84009143616220672  0.84885781143107997  0.85701380913490621
  0.86659912169481046  0.87759571009871917  0.88729986528410676  0.89566173848086683
  0.90365137531276984  0.91196588677557089  0.92019051154162801  0.92729858444597579
  0.93494135475374385  0.94474194674213952  0.95529754664688626  0.96402484439617497
  0.97145263370616175  0.97883434247418599  0.98928171296417811  1.00000000000000000
 -0.00165781898240534  0.00732112864843341  0.01608209031859958  0.02534465552144540
  0.03653928765197389  0.04681468047317054  0.05638978918640739  0.06810420528541641
  0.08006814607922207  0.09255351929032027  0.10303513962356355  0.11240518424236688
  0.12218637443961973  0.13270305640280106  0.14373340125745435  0.15531763450878885
  0.16692840868570993  0.17955314209378692  0.19192571141744430  0.20379029464096707
  0.21355946859671093  0.22173317220823657  0.22977976624314941  0.23916980731794787
  0.24951220522925466  0.25953063738175047  0.26945789706443085  0.27990937478674599
  0.28943644272454427  0.30057621989528854  0.31144738382806403  0.32124784366333242
  0.33257217372340625  0.34334151405635382  0.35446844147384382  0.36556852076530022
  0.37559942637038762  0.38394116584974353  0.39156351513057042  0.39957132664716366
  0.40871359370414084  0.41833652178551267  0.42761427618349734  0.43694690832722505
  0.44855951246898201  0.46099911860845877  0.47126518808046491  0.48105396765549074
  0.49108724354545663  0.50187820933268801  0.51319590892661382  0.52430726399299832
  0.53466065974982158  0.54420929701661924  0.55394421927621362  0.56484711088044537
  0.57621831414007418  0.58721545015559962  0.59879029051261523  0.60804583229388964
  0.61552076898782160  0.62265487910340411  0.62970975508846561  0.63805866603774541
  0.64614041951492851  0.65428904412876032  0.66294460752101736  0.67329431848003296
  0.68479363756258793  0.69625529229040706  0.70678507139175950  0.71614331491808880
  0.72463857666919818  0.73350052342504379  0.74339405260473501  0.75340531199530181
  0.76381750806247417  0.77461950399339485  0.78549792972960486  0.79816949969719586
  0.81066043616361350  0.82302691633026048  0.83508877875156173  0.84720272922649209
  0.85920580672953684  0.87134569573697307  0.88360842177752874  0.89642369912513831
  0.90965396511692498  0.92322602845219337  0.93794281223656750  0.95195229945481874
  0.96502696589692394  0.97665049311245633  0.98771257150018521  1.00000000000000000
 -0.00258734115233207  0.00930064704955508  0.02135389719267659  0.03392695492275265
  0.04356288188988821  0.05089393541468432  0.05820051443474773  0.06543180476073771
  0.07168887590732370  0.07757464951338303  0.08414829445701436  0.09261340564010823
  0.09756032929368974  0.10241634333308669  0.11019643930591176  0.12060963005254209
  0.13254408755706601  0.14432571354546747  0.15422307194111520  0.16344646246442196
  0.17174572290167914  0.17928297178889308  0.18710371683218255  0.19601325112432524
  0.20691662942067393  0.21958665341300349  0.23014764673459923  0.23904042635253692
  0.24706377618353742  0.25482587496880416  0.26233961624312918  0.26969836031919392
  0.27771078423723183  0.28662972864716368  0.29706282947243906  0.30869690416392992
  0.32083229948996850  0.33314039313382171  0.34558494498610698  0.36043034506235339
  0.37716726169386011  0.39396987109368709  0.40571115110427042  0.41613000965638941
  0.42608027955119476  0.43717124689081166  0.44938445854884723  0.46172779601993236
  0.47550830137570255  0.49080897521863653  0.50532658292142174  0.51662528208220759
  0.52713801465534904  0.53745213625665622  0.54906413991889014  0.55849886155547579
  0.56991255233414218  0.58188465637500342  0.59424729081010430  0.60801881786990353
  0.62135200592824924  0.63273464977923088  0.64237550766411999  0.65240161574702304
  0.66394438986030435  0.67609817971898356  0.68894333328893553  0.70345744768364560
  0.71947873401588802  0.73433364907944132  0.74953856189850310  0.76372452861416373
  0.77710256015815371  0.78939828412956869  0.80095204709413093  0.81194434059072862
  0.82171145834075443  0.83042345146307928  0.83877525101025918  0.84696668648603635
  0.85434197720679472  0.86218940015811973  0.86993959247438202  0.87822413466107763
  0.88929556475670146  0.90023670775021736  0.90990503640187803  0.91946493138951335
  0.92885002613709533  0.93872926363499010  0.95177900731625187  0.96266975454457859
  0.97201660803926282  0.98223205287182003  0.99129537859845551  1.00000000000000000
 -0.00166068110188258  0.00679883508634670  0.01512831261149654  0.02550981923572193
  0.03513324510843834  0.04434073591031837  0.05466119847077474  0.06501423172467072
  0.07738762524210374  0.08784524519672532  0.09681208525529017  0.10447395254853045
  0.11232782176467340  0.12068527039686527  0.13000675581830956  0.14088800957756897
  0.15130574967306473  0.16275060011702494  0.17479229063894647  0.18627595110688674
  0.19658254858161239  0.20685774676151511  0.21775333015713222  0.22916371427134744
  0.23992958559530711  0.24924016548397659  0.26011463437136617  0.27278031287503018
  0.28614847676460903  0.29976394629302433  0.31266965969505722  0.32351765057928794
  0.33366765209507537  0.34348487058865657  0.35337301699197249  0.36076062426776567
  0.36734246072729476  0.37441277224431574  0.38171269867129759  0.38943337438091724
  0.39692944424335908  0.40412428969725323  0.41064394078320815  0.41755665266407538
  0.42811449796980455  0.44009702219174096  0.45149246554488592  0.46281145633907705
  0.47284607194292938  0.48334861230851922  0.49360320723335610  0.50261548139867052
  0.51148633956250900  0.52017685797104540  0.52908401165386076  0.53853865630864950
  0.54677428698255770  0.55657619479861797  0.56797581415091825  0.58057313213888084
  0.59304062495753163  0.60450411197559983  0.61445557016795960  0.62507813550602476
  0.63521760111345071  0.64568969067030479  0.65592350797957522  0.66554146058248032
  0.67552444102694276  0.68617403626895590  0.69683894173145355  0.70833803370693216
  0.72084679073060620  0.73289463761530471  0.74536138652988138  0.75816626177185786
  0.77115217009513892  0.78398072867540325  0.79716843292276884  0.81010463811671585
  0.81990998670810344  0.82821303603369634  0.83778923834058616  0.84777450149847966
  0.85772352703593557  0.86835788406989212  0.87908654737320735  0.89144936376402895
  0.90353698544092020  0.91464911310087971  0.92714560691303616  0.94085669209665346
  0.95511020586465878  0.97007060799218814  0.98569066766791158  1.00000000000000000
 -0.00711698065087521  0.03401032057240044  0.06228587076195137  0.08476527571926686
  0.10358619903706975  0.11942394001485422  0.13295057800674429  0.14536573885781442
  0.15761087415766067  0.16832921545551868  0.17855595590800882  0.18898742960382925
  0.19836746187870549  0.20696285289152755  0.21524661830741521  0.22191421965008762
  0.22915960395045412  0.23875478989193616  0.24947726905636092  0.25950104518885098
  0.26929450774463010  0.27907570784745961  0.28917066198961749  0.29970069591859688
  0.31004940095357564  0.32028444864530026  0.32964220884664680  0.33945382156699566
  0.34952727318691434  0.35838496930074576  0.36796341138335359  0.37559790068237148
  0.38186657624520226  0.38800292649005863  0.39361652927318364  0.39856311899461666
  0.40364876203539402  0.40911959634649914  0.41534570376900909  0.42159592693649656
  0.42728063968361774  0.43199523803744910  0.43708721670610745  0.44309985710283717
  0.44959389577171155  0.45579654050863150  0.46212381689584853  0.46815209700531196
  0.47464944322224589  0.48161962733754604  0.48896027226036620  0.49662731713366037
  0.50613341044394500  0.51703443300803520  0.52850546941793386  0.53978620970888669
  0.55015328215506398  0.55950884688639180  0.56887650929563094  0.57789179462386386
  0.58650495959476379  0.59407185651841066  0.60137404691662200  0.60884455456064457
  0.61710620160808383  0.62516656768321821  0.63192817859796191  0.63799128698930396
  0.64428506151643483  0.65166370126234729  0.66127984355079217  0.66938185297908070
  0.67659636325999728  0.68304635298185645  0.69030984023331754  0.70066102636728167
  0.71062124860301312  0.72108852099447618  0.73240837175309204  0.74404418516435133
  0.75385466636824583  0.76223744913216218  0.77013366648244408  0.77887576620228749
  0.78909530096208003  0.80060684980038155  0.81232036757347259  0.82547516229775586
  0.83983705207011183  0.85629203628713757  0.87796171281185775  0.89510887484970048
  0.91264035765958773  0.93158815451481536  0.95874297851967671  1.00000000000000000
 -0.00199065131462721  0.00875131962012536  0.01766004744564153  0.02911889784104267
  0.04037549297506424  0.05121512670129200  0.06332158896965982  0.07778112756125338
  0.08978324633998080  0.09812553588992864  0.10693720490038502  0.11704633335861034
  0.12653400322867214  0.13436235229112206  0.14208609941158551  0.14917748889230251
  0.15681722376142801  0.16528433408638160  0.17383957349392432  0.18257515348616846
  0.19198565592235045  0.20388593421941598  0.21607705402097008  0.22788195214100199
  0.23843415194718509  0.25124967701105666  0.26312180362279097  0.27556925972748353
  0.28842370348595625  0.30120991116752821  0.31343909016177229  0.32504022382747333
  0.33646192239137163  0.34682435726790195  0.35777446819349873  0.36925120191502592
  0.38075569209626825  0.39209261374907906  0.40420749129626871  0.41704801666807112
  0.43036128668343365  0.44398261342176015  0.45723019912968710  0.46765269961029721
  0.47857358135659606  0.48932691503959214  0.50227171526679226  0.51405864510292343
  0.52565896267418188  0.53795647187350781  0.54990700036879625  0.56074142938841498
  0.57156191944703516  0.58254002234243174  0.59289090343851691  0.60348940179173061
  0.61173549661503590  0.62307665953076907  0.63172303243309558  0.64010882016655757
  0.64776343409488690  0.65410397271541609  0.66057330392897651  0.66745097689611199
  0.67423663526318367  0.68141199711705192  0.69018422345651353  0.70060915237824539
  0.71011451187461405  0.71923890050710859  0.72838241114706015  0.73722036832186943
  0.74713248160258972  0.75456124580411199  0.76211381511618170  0.77077270808978449
  0.78001437754983760  0.78842489420306294  0.79652077123791787  0.80558413148360974
  0.81627969665977074  0.82771770506935316  0.83966275893127118  0.84964131588002989
  0.86100086465492121  0.87227025648734435  0.88345581279976071  0.89539430434968958
  0.90766733665752741  0.91967123542873619  0.93126415275508512  0.94315578084555407
  0.95577269484251870  0.96916649684605261  0.98365641922939662  1.00000000000000000
 -0.02477157792330713  0.22744695287806566  0.32178337094668658  0.38306724138868781
  0.42341763671756805  0.46038275210310275  0.49381161939810025  0.52221960579693338
  0.54389979746186379  0.56229714690316701  0.58039446061428468  0.60062112835931314
  0.62069200687687553  0.63928443134039914  0.65508122432870042  0.66786848115879482
  0.67848817064982148  0.68830135370929157  0.69723603590505911  0.70530855247119073
  0.71241039398317429  0.71871139707436382  0.72550555942980677  0.73194490600388828
  0.73830107675727052  0.74503488444379462  0.75300087623798084  0.76081155013348178
  0.76773113679127036  0.77409447232183537  0.77982794657878107  0.78543186659836017
  0.79119531848906144  0.79720031166888161  0.80278397944762259  0.80825394593886191
  0.81364307724159191  0.81708281602561139  0.82143723274764835  0.82569389126539183
  0.82999309068509430  0.83441452136540528  0.83872801516897710  0.84316290956307205
  0.84727712575593250  0.85069530527166815  0.85379485927437926  0.85676590648479967
  0.85985520194774856  0.86320334586198244  0.86668711588805036  0.87036265502955912
  0.87404400225863887  0.87769265779881567  0.88109642705050328  0.88418479019511431
  0.88692493654031679  0.88964816734511976  0.89283522063792886  0.89632558212353441
  0.89935688558066196  0.90214168090272318  0.90487447721408287  0.90753990594390277
  0.91007853479928535  0.91261657641394733  0.91507873757100688  0.91736230867464097
  0.91952533984815898  0.92170018881663229  0.92387624057836337  0.92606397012638020
  0.92829591159599312  0.93051773079082689  0.93269926256722724  0.93492162532988898
  0.93733166915008537  0.93976391001485104  0.94229687489468783  0.94483263317605248
  0.94733307327508953  0.94987451490034369  0.95246364845248177  0.95510197933769880
  0.95770980639616288  0.96022843759968568  0.96252720432566063  0.96490889190867302
  0.96739477883906144  0.97005545241472901  0.97309965548006838  0.97645355332813022
  0.97997573562052365  0.98401095930102789  0.98954057337950541  1.00000000000000000
 -0.03065807794934154  0.15525703357048071  0.22204303742041118  0.25928755849758039
  0.28605407431520541  0.30461541581880430  0.32146266697669290  0.33485606662228018
  0.34567807605036288  0.35581094469010421  0.36509287451311145  0.37306393896826051
  0.38053270487981589  0.38812210753516291  0.39593591411492146  0.40469837457484120
  0.41331022332032186  0.42139636595831437  0.42907405403853421  0.43696230932824986
  0.44342817992905753  0.44947377498212526  0.45483962042300502  0.46096833252613173
  0.46775221369948505  0.47451331641581512  0.48086626453576459  0.48710464921322311
  0.49327013289938199  0.49951467969760122  0.50599749773565617  0.51266782512394282
  0.51939411741472130  0.52574356241661091  0.53185453437037822  0.53743345695982414
  0.54224360460851173  0.54624132937750614  0.55016465101306911  0.55429023186377768
  0.55841790250184409  0.56251192042557985  0.56667946783989764  0.57143300853078183
  0.57643777392204476  0.58119702557400332  0.58560442380336997  0.58959735779591904
  0.59382854030462762  0.59844374890164032  0.60279999685992169  0.60739838911971866
  0.61247699547036771  0.61743573653513584  0.62223607408342252  0.62653062289534311
  0.63017640463818092  0.63404535418972796  0.63791899909890382  0.64185821238646690
  0.64592481652028888  0.65020498892027434  0.65454616678732302  0.65834608219122814
  0.66166183737292905  0.66500269215444940  0.66848375981958696  0.67239888216091059
  0.67640946528613632  0.68020801184985191  0.68361163214559029  0.68718073328955931
  0.69321996106469352  0.69986921639164601  0.70621872220896986  0.71229175319359217
  0.71808852484218089  0.72360059856336501  0.72933863711214730  0.73532216373464576
  0.74207230313368888  0.74974159680440700  0.75806875147689001  0.76754090124187968
  0.77790312237781223  0.78797693620588316  0.79769481118028851  0.80700146642944204
  0.81653021484370059  0.82689942994473287  0.83758387068874884  0.84960125513273810
  0.86327403570155914  0.88204973125227160  0.91375817179699093  1.00000000000000000
   1.2700448508735042E-012  -1.0000000000000000     
 T T T T F F F F F F F F T T T T T T T T F F F F F F F F T T T T T T T T F F F F F F F F T T T T T T T T F F F F F F F F T T T T F F F F F F F F F F F F F F F F F F F F F F F F F F F F F F F F F F F F F F F F F F F F F F F F F F F F F F F F F F F F F F F F F F F F F F F F F F F F F F F F F F F F F F F F F F F F F F F F F F F F F F F F F F F F F F F F F F F F F F F F F F F F F F F F T T T T F F F F F F F F T T T T T T T T F F F F F F F F T T T T T T T T F F F F F F F F T T T T T T T T F F F F F F F F T T T T T T T T F F F F F F F F T T T T T T T T F F F F F F F F T T T T T T T T F F F F F F F F T T T T T T T T F F F F F F F F T T T T F F F F F F F F F F F F F F F F F F F F F F F F F F F F F F F F F F F F F F F F F F F F F F F F F F F F F F F F F F F F F F F F F F F F F F F F F F F F F F F F F F F F F F F F F F F F F F F F F F F F F F F F F F F F F F F F F F F F F F F F F F F F F F F F T T T T F F F F F F F F T T T T T T T T F F F F F F F F T T T T T T T T F F F F F F F F T T T T T T T T F F F F F F F F T T T T
  <DiscreteSampler_grid>
  grouped_processes
  1 # 1 for a reference and 2 for a running grid.
  10 # Attribute 'min_bin_probing_points' of the grid.
  1 # Attribute 'grid_mode' of the grid. 1=='default',2=='initialization'
  0.0000000000000000 # Attribute 'small_contrib_threshold' of the grid.
  0.5000000000000000 # Attribute 'damping_power' of the grid.
 # binID   n_entries weight   weight_sqr   abs_weight
    13   10   3.589680879301125E-005   1.192499622789458E-008   3.589680879301125E-005
    14   10   3.589680879300963E-005   1.192499622789342E-008   3.589680879300963E-005
    16   10   4.647287851138091E-005   1.984249342566878E-008   4.647287851138091E-005
    17   10   4.647287851137888E-005   1.984249342566688E-008   4.647287851137888E-005
  </DiscreteSampler_grid>
