   0.0000000000000000        0.0000000000000000        0.0000000000000000        0.0000000000000000        0.0000000000000000        0.0000000000000000        0.0000000000000000        0.0000000000000000        0.0000000000000000        0.0000000000000000        0.0000000000000000        0.0000000000000000        0.0000000000000000     
  0.25000236138908327       0.17518271964013005        1.4604420086628836E-002   1.4730686813400968E-002   1.5782262705072391E-002   1.6294922150496181E-002   1.1299026416019386E-002   1.6029398890843601E-002  0.21127505777257685       0.17332156467769083        6.5610839742559823E-002   7.5734991363590173E-002   1.5352834039951519E-002
  0.61710562973290528       0.61710562973290528       0.67680229148251103       0.72424720192403091       0.71300302918700342       0.68320012843488642       0.66043493503241169       0.70826639348728770       0.61710562973290528       0.61710562973290528       0.61710562973290528       0.61786409011984733       0.65795988829573904     
  0.31781480152087460       0.31358353931538346        2.9348623932889065E-002   2.9411707929621334E-002   3.1689275787950708E-002   3.2772563005813757E-002   2.2572003159508087E-002   3.1986739041927149E-002  0.35907981908032049       0.27987737197179713       0.11668448791257618       0.13701696044249026        3.0761424109878362E-002
   1.3289393954411712        2.3150980911649830       0.64811408209932930       0.72055810866052350       0.69792311124006412       0.69542715966168489       0.74229947589996825       0.69978895233361038       0.97616910492540077       0.82639977202376569       0.75839371506951558       0.88963408938056587       0.65652938491645096     
  0.33564794065333925       0.32733535933132063        4.3754915913554675E-002   4.4282102046963659E-002   4.7422582353768429E-002   4.8660131997677589E-002   3.4637496402499815E-002   4.8051914517937944E-002  0.40207452405261007       0.32231329240612605       0.15203010862926053       0.17822984116541810        4.6080410245458392E-002
  0.73510551893647724       0.69668269417644035       0.73134174944470598       0.66859694422835814       0.70216287043836723       0.66114421504476029       0.67420274478774778       0.68881739914823337       0.68401307771424713       0.72792800020053450       0.79073463568674029       0.73842916329996655       0.68523250889123599     
  0.35087224995488653       0.34107070005880291        5.8313362266838933E-002   5.9272503213731585E-002   6.3360651082363773E-002   6.4541834626218167E-002   4.6808220878126264E-002   6.3976751411656152E-002  0.43958023793714529       0.35450700260380263       0.18058422113218911       0.21351249223264654        6.1416405270503092E-002
  0.75568805883358103       0.75746052284833276       0.71638720368270248       0.65669673553752506       0.67829645547700612       0.71213130102384725       0.66234685979650687       0.65875122605437586       0.68895551809300859       0.75840926987153445       0.73876876075239317       0.82703922498485682       0.68702823017409809     
  0.36509742097079256       0.35454676371027144        7.2725855716448962E-002   7.4515062261384962E-002   7.9021572500136902E-002   8.0197808273996321E-002   5.9237799997673785E-002   8.0280178488208731E-002  0.46482200102057997       0.37932504090654462       0.20438792504268616       0.24283919777630553        7.7780634287558020E-002
  0.73770059028888424       0.73946202180230525       0.71112630531163390       0.74087489417853392       0.73273482237079568       0.68730084752251996       0.67533671802156436       0.80093275682104348       0.63935830588418907       0.72250749180492690       0.84643376971849371       0.78085474593142234       0.70499845770331560     
  0.37903178803098153       0.36833868490241395        8.7229652819760001E-002   8.9820215738762546E-002   9.4884695392489185E-002   9.5885465115219420E-002   7.1430525274804355E-002   9.6694852854735724E-002  0.48833249508896226       0.39957739039599410       0.22619808030783053       0.26956101445185388        9.4230478842117493E-002
  0.75492879405175173       0.80279955116879576       0.70227077490735079       0.72087284240124450       0.81303783294567644       0.68491140943423989       0.78365936647487977       0.70168942134106449       0.65235494958362161       0.70857706319683733       0.74936048156040869       0.83367166955033023       0.75514850160555447     
  0.39236690076397501       0.38084249601152409       0.10231914463011645       0.10507981334183798       0.11094023108871075       0.11124857996091474        8.4108974016355281E-002  0.11334711457320905       0.50831496394782205       0.41650308385494506       0.24695960140448053       0.29409741748344670       0.10967256406555835     
  0.67853713619729839       0.66219833529690175       0.77367579267723507       0.70359955684941744       0.67971695025627843       0.69526778052520266       0.68618462739550490       0.76393375803430641       0.65808431350457475       0.72176947724707596       0.70286446853667628       0.72507020861343885       0.68069050965621036     
  0.40552600576304770       0.39327969105830696       0.11765547112087735       0.12053188454791987       0.12661237867674061       0.12667092060534199        9.6826173682426825E-002  0.13001547442336098       0.52733353260315119       0.43233615400052461       0.26670133373364385       0.31650251180390515       0.12487898011111473     
  0.76221491028963828       0.68564701120378690       0.67850324454709676       0.70263498103112143       0.64317571357843861       0.85059739001715162       0.77149061795395657       0.68123624418229656       0.64420539907059582       0.68803781209316872       0.64475959842136243       0.80878968473636970       0.70159301566711063     
  0.41780178214674463       0.40510715700318123       0.13331063160944834       0.13635582478447339       0.14255096082644367       0.14140732972134329       0.11090595002113700       0.14578956354978931       0.54535016308746553       0.44761910783838366       0.28590064164176793       0.33782096285213814       0.14104428371760883     
  0.74159991399290881       0.69430473774085721       0.66569029774151300       0.67292565032588825       0.77452823274458904       0.69691617992775623       0.69116711274693399       0.68717239382682671       0.73474673251561429       0.72566623773018135       0.74404875981288066       0.65394229907829682       0.65018394806838309     
  0.42997698255441036       0.41669694925597872       0.14914809283214672       0.15201266640836658       0.15827409098856457       0.15621749964305243       0.12500079564922970       0.16145964687404518       0.56162730303306918       0.46110561804698513       0.30460104033985386       0.35710995270668133       0.15684701344021121     
  0.64569967470467138       0.68551117527694994       0.64444265356019037       0.67206293319583787       0.70065098347374299       0.73052683564609533       0.74143056303513333       0.63705870935730347       0.64362196880548350       0.68523393571403413       0.72896991542061762       0.68127024201711672       0.66023260912883008     
  0.44172503696150245       0.42790343770504979       0.16473810808969036       0.16737626367129166       0.17491509235900463       0.17113765804002176       0.13969255792342064       0.17694761088312780       0.57678373071609668       0.47331090190032127       0.32301425631847014       0.37552683604878656       0.17261180526169703     
  0.66216199216999738       0.69448623093591078       0.65061321215387391       0.65090208384811232       0.67397866413313845       0.70838264463421596       0.71540124364376600       0.70610612023940988       0.63839276234023645       0.64013890735969137       0.66663220529718181       0.64670264368606079       0.68770731857500556     
  0.45337767635854098       0.43888589171431058       0.18031580369612094       0.18262605418439631       0.19138577062985687       0.18602547356276877       0.15435365290108119       0.19257413685847705       0.59141177551696267       0.48510281975935332       0.34110168754945192       0.39333660894967121       0.18848516084058978     
  0.64663635634731886       0.72608882623713056       0.75471723152425996       0.71230037554981296       0.71613071465241163       0.67117981590450138       0.74017728919707138       0.76254679038862361       0.66630233873581879       0.61869917410712849       0.69827280704909223       0.65753490219351107       0.68896290550474681     
  0.46469500801648789       0.44977788866440055       0.19662161130504283       0.19759926038096987       0.20781996695472160       0.20169850295029462       0.16943902165004535       0.20817976382407449       0.60573499926408370       0.49663363190606485       0.35898734735699683       0.41077123412017913       0.20416662652228923     
  0.64182536800773637       0.69042945264972988       0.66381328432331288       0.67185143156771532       0.71331759209468726       0.81883065377892772       0.75302046410282641       0.75277648224784044       0.70401416866679722       0.73431599071707987       0.83342461995825179       0.71547713440293681       0.73546614049468872     
  0.47621780580414036       0.46093457224983642       0.21323341066147980       0.21262095631297537       0.22409635208034712       0.21736744295556762       0.18473856941285718       0.22386071606220873       0.61932102272775147       0.50695727502243326       0.37745586814810705       0.42702785665218007       0.21984262002940649     
  0.67029130732546116       0.65272049335083215       0.69196038465530485       0.68720783490155513       0.67712775425649641       0.85532541099464265       0.70784183813022972       0.74006998446767602       0.65081400433862291       0.66788380299971317       0.67328283020095148       0.67510588210684230       0.65718098554950388     
  0.48776214676391150       0.47224634653668246       0.22960394295150371       0.22815169284795483       0.24004704293480292       0.23386888032235181       0.20066287310256192       0.23978756679981419       0.63260565296987803       0.51675002447514451       0.39543479006610260       0.44268830914062923       0.23551244374548830     
  0.67497862745817694       0.65037478892624712       0.77733732941102096       0.71106324912226704       0.73191762274076155       0.68774987083688521       0.70100398027071131       0.73271332029540470       0.66430061002173957       0.70281372883185700       0.63859802866955329       0.71890335865441324       0.68049587123794741     
  0.49939937839255955       0.48343054652529399       0.24578000833952893       0.24373120469263673       0.25611092962642507       0.25026411803264692       0.21708477679463703       0.25566828427081645       0.64504245843826868       0.52620875054593230       0.41211893759496238       0.45787544759130594       0.25136658595945582     
  0.62808419886933575       0.67602798184828494       0.67044983938981817       0.69896819586622239       0.67248329549356300       0.71087406661499530       0.83358083660175541       0.93092205250501348       0.70320413466344367       0.66438327783403839       0.66674222400895988       0.69024770939085978       0.69915514806668344     
  0.51085771971468708       0.49450455440525221       0.26332550632153617       0.25941281049193304       0.27071017077241732       0.26597694833230556       0.23284645750631661       0.27091693750571971       0.65731009670063256       0.53557639926220191       0.42873655243960851       0.47289591542308257       0.26698011558581780     
  0.66264061251352502       0.70770835590219272       0.63849090658967278       0.66835518302685004       0.63678657360579549       0.67227351748153064       0.75239624136767591       0.71140426460999528       0.69668440461650660       0.75882583922713442       0.67011755941520235       0.66674809265730250       0.76238727153443919     
  0.52222012655354655       0.50544846804143040       0.28078831775894930       0.27497778328977274       0.28565939424049336       0.28142093626675185       0.24789544048592838       0.28612438328270046       0.66828247523905404       0.54436738059558509       0.44438999419932046       0.48703467495753555       0.28252630988810573     
  0.66070208410656595       0.73440656017777795       0.66429070619628805       0.68116852114982618       0.73236470887414551       0.65888982447070954       0.68606474418581143       0.68844331434100581       0.69957698220467890       0.69451745038499624       0.62442277161465831       0.64979445739947927       0.73131946434138495     
  0.53375756663642415       0.51634044311374128       0.29919563643309449       0.29049006577554454       0.30091063536481627       0.29697489875150773       0.26269499358288773       0.30205689027385713       0.67882636276339003       0.55285317647037624       0.46059429710103650       0.50103311963232555       0.29837398041938945     
  0.67207453055292476       0.66519478278356503       0.69819462381878694       0.64541630061684541       0.71795585298466158       0.72114548329293127       0.65609931694177692       0.74821209086344942       0.64596049969611546       0.72739552498404469       0.64384160835041115       0.71006633966145150       0.79999952931917984     
  0.54522893341754453       0.52726343124331809       0.31764124066283711       0.30613079297785240       0.31572137826869301       0.31264552368433135       0.27751347781712993       0.31808099434610504       0.68906092172685329       0.56102249178963270       0.47672788777683600       0.51453319424938804       0.31429398501715872     
  0.70234752629171082       0.71713927031825508       0.65834102339769662       0.76581209002385298       0.75472464276927531       0.65612854491642925       0.70341866528899422       0.70895314598578396       0.66916173587068706       0.64340700963345288       0.66994205912811489       0.66916561239128491       0.78607406148880721     
  0.55657569931928441       0.53818203375562523       0.33656164376282321       0.32186983052390550       0.33066099989565456       0.32878112687640026       0.29332076862500128       0.33357404600377044       0.69921870272389874       0.56913214668577405       0.49266379250386261       0.52764845859905452       0.33017173238353059     
  0.64782422001457740       0.62926196129594125       0.75619574984646998       0.79799281597339278       0.67983338705799601       0.71423453643246071       0.69462050737811587       0.70314469001355795       0.65356098429084675       0.70330552694637438       0.66583076334911262       0.68906647955198574       0.70857534167418623     
  0.56789077624334949       0.54908503991839319       0.35559339607150797       0.33759705091036596       0.34557886540696858       0.34491425476925436       0.30910205520806194       0.34895777473091016       0.70877785352893952       0.57658104085198003       0.50857349040102973       0.54019344834794247       0.34591853550688773     
  0.77922024156749536       0.65800937740068910       0.68839992091669533       0.74049817671502849       0.66427214218028130       0.68923920011824613       0.65783717647488982       0.67157418979156636       0.67711207511987515       0.69543446899005557       0.71317849768831121       0.78996008891772684       0.63671109680219651     
  0.57908923447182248       0.56006322194937830       0.37557116874618046       0.35325495608541335       0.36047430811637604       0.36068973846071944       0.32569664828655498       0.36458755651429153       0.71826432207753665       0.58370098517935753       0.52454547369277282       0.55271356297321250       0.36210645713507583     
  0.74878874522479966       0.65767049819134304       0.67229508773297586       0.64281932325215974       0.68362923277240795       0.72026578272165842       0.65298887642624859       0.71267541196517081       0.63519640822890500       0.65983962775594540       0.63743763633941131       0.67371459549361146       0.71395984453256278     
  0.59024115739925087       0.57109996290374221       0.39598228507298627       0.36909548318255453       0.37548241939044608       0.37648049493120511       0.34260608657964858       0.38009921327254770       0.72764501298300444       0.59080678531972042       0.54010943910380993       0.56463410768172606       0.37840577808177961     
  0.63848426120704438       0.65148700629566170       0.70603728906259566       0.67803432067791547       0.64276166096057752       0.69262240781741991       0.66554553227154334       0.68884197558186488       0.71113253243317820       0.64017913081052769       0.75408117365750571       0.64471496024104269       0.74016450465255279     
  0.60108117132648786       0.58216463252769257       0.41507461829323733       0.38538345131742657       0.39074179631231803       0.39223353520151666       0.36037912162519992       0.39643773907556784       0.73696354318157231       0.59806616143060587       0.55538653185659015       0.57639748097255361       0.39440584368659565     
  0.65801659611183450       0.78775272187937073       0.65492473944226792       0.72140122479605595       0.68317534883127373       0.62309882886960855       0.68697271687718653       0.71710156688437676       0.67358032047379779       0.63146152839782987       0.71732639230706241       0.61710562973290528       0.78595696553076699     
  0.61196030995170836       0.59323002425909932       0.43422006683729836       0.40158995577955015       0.40584089023962550       0.40788251756988469       0.37823902453944730       0.41202968549160796       0.74517411105372444       0.60540603957297034       0.57001734335533949       0.58789915259257197       0.41028270435572656     
  0.64515774713846408       0.68033031369227637       0.70959706941003442       0.72876923249368131       0.68650502328901519       0.64990672477682998       0.67089582457673902       0.72574584692112332       0.68654943715420125       0.72115109401801969       0.67072096878574772       0.67583628494937453       0.74446827521358694     
  0.62309208462077015       0.60422420997976423       0.45340482067906951       0.41735183705838069       0.42139273738337407       0.42355040537742694       0.39542335948003521       0.42735701736441611       0.75323840593374014       0.61261181028646494       0.58440891463402889       0.59938936761453587       0.42550722110246958     
  0.74033712945835040       0.66768311905423594       0.76273301620604694       0.77129133570917241       0.63769870361637926       0.78244046929222033       0.69277590508177689       0.72752169529615496       0.64835415159636778       0.74040485699847958       0.71418960480929206       0.74502526628026833       0.72190341416050463     
  0.63428796806204268       0.61514797170740210       0.47277316110351680       0.43308534160640744       0.43685835324929700       0.43930084270173397       0.41251263778183472       0.44240190293989407       0.76109218213893393       0.61968437928376918       0.59876272077667037       0.61020058726887483       0.44055057351272747     
  0.70445547748312998       0.72071571618273100       0.72820396732373760       0.72296666357651129       0.67033204209471520       0.68719694600081460       0.66320525880704750       0.70533349875249252       0.67812448537561665       0.71830780529130145       0.68762186670466652       0.62016366130814871       0.75059619535932831     
  0.64557168289288658       0.62609059764151409       0.49140425747286243       0.44878795789501380       0.45272073121308448       0.45520696653970394       0.43075151106413839       0.45787973340934718       0.76897507894948580       0.62664229395574367       0.61310897311682677       0.62078583686635602       0.45615052794120725     
  0.63054888166681278       0.70181703065893630       0.70219555302496506       0.68918668757491308       0.76793196933122576       0.74902039909282092       0.68697005496665653       0.70321559244134424       0.64298289956975807       0.70676204577509305       0.61988360606971271       0.67486148592127404       0.65553631694532777     
  0.65669367171050175       0.63693243571623714       0.51036025785350714       0.46443589362349008       0.46844207377167763       0.47120351151335355       0.44901676569948606       0.47332995890337370       0.77638546299296873       0.63354474975749209       0.62739884158422554       0.63120323679082802       0.47188197257284559     
  0.65375141889835608       0.64731904041120381       0.75000419337836777       0.71965518276944485       0.75669303048981740       0.71389096816825381       0.65829006582145133       0.67376521817424095       0.66770102403247933       0.70931620242591165       0.70560265742128314       0.74218284302693349       0.67470657809335000     
  0.66774928717076443       0.64775468301604600       0.52966418400086546       0.48059002020648328       0.48393592597385610       0.48728098231114036       0.46763029266218697       0.48929052750428292       0.78377385190864646       0.64031423905110840       0.64162691349145407       0.64181347574158043       0.48753472615762267     
  0.70276209347792407       0.65976769883039887       0.67884686265727257       0.67962396709457895       0.68515347449864850       0.67928617965652438       0.72633589101667095       0.71146228214808382       0.73882757874716543       0.66735065915805813       0.67461968419332607       0.71081871589307388       0.68391944360690660     
  0.67877367722502036       0.65867392992151252       0.54874711238196749       0.49687519992135071       0.49936915991135994       0.50311850309796036       0.48625850707342205       0.50534577047822871       0.79116113400946919       0.64700351093472352       0.65543421774952293       0.65243745850851331       0.50303589948302718     
  0.70703063731088189       0.74205511699065674       0.71507392227058930       0.77892575741233805       0.63186050742148570       0.66728776056176253       0.65332690311330466       0.72878549440567042       0.67757921689729239       0.72691256525134373       0.70590950363219684       0.69059376668562922       0.64900074895249282     
  0.68959533258548089       0.66943657489295394       0.56660297680233762       0.51222969665763940       0.51600193429930585       0.51850896581604511       0.50621792367715746       0.52083310433213614       0.79855726334960631       0.65358149625221018       0.66885002516080483       0.66297579208889590       0.51849905215736836     
  0.72258979272377466       0.63940455158070197       0.67664715237154671       0.64791008782257498       0.78162257262610735       0.63527073823083091       0.71625930044378283       0.63323032919908939       0.68408239911369173       0.65249614119825894       0.63856349470841578       0.69729672887757710       0.66233200973966677     
  0.70037829694953646       0.68012663906573934       0.58440232384404545       0.52768571092288541       0.53266940156791787       0.53407731078642273       0.52605402303594762       0.53615128375482579       0.80573266837379720       0.66011636618497338       0.68225252259192570       0.67354802316804796       0.53391865536709482     
  0.66455877731384905       0.64117556398276332       0.72044166414294308       0.69798896373830321       0.68387026053015365       0.75539474962989339       0.65772508930540585       0.67147070679932808       0.64407464991184082       0.63989214433455832       0.73906462048022603       0.63886833466009563       0.76980547159030521     
  0.71092611883123624       0.69077033907920060       0.60182990917749246       0.54300047689402675       0.54880443335108375       0.54941199701927035       0.54544525523744614       0.55192013759592884       0.81278872621938425       0.66655074114900470       0.69551659877088634       0.68409236983714494       0.54919544885113858     
  0.68070205380983284       0.62916339410593092       0.73840124699302545       0.68325567856330360       0.67969048063438098       0.64459264387177373       0.73901270573185318       0.68228208070492280       0.68129105807565327       0.75064571640822908       0.66906025705685601       0.76456953241434367       0.72192196642722939     
  0.72156250092234531       0.70135947109716468       0.61988178206757039       0.55817869490627159       0.56472992658218657       0.56469634097489130       0.56459566804542971       0.56778525765048049       0.81982670431216609       0.67297841165069161       0.70824718895648642       0.69473187953869220       0.56466120985351775     
  0.69142165207877093       0.62946033774523524       0.71254624810155587       0.72074914179259431       0.78478309934586887       0.67113794472131372       0.64484869990278848       0.68757515906863154       0.65650977627554774       0.71011968366260170       0.71312774252973410       0.81719948020274902       0.70375064576001567     
  0.73257364185471341       0.71197889354204691       0.63776745588758399       0.57346911657029231       0.58105678543580619       0.58043621378972465       0.58383048985589991       0.58317072977398399       0.82688043642666353       0.67932414258480123       0.72033247813711510       0.70555865529853334       0.58019605701835886     
  0.64737765190184093       0.67634477466842269       0.77507115948898175       0.67745459003482833       0.78969955199692021       0.76081331240735484       0.76274903579927134       0.66602471636459282       0.73114775339644555       0.74648259347488433       0.78304379648946099       0.70748773934657394       0.69726202848044083     
  0.74345795487949218       0.72259873430166421       0.65540245970742439       0.58887379010545782       0.59753130696945267       0.59627614858020039       0.60322454265992775       0.59852009049233923       0.83360164671929227       0.68572609095403259       0.73233173338137825       0.71667582474823466       0.59562784891806808     
  0.71307515336248772       0.65105637160925423       0.67868019055214934       0.69847847539567709       0.65351280905673770       0.67594382061442937       0.65639803403472685       0.62709062029021445       0.72112177077849127       0.65818151429741878       0.81952653938310360       0.74261814712982976       0.64367225028175312     
  0.75412155363529054       0.73323497735721754       0.67202905161978344       0.60455958296997636       0.61400041494595170       0.61257087818280020       0.62264752523141298       0.61427595443263838       0.84026482366043298       0.69223496727553380       0.74411851428464781       0.72806661990877297       0.61190052543095264     
  0.63830370360281641       0.73428883308286197       0.71301695387010988       0.73061925283830098       0.69789588505239286       0.71758881897067739       0.68842445296867349       0.70847351995084473       0.69534959061200052       0.77406098500354037       0.71597885335060041       0.65329566079739798       0.71620216611693754     
  0.76480302303259695       0.74394156273261558       0.68839140008213873       0.62054553630312637       0.63042489739820318       0.62903204495603082       0.64191304208593292       0.63018025760113028       0.84671233093158227       0.69877817451581570       0.75571335945371765       0.73925784602159716       0.62807475000335478     
  0.67840321000756754       0.67295617651692607       0.74377484942912520       0.68217703180313960       0.71491162870515468       0.73103061900340005       0.81833544126526236       0.68540795717422154       0.64009992468664922       0.71137636882629984       0.76022260818129694       0.64089010988847883       0.70079385486128354     
  0.77551667751897213       0.75453759073318827       0.70364128901357070       0.63718997380705367       0.64610671857108981       0.64511081500615730       0.66046376495324277       0.64541436286073128       0.85301196287530490       0.70560265070909478       0.76672483919601053       0.75029725936050307       0.64362294505488638     
  0.64684993239559241       0.68350373583181989       0.67028519651334384       0.70476417619312814       0.63503220873073485       0.70462287463615458       0.67990319088993822       0.69636656889097159       0.69599084997865523       0.64615229175110511       0.77345097445264344       0.72311808334434269       0.65426680874789889     
  0.78618324654414495       0.76497381385413088       0.71922207055130327       0.65363297145359311       0.66178635205791825       0.66143042584778433       0.67882420731594850       0.66056428495480224       0.85917460725173223       0.71241030039977116       0.77772669409496897       0.76138637401239617       0.65917884304898000     
  0.66862826661885977       0.68738621004976774       0.65474975509197919       0.68969897233525213       0.73613651886498488       0.69636475440117551       0.70854501562308092       0.76974674538715482       0.73228298676825332       0.77969054338034804       0.69218842575679829       0.65554063087456127       0.70832493715208067     
  0.79666875727963338       0.77529124107575087       0.73485895983202576       0.67014534601653009       0.67733232480928030       0.67716544976544513       0.69668796647021358       0.67607433111032267       0.86534356454176420       0.71919665137373467       0.78855292576200742       0.77241193234779926       0.67480446749597900     
  0.64325205547271525       0.65882519914868609       0.72380915374045429       0.69678323268774245       0.77024066793878188       0.68155314002022849       0.71101070235494224       0.71697433948232525       0.67837091055720744       0.71867708969867450       0.69851612197609758       0.73547123418300586       0.88442523864002776     
  0.80723544738414510       0.78560293627489930       0.75035423676279212       0.68633795326215996       0.69288635667908682       0.69299316243155462       0.71434706251056224       0.69113832345273218       0.87151974935258325       0.72601194609134134       0.79933417445059185       0.78371308686204233       0.69044416352253923     
  0.70063723020654300       0.70662435083400044       0.71337603918759540       0.74624691139184096       0.73078574027166909       0.74662967079663378       0.73759510889488678       0.70107333292917251       0.73908356717099122       0.66985112218088150       0.70945457888352492       0.70261958871141661       0.70405453422166686     
  0.81773858211955064       0.79605136100846852       0.76545764942443284       0.70161996997289666       0.70825305818461293       0.70886409907538162       0.73155657842619881       0.70635115069502019       0.87767895514638572       0.73256284107883352       0.81018325832149307       0.79523725911483156       0.70625511510478711     
  0.64051070193785842       0.62342028544123973       0.72139497296721389       0.66665122509456654       0.69600014612076555       0.68056521399842329       0.65121075618859492       0.69011075207638850       0.79630407062928765       0.68999836690104577       0.66452455405120880       0.61906906652264371       0.62386907585290252     
  0.82833403511142834       0.80635711376388586       0.78022051391661718       0.71692894082121428       0.72373180295743367       0.72487747861182272       0.74849686989374198       0.72154453285343578       0.88367215774749919       0.73914598576642476       0.82088025538354659       0.80671498137436670       0.72202602933940152     
  0.66688941512921673       0.72080587568066867       0.71058615041511064       0.68963764903463931       0.71293091347062298       0.71414266547497340       0.69882692617103070       0.68838675613091915       0.69375770222975452       0.77916831234840500       0.67927047099033955       0.70559315072993922       0.75337904929231991     
  0.83899890705228197       0.81715549274836530       0.79435927763623304       0.73269061068193575       0.73924029727725538       0.74098653001886561       0.76530499545978314       0.73662392591225068       0.88961380989698424       0.74566857251392116       0.83121452946307528       0.81821036775237233       0.73814798925312197     
  0.70702957456359306       0.62724356482823473       0.74166743325585305       0.71612717728784070       0.68068544960255961       0.74140486860680355       0.73261488885663695       0.66774792499350177       0.72771258826696850       0.67996378804625801       0.67426214630837344       0.70242444899663892       0.73753460058260367     
  0.84969682147738201       0.82794665796018474       0.80838145265307160       0.74862536884277231       0.75450533227326533       0.75721591830009749       0.78200758437139717       0.75155903501500210       0.89538060799995034       0.75221670822315567       0.84173973408816027       0.82963327966210965       0.75396957955047927     
  0.63376057840447442       0.65668135824371821       0.68043846048256840       0.69541061046257124       0.74193995449584638       0.70871165319332563       0.72753567009275222       0.61710562973290528       0.78911880366414977       0.72455805940833617       0.74410929909168000       0.68129856407702349       0.70499685255072064     
  0.86033431892968382       0.83882755981478441       0.82188360934964588       0.76524756197138855       0.76997986408604702       0.77332374842602192       0.79750312712406279       0.76817818650146585       0.90108793401733644       0.75914645499616984       0.85213465004661282       0.84091290547954922       0.76870119358609701     
  0.67202807428400013       0.69414885010965810       0.68841761377947119       0.73824048962248567       0.70936790346988232       0.68656115990104571       0.66560424653233297       0.77876579123656631       0.69855392311515740       0.68212843210579999       0.77477578477603182       0.68554747122297166       0.65855326441686646     
  0.87105055337855786       0.84966620593296383       0.83533403417110208       0.78186502688008297       0.78552222862587040       0.78943946202610116       0.81303195709068088       0.78465930770201342       0.90675060505523442       0.76614820536234174       0.86261518160563777       0.85221766669607990       0.78366392207071178     
  0.71594340045291938       0.69191642964988798       0.70042431450592391       0.71934197648723308       0.72004358404111302       0.67392863870929087       0.70633769829673265       0.65457781629878820       0.72813119095589940       0.67662916645386573       0.72639259481550333       0.68557462075916753       0.68368205804395477     
  0.88172445188707671       0.86046316850095539       0.84856526649016606       0.79789611135916139       0.80101341356005984       0.80551270318655577       0.82819453077001615       0.80001500304379103       0.91241020456988708       0.77367208495441997       0.87264394403994150       0.86365425278798102       0.79931293309467955     
  0.65090208384811232       0.65812117924424718       0.67448393424403497       0.66370029538547526       0.68679290264313164       0.70619303797997135       0.66187219489810900       0.70695695178202667       0.69800472637830668       0.70089455759916819       0.71113298269167546       0.68522567948076052       0.66432834235751725     
  0.89240019099666146       0.87124927576792199       0.86161246791472745       0.81404026458279610       0.81653385897059461       0.82091400988970442       0.84321132823217904       0.81550810448128030       0.91802978477597530       0.78128712736901429       0.88253042923819891       0.87498765264099021       0.81482552786046214     
  0.73071665795169893       0.70219608941614153       0.69403165217598317       0.78702050920347588       0.73897924187918340       0.68258235518267762       0.75346564309550534       0.63283283081489405       0.69468471439479573       0.75728583341392575       0.66743122358227802       0.73598451482782123       0.67896393997126858     
  0.90302879955645521       0.88203325918456388       0.87442035201420443       0.82963406519424387       0.83233773885551621       0.83603456222814210       0.85770296445423289       0.83075917840754554       0.92356665737624299       0.78913486777710629       0.89291876885056198       0.88608754242248333       0.83043351057968795     
  0.68990598912296819       0.66264061251352502       0.78617423815616150       0.67796315238533988       0.71857091613515001       0.68137625922544409       0.72371813789962525       0.71201793953377390       0.85498245486214708       0.66571327004817760       0.70114720226769789       0.67955580820379669       0.71712053326875103     
  0.91360111458844950       0.89276473176783788       0.88709532939152347       0.84520386443732765       0.84808915293210441       0.85107291820830788       0.87205142233260780       0.84592742649767771       0.92908425435772890       0.79700447026255383       0.90315848342707483       0.89710466748137963       0.84614619894526233     
  0.71129394470563390       0.69249863624554264       0.71822412373501288       0.79027629965539692       0.74190349891181895       0.69739013809125849       0.65764406191770253       0.74690838906116441       0.74286099549708617       0.73090987127044826       0.75781777680004159       0.69305148540563555       0.66720577894001232     
  0.92405920157667221       0.90367475021140065       0.89949783008839745       0.86130435062197497       0.86433558381346498       0.86666969969760832       0.88565272696060504       0.86198340216486979       0.93461039171572269       0.80517031856742016       0.91305556437172941       0.90791383878784415       0.86145812358495411     
  0.70540757047937386       0.65203692221658982       0.71099710164914587       0.65011166604816961       0.67977929116288505       0.81240391474596174       0.73943868251902301       0.71034431889638283       0.76669405750032049       0.69207865362003729       0.65449122689030237       0.70992117168143543       0.71681228429250543     
  0.93436773486318137       0.91457462407427126       0.91201165035490273       0.87711539634009805       0.88040073038637134       0.88246407812145766       0.89915809102816879       0.87806106252578020       0.94015548106228763       0.81347514393017695       0.92293533338380385       0.91854182625653036       0.87671948358265150     
  0.68327427804762786       0.65235494958362161       0.73839366707827714       0.77145847772258647       0.64474649828837616       0.72628074327739711       0.69449079644629830       0.69701575421125639       0.75533823153926294       0.67740878330116117       0.71635553082053838       0.66614037018441885       0.68701510345460171     
  0.94434125424578319       0.92607565633829758       0.92312411466654687       0.89159887913721603       0.89581362636215767       0.89773762652426081       0.91265407813066679       0.89374703395647326       0.94574285144816361       0.82338412634776459       0.93255811865227722       0.92886560328218515       0.89176716903567510     
  0.69115801795206921       0.69265131911717481       0.66697807973547918       0.65943343580188396       0.67772188332053207       0.65213542613618036       0.68881528111450174       0.64201240168084883       0.70822768543811465       0.70521695186625999       0.71994865903170591       0.70264926721517607       0.69906088764694962     
  0.95415632790645410       0.93756555174768574       0.93447636293925551       0.90676275595190492       0.91097329636513769       0.91314968413641961       0.92579423017350204       0.90966321685514995       0.95134477486323310       0.83374435947462466       0.94224531991914384       0.93911640705377186       0.90672446562980136     
  0.66419819241436384       0.77733877816537256       0.68440511049529573       0.65122197293869399       0.67845108669883880       0.66064589429730913       0.77670100010821219       0.68379032262318173       0.70694079798111142       0.79046179400524696       0.68734508209752598       0.64875604057755454       0.76391778746776173     
  0.96375495939198963       0.94876731592927077       0.94570745245534960       0.92273314006809415       0.92512635943654409       0.92798673206844429       0.93854008485418328       0.92395289855472607       0.95698272373684645       0.84549058928171839       0.95182251882142976       0.94927495648789040       0.92184576392347128     
  0.63403027155474778       0.69827512787105550       0.72877285146649962       0.73123407221785575       0.73790145422342435       0.77491229376578608       0.67573506388646098       0.71399870780881258       0.78733998967174534       0.75722030836316057       0.67742829438551455       0.73597123796408337       0.70404472675393048     
  0.97286811853383759       0.95989115155539007       0.95683638381311087       0.93861986888576043       0.93918220022485832       0.94255572754725703       0.95125438736979384       0.93807134539618531       0.96286463201570871       0.85779363024028854       0.96153137273361822       0.95945215093400749       0.93697305210125792     
  0.69967207754832184       0.70119433131235909       0.68468680220356004       0.72393639182230030       0.63247144858559945       0.65976600589312573       0.66126566379970997       0.71421162934307414       0.76849866850949999       0.69851055005044338       0.63449393294046819       0.66525228510390555       0.72699721677063245     
  0.98119365218404808       0.97045831171478969       0.96788083342231113       0.95406073000326430       0.95399954608939763       0.95720037087288545       0.96381185493707566       0.95359989380130139       0.96996242625650664       0.87527960435744356       0.97117109498181908       0.96979109304158762       0.95274088230689047     
  0.66048092829856608       0.64942776958831583       0.64868335091195384       0.67914042228689164       0.75429917627385157       0.69723517022803660       0.65862376922890298       0.65696680940987329       0.78063786048868455       0.69617681007049326       0.67025516344823144       0.65846708035496659       0.68342222708199829     
  0.98855002490321531       0.98108675917545285       0.97886384312726882       0.96948613836562536       0.96925115918963434       0.97165452271894115       0.97621598513340802       0.96898412846898208       0.97703009197380919       0.89663691671138346       0.98076293792761327       0.97995691089579906       0.96854024720053777     
  0.67778231669571509       0.71576908196202760       0.69020045391569307       0.74926192588936225       0.66378477277892900       0.73504361661871853       0.70138670059545372       0.66670360205281043       0.80177711619228542       0.71220403872580196       0.65746291888763464       0.77071898663299110       0.68341614715646593     
  0.99437943120858208       0.99056337637605640       0.98941383829921181       0.98474677897854868       0.98467424658160974       0.98591483210894582       0.98819380836924564       0.98451613115313730       0.98799604500963634       0.93911680453230706       0.99036591246534567       0.98996391711830911       0.98438036781320704     
  0.66459634537514312       0.67074296764793295       0.70773994170784105       0.64610261301788641       0.70547338261831560       0.66645383837834282       0.77391248734779194       0.68106529087147505       0.90848187675945236       0.80229085100088871       0.71622693049024588       0.77072899067140044       0.68121985438717281     
   1.0000000000000000        1.0000000000000000        1.0000000000000000        1.0000000000000000        1.0000000000000000        1.0000000000000000        1.0000000000000000        1.0000000000000000        1.0000000000000000        1.0000000000000000        1.0000000000000000        1.0000000000000000        1.0000000000000000     
   2.4711270337277380        1.2207481702603815       0.77485823973702683       0.68947553181093058       0.70164231524117660       0.64351630521516023       0.71571235006729084       0.76098707178050096       0.65062374208742280       0.61710562973290528       0.74708252663748509       0.78186102161407289       0.70352590311084628     
   5.1536087586064170        5.2081274157451753        4.8654781792011104        4.9457568750179561        4.6701390689293847        4.3467848702215539        2.9645957200701187        4.9485638335803808        5.5162465868838462        5.0673645469163491        4.8373485288537967        5.1530591865230937        4.8492586209833659     
   5.0965125949717542        4.9200528417003886        5.0567883452338949        5.0700301264187697        4.8678036324124339        5.2831274984922914        5.5997284014829232        4.6377314601028203        5.4823106676519071        5.0270505364227622        4.9539677614439590        4.2129360396285946        4.8629480916796730     
   5.1249381877848510        4.9125200311393726        4.9916623836121827        5.2919538447335670        5.2200166366171050        5.1957449261184365        5.9001047423845918        5.1890189646471301        5.3649618816222633        4.6009131291067575        4.9466019303110853        4.8756524849158991        4.6280555688444736     
   4.9720424440285829        4.9930741559627316        5.0742519730357323        4.6251387314547898        4.9474559409941703        5.2181236629905943        5.8234653808338912        5.3001534693674461        5.4954909860555299        5.0092380039502711        5.0169999571802473        4.9621123302959580        4.8391172917943344     
   4.6834611819158773        4.7409299402904583        5.2714448779024909        4.8405584333903100        5.4442268489258234        4.9828483699773987        5.8450635570542184        5.0527439694872269        5.4398508753432129        4.9069919548346421        5.0250181907760831        4.8340864334191753        4.8380936877218046     
   4.7499629957942338        4.7372853436379145        4.9800104871416107        4.7908503807841054        5.3560098285896460        4.6070458439616599        5.8283960003637159        4.3564340437277052        5.1348186375833960        4.9169413666723596        4.8242718430543707        4.6610184359522515        5.1197437941543500     
   5.0030129093535702        4.8612156482054036        4.6205894537176855        5.1980746337136319        4.7045287061974976        4.8196127699265032        5.4572259541442012        4.9918437473522763        4.9229743504010246        4.7588796600739940        4.8016656395467443        5.2303680210857761        5.3164918810124240     
   5.0065921461133218        5.0420081804559089        4.7698706711526349        4.6050604904877064        4.3178890797199072        4.6863244820656984        3.4178406331609539        5.0057384583803630        4.1956250394279690        4.7883238879507086        4.9372321866332456        4.7129755175302472        4.9203949714526845     
   1.1730706686443835E-004
           1           1           1           1           1           1           1           1           1           1           1           1           1
   1.8770490766039890E-003   1.7441142776802171E-003   3.6448919689616455E-006   5.2215617091864495        1.2864029407673451E-005   1.2131092578915123E-007
   9.5386843239107796E-006   8.4838641048373340E-006   1.0545136250107431E-006   1.8709409279015741E-002   1.0534784106055197E-006   7.8811367610439590E-009
   5.0000000000000001E-003   4.9985325875943882     
