     
 Collinear #          77
 ME*wgt:
   0.0000000000000000        0.0000000000000000        9.2181723434289431E-023
   0.0000000000000000        0.0000000000000000        9.2181723434289431E-023
   0.0000000000000000        0.0000000000000000        9.2181723434289431E-023
   0.0000000000000000        0.0000000000000000        9.2181723434289431E-023
   0.0000000000000000        0.0000000000000000        9.2181723434289431E-023
   0.0000000000000000        0.0000000000000000        9.2181723434289431E-023
   0.0000000000000000        0.0000000000000000        9.2181723434289431E-023
   0.0000000000000000        0.0000000000000000        9.2181723434289431E-023
   0.0000000000000000        0.0000000000000000        9.2181723434289431E-023
   0.0000000000000000        0.0000000000000000        9.2181723434289431E-023
 wgt:
   1.0000000269125291        3.8704151618555554E-005   3.8704150576928978E-005
   1.0000000025795648        3.8704150676768840E-005   3.8704150576928978E-005
   1.0000000002568901        3.8704150586871688E-005   3.8704150576928978E-005
   1.0000000000256783        3.8704150577922839E-005   3.8704150576928978E-005
   1.0000000000025679        3.8704150577028366E-005   3.8704150576928978E-005
   1.0000000000002567        3.8704150576938912E-005   3.8704150576928978E-005
   1.0000000000000260        3.8704150576929981E-005   3.8704150576928978E-005
   1.0000000000000029        3.8704150576929087E-005   3.8704150576928978E-005
   1.0000000000000002        3.8704150576928985E-005   3.8704150576928978E-005
   1.0000000000000002        3.8704150576928985E-005   3.8704150576928978E-005
