  0.02420979230337892  0.03281300245574091  0.04357838351886462  0.05471982425604960
  0.06517879583403528  0.07556308702731440  0.08642130798275204  0.09744241344642328
  0.10834426857693687  0.11823903561992302  0.12869297990783449  0.13946682404209346
  0.15029772563840943  0.16079993752316257  0.17117811001679820  0.18162910805038920
  0.19219892631145874  0.20262916739868780  0.21276141081122590  0.22301325386412715
  0.23333634998995462  0.24386811371138162  0.25389713064270014  0.26351332697993074
  0.27319222388363784  0.28284175526609234  0.29216615483339553  0.30124661382659518
  0.31031578947408078  0.31989243658263283  0.33006999597764447  0.34040079044186522
  0.35103318189515020  0.36194305188805098  0.37254376344648893  0.38299803624969858
  0.39330658853597034  0.40373099199869683  0.41424373817195764  0.42496653256304467
  0.43625898398945151  0.44776806201385422  0.45957256548384035  0.47130976899264720
  0.48291245301091323  0.49386083558096461  0.50457173263161681  0.51482205021687244
  0.52466579750291942  0.53406701604524465  0.54345796272743618  0.55301723154038562
  0.56274725682883875  0.57268994493313752  0.58250217424141904  0.59248110842736534
  0.60273164220440534  0.61336881391534592  0.62445646721492865  0.63561699002665639
  0.64643860089281746  0.65640979597105453  0.66582751713807442  0.67513324249490592
  0.68431616304791010  0.69374018357991329  0.70342312235998383  0.71348946487969700
  0.72388096092260035  0.73432150719582312  0.74481141424464936  0.75515702322557376
  0.76533350833664182  0.77587962635862640  0.78665246894733609  0.79693026628815833
  0.80667597598829022  0.81565860492865172  0.82518022723168760  0.83490806094873782
  0.84460136366312877  0.85417037998220025  0.86399121020262837  0.87367939098391478
  0.88303546944127309  0.89269165054829702  0.90279586941919221  0.91294726286004080
  0.92238453899896033  0.93152598804559983  0.94064173412049379  0.95012226877070682
  0.95941008827105667  0.96723761088933113  0.97065462944436942  1.00000000000000000
  0.02431321393330294  0.03238732684455193  0.04266216204058824  0.05231676077961785
  0.06190640273077625  0.07207127992375828  0.08278780881369122  0.09398269460208880
  0.10508750212422489  0.11628060456506116  0.12792428440909126  0.13993125565707568
  0.15132712814218507  0.16195508891781812  0.17280571551102397  0.18431007066354302
  0.19543712538430671  0.20636627597067225  0.21752083148349938  0.22889974768983257
  0.24033438647828387  0.25151645712319570  0.26254762499823925  0.27373948844648638
  0.28500650158181912  0.29603945282207689  0.30662346552882946  0.31702043058160928
  0.32738248912278289  0.33723546431046991  0.34641298076242194  0.35536528869730988
  0.36441666695588509  0.37350349189654364  0.38306771552923197  0.39314430126517291
  0.40324299011422771  0.41303223165011249  0.42259982568716437  0.43201292448398271
  0.44125270446315051  0.45010690980191698  0.45918422114617113  0.46873046828469606
  0.47855592001572322  0.48875841939745074  0.49909053622978655  0.50987879492779387
  0.52147708361665246  0.53374230499379405  0.54639715476284079  0.55876464115164182
  0.57006443004129925  0.58153998364786830  0.59086571118303999  0.60019940817258877
  0.60964609617600773  0.61894772502167217  0.62843445767519257  0.63772650468827885
  0.64743937096444582  0.65763517501493263  0.66806296047772518  0.67830370694050457
  0.68810629294627967  0.69737445884021376  0.70701571176773836  0.71659278095308598
  0.72661824950487097  0.73672488991112861  0.74640639166647560  0.75645342842384300
  0.76681895927423116  0.77851705227595758  0.79000396668667672  0.79975136545539438
  0.80917341341750615  0.81872091548062531  0.82805699690709544  0.83712020349972549
  0.84602774053864027  0.85541425886471312  0.86536673416554266  0.87529493323339258
  0.88516329130973770  0.89499559689017449  0.90506896626111011  0.91485108786241254
  0.92383863837979041  0.93235260627580308  0.94092000533932618  0.94991502010055828
  0.95858282984039189  0.96681186922712914  0.97059955585471536  1.00000000000000000
  0.00907091533708105  0.01513087190386584  0.02436861406343643  0.03518710048175223
  0.04549534377709220  0.05530545630377162  0.06546958793371752  0.07594542265138619
  0.08614894011708032  0.09631004973230468  0.10630389543574206  0.11690470822488355
  0.12720379541620344  0.13726861316221448  0.14735823094715653  0.15775948298535891
  0.16865603494672651  0.17986785829011115  0.19107154049309130  0.20213891115896029
  0.21355497643284163  0.22493434568544526  0.23607800915623184  0.24690428426414343
  0.25680688732265072  0.26680843707529822  0.27729095442576018  0.28803119845840214
  0.29832578980029456  0.30840418259189145  0.31948809225149022  0.33098282530036699
  0.34159805874535881  0.35164071889579096  0.36142358822647458  0.37127862545455759
  0.38133793507113106  0.39155368117496264  0.40164751825357320  0.41175753514786251
  0.42135220317128597  0.43100033150170608  0.44130107208806502  0.45192942760667515
  0.46206745497530577  0.47158922848023338  0.48163294483481778  0.49256245941893123
  0.50365946263737893  0.51408561447795287  0.52433136935337910  0.53464530825309819
  0.54526841068841747  0.55622979040884346  0.56692731748054348  0.57783840446553625
  0.58829287690532250  0.59844926263413523  0.60797872909395245  0.61747053494863313
  0.62761151324144482  0.63756288169146758  0.64745127448131379  0.65806026020190156
  0.66873349447107033  0.67981803526317652  0.69086016904500780  0.70220727537754235
  0.71317260971668794  0.72360220229163608  0.73440850935470192  0.74532861209273416
  0.75590714534623793  0.76655831894829396  0.77791135752977125  0.78917373796549140
  0.80023509063955189  0.81082996747491154  0.82130231984571078  0.83174202790033025
  0.84270799605177205  0.85381602431169035  0.86489449943046337  0.87609866640566492
  0.88783171330268629  0.89951605299511028  0.91111559082842064  0.92206515436236791
  0.93236249442667130  0.94233844100462660  0.95189933984966069  0.96159589536552392
  0.97148387802333558  0.98164395155975792  0.99162041057498240  1.00000000000000000
  0.00231301079086698  0.01485673058051639  0.02777036900775612  0.03971879358357187
  0.05120042306359762  0.06287249123294493  0.07451255432350608  0.08554081178091162
  0.09611455224704447  0.10636972062420165  0.11663687991568664  0.12710007450342348
  0.13800656151092072  0.14960514133283201  0.16113760315819894  0.17246972743315808
  0.18355957402519107  0.19390227488635345  0.20433265597518857  0.21476056805007931
  0.22510342617044879  0.23548189355303054  0.24613333730334019  0.25684603285431779
  0.26698432571726388  0.27748217734131725  0.28765618941067844  0.29784033852404090
  0.30775297874086127  0.31817099215120553  0.32898948298504571  0.34005615609948514
  0.35139604768418892  0.36267413111615421  0.37350130359516032  0.38401308893705038
  0.39448039786401057  0.40495793096670918  0.41560544489138151  0.42630667294057228
  0.43721206901633547  0.44688767537635476  0.45618811819246813  0.46540265517754525
  0.47493678121871069  0.48458674431692145  0.49380614089412445  0.50310340111517404
  0.51286904917757381  0.52303031563187374  0.53395561170926509  0.54460185937387628
  0.55466602183541469  0.56472646342982036  0.57505103419072723  0.58566021029583970
  0.59588554483475109  0.60589942921549955  0.61571219052580306  0.62573668764004842
  0.63597765072186896  0.64648012835589785  0.65667435584717826  0.66673692961971587
  0.67706194141661458  0.68736245716738265  0.69756304158486215  0.70753704248583427
  0.71758668659002878  0.72756203092803640  0.73744657048165685  0.74778552019771038
  0.75871767990258931  0.76978311355109563  0.78027122204242538  0.79064236700202473
  0.80076615025444686  0.81068532826051720  0.82040952068113926  0.83019902797640321
  0.84040015270039292  0.85097046604032966  0.86159014028930014  0.87270728370280704
  0.88381625209658199  0.89506875358003357  0.90571754898816259  0.91568976414405401
  0.92517364602038876  0.93464581180526685  0.94419909465115570  0.95378133294613821
  0.96360241448366701  0.97334687285943156  0.98282123389685472  1.00000000000000000
 -0.00061791729882947  0.00333920410374064  0.00557517522439264  0.00801976092593915
  0.01082064789569181  0.01393246871722425  0.01745596267139067  0.02124538768159690
  0.02579487656095705  0.03057950852093918  0.03547682427408625  0.04081707402246339
  0.04642369169814303  0.05226365211091038  0.05812150238469840  0.06396988912051921
  0.07047697310368846  0.07747803712382403  0.08429296161855723  0.09133824453297935
  0.09875963066540001  0.10640194720897851  0.11424110168463325  0.12225564327494910
  0.13034183950908970  0.13846576668485017  0.14655657299451805  0.15507379524539902
  0.16454396625113474  0.17496875510141807  0.18561943028665240  0.19553668967598234
  0.20487105785256687  0.21406182561222065  0.22335011888730150  0.23309977975203552
  0.24335262837943153  0.25378007299811017  0.26380842799455834  0.27379990545200522
  0.28410508324148431  0.29467751262172420  0.30507676912903892  0.31565772145646787
  0.32669683352400858  0.33722901368434782  0.34791653024310065  0.35860540337389613
  0.36959957903902518  0.38062652099224992  0.39188894063480972  0.40324734000341050
  0.41454479218287044  0.42569853158898635  0.43682217835684883  0.44822436799773879
  0.46016229804680858  0.47257705058501803  0.48398233879956881  0.49511923509088590
  0.50716626338149884  0.52001783024678983  0.53371246860006072  0.54803187119453944
  0.56242467430846887  0.57632472853695293  0.58956449596522409  0.60277671306579927
  0.61583873435216807  0.62859595153318193  0.64138433993532584  0.65423865792506475
  0.66690068592310692  0.67947467209975076  0.69245468151571377  0.70639815331551270
  0.72047178461997696  0.73498562188395566  0.74997579111819423  0.76528877510155568
  0.78090174695464243  0.79627100512877602  0.81140269779009266  0.82657323987588394
  0.84157851005469719  0.85659074075603225  0.87136768772662421  0.88572817760689848
  0.89968270182037147  0.91346072496205089  0.92708832281540010  0.94097267088530401
  0.95539051455623980  0.97023475633486145  0.98508995252849596  1.00000000000000000
 -0.00245520803945084  0.00987977123077509  0.02009547765281834  0.03034457502639157
  0.04103570105354570  0.05247662320337589  0.06384551839671267  0.07516031929631316
  0.08646674612980533  0.09775068222373846  0.10892508262508428  0.11987454948139664
  0.13064469310647947  0.14135306845519435  0.15173513647935022  0.16154441664273111
  0.17205855380599597  0.18293587965248201  0.19333793053236270  0.20389032388593564
  0.21524473399085231  0.22759993555895408  0.23828747557047170  0.24869857775403942
  0.25840336950662990  0.26886727733624277  0.27955310274483164  0.29014528735904704
  0.30033706027359813  0.31048423952841303  0.32126061609104295  0.33225737310020131
  0.34248678592154530  0.35169034443353314  0.36128630061855854  0.37142267158977327
  0.38226376077904473  0.39321626382964975  0.40557682725357375  0.41740571801814780
  0.42719596317717196  0.43628591802578265  0.44572862692166915  0.45562690007713114
  0.46558235640480300  0.47547211617999208  0.48601264816443118  0.49731559357466770
  0.50897537677113647  0.52048453148107665  0.53142132867584779  0.54173988337563661
  0.55179333702641364  0.56192386224675794  0.57205026564000472  0.58189119778174214
  0.59179598613097451  0.60161484459782733  0.61252818920953545  0.62445151108009433
  0.63657768848385143  0.64777601242566063  0.65740832178372488  0.66688824580034767
  0.67593950325798946  0.68498825993364820  0.69368852889909305  0.70245196628148732
  0.71133386664895881  0.72151132995072653  0.73191058782141949  0.74248124245123459
  0.75339969148091113  0.76488488500061702  0.77629016154405328  0.78715431737755359
  0.79832828980869930  0.80958817738807276  0.82081385057659062  0.83203057317890095
  0.84297604216653854  0.85410625433030007  0.86509951022180476  0.87557456258410138
  0.88493967095073711  0.89444985403792476  0.90504394806048150  0.91589194981609034
  0.92608361790179605  0.93605648335713287  0.94621922235413325  0.95693818694112120
  0.96788721163989277  0.97920299883272632  0.98981816183695359  1.00000000000000000
 -0.00268630270437407  0.00908864576156898  0.02001292043439278  0.03147163314270558
  0.04284251663147783  0.05363817397779940  0.06427482199004478  0.07523828168278671
  0.08633247097475856  0.09709254998652993  0.10735217714902311  0.11759811101431515
  0.12793917705932342  0.13812027515179978  0.14830072641536382  0.15825355243977343
  0.16846899727456652  0.17915048562131852  0.18965123860325989  0.19975137080090624
  0.20993628913353296  0.21997241331861475  0.23011273893027351  0.24014627697591814
  0.25056744101105127  0.26161796625520489  0.27288428083627342  0.28451562078844200
  0.29532746918236891  0.30573140326348119  0.31567893288685639  0.32572897572430692
  0.33599529796231359  0.34645159462766872  0.35737488106753368  0.36862054352240925
  0.37996871496803725  0.39121913128669261  0.40244053793828216  0.41311613356823185
  0.42332847269073159  0.43345037370375272  0.44384928915227273  0.45453537111208414
  0.46541175099440474  0.47634986937170259  0.48741836172727215  0.49860538820797007
  0.50903559552388311  0.51919999215032564  0.52930229892120584  0.53967122091285080
  0.54968448826227223  0.56004707693312306  0.57113319732809598  0.58237731893481004
  0.59257456973106193  0.60242507846937732  0.61204192136951729  0.62156566185989448
  0.63095851598457919  0.64017932850302139  0.64993254249342014  0.66005864260061164
  0.67059921036939751  0.68137322730103944  0.69227509475512927  0.70260172771234641
  0.71270410348440938  0.72297137597467942  0.73400772264186576  0.74482908060174680
  0.75518950601979873  0.76548338989953102  0.77595344537360766  0.78671619345471933
  0.79770319430961933  0.80879623517813704  0.81970148973929680  0.83091641978228792
  0.84169189646755227  0.85245202849610413  0.86245071581011767  0.87217822949225932
  0.88174038612957883  0.89155238583897389  0.90177753643365022  0.91236206843737166
  0.92295139709570018  0.93365323589478744  0.94450116923701044  0.95579473336516096
  0.96673085000651993  0.97755374333246514  0.98867021779567876  1.00000000000000000
 -0.00224135172868074  0.00795701043849862  0.01756897798678700  0.02722840621089423
  0.03686547209070319  0.04613483563043980  0.05557552032521271  0.06518708762805024
  0.07502381440492507  0.08503298487601853  0.09521279270960915  0.10434413706828778
  0.11434346865391523  0.12500919215621767  0.13570002979306323  0.14681729906284099
  0.15761587506686969  0.16839038533937481  0.17906944843942388  0.18952642205769799
  0.20063959487513158  0.21179350922372481  0.22293415209899062  0.23356140724148650
  0.24359125083685368  0.25415396758936948  0.26494523918255708  0.27557248378309390
  0.28618217395862339  0.29719859400953041  0.30879671402058045  0.31938997241290035
  0.33009160626341316  0.34042493217476355  0.35131152130358317  0.36127619840229946
  0.37148299815133551  0.38181133357987007  0.39264283119801080  0.40322758509588646
  0.41387360894632802  0.42441155522056789  0.43554304735522115  0.44692627049655775
  0.45861927130795066  0.46912702696549424  0.47949798902067431  0.48976091804378052
  0.49969625315872995  0.50913544529618882  0.51872618346815569  0.52935217046274208
  0.54052825880620881  0.55163782449670928  0.56253656973714938  0.57363906976622636
  0.58427410730794049  0.59414900919513414  0.60392764686947709  0.61407093872131457
  0.62487485869354009  0.63602520509277150  0.64792656900903012  0.66077949398954683
  0.67361776722450717  0.68563380188503920  0.69698553090611814  0.70834649954081197
  0.71903533112674911  0.73048720266800393  0.74258989425605393  0.75474248629880836
  0.76610144913400491  0.77610227257494058  0.78563299644052087  0.79518922406498582
  0.80518326174184107  0.81547423030072408  0.82559395834929794  0.83598280377002421
  0.84674202042110791  0.85774600208451335  0.86885652103712907  0.87967221834893672
  0.89045781614493569  0.90090949742836590  0.91131095216660951  0.92120404079627172
  0.93101344721977364  0.94039460423478727  0.94996103989839187  0.95962936434690493
  0.96939941688937104  0.97918041763088315  0.98913275510818488  1.00000000000000000
 -0.00231246049132596  0.00990145861178777  0.01992059254026006  0.03056438985223987
  0.04150371720813040  0.05251455274592753  0.06346911956710442  0.07376908159512285
  0.08478795621276369  0.09515420177494130  0.10585634657685047  0.11585349556520841
  0.12638586528792239  0.13740611180533516  0.14929526719247715  0.16167447811531749
  0.17401240631970613  0.18572168921258334  0.19764754273043855  0.20924225307289540
  0.21994623361891896  0.23014072935735741  0.24016536815482459  0.24995512255200686
  0.25973356857293955  0.26949471462302527  0.27955360045154609  0.29017505400976251
  0.30127857958218845  0.31246392851990740  0.32316953748554483  0.33371285424760849
  0.34430504337886825  0.35439372662591478  0.36391079272336513  0.37348748599528486
  0.38354610063990879  0.39447537977340519  0.40567593065608665  0.41682821481623000
  0.42750024353375943  0.43827461586067196  0.44834053555235481  0.45799620337100844
  0.46684938472326742  0.47540139680045501  0.48446828261080654  0.49408191124857498
  0.50455540399734999  0.51587928602223565  0.52743411147465846  0.53876610449671203
  0.54985489621051098  0.56050345484930997  0.57115170546776850  0.58144994065523203
  0.59192686824310070  0.60249570032024580  0.61357758629614068  0.62451168290886305
  0.63512800253994373  0.64542433603952631  0.65597373258367098  0.66630025065117604
  0.67620476032362642  0.68646664492816345  0.69750723175130225  0.70917371862901235
  0.72070994828820267  0.73211291857899952  0.74369466009747764  0.75487028715927018
  0.76540349552350428  0.77617609732878934  0.78672373937009110  0.79693072654761066
  0.80687937348508743  0.81655128380036202  0.82603444726905106  0.83547980678599676
  0.84510720254233629  0.85479846153253136  0.86498773177237487  0.87520073220397210
  0.88568590421028481  0.89605509998677113  0.90631851400137253  0.91643777987570652
  0.92631563023398833  0.93617136495106978  0.94633846403892552  0.95651794688222114
  0.96706037506702880  0.97769520246854824  0.98884394349241589  1.00000000000000000
 -0.00258213591757752  0.01010747472511426  0.02101895467997669  0.03024700059581437
  0.03984512614413352  0.04923922097687506  0.05923441756421619  0.06956065110046437
  0.08034250785981345  0.09193826311008671  0.10406294263233862  0.11493762257347773
  0.12527880379716078  0.13522761902865169  0.14548337093377203  0.15467497807053293
  0.16418218642936133  0.17375036413492792  0.18381602207476277  0.19366855453903176
  0.20288167306376323  0.21191755474789009  0.22129818117775962  0.23176771845576910
  0.24297365516480157  0.25419964356194019  0.26517274104193300  0.27629278419036180
  0.28728253139539156  0.29816507275231052  0.30921472994199733  0.32042433458257769
  0.33203629027851855  0.34307124749157542  0.35400140471999181  0.36500429550706759
  0.37625669483236623  0.38722943086896794  0.39832810091787779  0.40943320349545714
  0.42035202656203741  0.43095664073421469  0.44159387870895878  0.45249987622946503
  0.46316112882480770  0.47336499101527146  0.48346645786677128  0.49371924799554995
  0.50423066954479456  0.51496159304392564  0.52618220086092660  0.53762640793257954
  0.54890737954052016  0.56011271791104222  0.57146787102281793  0.58285923649575544
  0.59404683468794550  0.60504167092982131  0.61602811316033723  0.62648066938612912
  0.63704557791551508  0.64778147796749508  0.65853667473176547  0.66832402492618581
  0.67812097970395790  0.68778344400998337  0.69817813237602244  0.70846253282586080
  0.71902364187103751  0.72932559786123230  0.73990349048234993  0.75044406711717504
  0.76112782651499822  0.77186470531633933  0.78261258727521321  0.79351317739301663
  0.80393462536905180  0.81421131739197361  0.82413293034994717  0.83414596902824334
  0.84434813647708606  0.85482473336416687  0.86570378887140964  0.87669682301932861
  0.88768755544655442  0.89840410548472738  0.90870027466695857  0.91889437491342074
  0.92934029123817052  0.93964611704479983  0.94987638370684002  0.95987987909368311
  0.97005579782843920  0.97980713945760556  0.98979828436850892  1.00000000000000000
 -0.00171131016957017  0.00571825331912442  0.01274104565663494  0.02033556489938721
  0.02868560393536379  0.03698677360430266  0.04499016198621754  0.05267006779323367
  0.06015814486389931  0.06826586756486396  0.07625211441481598  0.08404841910055769
  0.09206053945522820  0.10042204664334151  0.10927341714964325  0.11857417900882289
  0.12836202458475052  0.13879673874570128  0.14931836464650022  0.15978816634145887
  0.17007505596282269  0.18000354034263572  0.18935330363924638  0.19900705854411124
  0.20887123902055973  0.21962797817310903  0.23064807879065241  0.24189701739455866
  0.25243672202838408  0.26233234063985694  0.27227561061289396  0.28265285637664522
  0.29265668178479343  0.30287587013255701  0.31354788119300003  0.32500367942187902
  0.33659325990724853  0.34838497657972634  0.35996787141221820  0.37130537466511299
  0.38265601706379104  0.39437262608612034  0.40622627894961238  0.41811529595646896
  0.43062889794431131  0.44301721120744608  0.45529250121519887  0.46742323509990469
  0.47962304320735283  0.49152348295814247  0.50337237687364300  0.51564969979955677
  0.52792627969447259  0.54067107478624399  0.55367044670854371  0.56646380793523365
  0.57897783873090780  0.59154279721334957  0.60437452768126565  0.61660944511349280
  0.62821042062835808  0.63909300720995676  0.64994778632755701  0.66163023788967856
  0.67366590689863826  0.68589287603519833  0.69755549033754249  0.70889154824382083
  0.72010083825523874  0.73123291926289313  0.74296422111221594  0.75435323010800404
  0.76549137182688487  0.77693597401255887  0.78925524620000587  0.80055129958632754
  0.81089468224679861  0.82179875722469864  0.83266191092061259  0.84284551768354965
  0.85261121034885889  0.86267389779760917  0.87307037220443684  0.88347994370407423
  0.89328512874244648  0.90307412805851972  0.91294813923966400  0.92324141343906174
  0.93369662982515578  0.94397719743525499  0.95385620586373920  0.96341180762756329
  0.97232749022369758  0.98150170186616348  0.99070142268333938  1.00000000000000000
 -0.00220793683659844  0.00881806391166651  0.01770842619824978  0.02780931792922536
  0.03718253135352156  0.04666710486785019  0.05648633567341958  0.06661179140106252
  0.07770295268746891  0.08949519219122437  0.10166971593477905  0.11335148833095343
  0.12464532792247439  0.13486428404590056  0.14499993031735134  0.15503526198974349
  0.16529178992639612  0.17545844388926404  0.18635989533275488  0.19816775936549491
  0.21051536597315099  0.22171206528170773  0.23257048994307278  0.24279378990676684
  0.25319779861863279  0.26379779100503087  0.27454833491403008  0.28465187595019792
  0.29442812773226751  0.30454919583891144  0.31477300183832857  0.32543046625572458
  0.33715708354338958  0.34965793240706011  0.36058424371381598  0.37075640119570863
  0.38112984072954381  0.39149624389379667  0.40168760100123857  0.41159131816036271
  0.42142137474319569  0.43108945973148816  0.44100772648973730  0.45107203622179948
  0.46103975805245312  0.47091881474517483  0.48117141010130426  0.49196709621305501
  0.50346668764404123  0.51519760570945827  0.52704009932484019  0.53827067987389643
  0.54891648780233870  0.55932763148584375  0.56963760364509386  0.57989749346886121
  0.58966678516031967  0.59897922839549667  0.60822513879390216  0.61759790684985860
  0.62786997484079432  0.63832408661144846  0.64943424214072198  0.66046402589158970
  0.67162503141748475  0.68349320017139170  0.69434094787780931  0.70505861912563927
  0.71516051406814818  0.72554384149302131  0.73556628309022121  0.74502225542902034
  0.75415577431904457  0.76354881423243359  0.77327819449185908  0.78401658249617479
  0.79482892626083079  0.80522650463420009  0.81608473332152742  0.82713067262248074
  0.83785349849916813  0.84815005186919390  0.85868691465894265  0.86880060447843499
  0.87910194474563319  0.88879428541160255  0.89901013488845150  0.90961354541022876
  0.92031477074753254  0.93135524130505343  0.94291314900860390  0.95495407563061974
  0.96678329299856858  0.97809205222357809  0.98921293675721678  1.00000000000000000
 -0.00404723598620772  0.01843324866171477  0.03552514646216887  0.05116328338450635
  0.06582800766586797  0.08016919162583230  0.09459690087620369  0.10905480857329472
  0.12313015925211680  0.13518323971771556  0.14646072532487842  0.15750192171244845
  0.16818485889221782  0.17835141357306117  0.18863302247835834  0.19888908380353143
  0.20875201991711323  0.21823688516941239  0.22754855527242643  0.23708532986261913
  0.24682877119140736  0.25639035130428989  0.26570331438213379  0.27498326105009402
  0.28449947170048717  0.29409522907305563  0.30348739977816969  0.31281522838552944
  0.32178446597913762  0.33057050289070916  0.33895496358828214  0.34697896286556573
  0.35494825774004923  0.36330049422568367  0.37225374792494215  0.38207191156153847
  0.39209948297804798  0.40153924296651539  0.41017044102772349  0.41908877856681354
  0.42725251849868012  0.43550254689199391  0.44343390134207578  0.45144857524574938
  0.46005633663759060  0.46891786569987443  0.47782649749819989  0.48692811365988659
  0.49612347074316987  0.50529567556598343  0.51455145862213081  0.52420693068549118
  0.53421890100120584  0.54411291584256816  0.55317574008967785  0.56187519461723279
  0.57084270508749213  0.58003229164335401  0.58925251337430562  0.59838010943226805
  0.60741099355112349  0.61652830119500956  0.62585060177846052  0.63529689335163275
  0.64486630245282284  0.65436448017127324  0.66379142133638946  0.67270012175620586
  0.68122657920940843  0.68989101820050991  0.69970052281406336  0.71011375165161306
  0.72034447349978781  0.73049358193676595  0.73991634867456035  0.74893301318702510
  0.75806336423095810  0.76696764865347156  0.77645597606480743  0.78665551157049696
  0.79803623342870256  0.80940551117460757  0.81980236122315853  0.83039711793516080
  0.84129109143343905  0.85258777664048779  0.86394900378047557  0.87564069866465855
  0.88784094354123999  0.90035218024798436  0.91338669427471075  0.92715588190754816
  0.94163914976285146  0.95787758811991808  0.97727195706997350  1.00000000000000000
 -0.00219214766280090  0.00966520968791960  0.02018409079911733  0.03097697158121144
  0.04166699191578938  0.05170385555654859  0.06149996194630935  0.07133565384701376
  0.08151513900720608  0.09162292665638759  0.10171533112826453  0.11181989422136882
  0.12215895527519165  0.13228545209667286  0.14248617799620941  0.15303810642478419
  0.16321866697462006  0.17312749450606563  0.18264604709607227  0.19251440546239029
  0.20256442708505970  0.21266701209252412  0.22263721811474718  0.23225127847397734
  0.24193431565670775  0.25171118791279906  0.26143324019065178  0.27068717355672722
  0.28040364214890312  0.29044137718400553  0.30040334409154457  0.31040820994664542
  0.32056570315406219  0.33080078633465315  0.34053478098000112  0.35033161262914997
  0.36086852251118057  0.37169125687938853  0.38205994219372280  0.39251941584540201
  0.40401737406220228  0.41592152977136909  0.42738598364713376  0.43897595277826335
  0.45120910012347593  0.46348426834671430  0.47532133188994657  0.48687661925647385
  0.49804851109752146  0.50867299355890239  0.51889013808318241  0.52874761726577080
  0.53843662074749488  0.54824812211552010  0.55813882365183842  0.56805627973452144
  0.57806668132195183  0.58812573505178645  0.59840799791436816  0.60904671907744345
  0.62047370217176323  0.63228623394157368  0.64427142501354540  0.65657555083102470
  0.66819022784839621  0.67854765523662430  0.68852726684897447  0.69920497584435348
  0.71003648129648078  0.72062124528871363  0.73131703843624019  0.74198917104923179
  0.75242843819933425  0.76276827955116533  0.77330900716353801  0.78447364613693149
  0.79567755523025507  0.80673905505295551  0.81766170710227881  0.82895642040549811
  0.84060318130240819  0.85275863741425961  0.86345866808081351  0.87412384452819647
  0.88435022659694384  0.89532424571979607  0.90507717188256653  0.91490084187507448
  0.92428653116641157  0.93375012278661595  0.94385629651144576  0.95416011194337069
  0.96496086721015439  0.97589832182740122  0.98777564723778766  1.00000000000000000
  0.03985968475638900  0.17951435728484105  0.22760590423393895  0.26456840952124266
  0.29563267266095833  0.32248535584072258  0.34760030200205255  0.37024235495127850
  0.39138009250120809  0.40863378549102314  0.42478630963427777  0.44036716003045839
  0.45561321955819628  0.47052188215829138  0.48459342543023870  0.49806955576319911
  0.51141113984290232  0.52481679153524685  0.53764726250815231  0.54950349578687263
  0.56034900337298854  0.57043320436109846  0.58031061745753265  0.58964795084493604
  0.59892947390089935  0.60819942147709904  0.61703684406026671  0.62539581139412648
  0.63316533187798951  0.64072392305888604  0.64825516819353568  0.65586656831451784
  0.66350523132422390  0.67096908424090629  0.67846847200489302  0.68559908821787441
  0.69246563562209851  0.69924701026007507  0.70605683216686466  0.71268106858023139
  0.71897502974931304  0.72522962927576684  0.73145487317146474  0.73756140488931843
  0.74346408901215155  0.74916962990964231  0.75454498035238593  0.76000249459600899
  0.76538059389523050  0.77093356791468781  0.77643757121095092  0.78173730491953553
  0.78678248761251546  0.79164063208546454  0.79635250277939529  0.80114071776770446
  0.80598384470955176  0.81073226210376115  0.81531497181051116  0.81974535638496981
  0.82408980765435169  0.82833831321326712  0.83252390108941476  0.83650546900132994
  0.84060859972131063  0.84484824555941684  0.84914079474622295  0.85347492866885999
  0.85775889393567750  0.86195161377012552  0.86606109674554643  0.87012016642458356
  0.87421516064082505  0.87852368929348534  0.88274648410421652  0.88679564941854161
  0.89068896490129845  0.89458772355003957  0.89856552598382855  0.90258579102311831
  0.90660654222355463  0.91065336991410184  0.91468558680092871  0.91880198650176248
  0.92285732805116438  0.92681924558610396  0.93081502051830467  0.93496099255072873
  0.93926758756854145  0.94420668128807794  0.94930970390497460  0.95486552584984941
  0.96121549151099150  0.96888307192011236  0.98008700006606342  1.00000000000000000
 -0.01900712001588580  0.13386785142153013  0.19287441558330157  0.22939578313162656
  0.25505473217832203  0.27531820824533643  0.29311570282680316  0.30880514960698946
  0.32327666437980235  0.33684477387854000  0.35001440283388413  0.36124355700580291
  0.37149818200264279  0.38109294366883684  0.39064656572552064  0.39990092200411442
  0.40837312586530800  0.41636003947251288  0.42405415916802253  0.43182332348353203
  0.43940932853356168  0.44633900777618357  0.45255030858238865  0.45837120526707342
  0.46398837430650941  0.46954780319696943  0.47537539711562310  0.48135602986107440
  0.48771098379273592  0.49398835379441580  0.50025461502603374  0.50655525125369105
  0.51271272278330815  0.51883434592230926  0.52470098504134810  0.53049545410648269
  0.53623067282112524  0.54166655794788221  0.54699875722384883  0.55227881287791958
  0.55752095620133169  0.56267334267782065  0.56758040631803253  0.57204270301066473
  0.57675166511066922  0.58142865838340474  0.58600296845912947  0.59053538241212622
  0.59515536592786988  0.59994172701165249  0.60487680149517031  0.60976476984386452
  0.61451116503685754  0.61930641703426670  0.62402855472930618  0.62898237817688463
  0.63368750170022214  0.63827800357827125  0.64279631005908133  0.64740260699242913
  0.65219420723954413  0.65709143039887241  0.66208383334434173  0.66715057087511587
  0.67232365377228853  0.67759514220640149  0.68296720281542622  0.68835363274474715
  0.69371194400352065  0.69897292584468584  0.70405119835130781  0.70900178305227901
  0.71386536796191391  0.71881331782133850  0.72409023133452677  0.72965963347225260
  0.73523389952176210  0.74087451683072825  0.74682155018339402  0.75315164388108014
  0.75983225192923998  0.76649699454943288  0.77341000242459701  0.78090354263001882
  0.78868097290385719  0.79684986833497529  0.80504206398346057  0.81339676157180951
  0.82219967013511119  0.83183087698557912  0.84265981400617063  0.85539029007468770
  0.87098981414341914  0.88966012571932196  0.92071676154215509  1.00000000000000000
   1.1685899308632217E-010  -1.0000000000000000     
 T F F F F F F F F F F F F F F F F F F F F F F F F F F F F F F F F F F F F F F F F F F F F F F F T F F F F T F F F F T F F F F T F F F F F F F F F F F F F F F F F F F F F F F F F F F F F F F F F F F F F F F F F F F F F F F F F F F F F F F F F F F F F F F F F F F F F F F F F F F F F F F F F F F F F F F F F F F F F F F F F F F F F F F F F F F F F F F F F F F F F F F F F F F F F F F F T F F F F T F F F F T F F F F T F F F F F F F F F F F F F F F F F F F F F F F F F F F F F F F F T F F F F F F F F F T F F F F F T F F F F F F F F F F F F F F F F F F F F F F F F F F F F F F F F F F F F F F F F F F F F F F F T F F F F T F F F F T F F F F T F F F F F F F F F F F F F F F F F F F F F F F F F F F F F F F F F F F F F F F F F F F F F F F F F F F F F F F F F F F F F F F F F F F F F F F F F F F F F F F F F F F F F F F F F F F F F F F F F F F F F F F F F F F F F F F F F F F F F F F F F F F F F F F F T F F F F T F F F F T F F F F T F F F F F F F F F F F F F F F F F F F F F F F F F F F F F F F F T F F F F F F F F F T F F F F F
  <DiscreteSampler_grid>
  grouped_processes
  1 # 1 for a reference and 2 for a running grid.
  10 # Attribute 'min_bin_probing_points' of the grid.
  1 # Attribute 'grid_mode' of the grid. 1=='default',2=='initialization'
  0.0000000000000000 # Attribute 'small_contrib_threshold' of the grid.
  0.5000000000000000 # Attribute 'damping_power' of the grid.
 # binID   n_entries weight   weight_sqr   abs_weight
    133   10   5.082677283515070E+000   2.287691158885269E+002   5.082677283515070E+000
    134   10   5.082677283515183E+000   2.287691158885398E+002   5.082677283515183E+000
    136   10   2.729968815638349E-001   6.599762242478189E-001   2.729968815638349E-001
    137   10   2.729968815638386E-001   6.599762242478446E-001   2.729968815638386E-001
    139   10   2.729968815638315E-001   6.599762242478023E-001   2.729968815638315E-001
    140   10   2.729968815638357E-001   6.599762242478295E-001   2.729968815638357E-001
    142   10   1.466295656864398E-002   1.903952083824418E-003   1.466295656864398E-002
    143   10   1.466295656864426E-002   1.903952083824513E-003   1.466295656864426E-002
    145   10   2.729968815638315E-001   6.599762242478023E-001   2.729968815638315E-001
    146   10   2.729968815638357E-001   6.599762242478295E-001   2.729968815638357E-001
    148   10   1.466214673173685E-002   1.903693158222781E-003   1.466214673173685E-002
    149   10   1.466214673173713E-002   1.903693158222875E-003   1.466214673173713E-002
    151   10   5.082692361167554E+000   2.287707869714306E+002   5.082692361167554E+000
    152   10   5.082692361167664E+000   2.287707869714433E+002   5.082692361167664E+000
    154   10   2.729968815638349E-001   6.599762242478189E-001   2.729968815638349E-001
    155   10   2.729968815638386E-001   6.599762242478446E-001   2.729968815638386E-001
    157   10   2.729968815638349E-001   6.599762242478189E-001   2.729968815638349E-001
    158   10   2.729968815638386E-001   6.599762242478446E-001   2.729968815638386E-001
    160   10   5.082692361167554E+000   2.287707869714306E+002   5.082692361167554E+000
    161   10   5.082692361167664E+000   2.287707869714433E+002   5.082692361167664E+000
    163   10   1.466214673173685E-002   1.903693158222781E-003   1.466214673173685E-002
    164   10   1.466214673173713E-002   1.903693158222875E-003   1.466214673173713E-002
    166   10   2.729968815638315E-001   6.599762242478023E-001   2.729968815638315E-001
    167   10   2.729968815638357E-001   6.599762242478295E-001   2.729968815638357E-001
    169   10   1.466295656864398E-002   1.903952083824418E-003   1.466295656864398E-002
    170   10   1.466295656864426E-002   1.903952083824513E-003   1.466295656864426E-002
    172   10   2.729968815638315E-001   6.599762242478023E-001   2.729968815638315E-001
    173   10   2.729968815638357E-001   6.599762242478295E-001   2.729968815638357E-001
    175   10   2.729968815638349E-001   6.599762242478189E-001   2.729968815638349E-001
    176   10   2.729968815638386E-001   6.599762242478446E-001   2.729968815638386E-001
    178   10   5.082677283515070E+000   2.287691158885269E+002   5.082677283515070E+000
    179   10   5.082677283515183E+000   2.287691158885398E+002   5.082677283515183E+000
    193   10   6.522053050985176E+000   3.759968403713195E+002   6.522053050985176E+000
    194   10   6.522053050985312E+000   3.759968403713401E+002   6.522053050985312E+000
    196   10   3.503075301338549E-001   1.084713613103240E+000   3.503075301338549E-001
    197   10   3.503075301338595E-001   1.084713613103281E+000   3.503075301338595E-001
    199   10   3.503075301338505E-001   1.084713613103212E+000   3.503075301338505E-001
    200   10   3.503075301338558E-001   1.084713613103256E+000   3.503075301338558E-001
    202   10   1.881539477886151E-002   3.129268401107025E-003   1.881539477886151E-002
    203   10   1.881539477886188E-002   3.129268401107184E-003   1.881539477886188E-002
    205   10   3.503075301338505E-001   1.084713613103212E+000   3.503075301338505E-001
    206   10   3.503075301338558E-001   1.084713613103256E+000   3.503075301338558E-001
    208   10   1.881435927301605E-002   3.128843022211755E-003   1.881435927301605E-002
    209   10   1.881435927301641E-002   3.128843022211912E-003   1.881435927301641E-002
    211   10   6.522072330172318E+000   3.759995857291252E+002   6.522072330172318E+000
    212   10   6.522072330172454E+000   3.759995857291457E+002   6.522072330172454E+000
    214   10   3.503075301338549E-001   1.084713613103240E+000   3.503075301338549E-001
    215   10   3.503075301338595E-001   1.084713613103281E+000   3.503075301338595E-001
    217   10   3.503075301338549E-001   1.084713613103240E+000   3.503075301338549E-001
    218   10   3.503075301338595E-001   1.084713613103281E+000   3.503075301338595E-001
    220   10   6.522072330172318E+000   3.759995857291252E+002   6.522072330172318E+000
    221   10   6.522072330172454E+000   3.759995857291457E+002   6.522072330172454E+000
    223   10   1.881435927301605E-002   3.128843022211755E-003   1.881435927301605E-002
    224   10   1.881435927301641E-002   3.128843022211912E-003   1.881435927301641E-002
    226   10   3.503075301338505E-001   1.084713613103212E+000   3.503075301338505E-001
    227   10   3.503075301338558E-001   1.084713613103256E+000   3.503075301338558E-001
    229   10   1.881539477886151E-002   3.129268401107025E-003   1.881539477886151E-002
    230   10   1.881539477886188E-002   3.129268401107184E-003   1.881539477886188E-002
    232   10   3.503075301338505E-001   1.084713613103212E+000   3.503075301338505E-001
    233   10   3.503075301338558E-001   1.084713613103256E+000   3.503075301338558E-001
    235   10   3.503075301338549E-001   1.084713613103240E+000   3.503075301338549E-001
    236   10   3.503075301338595E-001   1.084713613103281E+000   3.503075301338595E-001
    238   10   6.522053050985176E+000   3.759968403713195E+002   6.522053050985176E+000
    239   10   6.522053050985312E+000   3.759968403713401E+002   6.522053050985312E+000
  </DiscreteSampler_grid>
