 -0.00000001401962363  0.00000026997993293  0.00000069918907946  0.00000115260924919
  0.00000220675902697  0.00000370311127192  0.00000541953676572  0.00000679117651007
  0.00000838425622427  0.00001001722533841  0.00001184571652065  0.00001398943784007
  0.00001574280468366  0.00001714358801414  0.00001809968522313  0.00001889874850961
  0.00001967949344271  0.00002058732285998  0.00002145738746850  0.00002224339622134
  0.00002293087407701  0.00002360509204856  0.00002435074539486  0.00002516020193196
  0.00002605617267724  0.00002683902855556  0.00002745217068867  0.00002799829992950
  0.00002857704659882  0.00002901390880299  0.00002939712743392  0.00002976106805376
  0.00003011185446126  0.00003043100303893  0.00003074474466585  0.00003099648404040
  0.00003127017539357  0.00003153951024589  0.00003188751237157  0.00003233855421871
  0.00003271924698288  0.00003295248257311  0.00003316016747057  0.00003336047891952
  0.00003355976215919  0.00003377030744213  0.00003399370501298  0.00003422054224032
  0.00003446017589382  0.00003473290335603  0.00003503274125937  0.00003552452956950
  0.00003619601395519  0.00003699108070984  0.00004212791079560  0.00006225070744434
  0.00006378899070652  0.00006464087134290  0.00006547715960277  0.00006648947936721
  0.00006715356456450  0.00006777936798385  0.00006837911831716  0.00006898212948550
  0.00006961639634931  0.00007025803449347  0.00007093626137580  0.00007170937978266
  0.00007346237330507  0.00007545745907969  0.00007778398440435  0.00007990090153449
  0.00008188095499663  0.00008380672514070  0.00008585024819923  0.00008809539509423
  0.00009075513278218  0.00009399622424569  0.00009944986703644  0.00010718115919556
  0.00011579277989843  0.00012561158842182  0.00013821892719899  0.00015336446200255
  0.00017339335945883  0.00019791902392863  0.00023102038876642  0.00027321435730516
  0.00033640971044833  0.00042921961904642  0.00053104109529031  0.00066095943805809
  0.00086023226467057  0.00126572629733539  0.00229115863244804  1.00000000000000000
 -0.00000001648420531  0.00000029326423501  0.00000088986388169  0.00000185935785826
  0.00000313518908130  0.00000439550412585  0.00000529791123891  0.00000621366865190
  0.00000682197987266  0.00000746661623533  0.00000800671877065  0.00000892341141634
  0.00000985266913784  0.00001082659359441  0.00001199798938908  0.00001353446717581
  0.00001436411260813  0.00001520897757454  0.00001598601155651  0.00001676809520676
  0.00001755271835094  0.00001861840225971  0.00001970571018480  0.00002069818442702
  0.00002174061793910  0.00002293837563404  0.00002402529976511  0.00002503120368468
  0.00002594170555084  0.00002667057306240  0.00002728847618884  0.00002783061511980
  0.00002832978429303  0.00002874129471286  0.00002913133534632  0.00002963875321774
  0.00003014722426009  0.00003067302000348  0.00003118646951606  0.00003165532091842
  0.00003209956025100  0.00003250887248949  0.00003288331270711  0.00003324830209583
  0.00003359965877790  0.00003393833859290  0.00003427793721454  0.00003458975971813
  0.00003487052488588  0.00003516129467160  0.00003550890107382  0.00003589060016081
  0.00003637157039951  0.00003712737205257  0.00005487992778635  0.00006152108360290
  0.00006295221343670  0.00006424583566429  0.00006537337970398  0.00006649721455913
  0.00006770085665155  0.00006886485861349  0.00006996192392242  0.00007118226833036
  0.00007244681938196  0.00007372705390471  0.00007498617797201  0.00007687617384915
  0.00007932826340043  0.00008246274144159  0.00008687713321368  0.00009183880870410
  0.00009728351032887  0.00010258690918911  0.00010916165969326  0.00011715777362477
  0.00012665325074311  0.00013879976429463  0.00015522795587640  0.00017737003178222
  0.00019865419693147  0.00021575035703889  0.00022929315833545  0.00024605546060412
  0.00026524636132386  0.00029546928619700  0.00033952645320470  0.00039366010020577
  0.00045764354689879  0.00052083497609557  0.00060363189979233  0.00071641392008660
  0.00092769691205674  0.00127332410842036  0.00228754159392041  1.00000000000000000
  0.00983137904121515  0.01351479591503092  0.01902676856618794  0.02701757491572934
  0.03751963209826313  0.04930156424422712  0.05926394869040673  0.06746081415605697
  0.07436046677988112  0.08124499432351057  0.08779509081787186  0.09329511926304647
  0.09893832045561174  0.10639959947105110  0.11234328893156831  0.11815264927180302
  0.12470606082082261  0.12960134474429705  0.13346150669019577  0.13801418950164840
  0.14284409896260086  0.15041518225610204  0.15934574287847778  0.16967730009650506
  0.18330177860152586  0.19831798496117753  0.21205088867737876  0.22588716364022540
  0.23927394631493332  0.25283754503676947  0.26461534030910167  0.27474509322731405
  0.28466851016929101  0.29674587659773055  0.30867402210445755  0.32060916655930610
  0.33323503008095645  0.34612328851908741  0.35846889529665438  0.37004784050867540
  0.38192678438005617  0.39584024454169781  0.40868144707390847  0.41962486372238555
  0.42984985652938129  0.43918227299399110  0.45208224103956307  0.46539924424165174
  0.47513621968961789  0.48339759322727127  0.49283210712939529  0.50792421778442454
  0.52181796489029941  0.53424157417743701  0.54693453554517324  0.56000756054539202
  0.57263308454242201  0.58852389206732258  0.59849038586761416  0.60888139869338886
  0.61855282075350648  0.63016783657838404  0.64194589742256969  0.65457375221477032
  0.66630664005930740  0.67870629186056730  0.68812684883037223  0.69663121995228494
  0.70431463276085127  0.71128506045011697  0.72390857859545377  0.73918720939969884
  0.75563720351050057  0.77455167782230361  0.79874724709414402  0.81587736498443342
  0.82616820952587477  0.83530900478801351  0.84383814429685167  0.85281270327455783
  0.86054708591098816  0.86805085068145404  0.88157638428143936  0.90305142462142929
  0.92310830807862398  0.93137396878176060  0.93976879637283239  0.94812426343414180
  0.95602421933851012  0.96274654595541109  0.96835293692223834  0.97258279314211493
  0.97717392146554183  0.98309800162090488  0.99061411938919630  1.00000000000000000
  0.00038426319549210  0.01486337658379604  0.02991814646142591  0.04596254863236584
  0.06157823594024093  0.07498327619967422  0.08602531849780251  0.09400171552597901
  0.10158473642871776  0.10901185786770637  0.11755587507902281  0.12665447203272087
  0.13712312549584099  0.14958140574011869  0.15722290115376014  0.16280530266230589
  0.16780898891503326  0.17583408831740999  0.18370635719597217  0.19214307236208994
  0.19818158966231603  0.20353467727901284  0.20814967873678861  0.21466014623567969
  0.22442740007525511  0.23778513527830555  0.25397449124778460  0.27218658617098795
  0.28772266001884733  0.30036104777164657  0.31116565656421530  0.32115746889518126
  0.33333547126504903  0.34554233886099511  0.35800715158526270  0.37016635487431759
  0.38108921874685353  0.39270124545229251  0.40770128320942428  0.42603160987131572
  0.44447801401436082  0.45837444923208459  0.46948523567837280  0.47988909980582145
  0.48980749427933162  0.49993566652226762  0.50860526734396494  0.51717764809001010
  0.53059006028592870  0.54513854345875357  0.55258831039046852  0.56017764575047901
  0.56852964279847229  0.57648720920517527  0.58508512778473065  0.59503708881531636
  0.60433998224338148  0.61628237360614702  0.62759590040047508  0.63649194867190750
  0.64600958905496508  0.65693051687708914  0.66867913850399008  0.68016734571419568
  0.68958890732065325  0.69778463356642906  0.70860952463284832  0.71875070222188431
  0.72815494353628052  0.73963091187130081  0.74637088077195768  0.75288302735477108
  0.76238899427830575  0.77299754063776716  0.78568631443429560  0.79729790165554981
  0.80872631885354851  0.81936290212449658  0.82843632142224577  0.83959995417381050
  0.85154779806487912  0.86379224084875550  0.87784225659422443  0.89284115819031595
  0.90713798573029780  0.91607724449838190  0.92388647093170184  0.93047396984723019
  0.93492920850408989  0.93933542728713071  0.94506769823254855  0.95222777554631965
  0.96004280059290303  0.97125443424369928  0.98510726685925454  1.00000000000000000
 -0.00041313424835357  0.00241971183112055  0.00495220738985273  0.00847996526410771
  0.01267088641795870  0.01828933169819780  0.02419535186307747  0.02948612629402347
  0.03455252047621624  0.04192443974563503  0.04841765017631818  0.05213952351788426
  0.05518238947163058  0.05830680933594772  0.06201038865314883  0.07007811788337125
  0.08184257089256311  0.09358606235200459  0.10440935986987111  0.11163716534081974
  0.11571006935963835  0.12068901814349292  0.12681371522940740  0.13287727571965899
  0.13984605526975386  0.14685083819128419  0.15694427212307013  0.16326061110367035
  0.16865659864059318  0.17479984876265503  0.18228918745411002  0.19072399303851445
  0.20150519996350563  0.21241061887548662  0.22261788324199375  0.23308902494012224
  0.24432537935728987  0.25580856392103501  0.26688455995907612  0.27891477132400361
  0.29082560860974083  0.30153177051010560  0.31071175222550995  0.32077308237848895
  0.33467116483031845  0.34715760547805802  0.35642667796008709  0.36320800482916615
  0.37151662772703509  0.38081031796681969  0.39002018979126041  0.39781027240399325
  0.40466313102251644  0.41108579679136836  0.41753721568078256  0.42442446528306071
  0.43211006211147757  0.44461090372744277  0.45660182240622260  0.47039295020955535
  0.48610639288614532  0.50269480782202114  0.52088411355841935  0.54038415457822986
  0.55719498472479778  0.57162818576743657  0.58633303799889891  0.60152379352313801
  0.61747641538797349  0.63540191821536940  0.65399536470881314  0.67093980479575510
  0.68769677964971809  0.70237561687179539  0.71302627584290601  0.72410919197443735
  0.73579760866638211  0.75194397147613812  0.76734874346864523  0.78298385647748914
  0.79903758849454698  0.81465965893251091  0.82886573860602286  0.84215595537990096
  0.85590560626624046  0.87097601116012557  0.88730571393488655  0.90413280048938294
  0.92038425723673656  0.93477582775519985  0.94638253039661302  0.95645828244274911
  0.96718500325696299  0.97784860336491219  0.98932788713019915  1.00000000000000000
 -0.00326112421579542  0.01359385834445658  0.02728571558940215  0.03718096388163231
  0.04843025828744311  0.06199633209408945  0.07602269858337474  0.08874604423336147
  0.09860602443200095  0.10714014353449354  0.11744619262414836  0.12745761943616399
  0.13616211425006616  0.14504831854480474  0.15501906684600797  0.16712436474872897
  0.17857180640346484  0.18715418970903872  0.19603990561920262  0.20624974034043955
  0.21546747920620304  0.22305191298315821  0.22873075139907351  0.23145994850700843
  0.23437450366420079  0.23650292385456800  0.23906733590572987  0.24289427843948383
  0.24716721496311350  0.25436943230584336  0.26279232253476781  0.27172689314883275
  0.27920040725064338  0.28797722098954626  0.29708199095325616  0.30696072868552610
  0.31846831243397355  0.33074394533770235  0.34145600891313388  0.35086614321234511
  0.36191789293027882  0.37495805395544463  0.38906445778996623  0.40490916188981729
  0.42150884287207152  0.43828175201125530  0.45313508170694422  0.46475015683250015
  0.47451015115556561  0.48553645620632652  0.49721309965970434  0.51104714198238854
  0.51961708541015850  0.52830820750199636  0.53802462760609582  0.54664027792406100
  0.55408515072994491  0.56152304159593469  0.57066342538826176  0.57981888894844524
  0.58657762592562424  0.59351355418177631  0.60092530570824132  0.60480952309427805
  0.61055979660316662  0.61912372568192520  0.63378983757775054  0.65854772837200526
  0.67828812561247032  0.69317224591477578  0.70637232249947257  0.71887523902114736
  0.73250285984868402  0.74589931621923855  0.76224923887386897  0.77885969204068584
  0.79107664206625750  0.80170232105704331  0.81243129185178831  0.82549925921680412
  0.83927603515744065  0.85263014329966669  0.86771492552860130  0.88019940428580867
  0.88847022262667452  0.89660115090109027  0.90449315316171131  0.91214452920634859
  0.91886486754361929  0.92953690748237705  0.94041106556223530  0.95074648796109917
  0.96073354752877171  0.97221283037414918  0.98569831960270049  1.00000000000000000
 -0.00182902363944027  0.00885056554763342  0.02013035039020373  0.03445928183108798
  0.04994066216761067  0.06244655307123189  0.07606089958916912  0.08975158412615546
  0.09822748616481562  0.10558274312683257  0.11318576264886240  0.12092009504608156
  0.12943909500232142  0.14130106358742131  0.15421954024201093  0.16240599924330704
  0.16800214271381628  0.17374951497879451  0.18071039177395884  0.18831788825966156
  0.19720336754907075  0.20689466788848057  0.21754119640858971  0.23059057611868850
  0.24510754328608683  0.25511537940120721  0.26268243816431641  0.27009664728310179
  0.27855506880556530  0.28537882916696888  0.29415723574169483  0.30893462397619320
  0.32029318674732904  0.32561917026375042  0.33126741872432802  0.33728051861482994
  0.34427054466316626  0.35098554846117874  0.36033304240821629  0.36735658014415085
  0.37363676946604579  0.37848828295744835  0.38312488999557892  0.38913800243602159
  0.39620105360741809  0.40184012594978330  0.40593935551162585  0.40971601912410305
  0.41545002835158074  0.42627043751797605  0.44068561197202594  0.45472158582525479
  0.46714791927200505  0.47792510085691964  0.48697606573143387  0.49714347410358850
  0.50799099497853006  0.51945017639947066  0.53077620992627028  0.54112221890703205
  0.55053928788376005  0.55902651773868228  0.56668152137142158  0.57558901587806488
  0.58841693674966034  0.60257521464448116  0.61844763682823001  0.63328206500334761
  0.64449704221476811  0.65428670972440961  0.66379158990782883  0.67341378540846131
  0.68210755128343259  0.69180353517171700  0.70524105823117644  0.72106865695998967
  0.73667742634214373  0.75280464717921169  0.76695494593508484  0.78031749406280349
  0.79429834133990251  0.80879413996490535  0.82284681626390732  0.83490496437913631
  0.84840595049563683  0.86246800628158493  0.87736132183166704  0.89322136995959822
  0.91041375186654339  0.93048624617989273  0.94218489692123630  0.95423414840164877
  0.96500307052873546  0.97569770203128192  0.98576423193839258  1.00000000000000000
 -0.00247085444075183  0.00578180777903002  0.01438642367083058  0.02386696578976789
  0.03366726417280493  0.04007017892703843  0.04610379374346954  0.05173211625909083
  0.05540293512175044  0.05880616017940187  0.06211971295821549  0.06545563703656615
  0.06886594265280714  0.07449228858095384  0.08826397282391438  0.10003135285382471
  0.11411337591956461  0.12840544634889361  0.14481848450147455  0.16197981101847986
  0.18122211736464741  0.20345700290933635  0.22555140380699859  0.24430493912412732
  0.25793932670214337  0.26848748479356160  0.27799904671745079  0.28687386369882689
  0.29410425497392889  0.29982073334413206  0.30502312203083559  0.31126194741213481
  0.32107099920748555  0.33043318334096261  0.33860260362544681  0.34568355853757676
  0.35421621674429471  0.36782554494164910  0.38428019610000830  0.40084022625288657
  0.41940976595424634  0.43202750021831388  0.44340085857699651  0.45398583415140265
  0.46512866237654527  0.47577041986251295  0.48083819300162473  0.48731397600187493
  0.49413531083310136  0.50251185301324308  0.51866437643872754  0.53133549642708278
  0.54194318740767278  0.55122915732119759  0.55893296734021680  0.56714303911373287
  0.57609956958831976  0.58605357897240751  0.59786011072656930  0.61169222422276748
  0.62482958883926110  0.63634872332602588  0.64455967493790067  0.65156414747508040
  0.66112103529842314  0.67370760306980904  0.68776542133245910  0.69783854523137889
  0.70901082126752957  0.72168645188546432  0.73339753763746307  0.74706415020404271
  0.76328862695908040  0.78295861148216150  0.79561465360391515  0.80214434803800194
  0.81060669576032485  0.81842184041532484  0.82346636875511459  0.82958171354589472
  0.83673463974338347  0.84339519037912103  0.85035302481587194  0.85892525788609375
  0.86973803069685096  0.88115153612210784  0.89094482131205943  0.89918598567430752
  0.90782873362106808  0.91911934449024479  0.93170466478870484  0.94423495670778568
  0.95736541594676761  0.97132912167346830  0.98607409620922926  1.00000000000000000
 -0.00652503096054767  0.01843113772177391  0.04089544416398874  0.06159928825450222
  0.08082276583797021  0.09873798256363162  0.11509541935859396  0.13037955992638736
  0.14683713583524827  0.16189147247926175  0.17491764345015531  0.18638122612677457
  0.19586019394522455  0.20423219542767210  0.21299502243295804  0.22153858660095871
  0.23100669425830281  0.24051150059694462  0.24688531368798372  0.25185661019992367
  0.25717499257538312  0.26461394317925946  0.27335014656083129  0.28345379988721686
  0.29530658347600452  0.31270749633972467  0.33111971835874004  0.34702134555775388
  0.36185873981719785  0.37197322043097619  0.38201788021723287  0.39201889564263442
  0.40161801004157122  0.41031034526094740  0.42139934339067486  0.43383628316910733
  0.44325102626467688  0.45025572529473473  0.45641485250213754  0.46270658270543225
  0.47247684821267616  0.48291374905716283  0.49271273460018600  0.50086988541813671
  0.50605409798299505  0.51044009047571492  0.51490878346869684  0.52056834814746611
  0.52771000867625828  0.53685250136821117  0.54789935031161741  0.56060658491954407
  0.57370739958477579  0.58626308892536028  0.59946801028959651  0.61357960283791202
  0.62881194179862332  0.64072021309470872  0.64835817276273477  0.65578469882441282
  0.66352606531524483  0.67286669470576943  0.68374979734553931  0.69445485916993643
  0.70548413463199466  0.71928491569753306  0.73794913485533475  0.74367552486109301
  0.74972483843390314  0.75544775261791985  0.76107015667782796  0.76617908948419045
  0.77081197793704670  0.77516906727541812  0.78465149826093761  0.79433878698097382
  0.80489105715288867  0.81317577911779515  0.81980884305973978  0.82681615499872707
  0.83503928331553545  0.84419284860448562  0.84990055205947246  0.85649535277298317
  0.86453860296160889  0.87073871601206765  0.87839698399099408  0.89206984900798436
  0.90516219236593820  0.91855048893977109  0.93238181913534668  0.94658596752361590
  0.96101254097839028  0.97524294650313192  0.98840228029008270  1.00000000000000000
 -0.00189694131840924  0.00820908711017893  0.01999964599977498  0.03373019064329219
  0.05435863703113870  0.07622216097610438  0.09210900116604655  0.10067460276953311
  0.10842794190857176  0.11650395205987700  0.12456717033582267  0.13274180125062132
  0.14169361029176775  0.15101972242193207  0.15948746264490044  0.16672238908767681
  0.17296790054417521  0.18042317677918279  0.19141928955100149  0.20523531413418941
  0.21836881233053865  0.23313275211983472  0.25036645131379309  0.26996706001796283
  0.28830557930992962  0.30498477155538506  0.31871945780361249  0.33038231190940082
  0.34284379149674338  0.35630592544470041  0.36896411244312460  0.37913098617322316
  0.38871935296514259  0.39685395631695380  0.40441896473277134  0.41395239251517230
  0.42390592534624927  0.43829413331310113  0.45050710450421622  0.46166898851316018
  0.47406370072678472  0.48799939479551224  0.50555341271843479  0.52859287868717020
  0.55483720395954528  0.57420387881672297  0.59375066222126605  0.60865584458367228
  0.61831408016251188  0.62599720022813721  0.63301271053658881  0.63973058521687043
  0.64818378570305912  0.65541523257385914  0.66266946399348636  0.66817146350309298
  0.67181644621852044  0.67674202778332915  0.68465256556963350  0.69356679111203101
  0.69723369505433153  0.69993348927586818  0.70210125884912256  0.70682017996760682
  0.71366508977292054  0.71957459652258249  0.72432146668418917  0.72913857367682955
  0.73629975094591693  0.75046983832038627  0.75621590119319637  0.76363276874659558
  0.77018320499851334  0.77604507125506739  0.78227199801148695  0.79138266788775857
  0.79998071441223761  0.80828892043224321  0.81754728957297851  0.83015815917321245
  0.84435403743949611  0.85761526115960962  0.86936876374167227  0.88105639824146120
  0.89543128519157045  0.91355151886943442  0.93383258378859613  0.95029285135481290
  0.95730227690240732  0.96480309556979960  0.97166735748398558  0.97816362858973294
  0.98422970720248737  0.98959830154456441  0.99480892905597162  1.00000000000000000
 -0.00150793235840771  0.00706508342596640  0.01574856214585099  0.02883832299734604
  0.03995229717833718  0.04902594523209816  0.05762297174074110  0.06710586272353539
  0.07785340109821760  0.09031799302932154  0.10222126607729669  0.11141927621904511
  0.11952612668262297  0.12640763456610549  0.13223575066601689  0.13871416044980564
  0.14617536268413125  0.15350162063245595  0.16084474233926296  0.16920861234561188
  0.17824823903730697  0.18735149903435991  0.19768319367715495  0.21221151377697656
  0.22977444087502105  0.25030948760481309  0.26127080116269291  0.26899690002929671
  0.27616163663295723  0.28391065879944299  0.29270083691398779  0.30250035884520737
  0.31352655263301177  0.32511275646633714  0.33322896582955941  0.33929755877696072
  0.34711391205360997  0.35372362485182096  0.36068248437512418  0.36725739733952950
  0.37497458585371363  0.38344803958542412  0.39230010743051563  0.40281584432284195
  0.41592817530672466  0.42797497944515556  0.43997246980159671  0.45188365281893367
  0.46150393426611896  0.46974482314574817  0.47835551564965728  0.48828087451840368
  0.50143014144322828  0.51433013423893581  0.52568302151673729  0.53767518193795938
  0.55180173056259474  0.56798355305021020  0.58850609739879756  0.60919184272494309
  0.62748651869029426  0.64179522063241268  0.65188568396013136  0.66054589195842073
  0.66883147156003597  0.67656590119274607  0.68145894879790114  0.68608949338773151
  0.69105962879319582  0.69551982409813629  0.69806874534921715  0.70184772755674796
  0.70825504595965083  0.71684463630872275  0.72596153753064308  0.73322878155965976
  0.74036617805940663  0.74943297482120175  0.75866925700467036  0.77402912001853708
  0.79060312053628534  0.80645026468005154  0.82276284760425955  0.83510425285345236
  0.84439327461788705  0.85822807823311897  0.87203291682904260  0.89047192953407539
  0.90570867217097284  0.91596134210341873  0.92486453353391873  0.93390858656056341
  0.94305634692871787  0.95509745160442572  0.97542665746236723  1.00000000000000000
 -0.00682003995225938  0.01492610380862596  0.03422625830483667  0.05060978607537292
  0.06878440399750685  0.08492070160264473  0.09841511067034427  0.11111541552966561
  0.12286046528633209  0.13503136673972219  0.14646552784873437  0.15231133710066744
  0.15678999624498274  0.16126317017150385  0.16721561209104682  0.17363152710224203
  0.17821981971576792  0.18676788868459712  0.19432914696214892  0.19787305038125641
  0.20135690282252972  0.20486020705870506  0.20845005183678694  0.21247746470138784
  0.21631089359722275  0.22410606136259226  0.23491238656451338  0.24455271719523461
  0.25529485549513148  0.26622558724552653  0.27649030831179444  0.28872238475010364
  0.30342747483184085  0.31945938511971239  0.33619374165696408  0.35474469506373074
  0.37154585638282256  0.37986202083790721  0.38517802857451389  0.39146632441359075
  0.39870447344946164  0.40440314222615958  0.40946653533129063  0.41592908378768212
  0.42210108187913442  0.42937363860237354  0.43488734972675835  0.43882228291618236
  0.44466551294682716  0.45204619789455747  0.46095310564868514  0.46962557623835099
  0.47509549197860984  0.48398960547680731  0.49586513626935647  0.50775512833383629
  0.51888681278690296  0.52618889250007184  0.53306216902142900  0.53996223118515485
  0.54568752432021028  0.55263909983883563  0.56269997275721750  0.58254544099869876
  0.60681546789018803  0.62912496833427334  0.64804467343404815  0.66373929322345626
  0.67930805975559005  0.69620688324769531  0.71297674179133763  0.72931047199512777
  0.74197524489040978  0.75417580455460653  0.76496636508298632  0.77648892164969863
  0.78857612074153072  0.79919143369149437  0.80939854272172640  0.81857013478992069
  0.82854989728994011  0.84000782997050116  0.84966079653274129  0.86043193239053362
  0.87465098961625798  0.89028086592596667  0.90650070976902608  0.92318218805551433
  0.93864548654565583  0.94755242399280581  0.95579180102698846  0.96180622831851159
  0.96788163254093362  0.97503315773643218  0.98551719398005444  1.00000000000000000
 -0.01018209586811184  0.04253539491617777  0.07014714403220049  0.09224886841981486
  0.11151670012870951  0.12823156563062107  0.14277734363722172  0.15658595807192191
  0.17118381597908100  0.18808682466950782  0.20993652019847880  0.22926758583151136
  0.24881300236161180  0.26845145734239051  0.28671646230688747  0.30093279908038389
  0.31109558876633081  0.32151420470103736  0.33231984804477510  0.34352031302906139
  0.35592437578413627  0.36977607133070300  0.38211130838881791  0.39443659096654399
  0.40553815399488330  0.41564929173242765  0.42463828614563764  0.43674794642697107
  0.44847102903491176  0.45878468762793090  0.46764132803428771  0.47536000097748032
  0.48168791328231186  0.48728406347516184  0.49280780083668363  0.49906655200208877
  0.50618352235544195  0.51532033342424322  0.52047659887769493  0.52535532665613904
  0.53053817130885550  0.53583175160021190  0.54405961099421318  0.54832456233640203
  0.55119481024202055  0.55442508683917802  0.55798659454381516  0.56168698943522322
  0.56534366292096849  0.56822574890321853  0.58014509981112061  0.58859926234009796
  0.59516500410351225  0.60007567734847211  0.60476000434015220  0.60926842168672546
  0.61396782607086775  0.61915036163300730  0.62534317899297542  0.63143751484742461
  0.63534222627239390  0.63929824576632288  0.64308471285195457  0.64680359490298744
  0.65192698439996388  0.65754724952945287  0.66549371222560683  0.67175448865969078
  0.67703206629036428  0.68317661926843565  0.68939419998339013  0.69568317110565714
  0.70322069197702930  0.71296574947078317  0.72523915570475184  0.73917087218709088
  0.75212767019233395  0.76185227466529670  0.77120784489531868  0.78014057798218406
  0.78797739088076935  0.79269118116006088  0.79855811043428715  0.80478995304018608
  0.81159166196300947  0.81851746478391185  0.82904988754434972  0.84235704229386998
  0.85430990119130545  0.86915062133525556  0.88215104372227870  0.89846304386712617
  0.91660320519876914  0.93529903751878951  0.96329126253146313  1.00000000000000000
 -0.00667392188963559  0.01818400336633899  0.04017754498393925  0.05990760214061594
  0.07834391080930836  0.09610620905453950  0.11146372126185966  0.12539584976265203
  0.13938258744079809  0.15304482596052496  0.16600867645343581  0.17604384526369732
  0.18573610004488714  0.19578217503598871  0.20641354881398005  0.21871426704667674
  0.23280472590754986  0.24734356811847816  0.26180262675116067  0.27232655516954946
  0.28163232017830597  0.29016380374991418  0.30282008040747149  0.31769933404053075
  0.32870826276607545  0.33705126611985581  0.34595206060552675  0.35270223031135917
  0.35983938102969293  0.36973611497406811  0.38436836657226658  0.39857173509293697
  0.41087691950179067  0.42300292256175442  0.43486934822028905  0.44609621563457963
  0.45863163876112578  0.47773341581210221  0.49614746978511348  0.50738262974386039
  0.51501572860357292  0.52256246342980983  0.52842853592881867  0.53616947787158920
  0.54382257952375834  0.55004858014084712  0.55585137338496760  0.56041170796200301
  0.56460474409626260  0.57093565511703315  0.57633869159742923  0.58175640762316883
  0.58798603708598118  0.59420934796929314  0.60169111180691626  0.61086480358957540
  0.62661965196665947  0.65331299007244048  0.67302216593973208  0.68653744545601880
  0.69674782644308475  0.70657817702295556  0.71474863328306049  0.72239986255326116
  0.72998728121274126  0.73779596379768864  0.74597438914256142  0.75677260474794816
  0.76806590655635554  0.77749792845541243  0.78632833551417847  0.79497298491717527
  0.80378986273136754  0.81491498437537691  0.82632159999490817  0.83878906910927609
  0.84916829968356444  0.85702898281117534  0.86363943802479592  0.87181759727838992
  0.88236622465123926  0.89504533804474506  0.90132606143491145  0.90701896467469600
  0.91267624308327433  0.91770053499865234  0.92615531567383425  0.93717505241166987
  0.94945224977768317  0.96063975155962100  0.96807234498304495  0.97335707681050609
  0.97909491463189724  0.98547928313591515  0.99261414221603583  1.00000000000000000
 -0.01773414086738809  0.23871643961750774  0.30640246506188346  0.34488843534416719
  0.36855833787070647  0.38488672877493268  0.39714344535031765  0.40592788589505563
  0.41012444983689600  0.42127098122239465  0.43702323096039536  0.45130480357110836
  0.46457559565472328  0.48023704809593254  0.49627630690427826  0.51736957285966323
  0.53416214699651465  0.54921728556382654  0.56205774312826928  0.56975787114818577
  0.57719736510042574  0.58631298766723039  0.59223695095577678  0.59735067597941127
  0.60339123582215237  0.60870905633874872  0.61388430804439464  0.62118904486425386
  0.62880652544049187  0.63576063890845058  0.64167673272804759  0.64833426392044002
  0.65668445925679741  0.66475489664842657  0.67374165189567281  0.68239812191545812
  0.69337735352904029  0.70484038744718414  0.71347025256439156  0.72045313946949585
  0.72690281781155519  0.73285241410066781  0.74007109318046893  0.74918939892578817
  0.75649963181702751  0.76122242677820362  0.76465064355205370  0.76806630816693044
  0.77194186864554137  0.77644210986364970  0.78135383566123084  0.78695134905818886
  0.79381166033897421  0.80036205110623948  0.80491580971877275  0.80904213680320791
  0.81319650218426398  0.81750696816070823  0.82174254611807374  0.82587243632980267
  0.83141105384093317  0.83633774757299650  0.84080304760843871  0.84497191657007098
  0.84968273948795947  0.85430435376219604  0.85800828416766506  0.86136671040041446
  0.86467313207020335  0.86822872667475859  0.87149853388307930  0.87459818798116917
  0.87715171613503218  0.87937308975429329  0.88172187021852777  0.88430158031164208
  0.88731255531858755  0.89084764282764761  0.89478739981841415  0.89938056398577493
  0.90581013814513756  0.91142581521363464  0.91626162944755085  0.92029580351682005
  0.92371241350522615  0.92692958071814346  0.93000127127470944  0.93270447409299018
  0.93571767305886266  0.93967098616841160  0.94515143388122114  0.95278213136410927
  0.96059842003005302  0.97088422487064951  0.98330440976863320  1.00000000000000000
 -0.03540190235701233  0.17641219088181354  0.21712742577157662  0.23602187102147920
  0.24657371135572889  0.25487134095685821  0.26429373411456497  0.27564604790546648
  0.28596387445700816  0.29386985926346448  0.30036109650784898  0.30679792980907955
  0.31285019549378490  0.31912881636716783  0.32526810519492455  0.33090828339867179
  0.33644262297335004  0.34200430503438556  0.35056601198533660  0.36140070236489363
  0.37037674657080588  0.38012808525015240  0.39000339459154465  0.40004259138820830
  0.40942605629792206  0.41591255790697312  0.42023339649924857  0.42418314653357703
  0.42823332878396420  0.43360954347982983  0.44078525089421061  0.44811522919652980
  0.45530351259428886  0.46184090938148492  0.46696254254493341  0.47097124131663293
  0.47447111741384002  0.47766794272940866  0.48104993543554342  0.48461216771508830
  0.48837708882764352  0.49667567831637821  0.50334890257632625  0.50881761127249148
  0.51347575069899187  0.51695089406237982  0.51978316006647651  0.52302286183343738
  0.52762926540586119  0.53188447851358411  0.53601299310432104  0.53992015661956450
  0.54377947559433781  0.54811609454651589  0.55217589434816539  0.55530755852969260
  0.55814706954936788  0.56114311592300237  0.56598109763203019  0.57121838129002578
  0.57578727971859478  0.57974385880982182  0.58388243781247351  0.58868795053648848
  0.59392131648248803  0.59924635344485155  0.60464059202772835  0.61171917543657772
  0.61705409702503022  0.62157461828451066  0.62551694404679481  0.62924963681320600
  0.63434338879101893  0.64010284446231824  0.64559241125607436  0.65296986990895600
  0.66136310553791045  0.66862562940423198  0.67536924656372832  0.68171335335852312
  0.68630203786463517  0.69014583659630502  0.69424517505119987  0.69981713036542648
  0.70560593697197571  0.71163330622264942  0.71826862445226114  0.72530068498888933
  0.73254640234879964  0.73983599857429727  0.74691545834193007  0.75732005997886864
  0.77506008171148899  0.79825504645073631  0.83398625779413804  1.00000000000000000
   4.0305969050827864E-015  -1.0000000000000000     
 T F F T F F F F F F F F T F F T F F F F F F F F F F F F F F F F F F F F F F F F F F F F F F F F T F F T F F F F F F F F T F F T T F F T F F F F F F F F T F F T F F F F F F F F F F F F F F F F F F F F F F F F F F F F F F F F T F F T F F F F F F F F T F F T T F F T F F F F F F F F T F F T F F F F F F F F F F F F F F F F F F F F F F F F F F F F F F F F T F F T F F F F F F F F T F F T T F F T F F F F F F F F T F F T F F F F F F F F F F F F F F F F F F F F F F F F F F F F F F F F T F F T F F F F F F F F T F F T T F F T F F F F F F F F T F F T F F F F F F F F F F F F F F F F F F F F F F F F F F F F F F F F T F F T F F F F F F F F T F F T T F F T F F F F F F F F T F F T F F F F F F F F F F F F F F F F F F F F F F F F F F F F F F F F T F F T F F F F F F F F T F F T T F F T F F F F F F F F T F F T F F F F F F F F F F F F F F F F F F F F F F F F F F F F F F F F T F F T F F F F F F F F T F F T T F F T F F F F F F F F T F F T F F F F F F F F F F F F F F F F F F F F F F F F F F F F F F F F T F F T F F F F F F F F T F F T
  <DiscreteSampler_grid>
  grouped_processes
  1 # 1 for a reference and 2 for a running grid.
  10 # Attribute 'min_bin_probing_points' of the grid.
  1 # Attribute 'grid_mode' of the grid. 1=='default',2=='initialization'
  0.0000000000000000 # Attribute 'small_contrib_threshold' of the grid.
  0.5000000000000000 # Attribute 'damping_power' of the grid.
 # binID   n_entries weight   weight_sqr   abs_weight
    25   10   1.488733007637811E-008   8.018913184092305E-016   1.488733007637811E-008
    26   10   1.488733007637817E-008   8.018913184092395E-016   1.488733007637817E-008
    28   10   1.488733007637811E-008   8.018913184092305E-016   1.488733007637811E-008
    29   10   1.488733007637817E-008   8.018913184092395E-016   1.488733007637817E-008
    31   10   1.930577780462973E-008   1.346457690049959E-015   1.930577780462973E-008
    32   10   1.930577780462980E-008   1.346457690049973E-015   1.930577780462980E-008
    34   10   1.922453415334741E-008   1.337217957505171E-015   1.922453415334741E-008
    35   10   1.922453415334749E-008   1.337217957505185E-015   1.922453415334749E-008
    37   10   2.493014653679017E-008   2.245268774841912E-015   2.493014653679017E-008
    38   10   2.493014653679026E-008   2.245268774841936E-015   2.493014653679026E-008
    40   10   2.493014653679017E-008   2.245268774841912E-015   2.493014653679017E-008
    41   10   2.493014653679026E-008   2.245268774841936E-015   2.493014653679026E-008
  </DiscreteSampler_grid>
