  0.02321537504658648  0.03401747093696802  0.04650198382625921  0.05885964301285190
  0.07195687358768822  0.08683045323334102  0.10131237340350306  0.11378628835201103
  0.12423011051683934  0.13423730001791248  0.14323378005986284  0.15264310441165352
  0.16139418811958062  0.17081747238233519  0.17974803683791893  0.18949771188541675
  0.20058866389183672  0.21118648347259489  0.22002500780773093  0.22844418774015895
  0.23686754010341213  0.24565869291539480  0.25388913802900859  0.26327847617217165
  0.27437636963164436  0.28588631859287722  0.29878483177787807  0.31090958204719071
  0.32575713865022515  0.33878909348116071  0.34824984549136556  0.35812269215633036
  0.36866974537493996  0.37836561844632366  0.38558632640857993  0.39193874165946913
  0.39768664533361497  0.40530365120522494  0.41714350326047889  0.42830535712414119
  0.43903618383489856  0.44754393690304639  0.45395679810756939  0.46111568862716673
  0.46905170661526785  0.47806628001570384  0.49082819425432150  0.50651800362616173
  0.52150748352128362  0.53493616693576307  0.54567405992623130  0.55513980461443801
  0.56290689667190452  0.57035919978712002  0.57809524258963663  0.58734284623679900
  0.59605367549506394  0.60545584475768643  0.61782165329965788  0.63233448765921896
  0.64761913622807599  0.66092654231337056  0.67237190630428179  0.68340769391044331
  0.69437743874734681  0.70623333075728534  0.72000900276195146  0.73426682693496426
  0.74711484493360691  0.75698979188276816  0.76595330555615038  0.77450547154281724
  0.78428228799813127  0.79569366023276877  0.80485541853152398  0.81386368139943943
  0.82138061812903040  0.82886526495644697  0.83596570793771152  0.84227049678849208
  0.85084039320048765  0.86036472012679654  0.87129805358386914  0.88173462713857864
  0.89106546311564394  0.89996182499854527  0.90888390568162369  0.91841553526280650
  0.92724137572801646  0.93571647975175454  0.94369859778960186  0.95123941030602932
  0.95868691541188022  0.96585560257018999  0.97094004904892850  1.00000000000000000
 -0.00000000264024946  0.00000006487713436  0.00000024738128742  0.00000056497977879
  0.00000112606082048  0.00000170715331442  0.00000233619639546  0.00000308438060540
  0.00000392784701970  0.00000479820286624  0.00000565917118126  0.00000648760678441
  0.00000760648523722  0.00000894940238606  0.00001039680247504  0.00001169861024483
  0.00001286489310768  0.00001382866277212  0.00001468375013831  0.00001552441880468
  0.00001638704003503  0.00001727503203453  0.00001817680925259  0.00001905414747054
  0.00001993207498168  0.00002070590945879  0.00002155872178396  0.00002239182213130
  0.00002307163724623  0.00002375296594482  0.00002447137163385  0.00002532516703650
  0.00002621617985227  0.00002712447953587  0.00002804008899952  0.00002893938703583
  0.00002977126290150  0.00003038893522813  0.00003095794290382  0.00003152095024889
  0.00003218831744674  0.00003286073521601  0.00003354844949531  0.00003424435077962
  0.00003495701321465  0.00003575840114888  0.00003667847559087  0.00003788216187405
  0.00006222591125151  0.00006288926558093  0.00006351022155527  0.00006410157608077
  0.00006461649701803  0.00006510821391803  0.00006569650957975  0.00006631680737647
  0.00006696442382161  0.00006760351975385  0.00006830544667744  0.00006909374163694
  0.00007033059832160  0.00007154780535272  0.00007277194074037  0.00007465269162905
  0.00007663377592406  0.00007873935931398  0.00008112559524719  0.00008360658143171
  0.00008615756739210  0.00008931341100935  0.00009235005643564  0.00009546231276053
  0.00009881857607698  0.00010248490360940  0.00010628423072478  0.00011133968945919
  0.00011682880200127  0.00012469498097507  0.00013459121025106  0.00014541409672870
  0.00015857998554308  0.00017282587418714  0.00019073160514036  0.00021483925825976
  0.00024439069248862  0.00028137530789188  0.00033158364029052  0.00039086822131613
  0.00045973817180417  0.00052934855983692  0.00062390900888932  0.00074304443796794
  0.00091451723767879  0.00120412961542876  0.00158918755767899  1.00000000000000000
  0.00978127631933173  0.01354808102887733  0.02051276399733714  0.03060167831859141
  0.04033948201404765  0.04771810729699882  0.05454985159786210  0.06244491118221808
  0.07489070464725102  0.08824793322158461  0.09959826022448659  0.10882772054655050
  0.11730699500784504  0.12723791929656428  0.13691241994786585  0.14660521469826715
  0.15799138493974069  0.17508942336070135  0.19467634735259193  0.20971584308002417
  0.22488052131820394  0.23521635041068981  0.24315647319277559  0.25191041020780797
  0.26181717224763934  0.27302021460538867  0.28446845235621160  0.29064115088111170
  0.29760350711309647  0.30502427934345605  0.31244825875206006  0.32332662423182335
  0.33496301999364747  0.34767802423988137  0.36112302783503697  0.37427389478709278
  0.38683335259001617  0.39706638045784254  0.40854010056239454  0.42051238164420296
  0.43277388531937300  0.44553845923428242  0.45549876849591803  0.46531514114007017
  0.47505645915780431  0.48356070867491641  0.49212792851210274  0.50141675147513254
  0.51014782051619267  0.52070199074735901  0.52983850497044593  0.53901146380310205
  0.54761527503542673  0.55596034229598712  0.56593846379609469  0.57720641886385682
  0.58853385963891991  0.59927601396383778  0.60992614276322610  0.62097826479613616
  0.63126240998877692  0.63932480737143937  0.64678621139653758  0.65523077937558283
  0.66420986715566077  0.67683178362058716  0.69060857321959579  0.70326717040318620
  0.71397816719244245  0.72406399969115742  0.73486449113840246  0.74631515734509857
  0.75817631579463174  0.76972968951164256  0.77963165116563427  0.79000854464661985
  0.79952996283913902  0.80890594926492498  0.81852344629969753  0.82864972115959123
  0.83953934149917298  0.85179135359414770  0.86048153810215511  0.86987272253423564
  0.87830154632474178  0.88665331730328056  0.89489699126725630  0.90295389195869635
  0.91161684824314015  0.92150400827686252  0.93230579317247197  0.94447298340661967
  0.95632812038976822  0.96878684544445082  0.98183171359979604  1.00000000000000000
  0.00277618671406682  0.01066303349210583  0.01875234544602715  0.02809123064182412
  0.03854378928592587  0.04939068979395178  0.06639469237810119  0.08348282097249095
  0.10050406588010123  0.11107618567718125  0.11957228924619653  0.12884568343993255
  0.13913386985794785  0.15014264952767942  0.16023702470204673  0.16798720722533947
  0.17727974911113509  0.18747443651122714  0.19832998613837516  0.20981475704172770
  0.22034102261178734  0.22849620814307436  0.23626989649240790  0.24432185116806260
  0.25459256324599994  0.26665521183159996  0.28046701522310952  0.29337574874501060
  0.30568764312084834  0.31806874342681185  0.33139469746158423  0.34307037259470596
  0.35175214754987172  0.36245780433959696  0.37358460144993894  0.38381610924848775
  0.39515211107256543  0.40566185564921614  0.41437825417630370  0.42190152550567833
  0.43005619804886708  0.43939181991989207  0.45560765845080287  0.47074184138360764
  0.48409263244767925  0.49581583082757347  0.50857548848784506  0.52559397790762008
  0.54354066351972707  0.55688530761258814  0.56883083362371312  0.58092608404472790
  0.59306191682358655  0.60349177260719888  0.61298980740228182  0.62095596480378024
  0.62800726549782493  0.63580732400010564  0.64529081326919080  0.65594637571950531
  0.66572268354162123  0.67233754492868014  0.67983673711072623  0.68909231914626612
  0.70042811979421071  0.70980994371754569  0.71778545286905271  0.72586258424041172
  0.73506998259894585  0.74330005238877761  0.75169210903881467  0.76135132514391468
  0.77277099899754353  0.78560467075349316  0.79452989932125573  0.80281862582803420
  0.81114530981086641  0.81929290615912931  0.82742304431670610  0.83667400044167961
  0.84819858080072563  0.86147586045657643  0.87523059161909711  0.88776618674202690
  0.89977516194725815  0.91106713435924891  0.92158430704223837  0.93020719230844395
  0.93888898428187395  0.94816272469146368  0.95705387443654555  0.96537535563057897
  0.97444203027961240  0.98428759436331414  0.99260903396650690  1.00000000000000000
 -0.00032555276898558  0.00176615218786742  0.00299999135289017  0.00487530298265260
  0.00679568570405732  0.00867029842874363  0.01146390264694488  0.01430855953895650
  0.01800018874418111  0.02201950068406126  0.02655221086173312  0.03159308183061163
  0.03624545517955882  0.04219871493221279  0.05032419467975424  0.05776067249518464
  0.06414930506138249  0.07008099978159119  0.07579306832714264  0.08217985555166774
  0.08847770695921293  0.09406658072411683  0.10021019412896237  0.10606992402688485
  0.11153993995759262  0.11705256113865049  0.12304252563988463  0.13077961886555514
  0.14124550178734030  0.15053694402905277  0.15902492952906741  0.16765531008892054
  0.17589986162202842  0.18537595590925143  0.19533316236648729  0.20669638784524036
  0.21883782805771662  0.23291936804470423  0.24294860264064999  0.25198658495916798
  0.25994438562513505  0.26813429448543791  0.27675328051865139  0.28833039835655938
  0.29827131282936942  0.31090710151519879  0.32413368460840275  0.33795367334147725
  0.35173578466490169  0.36479618954023280  0.37800181515976128  0.39175560108157476
  0.40595151034799315  0.42374014851492708  0.44332227252933148  0.46251670368012410
  0.47979793979346635  0.49495689159015832  0.51003648297038862  0.52396460571047809
  0.53703206268291492  0.54955804102810679  0.56173578834740634  0.57492701954977177
  0.59093938253573908  0.60751154182402478  0.62383521308103662  0.63840276615037628
  0.65220374129789804  0.66600498664190699  0.68066513710050303  0.69383978888533016
  0.70641238100965409  0.71994395835321356  0.73428213140271348  0.74821236063312491
  0.75995283640024980  0.77429084916410296  0.78913861135533681  0.80329003718431113
  0.81801942360316426  0.83296024290550164  0.84770885335696577  0.86219463716360634
  0.87621254977279706  0.88849629765304261  0.89922073639544065  0.91025073102262433
  0.92093123472034999  0.93134422491746283  0.94164725379947833  0.95208379048070479
  0.96246349617034310  0.97326622613896963  0.98653103646819529  1.00000000000000000
 -0.00181170326923232  0.01137277996421719  0.02304585165747838  0.03396627427088554
  0.04594887151728737  0.05780074786355558  0.07002032007656125  0.08309764175632700
  0.08995994035881777  0.09743481497380063  0.10555891795916211  0.11489373969541633
  0.12420326966204337  0.13382094715667978  0.14393712138025536  0.15932491585167335
  0.17439734019013589  0.18760925321693717  0.19748896505560862  0.20687012492943277
  0.21638949327706997  0.22708190193284639  0.23878735756813566  0.25031799118088982
  0.26039575630393641  0.26979558586244856  0.27776960247723770  0.28502040243906790
  0.29329322996147345  0.30250542459865681  0.31178233471454869  0.32065303130851713
  0.32887293920312699  0.33610484424556297  0.34466291672061367  0.35244559745275550
  0.36119502786137880  0.37111426441459849  0.38233787076900871  0.39306325098680317
  0.40174283946783645  0.41011273358054939  0.41818955825444376  0.42534915537695261
  0.43444364729853729  0.44477547846468352  0.45600469837728330  0.46852806496212679
  0.48063322916381257  0.49134551553432193  0.50119055656900791  0.51048172247224621
  0.52556321428580388  0.54245422221435724  0.55207533194561864  0.56177207281300690
  0.57427166395288542  0.58849920089118157  0.60297382787675236  0.61712497608888717
  0.63309643512277880  0.64693630924917211  0.65582550191893707  0.66494188367596885
  0.67292288368000541  0.68256477604450660  0.69327398388420136  0.70569752162277255
  0.71828194195965844  0.72975146548683212  0.74030557554057452  0.74957654227887283
  0.75811006710752749  0.76668091510499070  0.77658348932044874  0.78874102915695488
  0.79856076289412148  0.80779898958791929  0.81587881946661112  0.82376832830952762
  0.83228725416351568  0.84270711324216707  0.85511340035931693  0.86908003226650654
  0.88148979599446997  0.88903254512971752  0.89817134057451020  0.90871480235661239
  0.92173757229401687  0.93926724467167177  0.95481054141233845  0.96662728139212573
  0.97590234864131675  0.98423229280745139  0.99235549732013273  1.00000000000000000
 -0.00303127281803274  0.01018463234520319  0.02062560801697877  0.02965918983818294
  0.03731781342678182  0.04375457034437893  0.04943277945923930  0.05764755054360220
  0.06547504727632973  0.07275107992141820  0.08092322776690314  0.08972695225027719
  0.09841044254914082  0.10836653392894763  0.12120801401375894  0.13596701452877669
  0.15109570945548809  0.16475374700761725  0.17666424306884884  0.18735370120606198
  0.19843065701208071  0.21027971749583649  0.22261987040832468  0.23473870533939264
  0.24564560949841693  0.25641323949268569  0.26750855536549056  0.27733250003898058
  0.28655624029917676  0.29672864082910461  0.30766357425934421  0.31854896988262904
  0.33002622756796890  0.34255788138357268  0.35621063415349136  0.37151672248006440
  0.38609050572109166  0.40089412216916204  0.40953308368115371  0.41827638347103868
  0.42734057023983335  0.43809035024705567  0.45108459980788196  0.46496058316960193
  0.47661852849735287  0.48411641705303204  0.49075021033568694  0.49763712655892617
  0.50509300777320043  0.51405293929854556  0.53007354284655861  0.54478252765584034
  0.55891212504162580  0.57103940045011958  0.58074930478508002  0.58902765453517081
  0.59581625224050283  0.60273127245841251  0.61004994030275528  0.61909217336104727
  0.63104671401804813  0.64670668525739805  0.66035140163250616  0.67161023043040935
  0.68193630528776550  0.69310472623139896  0.70441972804433939  0.71453970373763653
  0.72287965605049564  0.72981203667336259  0.73769681463872017  0.74735143553485939
  0.76061660811977450  0.77372410036352135  0.78516755452520148  0.79574732321091812
  0.80376197598256827  0.81316752156641170  0.82294242804475681  0.83234835244941452
  0.84044915313247770  0.84813053529377691  0.85727997548500290  0.87023662219736841
  0.88280333430518676  0.89502238998193939  0.90675171342739558  0.91736086285914875
  0.92739674250978898  0.93890123696169558  0.95186503997492189  0.96418479246014732
  0.97349347582574441  0.98213763135366516  0.99131188016122040  1.00000000000000000
 -0.00245421899383079  0.01381433654010265  0.02795524875628076  0.04170198212875940
  0.05517751410980992  0.06887143648328566  0.08255267822452488  0.09205177770903575
  0.10098043501128828  0.11013006941786134  0.11940488498615311  0.13026264438829477
  0.14222009296153071  0.15222252660636748  0.16018842500672656  0.16811509404029365
  0.17640134299773047  0.18642838560046243  0.19648176456837865  0.20250525915421566
  0.20913732016099643  0.21546913342879404  0.22186801834229503  0.23205901704967116
  0.24135808813958781  0.24991846286683236  0.25887013158637956  0.26629458473251594
  0.27434523502704611  0.28280266812774868  0.29314168529802759  0.30293239453068238
  0.31158523154412948  0.32008834407444364  0.32989912781587405  0.34208768341036017
  0.35479086511041624  0.36520958854469759  0.37554347355489287  0.38632837733286945
  0.39922963086081054  0.41698432341121722  0.43390545419296334  0.44713899226234100
  0.45871700642177260  0.47047122089201182  0.48142164079063537  0.49123291382553158
  0.50080100834471086  0.51295267898962160  0.52522209874343762  0.53739692537794870
  0.54968208601912549  0.56107649972374396  0.56925368201813298  0.57687228258132883
  0.58546428082039315  0.59527385605735617  0.60868167254338379  0.61995478175471119
  0.63171940576003505  0.64456117499164611  0.65942835453060056  0.67445289500121608
  0.68706610350755581  0.69833071147695269  0.70818759229801553  0.71608836421907840
  0.72398974198836252  0.73152504072113278  0.73995301503909250  0.74943879628062759
  0.75975737326058712  0.77161151787245374  0.78288021765310556  0.79277146800525533
  0.80075988657464292  0.80834972787962800  0.81690922301795765  0.82676248644384953
  0.83717010125528690  0.84744335223723422  0.85585975214479182  0.86762047644112661
  0.87817030476732960  0.88932540146552075  0.90097958776724052  0.91260215657653687
  0.92427606815353736  0.93650822029814451  0.94819717722400854  0.96001444975721328
  0.97110238345958133  0.98120269501700097  0.99054092796159443  1.00000000000000000
 -0.00470712775261279  0.01532687356809354  0.03245609659010076  0.04597433720260658
  0.05487723282394086  0.06310769053226850  0.07150626903510512  0.08109663231665010
  0.09393106175990742  0.10653138995806515  0.11899559448278785  0.13171478708317502
  0.14416228266455366  0.15506694084865491  0.16376932361716068  0.17159234996925582
  0.17888225482875794  0.19045297755413482  0.20544961383975649  0.22163972596147816
  0.23648348705073347  0.24941694121334620  0.26012779444459416  0.26967518911301114
  0.27972921733083334  0.28982117808581481  0.30111149769453083  0.31209514354051188
  0.32050102848517381  0.32916423225920433  0.33796644755977306  0.34637051961095866
  0.35657454472684869  0.36970567536833726  0.38192449506488158  0.39389999298275202
  0.40560573357560253  0.41696646734242965  0.42689392645905505  0.43452625996320210
  0.44144311820217474  0.44829617599501959  0.45644523946833143  0.46559574916393714
  0.47598874925667223  0.48673709560110107  0.49882889705687694  0.51296526373192364
  0.52619114079704243  0.53783617457371502  0.54823249146969300  0.55746067519024456
  0.56595192083655743  0.57375467960671467  0.58074178408514598  0.58853770195735666
  0.59690877326848368  0.60525734938171705  0.61462100956639198  0.62549373080174253
  0.63588488154655320  0.64495062105667045  0.65768524514631732  0.67034991578680625
  0.68173483484940800  0.69186039381814624  0.70220446311254725  0.71389271640179319
  0.72677282686354938  0.73850270624795245  0.75032334855190352  0.76217268091191392
  0.77373899549371383  0.78387306987959404  0.79238513554339129  0.79974664218239200
  0.80684620768987791  0.81477278370588069  0.82328738398070711  0.83223261873938437
  0.84222221117705731  0.85365918001238772  0.86741619512303769  0.87926255791240271
  0.88881085967701767  0.89893489814269245  0.90873942721451229  0.91694557502484531
  0.92359717748526804  0.93103936705896373  0.93904204292401849  0.94956226219841644
  0.96056365590671711  0.97287295163433307  0.98588195552427049  1.00000000000000000
 -0.00387479927582056  0.01379607318294931  0.02917049287158641  0.04349807642713389
  0.05752633010346714  0.07038711432333516  0.08132516371302764  0.09131511447592291
  0.10047635826491083  0.11054240842944565  0.11985213842194843  0.12596470117493730
  0.13319280015713458  0.14039211731793302  0.14601635409433275  0.15340176954208393
  0.16232484627353744  0.17281869182663573  0.18519124879253673  0.19809711472255973
  0.20943305530842699  0.22099559972634145  0.23160717994401256  0.24263819984844948
  0.25521772827458061  0.26891544974987724  0.28295459874626544  0.29534277961626948
  0.30477199266567734  0.31353780967695771  0.32312424751142305  0.33479971482987514
  0.34486642593016192  0.35489171027169991  0.36637252440303125  0.37754723393670175
  0.38870534173124810  0.40112225333208518  0.41461810168452934  0.42673764876467296
  0.43698663117382808  0.44621337989044857  0.45444558832561877  0.46221002154596269
  0.46973217026115338  0.47755668305117566  0.48630011270563561  0.49485037633097845
  0.50422058501953337  0.51425095642909313  0.52497583749332144  0.53679515941994282
  0.54630491627836486  0.55605354066905022  0.56532397420731206  0.57424864154832700
  0.58065207225474902  0.58651014747065611  0.59256276876910863  0.60031513267259318
  0.61038883034651015  0.62062140240961150  0.62975711955384905  0.63926886550855000
  0.64853144792339379  0.66003317758116042  0.67417374556687459  0.68694930898874951
  0.69573786238365676  0.70380100123339717  0.71274114054375315  0.72229947254496352
  0.73222048778485227  0.74565074417183674  0.75627446456857039  0.76659098754996791
  0.77775346818655844  0.78778009339838517  0.79886325393632729  0.80820908985021600
  0.82041228640945141  0.83211931091119995  0.84344963529165440  0.85520668355120033
  0.86590377082074188  0.87841249250340980  0.89303465670900561  0.90606446927844198
  0.91756531677243502  0.92800525972862036  0.93691444275620706  0.94598956937423662
  0.95524791358055494  0.96626544182437379  0.97964490815252603  1.00000000000000000
 -0.00302834268341058  0.01157629165161638  0.02328357947111573  0.03510253308038303
  0.04688526390668499  0.05765064768659864  0.06914388611264724  0.07937796795825634
  0.08895164814620202  0.09838800166995217  0.10826627512415501  0.11869014175349993
  0.12801426311355124  0.13574564870049297  0.14317139664526179  0.15059505043570467
  0.15916734433402599  0.16844395799554995  0.17764363377902234  0.18724809496929157
  0.19503891920369570  0.20196814685711403  0.20948923982992765  0.21975005180083193
  0.23370007795677630  0.24839020273115067  0.26208952496805871  0.27474493081195372
  0.28695300584339584  0.29887577000342924  0.31138235516116891  0.32456618269027288
  0.33730853436578728  0.34982839844609009  0.36266290075511326  0.37471222312328367
  0.38400040542990427  0.39235380731329533  0.40122606818455803  0.41292378764890131
  0.42646963852033404  0.43420609404812904  0.44376628546326929  0.45323006573485758
  0.46393117773759757  0.47745628739467871  0.49004327102034567  0.50206083321700190
  0.51416817918628610  0.52758501486226517  0.54137863361021932  0.55416242743207267
  0.56536064461737512  0.57404743474991105  0.58234471427934242  0.58915774191256787
  0.59660938444037181  0.60555592691283411  0.61489033287702255  0.62454045513924128
  0.63288364887142334  0.63973741922394434  0.64493357070941959  0.65028038375398067
  0.65552077545517751  0.66161723609255774  0.67026596507854730  0.68303376290332085
  0.69018528052024364  0.69832559118285165  0.70563430363864277  0.71204331265850673
  0.72289380309474260  0.73461475749055061  0.74786023531649326  0.75996489362535335
  0.77236010101399488  0.78543039774863477  0.79949794078623060  0.81487299479298148
  0.83169920072573866  0.84585585973332256  0.85748282883490756  0.86827053456070558
  0.87877304467250561  0.88979694183153601  0.90172861307546925  0.91283792724388568
  0.92246038053160773  0.93008280688478828  0.93723082779143374  0.94521082494844832
  0.95540450259279674  0.96821377616772564  0.98314035419917412  1.00000000000000000
 -0.00319702276784669  0.01187985867781571  0.02479258685553763  0.03520382876263656
  0.04360122625010893  0.05082600390187846  0.05760449542465641  0.06513516864992414
  0.07456892528824134  0.08487161147416949  0.09478836683826553  0.10511948095600156
  0.11651959609044882  0.12933497274391290  0.14378753783204587  0.15723477699756960
  0.16935398244088037  0.18206011371242473  0.19324803303875712  0.20263914273142111
  0.21010964807858928  0.21712883308376077  0.22478741643420064  0.23303533655872152
  0.24430987992544867  0.25788055531412962  0.27022619321165925  0.28109932393482662
  0.29061491362072944  0.30016293910575997  0.31005791810818534  0.32275238152477848
  0.33565650126630375  0.34783201385341306  0.36025692506409129  0.37392895844083374
  0.38740039461846515  0.39839884109657314  0.40642023607680117  0.41435384483994780
  0.42526239439924041  0.43493515555856671  0.44482426213215415  0.45316041554280062
  0.46654579394504619  0.48250795014036379  0.49746361252026089  0.51169026231305592
  0.52528311297918495  0.53830838444502827  0.55049028111638720  0.56144054749944183
  0.57360917359134989  0.58669882756016778  0.59945033827247740  0.60959419634048773
  0.61744576288867692  0.62528278627055345  0.63329576546562460  0.64192435641130619
  0.64932340059523164  0.65489397975609986  0.66035226427911276  0.66517154190301986
  0.67362978549147356  0.68198385664217098  0.69169910753215857  0.70323720122378430
  0.71689837044189120  0.73284647796779767  0.74798744853401311  0.76284385853362513
  0.77434860049083976  0.78365928385070505  0.79289296221163741  0.80166143473465135
  0.81368341795544452  0.82354291242793376  0.83256169276862879  0.84119933923370316
  0.85061476835137506  0.86452924177276913  0.87759468426944909  0.89159508162501899
  0.90571161674101042  0.91988617375267301  0.93237146176224694  0.93981071500063595
  0.94727320847978469  0.95444436072525562  0.95986093415199369  0.96473816909405430
  0.97431386297966194  0.98363912189336333  0.99161774514713874  1.00000000000000000
 -0.00694314449284561  0.03470423449084178  0.05051970036678952  0.06328863377911959
  0.07584869534499704  0.09070455868694326  0.10658416613659645  0.12150276705547049
  0.13322206468052425  0.14311531212316667  0.15282611786002298  0.16312582712260551
  0.17701677942715793  0.19347570580154705  0.20926854085868743  0.22412752091581675
  0.23765558663591307  0.25094110354628979  0.26488488342964989  0.27644779727186330
  0.28384517643794793  0.29188411178207768  0.30029745431054694  0.30913394581573572
  0.31746429248406649  0.32466237101443407  0.33095246930985905  0.33730814307845558
  0.34473387540350958  0.35394563775651949  0.36238887191488023  0.36884290272660658
  0.37423935786783791  0.38092190953938621  0.38718118785891725  0.39345132992421405
  0.39978638661651261  0.40642876248398585  0.41468139860183839  0.42402321232838514
  0.43259311127750344  0.44085568617559240  0.44943034386731506  0.45682148254909205
  0.46603506043701215  0.47517765255430017  0.48578966674912366  0.49552257177856224
  0.50335894166996753  0.51033308813784206  0.51812596788743270  0.52648310860814285
  0.53454285299471982  0.54225493110940681  0.54948233090244103  0.55597069079625161
  0.56186139643906952  0.56789105435212550  0.57480151763162857  0.58276022351794843
  0.59229197795590305  0.60234523821466579  0.61182317082774729  0.62066151984432061
  0.63047399181374419  0.63975803023262379  0.64762973092574627  0.65510870550348610
  0.66269796529280234  0.67112800773432046  0.68114636749988455  0.68778642091866071
  0.69470386515554217  0.70127943214081567  0.70820325429693143  0.71718593878718984
  0.72729727003225619  0.73517736335871275  0.74076547034590889  0.74620046879199153
  0.75135802502641924  0.75721587496920961  0.76606832766557054  0.77776388554307785
  0.79018169214326472  0.80392733323525867  0.81925544469366807  0.83453370319260967
  0.84976199344265113  0.86654120825684844  0.88256370281280017  0.89856310512351001
  0.91626064210253744  0.93702206911709107  0.96485378754650442  1.00000000000000000
 -0.00417784923495789  0.01124905933411718  0.02466678077620724  0.03683931698921936
  0.04909973502763630  0.06159282808075792  0.07346687612097526  0.08512999108416380
  0.09585237034013587  0.10489455472530651  0.11328150454271567  0.12232530018005756
  0.13405105324173200  0.14549903111778764  0.15819861619818046  0.17194555948881274
  0.18536118805310856  0.19619232953581897  0.20658317577352281  0.21677028601775669
  0.22817353056276896  0.23875603319250702  0.24875782870179744  0.25939691113360958
  0.27148107987310466  0.28309037517177105  0.29226628896892642  0.30140569748585327
  0.31051012998614996  0.32250235194767601  0.33693456836375829  0.35024369637690500
  0.36078312046414746  0.37030119554744673  0.38037883262912098  0.39073909650760785
  0.40080774189655433  0.40880800195972422  0.41615311240451291  0.42308562348942907
  0.43270213381703954  0.44325716839831469  0.45002480185456983  0.45575906505518371
  0.46176027673698783  0.46767533287257546  0.47945191573448015  0.49059533203003086
  0.50059876544079251  0.51033935523435892  0.51991076353702104  0.52902876057863413
  0.53726190418790920  0.54499342314042543  0.55263167556699289  0.56032756483983848
  0.56930246763674885  0.57971187701870996  0.59320871121828311  0.60465843924090734
  0.61364290274317024  0.62352764896723212  0.63473560856055622  0.64323581535918328
  0.64973415279918878  0.65659584063045795  0.66391866425463586  0.67014670325342340
  0.67975850558948225  0.69364614832373561  0.71047282504504772  0.72817120914019295
  0.74464081883594946  0.75682798286462194  0.76670432804312194  0.77518651252788739
  0.78296274742453265  0.79249160379853978  0.80431770987062734  0.81663250331526371
  0.82671294573710363  0.83599286863878775  0.84432933976898028  0.85316050048753822
  0.86509069828883667  0.87843755337214247  0.89181704090267100  0.90508609405542184
  0.91804846907209148  0.92911665972996682  0.94144429090922555  0.95444108582881715
  0.96644442117745455  0.97761245337000313  0.98854103156301432  1.00000000000000000
 -0.00184216516790796  0.16094164222443699  0.21366876773188004  0.25636292648706710
  0.29083285228121186  0.32048122311425475  0.35131065594931560  0.37226657095707183
  0.39052752853720207  0.40729063002508642  0.42574032988177518  0.44101117756659913
  0.45484763703700520  0.46861171583771727  0.48294209575107400  0.49720184099638004
  0.50998404261691466  0.52149956882779946  0.53280675327761395  0.54429317015318024
  0.55359520972183618  0.56236941496627257  0.57228053854625960  0.58367939640325073
  0.59558740246808883  0.60613565740142927  0.61669818259761178  0.62661626491902611
  0.63709624256260922  0.64729113523376947  0.65730569565306196  0.66619012424290913
  0.67432411505924750  0.68198025801170403  0.68943816226298926  0.69674311324191873
  0.70463859877782253  0.71390911793284229  0.72315258591472920  0.73219916562055998
  0.74110833090639516  0.74925580264005520  0.75610994906465001  0.76159098570071149
  0.76756711493556695  0.77247302216986513  0.77639662354237482  0.78042338599535288
  0.78469226307938200  0.78882197124248610  0.79353611056644546  0.79858410373661659
  0.80348822943589349  0.80869240572319279  0.81347419441216295  0.81806096904698355
  0.82258174051081656  0.82732721958715760  0.83273340644403848  0.83844625407090989
  0.84355957157726003  0.84792976503979034  0.85181443427735182  0.85535124929133177
  0.85843097962245163  0.86170489939487716  0.86507570984154791  0.86851880801329506
  0.87233435522526392  0.87682878826116017  0.88157116836966709  0.88665104648146320
  0.89190792804286401  0.89618924583650483  0.89985811904370494  0.90291521378961770
  0.90565869083646711  0.90879639517843447  0.91176801244113248  0.91477024509123595
  0.91801568270903811  0.92196927547754648  0.92731828241506797  0.93113265560897884
  0.93488451324036259  0.93813723049964737  0.94135504733414987  0.94446642191108998
  0.94839171840385406  0.95292073429337887  0.95782184524580982  0.96284887343040659
  0.96857620200795602  0.97505652168675672  0.98317084096026941  1.00000000000000000
 -0.02494564713320353  0.12879462627065458  0.17293863265832857  0.19889218914205420
  0.21749777491863101  0.23119644516522597  0.24438345510742199  0.25835284269429948
  0.27128929221889808  0.28306482813338263  0.29523362842158990  0.30689062760030528
  0.31691474600379277  0.32575523853374616  0.33382874387630967  0.34144618793988407
  0.34897765661774227  0.35692754516789721  0.36457017904916961  0.37066128630818695
  0.37629523356433381  0.38180118879153030  0.38724864705904294  0.39310432622366714
  0.40021557116552781  0.40846222967929829  0.41687941100001208  0.42183089332016321
  0.42669519767457936  0.43153538912107142  0.43651776950230381  0.44148688863814661
  0.44665089100563493  0.45175299977097616  0.45679427354851793  0.46143693406261549
  0.46596564175788086  0.47042357664899359  0.47483910629946707  0.47934879885116211
  0.48414177670386394  0.48937187028955176  0.49441625670895262  0.49923483775361588
  0.50392493752194178  0.50857028600423981  0.51310684645791926  0.51733304772799227
  0.52139293825542610  0.52520019637990201  0.52995073595640430  0.53479522779326594
  0.53991745445575678  0.54549549121387875  0.55098509205539403  0.55629582166338809
  0.56146811701792054  0.56649164739183411  0.57174954498076314  0.57641881023102681
  0.58092275958084638  0.58548462701153459  0.59085361699747718  0.59706125598961113
  0.60322022248732332  0.60754423450592177  0.61123531481549542  0.61475798585344166
  0.61818146754935577  0.62228857806006033  0.62804148121227366  0.63201991775940947
  0.63573954913186270  0.63978444360894882  0.64509021579785053  0.65167886024008104
  0.65730949471265754  0.66248804424552321  0.66834258971785121  0.67449486592313324
  0.68157844128060230  0.68887082939212363  0.69440208425646122  0.69993924431346077
  0.70558548757462125  0.71261791105402172  0.72165393215498941  0.73123998218584763
  0.74107646186252774  0.75193427262283508  0.76390916225946270  0.77767938444714346
  0.79551238522935930  0.82082627215544846  0.86393015506763116  1.00000000000000000
   1.1359617512336863E-014  -1.0000000000000000     
 T T T T F F F F F F F F T T T T T T T T F F F F F F F F T T T T T T T T F F F F F F F F T T T T T T T T F F F F F F F F T T T T T T T T F F F F F F F F T T T T T T T T F F F F F F F F T T T T T T T T F F F F F F F F T T T T T T T T F F F F F F F F T T T T T T T T F F F F F F F F T T T T T T T T F F F F F F F F T T T T T T T T F F F F F F F F T T T T T T T T F F F F F F F F T T T T T T T T F F F F F F F F T T T T T T T T F F F F F F F F T T T T T T T T F F F F F F F F T T T T T T T T F F F F F F F F T T T T T T T T F F F F F F F F T T T T T T T T F F F F F F F F T T T T T T T T F F F F F F F F T T T T T T T T F F F F F F F F T T T T T T T T F F F F F F F F T T T T T T T T F F F F F F F F T T T T T T T T F F F F F F F F T T T T T T T T F F F F F F F F T T T T T T T T F F F F F F F F T T T T T T T T F F F F F F F F T T T T T T T T F F F F F F F F T T T T T T T T F F F F F F F F T T T T T T T T F F F F F F F F T T T T T T T T F F F F F F F F T T T T T T T T F F F F F F F F T T T T T T T T F F F F F F F F T T T T
  <DiscreteSampler_grid>
  grouped_processes
  1 # 1 for a reference and 2 for a running grid.
  10 # Attribute 'min_bin_probing_points' of the grid.
  1 # Attribute 'grid_mode' of the grid. 1=='default',2=='initialization'
  0.0000000000000000 # Attribute 'small_contrib_threshold' of the grid.
  0.5000000000000000 # Attribute 'damping_power' of the grid.
 # binID   n_entries weight   weight_sqr   abs_weight
    10   10   2.745803704294482E-005   2.826072350153862E-009   2.745803704294482E-005
    11   10   2.745803704294491E-005   2.826072350153903E-009   2.745803704294491E-005
  </DiscreteSampler_grid>
