  0.00000041230831642  0.00000120415065045  0.00000221399618724  0.00000380044509053
  0.00000569015551941  0.00000742033126978  0.00000888735797042  0.00001063707801444
  0.00001224919828981  0.00001373495706249  0.00001515417267200  0.00001638939042231
  0.00001765719845169  0.00001884659239094  0.00002002964351164  0.00002124621517180
  0.00002233786609507  0.00002318071364581  0.00002384771190169  0.00002448802565359
  0.00002524525382572  0.00002602814712266  0.00002670739795403  0.00002730824374730
  0.00002797306920501  0.00002863732698969  0.00002926085168707  0.00002985147406414
  0.00003046249825850  0.00003112906725005  0.00003184238273302  0.00003241449084581
  0.00003296929816229  0.00003346872461160  0.00003391563320181  0.00003432428008539
  0.00003468341264199  0.00003506932527181  0.00003556393490930  0.00003628170945201
  0.00003730624026488  0.00006227627798044  0.00006302622654015  0.00006369186828009
  0.00006431456656637  0.00006487075254782  0.00006544836857562  0.00006603984475446
  0.00006664097268610  0.00006722016648889  0.00006769984225188  0.00006816512925867
  0.00006867116275888  0.00006947027378294  0.00007046455650538  0.00007144158188881
  0.00007246228636962  0.00007344512027278  0.00007432934958098  0.00007516965573364
  0.00007600505895316  0.00007691689103108  0.00007805255997089  0.00007950659822966
  0.00008128025315226  0.00008297562556541  0.00008452345466116  0.00008588313042859
  0.00008737602857448  0.00008916615844440  0.00009145595508295  0.00009410702736287
  0.00009685051360454  0.00009993697449820  0.00010355631585234  0.00010743061658992
  0.00011173029347168  0.00011719906223256  0.00012702365140212  0.00013939525624610
  0.00015414093580437  0.00017250324404144  0.00019623698243550  0.00023171494965119
  0.00029623533061222  0.00037502911120543  0.00042429726567255  0.00047138408953674
  0.00053582216918313  0.00061848995874018  0.00071329845023689  0.00083785334246474
  0.00098569677814192  0.00132013467237655  0.00216335989278274  1.00000000000000000
  0.00000001053555991  0.00000041494630320  0.00000119421051956  0.00000203312661410
  0.00000321962942189  0.00000468498004276  0.00000618982582786  0.00000774261586670
  0.00000923946383569  0.00001064323081470  0.00001171125191948  0.00001267390393914
  0.00001413536737968  0.00001570555939742  0.00001739508377632  0.00001900470469132
  0.00002034305124022  0.00002189194217266  0.00002332437682770  0.00002468226450987
  0.00002593007903150  0.00002706445195234  0.00002815260873324  0.00002917997098019
  0.00003011641354649  0.00003096121946058  0.00003171600759576  0.00003240776253459
  0.00003284378118562  0.00003314724837286  0.00003347350504654  0.00003380190530986
  0.00003416919081586  0.00003454923883904  0.00003494397813836  0.00003530012208178
  0.00003565991119386  0.00003603142548843  0.00003642629657597  0.00003689145173379
  0.00004730676238145  0.00006320205377713  0.00006407652680368  0.00006468539673426
  0.00006518558506828  0.00006564858363028  0.00006609729473902  0.00006653559694313
  0.00006698509772729  0.00006747595356864  0.00006802223152893  0.00006857001026369
  0.00006930849937604  0.00007030521622366  0.00007125919204321  0.00007203936924160
  0.00007281827641410  0.00007356456923582  0.00007435183819478  0.00007528491555445
  0.00007633500082945  0.00007732808419562  0.00007829411197528  0.00007938886796824
  0.00008061424548093  0.00008198024473235  0.00008352320055626  0.00008526286010221
  0.00008683653230064  0.00008835382821529  0.00008975579088560  0.00009213081162092
  0.00009503304945850  0.00009782935712555  0.00010099971497023  0.00010605724297905
  0.00011187584437309  0.00011802147249589  0.00012636007584959  0.00013705555605736
  0.00014899610916879  0.00016160922329188  0.00017439851080012  0.00018850975472960
  0.00020563227054649  0.00023044363434465  0.00026581331002721  0.00030866605843046
  0.00037463982805507  0.00047494307388185  0.00062634804825586  0.00078348602986401
  0.00095720037498284  0.00124917315252256  0.00210124049722959  1.00000000000000000
  0.00902049043456460  0.01902968755928285  0.03048632188248536  0.04305741938290281
  0.05582185202894819  0.06747962656248105  0.07606376330879686  0.08423889819036957
  0.09238973504177916  0.10104655439603998  0.11012081847461265  0.12053514879699365
  0.13166376180886202  0.14491921789305010  0.15681973095521792  0.16905513354186921
  0.18248658511249877  0.19388521583205021  0.20516822675672863  0.21623583652250780
  0.22815476761431047  0.23731513585618522  0.24323940360786939  0.24912900561900017
  0.25690047002215494  0.26545380168246219  0.27425359635492785  0.28304621034582306
  0.29154823665100738  0.30168106372503506  0.31305703877902125  0.32011662947232422
  0.32768119243680627  0.33728413333171897  0.35009116727051348  0.36270493401522402
  0.37290158843486143  0.38408102584755521  0.39813109719425605  0.40894920007552293
  0.41944363777312482  0.42969765763713941  0.44004205355338588  0.45136916302254104
  0.46389053285668891  0.47632340184584598  0.48746884625400749  0.49956938910697085
  0.51539541196980621  0.52814540822517431  0.54191905919453143  0.55408218724995228
  0.56639815664764837  0.57989648272802430  0.59620060339487824  0.61087592264915502
  0.62352349440918120  0.63502085310608070  0.64524581957235894  0.65720768763050175
  0.67023827876187159  0.68353052869992459  0.69623127150170294  0.70818564698428632
  0.71984118065474967  0.73095098597400510  0.74180874642684058  0.75165665435945972
  0.76122335481491432  0.76877214809326477  0.77398256651695141  0.77978273835669187
  0.78800337290710343  0.79694555752729035  0.80156610810673123  0.80527813486186617
  0.80863897837874288  0.81339616808241744  0.82253127905920331  0.83429308958751336
  0.84515511851582126  0.85369278373733526  0.86106585894891474  0.86859501065095657
  0.87680745021630502  0.88476347522633825  0.89204069784150641  0.89964147615206258
  0.90821604198637829  0.91736312125103880  0.93094082223730368  0.94644278421335093
  0.96167601736014729  0.97231228643329193  0.98483137301994861  1.00000000000000000
  0.00094673873733213  0.01762148179099806  0.03418845233643294  0.05168106541064626
  0.06426226037314373  0.07012465787394642  0.07408871247487694  0.07820622814916883
  0.08254398774744494  0.08800133034281842  0.09348807847098117  0.09857009318678100
  0.11614908537939854  0.12891133694579643  0.13804851919052616  0.14609677855620451
  0.15486017739764779  0.16445636479384892  0.17624515356157300  0.19043139927551614
  0.20436611503131605  0.21821088911031883  0.23002685478737239  0.24026116521342125
  0.25122915729393813  0.26350036974141644  0.27826778157096232  0.29435790100405645
  0.30694012321766112  0.31878222703175257  0.33066396638744550  0.34276859981810126
  0.35521359441390410  0.36801735765419069  0.37920120441230643  0.39071975325637720
  0.40235735993049759  0.41280331615453469  0.42302530690179901  0.43426546825055351
  0.44665046034647188  0.46095902492766849  0.47583046681877622  0.48887409897508322
  0.50188639573937255  0.51566439409802201  0.52913407579418514  0.54004061025599670
  0.54653412436366866  0.55103485986129674  0.55563662364283739  0.56162735135302366
  0.56812928478037483  0.57346993873974950  0.57744262774429733  0.58191298845062212
  0.58616996420001855  0.58996698244242640  0.59416117563705162  0.59918642920580367
  0.61003511050489378  0.62557896834596305  0.63793856899187462  0.64822057787359177
  0.65676033740233697  0.66452661066637941  0.67292073072151148  0.68353992736078339
  0.69593987967165816  0.70580858100137378  0.71452164358169157  0.72345356499944091
  0.73639329036945300  0.75564265398020658  0.77253357327387884  0.78620261834507044
  0.79767346991087951  0.80734572694338624  0.81724246920082333  0.82602472088264756
  0.83491426917820466  0.84262275741356174  0.85482803309531641  0.86720392831014514
  0.88111694418688669  0.89724789167785135  0.91169511880423959  0.92270336255508778
  0.93130559595608420  0.93928721314202068  0.94766422603335410  0.95523403317902944
  0.96392266842452523  0.97176184284122835  0.98166617222761032  1.00000000000000000
 -0.00047588648574978  0.00270547773585085  0.00459499059739346  0.00735026895887528
  0.01026657927921026  0.01570086332912166  0.02234794764240420  0.02882318378589741
  0.03244631981590502  0.03363016762816236  0.03504151096438110  0.03659971440321946
  0.03831776425626362  0.04014056269744829  0.04602619004231563  0.05176814313505400
  0.05809189806645428  0.06646527240112084  0.07614875808145495  0.08512375904733957
  0.09423422583463284  0.10417871713231897  0.11266618458584420  0.11981315731745541
  0.12767079665670142  0.13717237121456458  0.14878619795506767  0.16072268335160392
  0.17280529895732116  0.18373483579777036  0.19173907933976961  0.19873174854286429
  0.20699927027285581  0.21747570754014212  0.22767477276974529  0.23803186125456441
  0.25011985228747713  0.26047687675492759  0.27124321273536556  0.28222949345352377
  0.29366601784048935  0.30639172151860589  0.31833184993856456  0.33128153849508563
  0.34598472897332772  0.35928544122685074  0.37189226291968608  0.38493010304312997
  0.39861806165254809  0.41216774161117836  0.42517597990066419  0.43842871899403424
  0.45209527302865948  0.46550147196506492  0.48095220536210781  0.49288426726119627
  0.50195530459212767  0.51133177280972097  0.52143995732034776  0.53216702170719998
  0.54329869730076030  0.55553778690237876  0.56872734285709992  0.57796887632463201
  0.58859339206107464  0.60027161536150053  0.61293977439582714  0.62330835472504287
  0.63665285744501587  0.65077629013275284  0.65723755282142959  0.66281801509120175
  0.66835308565590457  0.67388544786757532  0.68094130517247697  0.68993960557469458
  0.69885818382649878  0.70911977565937268  0.72014285989610571  0.73008090141439741
  0.73847022497628234  0.74616935931019246  0.75841337360726035  0.77561342483339313
  0.79357095902164398  0.81662769012169767  0.83858701410195713  0.85817094503200797
  0.87805698598700965  0.89799196610160381  0.91727480819667806  0.93546167086583099
  0.95366594039698571  0.96951108129273111  0.98488015357749570  1.00000000000000000
 -0.00582481034183072  0.01533980385894635  0.03267399421160359  0.04646958135653424
  0.05815523020043736  0.07102737552495667  0.08306178786421524  0.09313406506319800
  0.10086075299267394  0.10888922722519011  0.11853780361578237  0.12830214819111332
  0.13712942882656567  0.14939976462519722  0.16356356278165762  0.17683937679426684
  0.18703090719216989  0.19653466264946745  0.20591651591316137  0.21687279480522215
  0.22945335652999879  0.24344712223246215  0.25862317498656734  0.27493360430458436
  0.29224654584199511  0.30812579249132532  0.31928547269302443  0.33131417634533855
  0.34368941870765957  0.35665829415724387  0.37066044377639051  0.38528798931094660
  0.39780418563088904  0.40935001428507173  0.42029704761406977  0.43097581327627610
  0.44169652054494646  0.45417196058586556  0.46372592465435808  0.47395952177785966
  0.48434917589438509  0.49583783558805872  0.50767986369606977  0.51744412773294346
  0.52352342943942343  0.52916727813059672  0.53537728359718328  0.54184914305805376
  0.55036424081917679  0.56231314702289081  0.57584417268331922  0.58690378381911323
  0.59553601983130711  0.60353548323009365  0.61196695279069158  0.61961936361473535
  0.63261097687228829  0.64679696562437772  0.65937329572508185  0.67186591362052905
  0.68378094529166356  0.69639335711280137  0.70606111669019178  0.71270389287545943
  0.71943004830791535  0.72655824177510986  0.73374624528003163  0.74083080635935261
  0.74739395875282355  0.75324084102099298  0.76096401911522227  0.77211113078119986
  0.78129761308988810  0.78966457014079194  0.79908566558738503  0.80900115322065425
  0.82120404288478854  0.83578037624850543  0.85039416633014442  0.86500129713792240
  0.87536121169923564  0.88246197157931194  0.88922769461747475  0.89685793651071988
  0.90403131349001342  0.91264531584839226  0.92781162606256207  0.94457669111718956
  0.95718683085506173  0.96474786048350780  0.97204357563224231  0.97742757605651198
  0.98138368482237948  0.98534055168661716  0.99205342163522370  1.00000000000000000
 -0.00229904995350907  0.01095313045880153  0.01876533244548850  0.02733552986242803
  0.03626504563815695  0.04532856494343168  0.05396343004668047  0.06266240172442200
  0.07547390787102472  0.09114837627460851  0.10509907399759043  0.11779282409887393
  0.12945432364920054  0.14026718406248090  0.15022956181430025  0.15915036128840937
  0.16760042388209823  0.17575180056863543  0.18474007328931955  0.19707030747411200
  0.20633385324329998  0.21653504022302006  0.22365300136818422  0.22716054308959824
  0.23123108886989008  0.23640335377017485  0.24189557168440140  0.24718222548601751
  0.25124959538237229  0.26027575176273310  0.27012838356167129  0.27996256198038527
  0.28998496149197256  0.30094868864012131  0.31568516418762699  0.33076823819805085
  0.34265023537968542  0.35106287996257746  0.35948761718974009  0.36881583780199911
  0.37758416427299740  0.38518790914863710  0.39134609801939663  0.39724881795203182
  0.40363808563088527  0.41124279723556895  0.42171506272429565  0.43226458472443374
  0.44631201283018124  0.45976739741777700  0.46691677225536216  0.47364410116364142
  0.48045598887072222  0.48713114792479778  0.49368839062921877  0.50162447129668897
  0.50917076027689034  0.51509141170216743  0.52119388516561005  0.53578644315638047
  0.55484722334281289  0.57100609894511423  0.58629363683680791  0.60536603373652853
  0.62842577108466924  0.64611063415501013  0.66082248142711830  0.67497534460180963
  0.68919311500244163  0.69729098064178030  0.70706352582172272  0.71681697312951043
  0.72714904485099940  0.73793080396031607  0.75179698468253964  0.76425430214048640
  0.77641801082278139  0.79034787852240540  0.80676444099814371  0.82215122384118722
  0.83516548550240777  0.84705273263027758  0.86039195405187019  0.87095582520118286
  0.88000150266939703  0.88883232131544820  0.89658046594696983  0.90542674299848258
  0.91408500392932879  0.92317206325454571  0.93218980827567033  0.94147406040996429
  0.95299395871861425  0.96680405180790308  0.98239454183826458  1.00000000000000000
 -0.00326156619066763  0.01104888211579036  0.02448384614321699  0.03720117759340485
  0.05074000892988748  0.06687205585888846  0.08242859722814647  0.09419717706156522
  0.10417023494103735  0.11328069899440961  0.12264061000847475  0.13317321425210998
  0.14706602195251159  0.15932573030337438  0.17121635889946235  0.18265721530808504
  0.19385228668117152  0.20583235043561132  0.22035814903292011  0.23848467920580302
  0.25301966505150802  0.26643896913606985  0.27632502629746020  0.28493751176741205
  0.29380756428266736  0.30618273160390214  0.31961063183682997  0.33283219711231388
  0.34345154634874453  0.35218987604209262  0.36138038876507211  0.37063660891347860
  0.38065310300889327  0.38923140860234556  0.40563144806043050  0.42620918217084247
  0.43891077081471691  0.44984523118573699  0.46077161309919468  0.47044461483386096
  0.47948825514987609  0.48911260944409485  0.49518546721292167  0.49984374964409978
  0.50258172238602716  0.50511693479620490  0.50724174468980043  0.51079900801714739
  0.51545753878947820  0.52143826719972464  0.52595332710817377  0.53086949175759079
  0.53718380656808529  0.54304035517047178  0.54957666196645372  0.55516633726560649
  0.56038013234764206  0.56725426857580996  0.57503016179957456  0.58227910840923058
  0.59119398187443339  0.59986126447455701  0.60839943169741018  0.62233851833066811
  0.63645485258023893  0.65132675076931923  0.66482875860131119  0.67480079140847926
  0.68374241668780045  0.69242785087051928  0.70154175558473775  0.71087926485292019
  0.72365828272702648  0.74132421916097557  0.75651978792715258  0.77230870914421135
  0.78884382308253953  0.80050487678681859  0.80979726787030626  0.81784619787321311
  0.82569469164350795  0.83459525859799444  0.85084316256726111  0.86677579344638134
  0.87889280204148079  0.89062546124046194  0.90244197909070401  0.91371111449271569
  0.92498103420246625  0.93712608373960438  0.94791567901663354  0.95933004498560526
  0.96984432397218312  0.97915484958144472  0.98913135643269035  1.00000000000000000
 -0.00528286097297612  0.01634833278921399  0.03101921481799215  0.04073305882110492
  0.04714983464038792  0.05445103176193271  0.06213399613859855  0.07019291080847784
  0.07711322043960178  0.08483155846970243  0.09232488018865004  0.09808721516676999
  0.10696995517747278  0.12423580232894373  0.14740320750334768  0.16843175177880060
  0.18401535743782907  0.19853929336706777  0.21332856681804910  0.22956432705425114
  0.24556183735604631  0.25929682691077111  0.26957917067650422  0.27747486807720906
  0.28437956835326761  0.29168908009286931  0.29989676897035233  0.30903460745804734
  0.31694404408314997  0.32365657045364910  0.33074715449702408  0.33893492371889261
  0.34758502206764935  0.35820144103931967  0.36931124949862465  0.37758377391526343
  0.38707193945197815  0.39664838100065813  0.40583986021026375  0.41478841604245831
  0.42353761894251862  0.43121362402030111  0.43925780538455123  0.44902558788802155
  0.45913625272399267  0.46776570543969204  0.47570964169242674  0.48516178662796233
  0.49647665747163061  0.50735089293652624  0.51786607706667176  0.52837680293491163
  0.53876045475791523  0.54786338454681072  0.55684808040677181  0.56719042880320836
  0.57941930720817525  0.59018375707742177  0.59773392160426786  0.60421874110081719
  0.61086044223313041  0.61822466010603383  0.62529430321143953  0.63157606340457728
  0.63732031386697274  0.64537855463584426  0.65712875665405979  0.66814187137332093
  0.67722330662844654  0.68624914709442908  0.69575648719632377  0.70657139710260108
  0.71664822836329434  0.72520672074412595  0.73302614843057268  0.74143940538979936
  0.75118276359978098  0.76236286879156312  0.77423196505529102  0.78488441130456221
  0.79572627093622417  0.80705187912672294  0.81906270316946084  0.83285052391011516
  0.85006704900520247  0.86870503229112361  0.88629719602999524  0.90286699701932582
  0.91886803008906437  0.93229355947336578  0.94346684838195272  0.95402885816132266
  0.96413045692864685  0.97543330568996389  0.98778582074592203  1.00000000000000000
 -0.00280278631175929  0.01260828151517590  0.02123856133848023  0.03100978950798051
  0.04189962367979716  0.05337632337499092  0.06429629338867006  0.07795336179052455
  0.09028059534926476  0.10266859308698784  0.11539392604054503  0.12656285073142617
  0.13674554124468322  0.14788071663762728  0.16146229568907042  0.17830632265544610
  0.19070500971595428  0.20077318095694408  0.21035206901984094  0.22213066947806057
  0.23574183312873648  0.24671934005314763  0.25427281032248167  0.26078219759785604
  0.26715569055085903  0.27293613097494845  0.28062771396716563  0.28857598428231601
  0.29461910728539198  0.30070473143646281  0.30688272268142436  0.31554737860062471
  0.32894358118637879  0.34233935932171516  0.35261729864532887  0.36253227158698520
  0.37326550218886423  0.38485691005348721  0.40047838672430963  0.41939318764858891
  0.43299446629949029  0.44541076680841102  0.45670435174277485  0.46494945097799417
  0.47160575629710616  0.47751455130172304  0.48307061359967085  0.48884631375571846
  0.49602404711237436  0.50429576144242227  0.51310133069822861  0.52154508434831515
  0.53102973221846572  0.54224749879783662  0.55598320439597371  0.56657163869651472
  0.57578811327440638  0.58470883428565879  0.59566144127400267  0.60930336681319885
  0.62776471665164912  0.63432776244000244  0.64113399725566544  0.65043458731856785
  0.65998728163483866  0.66942937270158820  0.67686261262289149  0.68379543660499953
  0.69140728425556641  0.70156139729600742  0.71121289679028454  0.71938269568904611
  0.72652955701135968  0.73393318332175062  0.74200131425174165  0.75394762452119679
  0.76699487401767297  0.78030429121958200  0.79113932791965136  0.80176118022449439
  0.81430640153615397  0.82727472617564846  0.83955621306094519  0.85148670797012804
  0.86428096252423026  0.87816906102539272  0.89014042464228726  0.90167273994026809
  0.91154679415401563  0.92100998595719885  0.93152721423260054  0.94469268667245065
  0.96015966036497424  0.97443951207700308  0.98730050638855693  1.00000000000000000
 -0.00239968235057852  0.01135550160049036  0.02309175136694726  0.03185970377891104
  0.03984230585693924  0.04753297294803797  0.05546656672121102  0.06337927443411846
  0.07316862271890369  0.08593148901253458  0.10212196911991112  0.11721243120876132
  0.13037238596880657  0.14303110052979487  0.15698842931711424  0.17175102022433281
  0.18708505103170103  0.20264158222565154  0.21713722471907024  0.23007661213079197
  0.24275604436452280  0.25699516489062285  0.27098835782207131  0.28565628898563183
  0.29321277861115280  0.29806370743314053  0.30251213151802081  0.30584288213590677
  0.30962371480978995  0.31358030790512181  0.31726209431396690  0.32355631655800710
  0.33648539882233708  0.35112774514267869  0.36380642831746746  0.37533888376930652
  0.38769722589042815  0.39929936143329453  0.40787481691287442  0.41529226573325945
  0.42520160632624182  0.43593108870308894  0.44812108234851822  0.46433052413198106
  0.47784200298520435  0.49204112963185770  0.50189177833368059  0.50963146036960283
  0.51707216363377340  0.52242365450818296  0.52873851166789509  0.53506048708244236
  0.54264651621677984  0.55017032591575554  0.55612170041403353  0.56112908891777824
  0.57837761115537745  0.59388336977866441  0.61317608198414708  0.63218440539157716
  0.64939378112370905  0.66223614767159178  0.67309294301902345  0.68455727183214410
  0.69614682556149099  0.71104846779508191  0.73123340000415760  0.74933322947605496
  0.76010536016384322  0.76439214792050236  0.76904118897973373  0.77433997727809767
  0.78032771214325070  0.78793459589372805  0.80047427952296701  0.81111732608394094
  0.82029524380064578  0.82853227914255700  0.83589431083095855  0.84460564038844033
  0.85314691983229052  0.86124632177392801  0.86990174551308630  0.87953065715686340
  0.88802544773733905  0.89789194354603075  0.91069814433325980  0.92117286167942491
  0.92985868558498275  0.93773996312608787  0.94530420662404246  0.95381825310975554
  0.96324427136602708  0.97366562193908590  0.98564028521221025  1.00000000000000000
 -0.00289611579080146  0.01293684744288592  0.02483444857991892  0.03541788734446456
  0.04549515908216323  0.05589111049874795  0.06627179964852316  0.07645226175774722
  0.08754784523680510  0.10049162155553204  0.11311987602145640  0.12612471139582998
  0.14112769128039399  0.15714985353788119  0.17235197557719351  0.18639686066821656
  0.20199601079282115  0.21665212987500077  0.22613324366647983  0.23642715161577366
  0.24703885784501120  0.25742832908739560  0.26705545443772571  0.27635952399581992
  0.28570277759780532  0.29549143582603354  0.30251636367067197  0.30877620904730990
  0.31539465295343788  0.32260768628494674  0.32974081908035868  0.33607021020753519
  0.34162909350468834  0.34886780936264061  0.35850557339106459  0.36836421567717714
  0.37756005882990151  0.38632269967689747  0.39406077746797719  0.40203586057853719
  0.41136946212472186  0.41969399687027187  0.42969164224113465  0.44143160266187764
  0.45354774141403492  0.46431533496308064  0.47316237252022375  0.48118340295910667
  0.48808685681817449  0.49424207463802733  0.50044004011853060  0.50653324966768920
  0.50939679816668637  0.51341876216684468  0.51841435291888849  0.52474029317718829
  0.53076698443055292  0.53649332847173126  0.54408358487671182  0.55975134418302130
  0.57995273716866691  0.59725138165932157  0.61178093072989814  0.62440920024650126
  0.63528867061462546  0.64559054056730236  0.65450909894790965  0.66072976963077623
  0.66650941370135530  0.67351232697452901  0.68193408754388751  0.69213757266758691
  0.70203856665520359  0.71327752623656715  0.72122624779801547  0.73033891621179114
  0.73938503006710943  0.75181324498068702  0.76593076264863869  0.78138849457404502
  0.79829899006494986  0.81644700754531496  0.83469818927516359  0.85181228353268101
  0.87044125665642169  0.88749587038847666  0.90154415615497985  0.91261303015755857
  0.92254662200388071  0.93124545384410717  0.93937211000928167  0.94672341988499253
  0.95866888668788275  0.97363293447491028  0.98750563249372880  1.00000000000000000
 -0.00976254946109352  0.04473477424194557  0.07808685037546115  0.10443942155333182
  0.12981359109682980  0.14996219239008562  0.16317345279639500  0.17552421208027896
  0.18558786486855763  0.19520257149734169  0.20460190398435754  0.21634599591161865
  0.23026432051483978  0.24427593524245483  0.25890258594587878  0.27352011019015765
  0.28670756868271374  0.29876499099868942  0.30827388082558510  0.31442053915309093
  0.32107363975208619  0.32656472477498338  0.33173616812498619  0.33683177880796467
  0.34254375980424928  0.34775142078923205  0.35312423872231996  0.36010902501200004
  0.36886095601461893  0.37708945669450222  0.38497896693963557  0.39304209231979692
  0.40124620237286923  0.40995306209893873  0.41917960648757896  0.42807670834396050
  0.43699363646157663  0.44617706179859040  0.45715796856198154  0.46636688258864362
  0.47402794450613756  0.47875064407704548  0.48281274550878567  0.48671358244410889
  0.49028777376202087  0.49409827240973236  0.50187238783729238  0.50960824075506639
  0.51801464126932073  0.52594298119883676  0.53355545108084401  0.54182405648667809
  0.55143013915325234  0.56024999836831890  0.56808963347472896  0.57558208924877008
  0.58374804040419559  0.59043374331311760  0.59723585159186499  0.60439167131784710
  0.61216299422081555  0.62018465527629441  0.62669930621616221  0.63282546631111714
  0.64358276120557123  0.65740219670688371  0.67041854560716607  0.68046888809664374
  0.68746995378525777  0.69304087684439608  0.69868042946364461  0.70333623070036833
  0.70928474983639578  0.71687667080743933  0.72530542524807140  0.73268621502191311
  0.74162518182971460  0.75134273233458404  0.76197224973496702  0.77349759309821597
  0.78409124420398080  0.79302216079499577  0.79972239698709668  0.80538626323126095
  0.81085037063442078  0.81769558045112856  0.82599558678459228  0.83468377072139222
  0.84325874471681772  0.85205647929615369  0.86709756729310539  0.88966260294923249
  0.91216878106314259  0.93570984553449199  0.96405147506490230  1.00000000000000000
 -0.00347633068440021  0.01249031745609668  0.02633342692350283  0.03897105382752677
  0.04992305396144275  0.05748019801314806  0.06430248178111507  0.07266399870845419
  0.08090967036992033  0.08667512532549063  0.09037229503521022  0.09408443687489003
  0.10085917052519508  0.10819104709675791  0.11640368886503651  0.12208763456035741
  0.12809825755538864  0.13596788955073952  0.14228052696491864  0.14780840333831741
  0.15554455047773627  0.16418291572310856  0.17384497757996206  0.18434952923314962
  0.19650294125109022  0.20709068859750099  0.21715499932364168  0.22743912396158064
  0.23853641865648390  0.25195267510022373  0.26583146510649636  0.27985267292570509
  0.29322023238364847  0.30573281482694248  0.31863661039904512  0.33141072770379376
  0.34166349545677938  0.35032102790590891  0.36037219196254350  0.37208108751187124
  0.38499739771116948  0.39924418325395028  0.41521963518863547  0.43260872923797011
  0.44785601008223769  0.46078345578556079  0.47224103312262344  0.48362559411961775
  0.49604858365028320  0.51051791947590841  0.52579476575281625  0.54014106028324815
  0.55242046151939350  0.56476855965315020  0.57877563531585219  0.59137591598516837
  0.60262589678284928  0.61376884210702931  0.62328152606341447  0.63165858221002635
  0.63925112651973859  0.64626629556237136  0.65345366936906468  0.66070349578283105
  0.66905097628564236  0.67748622149315185  0.68579122609106447  0.69416464150332802
  0.70257487366352089  0.71107218345369938  0.72000645577874733  0.73078466263097996
  0.74253081430742474  0.75391415996854194  0.76115103585766353  0.76953555747784508
  0.77730247033284938  0.78619789956996566  0.79876869626886271  0.81503653356343830
  0.83241088166193866  0.84630329257401615  0.85907856066325727  0.86980426529703592
  0.87903291264405370  0.88858861168352521  0.90088179327397155  0.91566855924769519
  0.92842266375426508  0.93916497997654813  0.94872996627233974  0.95617306314865436
  0.96317039651062752  0.97095372819364389  0.98169680500542011  1.00000000000000000
 -0.02317768865087147  0.21731971099698741  0.30965077646345707  0.37022847360727168
  0.40898105904565035  0.44949095727306587  0.48037637216577589  0.50340904819077481
  0.52824724410543711  0.54999649398310546  0.57028756687699578  0.58903529313622038
  0.60782262293660105  0.62223187318770568  0.63503521981497191  0.64832990193635542
  0.66273281013033991  0.67598849175328946  0.68561427444368894  0.69243717276225236
  0.69874077933603518  0.70536912120914208  0.71204504588776085  0.71707501444038624
  0.72147614134320914  0.72637829266082565  0.73140339221155870  0.73633716789378278
  0.74078000686706380  0.74462612857852017  0.74924311277556532  0.75317642255453976
  0.75727606547492998  0.76141315851674518  0.76560431503944404  0.76892112581468219
  0.77262944114195797  0.77791243576891400  0.78418315769586311  0.79098521648233389
  0.79836685881159175  0.80307575666834730  0.80791062103452072  0.81284235799812299
  0.81836281618114959  0.82520018923047223  0.83224225164223542  0.83842320526948266
  0.84349571209477026  0.84759621284399356  0.85132233749627773  0.85426002604265905
  0.85616190551868221  0.85814721370461255  0.85995758714800352  0.86167700715729667
  0.86353949170785416  0.86491852891324683  0.86601076239541930  0.86862442038890175
  0.87223789098184179  0.87548981344104648  0.87850629005398639  0.88144297751241796
  0.88526296572803376  0.88906176232244216  0.89268679955866592  0.89645793135490814
  0.90082627263722581  0.90490748933735632  0.90888463428327659  0.91278105189125058
  0.91651362741861853  0.92017391577050422  0.92376530115480637  0.92715508834007032
  0.93008943491792540  0.93277115376990660  0.93600273145304191  0.93886957306442709
  0.94159306489591132  0.94435096714979883  0.94727265746899147  0.95008184392430550
  0.95276264310648995  0.95544474417837000  0.95830374664956031  0.96239153212018225
  0.96583500636361819  0.96885746182621302  0.97204914429298706  0.97550513677988859
  0.97955765645854642  0.98426316851105355  0.99043267005308533  1.00000000000000000
 -0.02952922106220054  0.16211312116762128  0.23775186001056806  0.27835444787725228
  0.29523605167727129  0.30297865970681953  0.31096649400589049  0.31861801802833856
  0.32633882860879931  0.33220998201980545  0.33690118361599047  0.34218154688598751
  0.35170316595088175  0.36056434747591509  0.36879600475551810  0.37864630544512545
  0.39096455352967763  0.40070459701055428  0.40653563111759372  0.41160913033711793
  0.41727801767405326  0.42189124243668713  0.42578298282941740  0.43052927217694126
  0.43473945801599706  0.43842379588812236  0.44223639306328122  0.44726469291003784
  0.45238348060622990  0.45798870009200704  0.46232853502258975  0.46568542016896469
  0.46914481017033655  0.47295116738910575  0.47793268739816896  0.48422715014081535
  0.49142219751655114  0.49954335619631479  0.50834988241907042  0.51758860245865479
  0.52425726254345995  0.53055669433496322  0.53598809719237828  0.54092722116286662
  0.54533187718879850  0.54990144462008550  0.55458092253398905  0.55957539508061394
  0.56415546830868901  0.56792729684034748  0.57298839514931021  0.57870291717495070
  0.58482777028638311  0.59174768824890478  0.59888191055183815  0.60446451872675355
  0.61126090333368288  0.61831599544078208  0.62495646723853504  0.63190464883417530
  0.63918141679460194  0.64641035948414416  0.65312861225182395  0.65957345081621521
  0.66603426527530984  0.67201144929536571  0.67794952160801336  0.68385743875959615
  0.68956272390303330  0.69493444483431266  0.69999156512947502  0.70561870033839069
  0.71155284496320159  0.71722570937407537  0.72245399863862192  0.72752336138181761
  0.73272746528209143  0.73851298127187093  0.74513210633864158  0.75264948012658417
  0.76115721016040516  0.76958509129780883  0.77817978170866708  0.78567707438918444
  0.79354050514678909  0.80137012358479931  0.80896130198496397  0.81605788113984845
  0.82282904223638320  0.83132992805932870  0.84155379087970983  0.85249521542693507
  0.86709190534501568  0.88892428381313016  0.91714277605329952  1.00000000000000000
   3.6507597920803847E-014  -1.0000000000000000     
 T T T T T T T T T T T T T T T T T T T T T T T T T T T T T T T T T T T T T T T T T T T T T T T T T T T T T T T T T T T T T T T T F F F F F F F F F F F F F F F F F F F F F F F F F F F F F F F F F F F F F F F F F F F F F F F F F F F F F F F F F F F F F F F F F F F F F F F F F F F F F F F F F F F F F F F F F F F F F F F F F F F F F F F F F F F F F F F F F F F F F F F F F F F F F F F F T T T T T T T T T T T T T T T T T T T T T T T T T T T T T T T T T T T T T T T T T T T T T T T T T T T T T T T T T T T T T T T T T T T T T T T T T T T T T T T T T T T T T T T T T T T T T T T T T T T T T T T T T T T T T T T T T T T T T T T T T T T T T T T T F F F F F F F F F F F F F F F F F F F F F F F F F F F F F F F F F F F F F F F F F F F F F F F F F F F F F F F F F F F F F F F F F F F F F F F F F F F F F F F F F F F F F F F F F F F F F F F F F F F F F F F F F F F F F F F F F F F F F F F F F F F F F F F F T T T T T T T T T T T T T T T T T T T T T T T T T T T T T T T T T T T T T T T T T T T T T T T T T T T T T T T T T T T T T T T T
  <DiscreteSampler_grid>
  grouped_processes
  1 # 1 for a reference and 2 for a running grid.
  10 # Attribute 'min_bin_probing_points' of the grid.
  1 # Attribute 'grid_mode' of the grid. 1=='default',2=='initialization'
  0.0000000000000000 # Attribute 'small_contrib_threshold' of the grid.
  0.5000000000000000 # Attribute 'damping_power' of the grid.
 # binID   n_entries weight   weight_sqr   abs_weight
    13   10   5.107539046808308E-007   2.490532025047435E-012   5.107539046808308E-007
    14   10   5.107539046808296E-007   2.490532025047425E-012   5.107539046808296E-007
    16   10   6.645543631300426E-007   4.208181247982424E-012   6.645543631300426E-007
    17   10   6.645543631300411E-007   4.208181247982407E-012   6.645543631300411E-007
  </DiscreteSampler_grid>
