  0.02322156437421753  0.03363476462097736  0.04483676813946263  0.05690794067563140
  0.06950580541446988  0.08168140282099980  0.09252879122924128  0.10375719782116534
  0.11584606874862427  0.13130795545318538  0.14766284814785444  0.16347202904070160
  0.17777952195417282  0.18897717607157175  0.19701634182137936  0.20467521637832201
  0.21179814003131622  0.21838517068581437  0.22547142644472914  0.23354962246166736
  0.24163294242760511  0.24657396565879697  0.25140001944970575  0.25630668098972115
  0.26201165250768382  0.26948799230412934  0.27873922842148546  0.29157232477216039
  0.30350645242702978  0.31559355209211221  0.32519661782810533  0.33588885491040854
  0.34626266647973492  0.35559442263683616  0.36385500431647722  0.37236231819827159
  0.38149322726936025  0.39091803685598536  0.40061826936817962  0.41037055723510335
  0.42082018810812177  0.43247949729579593  0.44447806104215670  0.45482925142639474
  0.46409412950821050  0.47347997343070747  0.48383841115995940  0.49486210745990500
  0.50604445534609199  0.51555021352492636  0.52414008051851591  0.53337417485524996
  0.54441439422393778  0.55796244355698454  0.57331496359483070  0.58907493762896102
  0.60524504412737212  0.61915737555901229  0.63094699407920185  0.64280160013778764
  0.65511834648793743  0.66750784759229231  0.67933978035114650  0.69199402462978277
  0.70410353089098188  0.71494429309630547  0.72564850574195749  0.73711048440363403
  0.74966377958317998  0.76229074152460163  0.77467464362084337  0.78722478144977293
  0.79977349307560741  0.81081797614891649  0.81939493571478417  0.82606095860649520
  0.83189061469326764  0.83709162132446202  0.84218890028354543  0.84825389826362174
  0.85506992073621213  0.86253858128087257  0.87028410051032912  0.87967335897457366
  0.88954559600159333  0.89824916844217007  0.90577024091650060  0.91308122573809503
  0.92095806314834883  0.92927806195631724  0.93797311993925025  0.94685026902243086
  0.95634854297780370  0.96564379902401798  0.97109419915039508  1.00000000000000000
 -0.00000000399630920  0.00000017234097980  0.00000079198483385  0.00000191857797552
  0.00000330500605396  0.00000468259136582  0.00000647174749645  0.00000848767517990
  0.00001027475112200  0.00001202977562513  0.00001415104971971  0.00001642628923200
  0.00001853019671399  0.00002034678161371  0.00002183646957804  0.00002329598348341
  0.00002459836877685  0.00002582068356959  0.00002690362409631  0.00002793510085099
  0.00002892936216153  0.00002989806389309  0.00003081513957630  0.00003156557762300
  0.00003232659825088  0.00003307205284010  0.00003380019684767  0.00003454610473552
  0.00003528368291863  0.00003601182702519  0.00003694558310878  0.00003806820159742
  0.00006215645120662  0.00006338828626673  0.00006437147179546  0.00006523140255009
  0.00006605108169792  0.00006688834057512  0.00006786837648779  0.00006895854951184
  0.00007014936425500  0.00007128585023520  0.00007239040343370  0.00007346661414151
  0.00007450851921474  0.00007556255927291  0.00007674716457530  0.00007814591176162
  0.00007982405945177  0.00008165530133257  0.00008355411302240  0.00008555711043655
  0.00008760980922826  0.00008972980245323  0.00009206108065263  0.00009481718099624
  0.00009775370403904  0.00010098577161692  0.00010448716242955  0.00010769186473400
  0.00011105028550094  0.00011473769985355  0.00011843770545420  0.00012357321390585
  0.00012906288162852  0.00013620989806194  0.00014296269843556  0.00015125481160963
  0.00016181951673024  0.00017343285143351  0.00018747962333071  0.00020490338012265
  0.00022356834566367  0.00024212601012807  0.00025922415463179  0.00027749944820699
  0.00029766110987022  0.00032074305911734  0.00034586466764646  0.00037182599554059
  0.00040059953290448  0.00043432402186721  0.00047609370302133  0.00052357286934377
  0.00057840299690221  0.00064828813485490  0.00072879865590974  0.00082288692078628
  0.00093557367240734  0.00108428324043860  0.00127578938612781  0.00152117477319870
  0.00186010857857268  0.00255393535164209  0.00414957077672557  1.00000000000000000
  0.00902304380843055  0.01647855066049825  0.02558456675503876  0.03633331581733314
  0.04720823531443026  0.05707978311181842  0.06606584794337239  0.07591432252673623
  0.08565433152703139  0.09446949794214370  0.10527418795993308  0.11822464551413883
  0.13142704732317176  0.14182578134978002  0.15423764757264707  0.16551053284379094
  0.17543223008988965  0.18493213921736967  0.19519469673573636  0.20586580290913195
  0.21570894548497796  0.22514558601935669  0.23301697928524054  0.23976164790675006
  0.24678675611045697  0.25526994286045207  0.26479717057123292  0.27317415089608715
  0.28074754576005229  0.28910046406493517  0.30012498649718566  0.31385738357764176
  0.32859161861438657  0.34277315194363828  0.35758080438827972  0.37103581011163861
  0.38407798256708275  0.39790241922577468  0.41180750225713331  0.42534295316150184
  0.43667958468692558  0.44604930879347571  0.45443163364057454  0.46321819219380822
  0.47225189357425645  0.48258085980575471  0.49367692669776997  0.50291917538294761
  0.51042177654417342  0.51781092294302300  0.52636652991686905  0.53645097151382504
  0.54603768340498537  0.55452142217855416  0.56344328982260572  0.57476268323194646
  0.58589771024644255  0.59628754533758910  0.60664858531094701  0.61753444494843679
  0.62893424856644520  0.63841709417447001  0.64756689873405704  0.65678708471891245
  0.66657313040323507  0.67631487325083639  0.68453223855101553  0.69431110669927254
  0.70603065240349394  0.72010244720826178  0.73508900381599984  0.74908202828758808
  0.76147522406894352  0.77330952051051427  0.78504466578233845  0.79613582000714389
  0.80736705031048106  0.81761669689058747  0.82914689487920323  0.83998288503298646
  0.84975509424205053  0.86010121437346465  0.87120384206349932  0.88329068132710797
  0.89588037080668714  0.90838559024868337  0.92112768051755090  0.93355999283371571
  0.94508723598367783  0.95553551747934529  0.96372628014450412  0.97098669341404775
  0.97803395020984107  0.98527685730245340  0.99076726515508429  1.00000000000000000
  0.00173753685745697  0.01587732470626154  0.02956049461415207  0.04149966362696304
  0.05290582412860653  0.06482512941965271  0.07804746493195776  0.08995827061232860
  0.10059635189152144  0.11054380382343225  0.11848853373437346  0.12534003586107112
  0.13194401228562327  0.13915934112822559  0.14819434887183991  0.15845215292962875
  0.16855648290859998  0.17955271052825109  0.19114615990105988  0.20480144162316319
  0.21953686412356352  0.23429352842624390  0.24841677529989925  0.26192267758907195
  0.27493790403221685  0.28765924639540841  0.29849630033312030  0.30835896799926538
  0.31627333516440498  0.32294358354283315  0.33045732364720032  0.33821989846199779
  0.34727885561173655  0.35823935010674007  0.36934053507585335  0.38064282879179751
  0.39155372840529262  0.40298857180811853  0.41244536456765113  0.42083083199983573
  0.42810327420721811  0.43532536601946920  0.44322979402582047  0.45139943739397964
  0.45903251957943197  0.46647831609712698  0.47497259309913403  0.48395500635512484
  0.49290265755793594  0.50123935159073174  0.50935424439407451  0.51582494733170681
  0.52317257255216054  0.53060528354603786  0.53876671807575727  0.55506073023220659
  0.56862081780218687  0.58124895894031292  0.59284327934921488  0.60257044423209094
  0.61119951411522944  0.61948050358750828  0.62846967388346697  0.64056453167495009
  0.65480073999714716  0.67229739439620206  0.68607160600722150  0.69592888782703544
  0.70625399500870722  0.71562214708827843  0.72503498569351121  0.73400386906809545
  0.74302159377455790  0.75107275136305685  0.76007888513337118  0.76920136472072320
  0.77949871648960234  0.79070065097742714  0.80225620383252427  0.81335541131366196
  0.82479348805259334  0.83532028136703951  0.84546033921699415  0.85627440759143070
  0.86798336515063412  0.88117001658537131  0.89453135118445926  0.90714242835220549
  0.91872164290757130  0.92925208093200873  0.93945990319240913  0.95058024453916590
  0.96123143638129294  0.97394298350113573  0.98618621481824853  1.00000000000000000
 -0.00064434398365651  0.00347463953237968  0.00573240826892299  0.00799436052382675
  0.01065994730078943  0.01392462676003226  0.01685677950789671  0.02040193902577840
  0.02478553298487227  0.03063674159790733  0.03538117287308959  0.03944794438199156
  0.04480169271305726  0.05065183316362165  0.05690006480384056  0.06406265037192284
  0.07156478450986899  0.07730445327097689  0.08375920084050958  0.08917090989807833
  0.09372493810828215  0.09765253308399040  0.10191898344102016  0.10726343054365153
  0.11386868169540636  0.12081182271599913  0.12853379890767941  0.13619520250303596
  0.14328523566329773  0.15041586939070845  0.15679155434645831  0.16321697259201554
  0.16991530542710603  0.17787447750354410  0.18663926768460620  0.19600081536533034
  0.20597395090512005  0.21658130679579823  0.22728635022910715  0.23896878571575259
  0.25183373679032617  0.26510501796615665  0.27603370585727804  0.28563469283623300
  0.29533255155663191  0.30628226094859246  0.31771733234435034  0.32845310003896178
  0.33937612186622584  0.35154989936859149  0.36203775650924258  0.37302191681629671
  0.38492849501676518  0.39889503984691338  0.41602587341641722  0.43110777706332015
  0.44255018213369185  0.45385105593114239  0.46483647797494254  0.47510424252712885
  0.48510684482445121  0.49518344033428358  0.50766449717243523  0.52490098020008458
  0.54406344862317568  0.56002586430694812  0.57491151798773621  0.58979656624977594
  0.60300257199442697  0.61548013977864413  0.62791690100531050  0.64002191282002319
  0.65315783810393313  0.66865761261393497  0.68444814765312079  0.69878790784412281
  0.71358873053522476  0.72599239057797604  0.73847372230016706  0.74970557636082624
  0.76161848467857696  0.77426637995198044  0.78790972591341912  0.80225846611062890
  0.81765245657256314  0.83393621290501518  0.84820186468569447  0.85977872770196406
  0.87166191616455735  0.88505614917723940  0.89961318646159849  0.91531341119082987
  0.93379916096381754  0.95398517376465897  0.97584398242766424  1.00000000000000000
 -0.00388882067700653  0.01381040865470380  0.02745001968004253  0.04048217833471035
  0.05407589437892623  0.06900916774285668  0.08505183319235754  0.10071794206621291
  0.11491657675307557  0.12725548784674423  0.13664102168157735  0.14729378767154389
  0.15530068629250882  0.16372437238848184  0.17260579053749875  0.18195046283973268
  0.19102514944275623  0.20088436637939097  0.21076800946831584  0.21912050459280669
  0.22517790133458587  0.23124236976892279  0.23780959752716971  0.24626029900613644
  0.25856693030416872  0.27056682762566786  0.27868126986912573  0.28708607631918015
  0.29593562668487750  0.30515418426303936  0.31238131221843307  0.31837324953302548
  0.32476256899238815  0.33292988449252514  0.34226050534505448  0.35004936139430942
  0.35732237718138371  0.36327146353063555  0.36983575970630994  0.37786623614941089
  0.38701456180098165  0.39602074920881963  0.40456888629269344  0.41350541627268961
  0.42471489714118649  0.43736427443978371  0.44971187938037710  0.46282828433861867
  0.47512305942954458  0.48698975868266542  0.49810965341914654  0.50890966351495148
  0.51988917889705621  0.53094416506069475  0.54290935187671263  0.55662863493620796
  0.57029802866496171  0.58223915679723381  0.59185619201204853  0.60155736695444850
  0.61155269450667327  0.62324125883293979  0.63520574536696872  0.64637333734786739
  0.65727306904052818  0.66898632047776230  0.68141344915250568  0.69142230994743448
  0.70050058478642985  0.71044866309747623  0.71981876973580161  0.72952930583018771
  0.73932960279050774  0.74707641177429862  0.75487484420067852  0.76369741441738848
  0.77288276399998912  0.78293523039513291  0.79395417047982009  0.80536517462207302
  0.81438456311716523  0.82353671507714687  0.83398388966602177  0.84575688915973457
  0.85847401323130446  0.87168614032121972  0.88436488485502074  0.89552086853622404
  0.90667535805229205  0.91761701471840951  0.92998067586705646  0.94213135577268892
  0.95509208337530849  0.97011231468590153  0.98519532753983197  1.00000000000000000
 -0.00320343882464073  0.01048686369055137  0.02183986717758567  0.03365286159855685
  0.04476329220516369  0.05448224459254743  0.06303369167731519  0.07110642122358142
  0.07987746494788965  0.09078839291196301  0.10438011116960903  0.11962199877903275
  0.13330403191175549  0.14535623999834588  0.15701215477620342  0.16881476791403721
  0.18082233506506784  0.19323480932744225  0.20494654930915684  0.21537602412490606
  0.22503141764213749  0.23460678523142334  0.24452476815898380  0.25439884267601365
  0.26455342130993015  0.27512384527594402  0.28592243915929005  0.29682283640329393
  0.30800658626489719  0.31854460106389637  0.32792552966037003  0.33714772588566744
  0.34804816700355179  0.35856327966212714  0.36745425925667552  0.37686268568374098
  0.38735385393146937  0.39772563116612458  0.40569210862489491  0.41305612117477308
  0.42082830206485489  0.42929470244419149  0.43741367699937839  0.44516328362886393
  0.45256581056946360  0.45853359417035333  0.46570668545283989  0.47251659781813105
  0.48070455493495856  0.49217687887622086  0.50494266378552133  0.51858539455117258
  0.53314085683989354  0.54770409216351690  0.56107772469881667  0.57471544047485734
  0.58857492613714324  0.60258302750755599  0.61581471061951609  0.62714674970822482
  0.63740714752753636  0.64752521019937381  0.65898357245144989  0.67146445607264416
  0.68381829188428089  0.69588419289403092  0.70784208558015582  0.71887301680175320
  0.72872617519444849  0.73714702261003096  0.74573349215014073  0.75346323680470895
  0.76080904492932300  0.76811041363222332  0.77685577226266911  0.78704756518383279
  0.79794516681772032  0.80799951939493031  0.81822263695367636  0.82860650638858213
  0.83874038117582361  0.85012764797270191  0.85896875284331098  0.86790252547480173
  0.87785223717903760  0.88828343306423185  0.89770777175996952  0.90692629859133023
  0.91700315549173772  0.92912923194362562  0.94192805626667608  0.95407178266768999
  0.96554699836032343  0.97639235257506407  0.98830349250622285  1.00000000000000000
 -0.00189513703929319  0.00910414202560050  0.01740444728996584  0.02597140898879216
  0.03343074032810436  0.04162982518084545  0.05064583874543438  0.05945362550459464
  0.06882227148644847  0.07730752701587354  0.08577203640344716  0.09516972439434687
  0.10452852632286605  0.11499282601217986  0.12639003385294795  0.13753781315553681
  0.15191909233080117  0.16702978430108528  0.18217190408904460  0.19853509383180382
  0.21350144638144972  0.22754112294516682  0.23849221410851051  0.24874771623811581
  0.25890546659271713  0.26836705180103215  0.27796036595291801  0.28800722745381785
  0.29939004446933626  0.31075766721335052  0.32237825228743788  0.33636369450194220
  0.35203350650542309  0.36825555967880919  0.37943069263669105  0.38833071740767033
  0.39698910050399733  0.40474997120863238  0.41347561037515712  0.42498828372421327
  0.43598867640742300  0.44448761126858238  0.45195663385009704  0.46005255154412605
  0.46911913201049837  0.47802357497986170  0.48586825590826710  0.49401396320636709
  0.50275439386529130  0.51478813424615955  0.52647110411857501  0.53624865607746952
  0.54707301239268835  0.55803751947140301  0.56949329955878392  0.58227962144405598
  0.59472611174708800  0.60787786161543844  0.62112189987736710  0.63411458548767896
  0.64729042269535375  0.65663121268840674  0.66595526587004061  0.67460755297321140
  0.68297468612925760  0.69210239650464755  0.70218858251625704  0.71311941271522727
  0.72354703366407991  0.73319664382316119  0.74316031495359847  0.75407083650273099
  0.76462102907771856  0.77526809908237715  0.78663545015089520  0.79841371655558069
  0.81058276615625169  0.82326578250327731  0.83502188883956774  0.84698415909945579
  0.85770171225416592  0.86745303908965976  0.87564689320061129  0.88325216979958077
  0.89067543825320683  0.89910961852835203  0.90924277797723918  0.91991271391317686
  0.92949631277819744  0.93857294277962910  0.94610213347340766  0.95499221292708136
  0.96289728912505013  0.97088855453656264  0.98241950712701709  1.00000000000000000
 -0.00221496464858801  0.00925174737739862  0.01971206488106516  0.03057980485449007
  0.04122807908846218  0.05281961879230136  0.06432826430661177  0.07459379937833939
  0.08315771572198186  0.09165070983814165  0.09963825404878067  0.10779388823103365
  0.11662328371277123  0.12594708330103366  0.13844405195823958  0.14874565405140044
  0.15849682650520161  0.16839954024177037  0.17771654048262364  0.18870554900922579
  0.20133044602850494  0.21305399570149705  0.22403757760687404  0.23544780575855837
  0.24844479215574489  0.26233640192432472  0.27683706307329015  0.28932586885062844
  0.30072714137826434  0.31233055283821742  0.32459647305401174  0.33718011558779137
  0.34868333785168049  0.36022499401382252  0.37115366143277478  0.38025796790107724
  0.38862790467550623  0.39757392384599588  0.40599053634510923  0.41314041801154783
  0.41994752151688197  0.42741579629848603  0.43567314549840236  0.44355279082298577
  0.45107930857394335  0.46077577319970675  0.47302191304151187  0.48360885282321908
  0.49237273540764759  0.50049880468241548  0.50875687840866290  0.51763386353647833
  0.52857801416372563  0.54061108238849187  0.55357685786118238  0.56818090765510176
  0.58454106869275435  0.60001756142619045  0.61382280332082018  0.62622106719252113
  0.63750701118981778  0.64815226898790712  0.65864835284278500  0.66918542899226530
  0.67794129497607158  0.68693644864289527  0.69636767362768848  0.70687400222280805
  0.71892021580922194  0.73151107354796319  0.74533823157191659  0.75851986498140034
  0.77082818016656984  0.78232294775094657  0.79220872882966520  0.80090109570317147
  0.80920468863190442  0.81857358947774184  0.82890685511120865  0.83972959741713871
  0.85178626077543462  0.86644537368275321  0.88120257375586286  0.89497956953082580
  0.90770461704982053  0.91919046576940966  0.92565986776965914  0.93290602765098918
  0.94152614457839212  0.95108840884797208  0.95808452380924936  0.96415976275660287
  0.96991864723626353  0.97632200235133249  0.98715665384483375  1.00000000000000000
 -0.00234916667593520  0.01078453848046425  0.02124434781430489  0.03032358908832232
  0.03916192610992253  0.04940496779915569  0.06146808032154254  0.07317467006191991
  0.08397752830665051  0.09331318812593320  0.10262363063887558  0.11343736625298717
  0.12618863308051509  0.13757235860912531  0.14813848198787755  0.15905300555152435
  0.17103414122318686  0.18403906804821607  0.19483550357726545  0.20434640283569894
  0.21258996578970457  0.21990418290951882  0.22783455145206602  0.23634156294352934
  0.24496525721585641  0.25266746131970680  0.25945072659772234  0.26596373361796527
  0.27359249853538636  0.28182776904484780  0.29046296147085199  0.30111582306964935
  0.31619327773417827  0.33235285158998279  0.34276530105276765  0.35215820664993058
  0.36156788266826284  0.37228472610602226  0.38576484145745576  0.39980687616711780
  0.41073173184318229  0.41990356054991562  0.42824723412058208  0.43732146324631904
  0.44965214523295927  0.46210152745985744  0.47362223426598721  0.48547265917789734
  0.49966948482332652  0.51382474065598416  0.52797159509006653  0.54052995281414473
  0.55090042457239563  0.56002033699898834  0.56981469859364453  0.57991730179546386
  0.59297542328991759  0.60693927305893802  0.62083395471285241  0.62977250599021584
  0.63780757491830864  0.64469146631852048  0.65135171189988672  0.65743033505395332
  0.66364832816806796  0.67056807620087533  0.67871748466016291  0.68536219129883258
  0.69802815438143773  0.71050920783075266  0.72209173376488844  0.73363766962728461
  0.74670596988133298  0.75869230345197325  0.76855915982512901  0.77952793043479629
  0.79079850080621183  0.80370609985758601  0.81719838432082537  0.82739269071566512
  0.83681290314372225  0.84567259548925655  0.85517553140822133  0.86570473977468732
  0.87682532306327576  0.88806376641854234  0.89918980212325939  0.91014288020408007
  0.92112241891820190  0.93195920803379040  0.94324335700842932  0.95479324818871358
  0.96531963343780047  0.97577195656386517  0.98720967916536473  1.00000000000000000
 -0.00128841522956242  0.00405461579844098  0.00920372532370881  0.01374459797493472
  0.01807291537269792  0.02208014741573388  0.02633496589918085  0.03093958815455138
  0.03604197195157612  0.04225658544433922  0.05001168098240832  0.05704971452559765
  0.06464250782030818  0.07238698822970153  0.08027698408480617  0.08779132154489794
  0.09433947952092715  0.10024751465594552  0.10632058965472192  0.11278981420351138
  0.11932635961884358  0.12604281175519552  0.13147811478517862  0.13628531856611822
  0.14168806778652937  0.14764251548454957  0.15416206783830916  0.16040015023337265
  0.16649087115763958  0.17245058127298513  0.17848963450043878  0.18373814574780137
  0.18872425428533393  0.19394904788389930  0.19942253541814706  0.20523651531474665
  0.21169218041603000  0.21801966578182472  0.22510687093947943  0.23294530605906016
  0.24251211144686735  0.25224723480325095  0.26251774456575483  0.27254049995622726
  0.28226627093888418  0.29218875679084788  0.30235077498167745  0.31199207303193133
  0.32201012723777284  0.33185169746275661  0.34202236755971027  0.35421021095668725
  0.36870416237209358  0.37947485943131770  0.38626870955582560  0.39303403156212274
  0.40053267778021140  0.40934653397618026  0.41799245085104697  0.42697970780822064
  0.43453912162420066  0.44512375165210544  0.45683684887857123  0.46919004058323477
  0.48227379920884272  0.49589517101286407  0.50877519480399735  0.52204175833534061
  0.53670447443067448  0.55198504113255087  0.56675843618622901  0.57939309054641863
  0.59083427125958365  0.60163487203898813  0.61386209665561242  0.62637724360803848
  0.64170452640418640  0.65715310226136847  0.67334243365828772  0.68947728140114783
  0.70615925577522454  0.72335668808626907  0.73778774156102755  0.75148251489017182
  0.76592701501579208  0.78326568041518074  0.80450611983699505  0.82725129114365692
  0.84504327505572197  0.86171858818102054  0.88049690946194115  0.90285898368503559
  0.92796026905387541  0.95383262517775602  0.97739852846149256  1.00000000000000000
 -0.00244671419202681  0.00937462131133721  0.02034698591275270  0.02991657863419634
  0.04016960455570034  0.05070241155567857  0.06118514108698866  0.07108095946486684
  0.08073660088829517  0.09308870028313340  0.10969780794735730  0.12666283223213373
  0.13796826350001049  0.14785072225672707  0.15615878317684054  0.16364912718417740
  0.17210078870903989  0.18100354697630944  0.19019004348631927  0.19909890001887046
  0.20927499406195013  0.22097541310236260  0.23297869861051806  0.24550271449798985
  0.25491440473128318  0.26400982104170612  0.27613087336895509  0.28833679327737105
  0.29819034253189292  0.30595215601394532  0.31378048853258877  0.32247478709642396
  0.33179107703734145  0.34137738311996496  0.35255089501611364  0.36179646596371007
  0.36941631176482037  0.37661497729941634  0.38390344614364508  0.39218408261840965
  0.40141805316493012  0.41256677433513278  0.42408527474203928  0.43322081750460129
  0.44422037378542412  0.45651070209535494  0.46805617760048340  0.47933950600434988
  0.48861889888321475  0.49832204008873632  0.50686077240224148  0.51323491044556324
  0.51934297893393744  0.52591011818209898  0.53336068706835604  0.54268057168973149
  0.55408169792549666  0.56591781400118979  0.57657544801558014  0.58658209643167580
  0.59666011412579101  0.60746417682411180  0.61912310020822836  0.63155377917337707
  0.64616245574280051  0.65910763121488014  0.66962745802302048  0.67884022681886624
  0.68766832125183364  0.69706927922440398  0.70704525936777185  0.71761732314240934
  0.72848118897513103  0.74401848758585232  0.76037472777011494  0.77598912273237397
  0.79348513330136783  0.80824330159073299  0.82190573667185807  0.83183415935052474
  0.84021319215123003  0.84884350769836969  0.85839443703614948  0.86862008658225309
  0.87876490180048983  0.88932211185042598  0.89957687480284576  0.90971651283327171
  0.91999660979496867  0.93204033047131063  0.94402792810321023  0.95421867874800448
  0.96468839647225857  0.97560780365570687  0.98680860916773894  1.00000000000000000
 -0.00345296871736465  0.01672360654054490  0.03179331698739889  0.04772282999654816
  0.06674691000261537  0.08666456388421617  0.10046401955536413  0.10962759990685657
  0.11744419460054763  0.12522172515019173  0.13341965157439897  0.14195093729740585
  0.15307599457550966  0.16105570448860967  0.16955021275538729  0.18033239641920215
  0.19221540626426842  0.20411178964699164  0.21404394548182887  0.22257160702860670
  0.23140673806033596  0.24039223728758527  0.24974388362473546  0.25941454447836104
  0.26859569603153383  0.27757778352741314  0.28718352378224293  0.29772843190053450
  0.30944876819254991  0.31836022225806254  0.32729883751977634  0.33696425227133070
  0.34671091597750747  0.35399790041136681  0.36062813509800029  0.36737554684385776
  0.37505769790878579  0.38453361912007117  0.39297545596095662  0.40345330237541494
  0.41375216789999925  0.42495327392870719  0.43633552650306784  0.44684029429838756
  0.45434495029856181  0.46345757439356083  0.47304556825541583  0.48215327557644921
  0.49337681915477877  0.50427711522128038  0.51533411226404180  0.52610019502976857
  0.53578669353363029  0.54535409576012661  0.55531781937753721  0.56556368573235949
  0.57617487765465858  0.58684514056538040  0.59644506931667751  0.60575977378875778
  0.61505125362594004  0.62455090187567686  0.63378083607168201  0.64282687310319753
  0.65253171203524274  0.66209059492648248  0.67107485469876349  0.68093532573939342
  0.69053014103591015  0.69959276641142887  0.70835662685339218  0.71673742927980111
  0.72564954127041115  0.73632689246261551  0.74714252125731939  0.75699234732104437
  0.76613521561449083  0.77419332336112745  0.78128627779886306  0.78906091348302931
  0.79692908755825920  0.80574275399288531  0.81614141265775575  0.82639420870037583
  0.83747979418393093  0.84916499862667860  0.86125976912683944  0.87375062261810355
  0.88754952158221612  0.90222437790739207  0.91981331366580077  0.94061858720337121
  0.95803477839590201  0.97260877851908401  0.98585835314203007  1.00000000000000000
 -0.00154866541214685  0.00750708904367478  0.01633400041722839  0.02533277749276873
  0.03477000704529619  0.04458431452441322  0.05608390620895259  0.07003003596177979
  0.08395554233737929  0.09749998151960979  0.11036998749757446  0.12322366019211935
  0.13351338809796942  0.14313249418741375  0.15295592931370330  0.16390677765837336
  0.17532954241718759  0.18520866371796965  0.19533598328625434  0.20486695283659992
  0.21384917003626580  0.22224013847607302  0.23123835673519344  0.24263050439943501
  0.25440495217925824  0.26677213041909309  0.27744148063989327  0.28727037630003111
  0.29617966314326016  0.30538435746504278  0.31676985382292039  0.33027876540857481
  0.34228158059859992  0.35323318292187500  0.36431035832229830  0.37613424283101932
  0.39077826968377050  0.40800933641908310  0.42488538807475679  0.43869361533176476
  0.44893985828788885  0.45874227046775773  0.46844765905963243  0.47777046283131291
  0.48547694132146951  0.49353784530940531  0.50174103906293477  0.51366079486642047
  0.52573309240082666  0.53870724828933692  0.55239599134871409  0.56574238748245076
  0.57743892829905008  0.58761664858883178  0.59827200905977718  0.61054605565410403
  0.62539388900376214  0.63956100035357366  0.65417833722811758  0.66754786843841907
  0.67837911613251112  0.68761886691689433  0.69642056149603215  0.70587203723391079
  0.71616611255322948  0.72506433586530494  0.73347648114510111  0.74263368016675957
  0.75274158904604893  0.76146217904479130  0.76805645178765380  0.77463210662220472
  0.78244141371205778  0.79085437796688685  0.79867535568561898  0.80557932568031099
  0.81224191894378672  0.82096364193441973  0.83095717392164736  0.83870264391141947
  0.84689598023238855  0.85652182651469455  0.86649921939317998  0.87673097116961873
  0.88637276937609366  0.89593534929365459  0.90656213187188872  0.91640671229445714
  0.92503436998953859  0.93363493344162829  0.94224461903006917  0.95251732333628958
  0.96573961718688284  0.97862209497190011  0.99017425675119675  1.00000000000000000
  0.04534698599326130  0.17556912581957723  0.21366974975884837  0.24192378084096874
  0.26407742552868557  0.28654738497227672  0.31056696919164739  0.33167373613805717
  0.35158333485124116  0.37161741537570381  0.39361867665859668  0.41610161128487466
  0.43744819829607412  0.45609803317764125  0.47184380318120989  0.48718429012265291
  0.50382372900943151  0.51970283050924815  0.53367366419067630  0.54597801173725313
  0.55732438665208173  0.56733874626131187  0.57674072741833426  0.58587323108525569
  0.59477031122198609  0.60357850085862097  0.61104591344446890  0.61771555471073469
  0.62378514754515457  0.62888824797465270  0.63378908674301504  0.63872485388033651
  0.64436760979118080  0.65035723167182868  0.65574180055546782  0.66114093844309851
  0.66696017800195095  0.67361926488009405  0.68023908232185037  0.68581981532361602
  0.69223990064950902  0.69935387728069109  0.70599587521322582  0.71150091217188183
  0.71643801071988689  0.72099418222762091  0.72621419863068881  0.73150937654287052
  0.73624600416084840  0.74046221721291372  0.74452353752306977  0.74898447251407341
  0.75348462151580475  0.75708590579956514  0.76064345390366250  0.76414664638764707
  0.76774708543662407  0.77248186280729880  0.77709098361533069  0.78144943836506953
  0.78585249146499814  0.79105553288936614  0.79670507804006585  0.80267857791473707
  0.80866550624736577  0.81388375413512992  0.81926415404634545  0.82392654743601879
  0.82855780305218352  0.83355826141992229  0.83930899362708056  0.84570146151875147
  0.85208024215287148  0.85806845782969909  0.86353486724881523  0.86841031506214228
  0.87243943259843260  0.87688683553669755  0.88126643211717715  0.88532648993993801
  0.88952649912536785  0.89434254007468494  0.89914316618081125  0.90390732367904414
  0.90860605242348402  0.91319956033771421  0.91811510762008930  0.92361709692332938
  0.92948603939330843  0.93577064169929625  0.94339948341011637  0.95076651892078390
  0.95912824887966619  0.96897044037835056  0.98186711602574106  1.00000000000000000
 -0.02020658507486282  0.12465039341391609  0.17357322140055823  0.20197742835846805
  0.22099476409357935  0.23783270411070226  0.25452246076573254  0.27159008541838842
  0.28924148537845062  0.30443857861646134  0.31799719874804927  0.33026705873695161
  0.34186828909960265  0.35283772955818327  0.36253527381974338  0.37132992887808114
  0.38008212352369264  0.38840109792907024  0.39663963208708691  0.40494594926096977
  0.41309264472580537  0.42062888400965937  0.42797545356253497  0.43511313379798100
  0.44236267275285623  0.44996425681908259  0.45807530804594421  0.46657745449272509
  0.47449110902976072  0.47995129367559536  0.48529940906638808  0.49095205613194048
  0.49666018910003218  0.50182299843119149  0.50690907979600952  0.51221287128136839
  0.51719600091892692  0.52195062809242165  0.52660019815645753  0.53115479126294762
  0.53599789325377323  0.54075463016221725  0.54517010656513498  0.54931000353576209
  0.55336474326242224  0.55688649628849052  0.56011942490465250  0.56373981486959945
  0.56770688708174255  0.57226173572777206  0.57744822773373361  0.58203607824270054
  0.58643630997697693  0.59052168441943620  0.59475435233672946  0.59836845362099811
  0.60142997595802095  0.60458629595421787  0.60800111187924621  0.61203987377902214
  0.61646559397659806  0.62268781802343265  0.62867496902369113  0.63444231730909795
  0.63992665198867982  0.64462264700062144  0.64901975307063997  0.65341623079164923
  0.65777985180767817  0.66303513399607827  0.66872170438750156  0.67433840389754296
  0.67973500218219007  0.68499310971281324  0.69052094362820016  0.69625757060923987
  0.70228729478623386  0.70878449942088317  0.71486478585423130  0.72109051614199415
  0.72819180733635247  0.73675382659202249  0.74547049759673112  0.75389388984646921
  0.76234624073780521  0.77078382175599125  0.77959394959072215  0.78854007988695962
  0.79755326941243521  0.80721803511613544  0.81879033308365046  0.83465453967092273
  0.85566884443000246  0.88172964197027681  0.91684619209609053  1.00000000000000000
   1.1832409787287867E-011  -1.0000000000000000     
 F F F F F F F F F F F F F F F F F F F F F F F F F F F F F F F F F F F F F F F F F F F F F F F F F F F F F F F F F F F F F F F F F F F F F F F F F F F F F F F F F F F F F F F F F F F F F F F F F F F F F F F F F F F F F F F F F F F F F F F F F F F F F F F F F F F F F F F F F F F F F F F F F F F F F F F F F F F F F F F F F F F F F F F F F F F F F F F F F F F F F F F F F F F F F F F F T F F T F F F F F F F F T F F T F F F F F F F F F F F F F F F F F F F F F F F F F F F F F F F F F F F F F F F F F F F F F F F F F F F F F F F F F F F F F F F F F F F F F F F F F F F F F F F F F F F F F F F F F F F F F F F F F F F F F F F F F F F F F F F F F F F F F F F F F F F F F F F F F F F F F F F F F F F F F F F F F F F F F F F F F F F F F F F F F F F F F F F F F F F F F F F F F F F F F F F F F F F F F F F F F F F F F F F F F F F F F F F F F F F F F F F F F F F F F F F F F F F F F F F F F F F F F F F F T F F T F F F F F F F F T F F T F F F F F F F F F F F F F F F F F F F F F F F F F F F F F F F F F F F F F F F F F F F F F F F F
  <DiscreteSampler_grid>
  grouped_processes
  1 # 1 for a reference and 2 for a running grid.
  10 # Attribute 'min_bin_probing_points' of the grid.
  1 # Attribute 'grid_mode' of the grid. 1=='default',2=='initialization'
  0.0000000000000000 # Attribute 'small_contrib_threshold' of the grid.
  0.5000000000000000 # Attribute 'damping_power' of the grid.
 # binID   n_entries weight   weight_sqr   abs_weight
    199   10   1.007727784947883E-004   8.419512526849903E-008   1.007727784947883E-004
    200   10   1.007727784948120E-004   8.419512526854234E-008   1.007727784948120E-004
    202   10   1.007727784947883E-004   8.419512526849903E-008   1.007727784947883E-004
    203   10   1.007727784948120E-004   8.419512526854234E-008   1.007727784948120E-004
    205   10   1.259110913348797E-004   1.306793859878457E-007   1.259110913348797E-004
    206   10   1.259110913349089E-004   1.306793859879123E-007   1.259110913349089E-004
    208   10   1.259110913348797E-004   1.306793859878457E-007   1.259110913348797E-004
    209   10   1.259110913349089E-004   1.306793859879123E-007   1.259110913349089E-004
    211   10   5.412614480818354E-006   2.428928169124831E-010   5.412614480818354E-006
    212   10   5.412614480819616E-006   2.428928169126071E-010   5.412614480819616E-006
    214   10   5.412614480818354E-006   2.428928169124831E-010   5.412614480818354E-006
    215   10   5.412614480819616E-006   2.428928169126071E-010   5.412614480819616E-006
    217   10   6.762820341309317E-006   3.769943221030778E-010   6.762820341309317E-006
    218   10   6.762820341310873E-006   3.769943221032683E-010   6.762820341310873E-006
    220   10   6.762820341309317E-006   3.769943221030778E-010   6.762820341309317E-006
    221   10   6.762820341310873E-006   3.769943221032683E-010   6.762820341310873E-006
    223   10   5.412614480818354E-006   2.428928169124831E-010   5.412614480818354E-006
    224   10   5.412614480819616E-006   2.428928169126071E-010   5.412614480819616E-006
    226   10   5.412614480818354E-006   2.428928169124831E-010   5.412614480818354E-006
    227   10   5.412614480819616E-006   2.428928169126071E-010   5.412614480819616E-006
    229   10   6.762820341309317E-006   3.769943221030778E-010   6.762820341309317E-006
    230   10   6.762820341310873E-006   3.769943221032683E-010   6.762820341310873E-006
    232   10   6.762820341309317E-006   3.769943221030778E-010   6.762820341309317E-006
    233   10   6.762820341310873E-006   3.769943221032683E-010   6.762820341310873E-006
    235   10   1.007727784947883E-004   8.419512526849903E-008   1.007727784947883E-004
    236   10   1.007727784948120E-004   8.419512526854234E-008   1.007727784948120E-004
    238   10   1.007727784947883E-004   8.419512526849903E-008   1.007727784947883E-004
    239   10   1.007727784948120E-004   8.419512526854234E-008   1.007727784948120E-004
    241   10   1.259110913348797E-004   1.306793859878457E-007   1.259110913348797E-004
    242   10   1.259110913349089E-004   1.306793859879123E-007   1.259110913349089E-004
    244   10   1.259110913348797E-004   1.306793859878457E-007   1.259110913348797E-004
    245   10   1.259110913349089E-004   1.306793859879123E-007   1.259110913349089E-004
    247   10   5.412614480818364E-006   2.428928169124841E-010   5.412614480818364E-006
    248   10   5.412614480819620E-006   2.428928169126074E-010   5.412614480819620E-006
    250   10   5.412614480818364E-006   2.428928169124841E-010   5.412614480818364E-006
    251   10   5.412614480819620E-006   2.428928169126074E-010   5.412614480819620E-006
    253   10   6.762820341309330E-006   3.769943221030795E-010   6.762820341309330E-006
    254   10   6.762820341310877E-006   3.769943221032689E-010   6.762820341310877E-006
    256   10   6.762820341309330E-006   3.769943221030795E-010   6.762820341309330E-006
    257   10   6.762820341310877E-006   3.769943221032689E-010   6.762820341310877E-006
    259   10   2.907173539874126E-007   7.007165832883924E-013   2.907173539874126E-007
    260   10   2.907173539874803E-007   7.007165832887492E-013   2.907173539874803E-007
    262   10   2.907173539874126E-007   7.007165832883924E-013   2.907173539874126E-007
    263   10   2.907173539874803E-007   7.007165832887492E-013   2.907173539874803E-007
    265   10   3.632383651348539E-007   1.087583307983844E-012   3.632383651348539E-007
    266   10   3.632383651349374E-007   1.087583307984393E-012   3.632383651349374E-007
    268   10   3.632383651348539E-007   1.087583307983844E-012   3.632383651348539E-007
    269   10   3.632383651349374E-007   1.087583307984393E-012   3.632383651349374E-007
    271   10   2.907173539874126E-007   7.007165832883924E-013   2.907173539874126E-007
    272   10   2.907173539874803E-007   7.007165832887492E-013   2.907173539874803E-007
    274   10   2.907173539874126E-007   7.007165832883924E-013   2.907173539874126E-007
    275   10   2.907173539874803E-007   7.007165832887492E-013   2.907173539874803E-007
    277   10   3.632383651348539E-007   1.087583307983844E-012   3.632383651348539E-007
    278   10   3.632383651349374E-007   1.087583307984393E-012   3.632383651349374E-007
    280   10   3.632383651348539E-007   1.087583307983844E-012   3.632383651348539E-007
    281   10   3.632383651349374E-007   1.087583307984393E-012   3.632383651349374E-007
    283   10   5.412614480818364E-006   2.428928169124841E-010   5.412614480818364E-006
    284   10   5.412614480819620E-006   2.428928169126074E-010   5.412614480819620E-006
    286   10   5.412614480818364E-006   2.428928169124841E-010   5.412614480818364E-006
    287   10   5.412614480819620E-006   2.428928169126074E-010   5.412614480819620E-006
    289   10   6.762820341309330E-006   3.769943221030795E-010   6.762820341309330E-006
    290   10   6.762820341310877E-006   3.769943221032689E-010   6.762820341310877E-006
    292   10   6.762820341309330E-006   3.769943221030795E-010   6.762820341309330E-006
    293   10   6.762820341310877E-006   3.769943221032689E-010   6.762820341310877E-006
    295   10   5.412614480818364E-006   2.428928169124841E-010   5.412614480818364E-006
    296   10   5.412614480819620E-006   2.428928169126074E-010   5.412614480819620E-006
    298   10   5.412614480818364E-006   2.428928169124841E-010   5.412614480818364E-006
    299   10   5.412614480819620E-006   2.428928169126074E-010   5.412614480819620E-006
    301   10   6.762820341309330E-006   3.769943221030795E-010   6.762820341309330E-006
    302   10   6.762820341310877E-006   3.769943221032689E-010   6.762820341310877E-006
    304   10   6.762820341309330E-006   3.769943221030795E-010   6.762820341309330E-006
    305   10   6.762820341310877E-006   3.769943221032689E-010   6.762820341310877E-006
    307   10   2.907173539874126E-007   7.007165832883924E-013   2.907173539874126E-007
    308   10   2.907173539874803E-007   7.007165832887492E-013   2.907173539874803E-007
    310   10   2.907173539874126E-007   7.007165832883924E-013   2.907173539874126E-007
    311   10   2.907173539874803E-007   7.007165832887492E-013   2.907173539874803E-007
    313   10   3.632383651348539E-007   1.087583307983844E-012   3.632383651348539E-007
    314   10   3.632383651349374E-007   1.087583307984393E-012   3.632383651349374E-007
    316   10   3.632383651348539E-007   1.087583307983844E-012   3.632383651348539E-007
    317   10   3.632383651349374E-007   1.087583307984393E-012   3.632383651349374E-007
    319   10   2.907173539874126E-007   7.007165832883924E-013   2.907173539874126E-007
    320   10   2.907173539874803E-007   7.007165832887492E-013   2.907173539874803E-007
    322   10   2.907173539874126E-007   7.007165832883924E-013   2.907173539874126E-007
    323   10   2.907173539874803E-007   7.007165832887492E-013   2.907173539874803E-007
    325   10   3.632383651348539E-007   1.087583307983844E-012   3.632383651348539E-007
    326   10   3.632383651349374E-007   1.087583307984393E-012   3.632383651349374E-007
    328   10   3.632383651348539E-007   1.087583307983844E-012   3.632383651348539E-007
    329   10   3.632383651349374E-007   1.087583307984393E-012   3.632383651349374E-007
    331   10   5.412614480818364E-006   2.428928169124841E-010   5.412614480818364E-006
    332   10   5.412614480819620E-006   2.428928169126074E-010   5.412614480819620E-006
    334   10   5.412614480818364E-006   2.428928169124841E-010   5.412614480818364E-006
    335   10   5.412614480819620E-006   2.428928169126074E-010   5.412614480819620E-006
    337   10   6.762820341309330E-006   3.769943221030795E-010   6.762820341309330E-006
    338   10   6.762820341310877E-006   3.769943221032689E-010   6.762820341310877E-006
    340   10   6.762820341309330E-006   3.769943221030795E-010   6.762820341309330E-006
    341   10   6.762820341310877E-006   3.769943221032689E-010   6.762820341310877E-006
    343   10   1.007727784947883E-004   8.419512526849903E-008   1.007727784947883E-004
    344   10   1.007727784948120E-004   8.419512526854234E-008   1.007727784948120E-004
    346   10   1.007727784947883E-004   8.419512526849903E-008   1.007727784947883E-004
    347   10   1.007727784948120E-004   8.419512526854234E-008   1.007727784948120E-004
    349   10   1.259110913348797E-004   1.306793859878457E-007   1.259110913348797E-004
    350   10   1.259110913349089E-004   1.306793859879123E-007   1.259110913349089E-004
    352   10   1.259110913348797E-004   1.306793859878457E-007   1.259110913348797E-004
    353   10   1.259110913349089E-004   1.306793859879123E-007   1.259110913349089E-004
    355   10   5.412614480818354E-006   2.428928169124831E-010   5.412614480818354E-006
    356   10   5.412614480819616E-006   2.428928169126071E-010   5.412614480819616E-006
    358   10   5.412614480818354E-006   2.428928169124831E-010   5.412614480818354E-006
    359   10   5.412614480819616E-006   2.428928169126071E-010   5.412614480819616E-006
    361   10   6.762820341309317E-006   3.769943221030778E-010   6.762820341309317E-006
    362   10   6.762820341310873E-006   3.769943221032683E-010   6.762820341310873E-006
    364   10   6.762820341309317E-006   3.769943221030778E-010   6.762820341309317E-006
    365   10   6.762820341310873E-006   3.769943221032683E-010   6.762820341310873E-006
    367   10   5.412614480818354E-006   2.428928169124831E-010   5.412614480818354E-006
    368   10   5.412614480819616E-006   2.428928169126071E-010   5.412614480819616E-006
    370   10   5.412614480818354E-006   2.428928169124831E-010   5.412614480818354E-006
    371   10   5.412614480819616E-006   2.428928169126071E-010   5.412614480819616E-006
    373   10   6.762820341309317E-006   3.769943221030778E-010   6.762820341309317E-006
    374   10   6.762820341310873E-006   3.769943221032683E-010   6.762820341310873E-006
    376   10   6.762820341309317E-006   3.769943221030778E-010   6.762820341309317E-006
    377   10   6.762820341310873E-006   3.769943221032683E-010   6.762820341310873E-006
    379   10   1.007727784947883E-004   8.419512526849903E-008   1.007727784947883E-004
    380   10   1.007727784948120E-004   8.419512526854234E-008   1.007727784948120E-004
    382   10   1.007727784947883E-004   8.419512526849903E-008   1.007727784947883E-004
    383   10   1.007727784948120E-004   8.419512526854234E-008   1.007727784948120E-004
    385   10   1.259110913348797E-004   1.306793859878457E-007   1.259110913348797E-004
    386   10   1.259110913349089E-004   1.306793859879123E-007   1.259110913349089E-004
    388   10   1.259110913348797E-004   1.306793859878457E-007   1.259110913348797E-004
    389   10   1.259110913349089E-004   1.306793859879123E-007   1.259110913349089E-004
  </DiscreteSampler_grid>
