 -0.00000000381976330  0.00000016777294285  0.00000069388647625  0.00000161973695828
  0.00000306635125905  0.00000470925075462  0.00000649758369834  0.00000815556898473
  0.00000988935449798  0.00001157295061874  0.00001320764873554  0.00001486116608720
  0.00001659360978680  0.00001824090027128  0.00001987762505337  0.00002135526381552
  0.00002271752845310  0.00002402644605087  0.00002524568196478  0.00002641453221220
  0.00002757579097602  0.00002867393970197  0.00002972610650821  0.00003069519084047
  0.00003159408968268  0.00003245482293895  0.00003331881053470  0.00003419474637389
  0.00003502771872901  0.00003583074924777  0.00003666309814203  0.00003759016573650
  0.00003899111224467  0.00006117214662774  0.00006298907931834  0.00006444757679700
  0.00006562894449305  0.00006679557015357  0.00006794372741069  0.00006911145712387
  0.00007028917448489  0.00007162340477699  0.00007298607965818  0.00007438555076236
  0.00007591597573069  0.00007749536359979  0.00007912083886595  0.00008084202886483
  0.00008263339880632  0.00008456852688303  0.00008675691855498  0.00008910960522631
  0.00009154168958248  0.00009409433019559  0.00009721240050804  0.00010075760736167
  0.00010433942782584  0.00010807609559905  0.00011196151423461  0.00011611534894191
  0.00012039004945931  0.00012487249120846  0.00012953348401962  0.00013490009456574
  0.00014116195406497  0.00014776608000697  0.00015491611651459  0.00016243109265406
  0.00017009091230973  0.00017764066435926  0.00018613906019371  0.00019662870150446
  0.00020900127708687  0.00022271828221083  0.00023800607674955  0.00025634816161270
  0.00027535024386987  0.00029965307965799  0.00033173025427449  0.00036085608236475
  0.00039273026958492  0.00043073108053043  0.00047676500885415  0.00053378754297285
  0.00059927334109234  0.00066760979842201  0.00074871967459106  0.00084406568303908
  0.00096476188128461  0.00112794114711707  0.00135256003336265  0.00162108694535659
  0.00197837491949707  0.00267062099105389  0.00418166523170219  1.00000000000000000
  0.02283488244381878  0.03853667874458162  0.04992474532390790  0.05942598215698419
  0.06928558242866877  0.07958501828563977  0.09007252443813576  0.10014966679448666
  0.11169629737984908  0.12340879254510148  0.13473930950157104  0.14631192044966942
  0.15741310380535459  0.16868898164136537  0.18002355333492814  0.19143863376430628
  0.20434930853036481  0.21710821502549033  0.22983751700627095  0.24297525509172860
  0.25474325834515643  0.26543894923819783  0.27619121936054303  0.28767400484757599
  0.29918312602462682  0.30955461166315101  0.32138367263897988  0.33323040705670998
  0.34479327826428141  0.35543243946163916  0.36433876178140601  0.37353611783144269
  0.38266806270440401  0.39309843438362946  0.40338396709194191  0.41310315656630453
  0.42181950355369180  0.43061958661844674  0.43976627770662807  0.44929736512879936
  0.45742881512527866  0.46533358135603164  0.47269714674835484  0.48019200266924944
  0.48750075091286360  0.49543811310239660  0.50330205989795906  0.51130503987160825
  0.51987777339727481  0.52731004877492638  0.53461356937331839  0.54263200007450196
  0.55219563879037858  0.56113102790925629  0.57153583481606252  0.58206964450783649
  0.59219518545541328  0.60306763095006488  0.61490986574423712  0.62786736201606363
  0.64113085241327228  0.65330649525905493  0.66366789590767605  0.67279103295262477
  0.68221378280152078  0.69343590253273879  0.70650274357308296  0.72012768067198629
  0.73257065179038694  0.74389394941802767  0.75512170192886452  0.76575836496991712
  0.77734593644545624  0.78894488881022873  0.79975055528015238  0.80974827940492533
  0.81950001608195833  0.82927891459414105  0.83865695022396047  0.84707124151997926
  0.85694258526175682  0.86842308449925676  0.87877491522097895  0.88787039971664883
  0.89583257446168840  0.90272133448396175  0.91008083489555280  0.91744479539412072
  0.92525659924791470  0.93270129301251736  0.94001244459758015  0.94816370909360648
  0.95670696601777150  0.96543227941911613  0.97080906152824364  1.00000000000000000
  0.00899337107656169  0.01614188272648351  0.02486094840745285  0.03498695565282072
  0.04555850703146710  0.05550169058703568  0.06571071468611825  0.07661456858760132
  0.08937901915832218  0.10215757109655010  0.11403700552680848  0.12548470666689857
  0.13693471433106377  0.14786254725293804  0.15661199896419634  0.16510140264141204
  0.17415312532088664  0.18406379664960459  0.19343984151079779  0.20309337740952663
  0.21256347085760505  0.22245869943659141  0.23195588009269177  0.24042731378825288
  0.24935769282335654  0.26031118139890574  0.27465971947907369  0.28637456490659169
  0.29731951605119955  0.30804615298694077  0.31797898989491341  0.32766443055830657
  0.33792836341807830  0.34884621490059031  0.36008521627907392  0.37015678185678125
  0.37942486515766971  0.38855749177599708  0.39900602205262359  0.40898827654176706
  0.41823294953532003  0.42764381950506697  0.43702883450037627  0.44557144965611928
  0.45433310996655324  0.46374205499315613  0.47321667856956084  0.48172785879472735
  0.48942479888218893  0.49606113691233061  0.50336727023307526  0.51226958283266288
  0.52202085469112824  0.53082859022563156  0.53966516959464539  0.55000791161110141
  0.56040444374039455  0.56938093140995960  0.57777168199238105  0.58596659634424597
  0.59544103124714121  0.60550325538529448  0.61934133033099092  0.63378066745420236
  0.64721068759018241  0.65823100350402763  0.66854217130047122  0.67938566813874401
  0.69084755745869009  0.70100817911067248  0.71181361422226908  0.72270794364478430
  0.73722007501091724  0.75174504913933460  0.76437436643213774  0.77753878319767167
  0.79042816478911759  0.80390856296074875  0.81643462091000341  0.82789682477394089
  0.83934411475679649  0.85089100631811998  0.86228567950467838  0.87402075239933863
  0.88719037483789520  0.90003413171341695  0.91154405546256911  0.92308594156963286
  0.93443949406565441  0.94454739296968360  0.95412424115362282  0.96346188527816012
  0.97333888445299566  0.98196261816677344  0.99106942346571969  1.00000000000000000
  0.00325639085111906  0.01331155457539937  0.02582468835735130  0.03982277069519063
  0.05457583832568709  0.06809221024005743  0.07861415244263194  0.08931175382787755
  0.09811461491606008  0.10816707062924800  0.11737921273366411  0.12782270711162472
  0.13951772029343995  0.15124042141478225  0.16062408376767082  0.16935932991875091
  0.17743649582356968  0.18661574885181323  0.19674166024134965  0.20584851249243391
  0.21726055950892223  0.22990396550576311  0.24559550445520975  0.25934843972592947
  0.27184378499903056  0.28438358776499550  0.29687085460426599  0.30996542434584146
  0.32276326060585309  0.33343388214741831  0.34253418267432817  0.35136217306066136
  0.36061746019503804  0.36973003234027907  0.38014906994087760  0.39158384094600845
  0.40259105803021189  0.41404062717989110  0.42468303807820129  0.43440778713441863
  0.44403770861548203  0.45332077270689897  0.46291365035558896  0.47319599621883779
  0.48301616708347972  0.49258395555104373  0.50228309414659522  0.51194504454999679
  0.52071066189806003  0.52855299862546035  0.53645977477057594  0.54492892597396891
  0.55746691434541984  0.57019727208952076  0.58270582716202945  0.59583867613239128
  0.60751038513889188  0.61870273805276776  0.63041192546592628  0.64380965080830233
  0.65988880780075765  0.67205034646856932  0.68393834108462637  0.69625581819183735
  0.70918940513395434  0.72203450727541096  0.73366902473812923  0.74350711616956677
  0.75273296543732970  0.76279853054693469  0.77364148559804424  0.78412916237628383
  0.79432943303256454  0.80390562508501862  0.81183225096237965  0.81958424713237221
  0.82686071679064066  0.83468780468270265  0.84381712377285889  0.85388601783336104
  0.86302979894384779  0.87104065921825913  0.87868296068508789  0.88679943392454852
  0.89626321618151772  0.90575576076953501  0.91412854178780412  0.92129121907899991
  0.92813855146334601  0.93571732643471439  0.94409345042107773  0.95249648346199522
  0.96164940008836497  0.97189603116350975  0.98400350719262752  1.00000000000000000
 -0.00033856173761371  0.00198083222283630  0.00357610310462401  0.00545909801207113
  0.00764118765169607  0.01005612458150952  0.01245276242581113  0.01532661799961718
  0.01883456099910409  0.02271109385927240  0.02749039073966753  0.03192337944280590
  0.03633186402763879  0.04113052724799886  0.04646105594358203  0.05161954191273917
  0.05731269727538712  0.06362031818982344  0.07029041176608446  0.07759223760357915
  0.08441875560230755  0.09047209815892299  0.09612505960406077  0.10163300413566291
  0.10758227865896616  0.11361286045218232  0.11895901444932169  0.12449316081164834
  0.13027460480393954  0.13619230514084002  0.14257874295129158  0.14954574512654473
  0.15625022705336655  0.16368939518861056  0.17192679010394799  0.18146261728635787
  0.19167308607034828  0.20153640395598502  0.21074284129125442  0.22013795713463949
  0.23104151057563094  0.24402660907451135  0.25739568809496804  0.26870505236101538
  0.27831193144378430  0.28704744320268166  0.29541176391429064  0.30484235832032136
  0.31393395140474606  0.32337630902306586  0.33232945512464673  0.34039369735834707
  0.34831070051393942  0.35724212976356123  0.36650468289415911  0.37592599546248473
  0.38479646390619765  0.39489029948729487  0.40747772802161747  0.42273837967900568
  0.43731166730460697  0.45019664593791314  0.46243410910012095  0.47498245835886166
  0.48751565157892840  0.49919197960952683  0.51084286870902029  0.52296860506682152
  0.53489618287633289  0.54849727835728146  0.56377603998093950  0.57946596417292984
  0.59564729521558168  0.61263072848571343  0.62895434720157362  0.64491329611796366
  0.66042760692694502  0.67538649197399703  0.69143209885285950  0.70865749470710770
  0.72545984449270562  0.74332228842436165  0.76027459214922866  0.77656018442830099
  0.79262889182677432  0.80847010670038766  0.82431034592979358  0.84074579660381643
  0.85795357965014207  0.87582087367598271  0.89488100070237153  0.91428794850166895
  0.93407407027806910  0.95518368061630821  0.97726003588191501  1.00000000000000000
 -0.00253601623978239  0.01186374129718248  0.02564790577466973  0.03878147334083801
  0.05534622945604568  0.07167623216748256  0.08521621204727059  0.09773107136472831
  0.10931588812442859  0.12096641873158372  0.13063094444687376  0.13951504546505422
  0.14804721615252459  0.15382640646720550  0.16211152593164049  0.17021921303792795
  0.17765812917914464  0.18505155981370630  0.19327425534507003  0.20240137375714284
  0.21259507040188610  0.22508442353471811  0.23953120549333262  0.25497785040784376
  0.26888633120956201  0.28093186652326635  0.29165547517428708  0.30202301139650811
  0.31231611598809700  0.32315369907166092  0.33565429597164226  0.34993140641619247
  0.36263929091709085  0.37347593376436317  0.38425716432002893  0.39428800950907544
  0.40299249977287016  0.41100908228912914  0.41853635854886534  0.42618206014189858
  0.43533724698217174  0.44528707163372916  0.45525909835740869  0.46324536093090435
  0.47121446523877597  0.47916410471337251  0.48960393336090324  0.50035384540761518
  0.51002683979810448  0.51915839935164043  0.52786542148574878  0.53710157670100478
  0.54619922620537664  0.55618121014020083  0.56627981552794049  0.57716025872700361
  0.58762014015865249  0.59808550216736855  0.60905874242796176  0.61796222581354177
  0.62830286354658904  0.64043629772533472  0.65311046224285763  0.66364018512539447
  0.67336123718394503  0.68290227524029368  0.69494673897654058  0.71012581206135150
  0.72524817160641986  0.73888443289809103  0.75083326773869552  0.76095593469656975
  0.77031313753523045  0.77996607341779967  0.78959579076631692  0.79875963739065137
  0.80763695741998243  0.81601763700363750  0.82412664737609531  0.83209617515388001
  0.83962391835401096  0.84709080557065519  0.85512766466120649  0.86442016063996585
  0.87449776488036124  0.88409046924649626  0.89507688676237585  0.90799841147540161
  0.92183393853755657  0.93641788602435294  0.94941037721829424  0.96039994067294032
  0.97037258691828665  0.97989156574052161  0.98904667527593881  1.00000000000000000
 -0.00308055873270093  0.01087369076153509  0.02285955542724259  0.03423534772249732
  0.04652418178957458  0.05813287244344154  0.06944943070745362  0.08047353178631578
  0.09083612109854272  0.10203964853517300  0.11322192001808330  0.12414193234788076
  0.13397091622673579  0.14355066512999956  0.15448744771554507  0.16576341409337358
  0.17806694338918128  0.18882607897933318  0.20016339339763567  0.20966330434593097
  0.21944325478528143  0.22898461182476620  0.23698258672266317  0.24453021870290315
  0.25243653101912084  0.26090710148819274  0.26909798465515922  0.27561270391257531
  0.28186150088605061  0.28756072673650640  0.29561032572332274  0.30343852055287185
  0.31183802186612153  0.32233948419037389  0.33306687920793893  0.34398832535185919
  0.35528968063490413  0.36798284170345480  0.38274012521241618  0.39681364313934003
  0.40961799469209559  0.42179577775471744  0.43286227699617419  0.44346564693725443
  0.45401820658068409  0.46507328842177570  0.47644429179700026  0.48731199621491234
  0.49796508622681640  0.50944545505426519  0.52198601961981550  0.53520669244476360
  0.54822924867201894  0.56128177456392969  0.57616069272269177  0.59115258822201333
  0.60319757867484203  0.61426655437315514  0.62477054781645092  0.63531813984761931
  0.64761906624558963  0.66215975862455245  0.67640813242100750  0.68848475844940293
  0.69901719028441356  0.70962879244782140  0.72048139611603013  0.73245480087187698
  0.74443017025877556  0.75540881716061170  0.76527494640980842  0.77414120193506497
  0.78258729199061361  0.79115935566781070  0.80007891464473879  0.80832210722760900
  0.81615557390872395  0.82345628697480189  0.83080588330762295  0.83929478260069668
  0.84837333183875907  0.85813553519879837  0.86919810994815516  0.88042376874889561
  0.89194194214008848  0.90369432337616884  0.91470178353776799  0.92472453142425903
  0.93356415281988347  0.94296038480918343  0.95236792118846925  0.96181225092171685
  0.97074783471134896  0.97981463220904719  0.98993520658081957  1.00000000000000000
 -0.00271131667386452  0.00920745737521823  0.01997922510690543  0.02846738301786369
  0.03723082690783749  0.04562377902598962  0.05403289436573144  0.06412410408424971
  0.07570419470636583  0.08619282536974729  0.09628386560415238  0.10612750550791451
  0.11545977270137661  0.12502777241136007  0.13359268864136303  0.14284700548247228
  0.15284769638904463  0.16480891865218622  0.17850889647191229  0.19171587755098102
  0.20482908373119779  0.21833279496096103  0.23235526585646091  0.24645271793610224
  0.25613297960451775  0.26450417304139440  0.27280749797959858  0.28275023277584255
  0.29443585371865383  0.30813573205486061  0.32246160029692850  0.33449181961470453
  0.34390170847093127  0.35224882018931203  0.36182512414396167  0.37258681928651660
  0.38262234670925971  0.39204310629816236  0.40107898686914656  0.41043129022332792
  0.41882816888488655  0.42657805372143692  0.43453344844233249  0.44319706184038743
  0.45186779104276548  0.46102587571714898  0.47237360505427695  0.48369732057691467
  0.49352146859183771  0.50238276962743666  0.51140715362488676  0.52046176516438836
  0.52977265421709729  0.53931435904057290  0.54816623232309658  0.55661634368257695
  0.56533114887956304  0.57832726123980982  0.58990433780232054  0.60044141746779656
  0.60917789456230387  0.61732212335600345  0.62590321016573247  0.63526094006115708
  0.64439585599772697  0.65418567970259389  0.66435317402761507  0.67717561095242162
  0.69029423782900734  0.70092462407260603  0.71068698195984803  0.71888502628267836
  0.72833946768394153  0.73912841833822562  0.75245730239313757  0.76736332028262355
  0.78103386515871231  0.79438858672899892  0.80820773092526010  0.82222944721747038
  0.83583767550966537  0.84871126249100992  0.86084767557039010  0.87251291349421456
  0.88330376099716834  0.89274853038395752  0.90232885192002010  0.91311148507398887
  0.92657165459439772  0.93838456836450934  0.94947015215526787  0.95968760358465099
  0.96792400745272433  0.97882438733576282  0.98966167483118128  1.00000000000000000
 -0.00277648825058369  0.00942674743507067  0.01959951248217727  0.03029538483094607
  0.04149474582920804  0.05298119764496152  0.06424535818662042  0.07612220004043364
  0.08926294749152082  0.10325885854248591  0.11313148445394862  0.12320116863201187
  0.13368986302597080  0.14336957757256202  0.15309615685335923  0.16205234188180279
  0.17265940818376221  0.18355064544392685  0.19534113903112305  0.20734631830466332
  0.21978651304542782  0.23104238860980136  0.24034252768850284  0.24915784870724089
  0.25811935681593495  0.26721613839923736  0.27740250361220714  0.28794015194550043
  0.30102589162172644  0.31365278430676163  0.32600942469413374  0.33837212333915723
  0.34978257057512618  0.36000118745317744  0.37039692697607562  0.38124845427713855
  0.39323109780064719  0.40488329271138307  0.41522082982860647  0.42555395075601055
  0.43642014883326047  0.44996414882553848  0.46324928647194913  0.47435985885712673
  0.48465089604355904  0.49471971299525025  0.50502517864176710  0.51603698289875333
  0.52874572955874954  0.53934467885651349  0.55082879093350123  0.56207492254696845
  0.57311290003100679  0.58580498294063044  0.59602295757489543  0.60522902985374682
  0.61372877174212725  0.62275657485667701  0.63271108836032741  0.64296949278699311
  0.65383329680384150  0.66520524922186453  0.67582643591759262  0.68608006919551823
  0.69654437957887394  0.70702401473350285  0.71684822039018592  0.72653852984108824
  0.73618111371786954  0.74702174215602291  0.75715348652774683  0.76613128102051220
  0.77443941819467188  0.78365465462957462  0.79293556083581174  0.80071238723857963
  0.80736630817925692  0.81335204357642243  0.81957137385535805  0.82650276743820039
  0.83374374356508252  0.84113073595586474  0.84879417350988884  0.85684773616636800
  0.86689976796887891  0.87783164076692877  0.89015731484674943  0.90241010877755046
  0.91540252212237072  0.92645498352215050  0.93704910880096959  0.94793607895719478
  0.96017908167522514  0.97353549400723505  0.98569268749016070  1.00000000000000000
 -0.00390813670772370  0.01194649742421722  0.02595067976055699  0.03923556551029965
  0.05310306734963556  0.06902353957767263  0.08323336763960164  0.09269441990003484
  0.10098217675111699  0.11049178764339222  0.12054091793848855  0.12961872112951317
  0.13850503468046030  0.14790626430111642  0.15810607827632703  0.16831629057926487
  0.17989557751499932  0.19213757564463238  0.20391750937642225  0.21489038323591089
  0.22569347033482828  0.23552995646420608  0.24559209440901791  0.25634486221254815
  0.26760241736358725  0.27898755173787376  0.29125767697472355  0.30405572417124965
  0.31581567759006957  0.32673944121247561  0.33698412621582974  0.34586085545458528
  0.35375240207046660  0.36166598708959513  0.37015241998205800  0.37993504965056629
  0.39069345920550841  0.40040516718237679  0.40856575164303616  0.41626018353101230
  0.42421876424005350  0.43303026506064685  0.44343552140132136  0.45321711099518414
  0.46338636127373006  0.47590809202254009  0.49046260348657511  0.50368883786782881
  0.52038713000729353  0.53424675175527025  0.54890731573265261  0.56173946781258566
  0.57355646169681718  0.58555351864682792  0.60230156230501819  0.61715858888491171
  0.62984218181518514  0.64093264661685323  0.65035311801308238  0.65936323818987275
  0.66817307164195738  0.67843291126634397  0.68926567696063423  0.69934338016939379
  0.70882148852926363  0.71775591205500566  0.72719363236039558  0.73721981051340169
  0.74665431637707136  0.75524084528143209  0.76303073387976861  0.76992451743849710
  0.77700791072501352  0.78331733013662064  0.79015713898285489  0.79821821949842164
  0.80786008856870084  0.81947321739124557  0.83184932698565950  0.84192672108073707
  0.85208963137027516  0.85923143163196547  0.86749216765811799  0.87554579982452907
  0.88365621406195316  0.89442696551247958  0.90435407615936692  0.91575604827289636
  0.92659646743661084  0.93784217154553495  0.94994528576911486  0.96219475211616634
  0.97306296570854689  0.98230989145413583  0.99121743297349352  1.00000000000000000
 -0.00167269049267295  0.00470894573551667  0.01117171654253064  0.01763288241837941
  0.02410393016087519  0.03054804263843598  0.03683141180618932  0.04304724437096647
  0.04937179443011949  0.05530332902596757  0.06073962911042430  0.06634091798255591
  0.07202481190020030  0.07762487846992129  0.08370402406312787  0.09083983535074774
  0.09824471377980432  0.10465947979334839  0.11016145054865766  0.11613949207661262
  0.12295972027025627  0.12975276882379927  0.13639030702678084  0.14242983866745987
  0.14909803256551851  0.15593380611878152  0.16218750148611982  0.16807627256988314
  0.17485697280782447  0.18199496140886134  0.18855406541220518  0.19534005465170964
  0.20160351226302123  0.20805710592376342  0.21458302941189247  0.22124551239060766
  0.22821849452843757  0.23533718556870534  0.24205380255945519  0.24898770768235678
  0.25609540238501777  0.26358785344389435  0.27164595644265560  0.28028559133110775
  0.28940656439828633  0.29896989050053141  0.30884071677700914  0.31828559861679984
  0.32672305708755173  0.33541233362584433  0.34435785985402823  0.35341003100301033
  0.36248808234182561  0.37218682105608253  0.38196758164918237  0.39117704225164235
  0.39966402408893648  0.40726083177329409  0.41617692614056317  0.42817200582231230
  0.44138652780633625  0.45441067393420237  0.46712845018307425  0.47884327207533361
  0.48953187642917595  0.50026946111183501  0.51133035970682728  0.52240759741985687
  0.53267057855409716  0.54379038504810906  0.55528743456016838  0.56628275528476313
  0.57721683402582247  0.58770130180981872  0.59822967474769251  0.60922440233807262
  0.62064624149873882  0.63299055588495212  0.64689776600560267  0.66364743349981292
  0.67828169283629991  0.69157114632001604  0.70474577424133500  0.71944756929225395
  0.73649321422663572  0.75122288100660206  0.76471239352870513  0.78126881588788699
  0.80115074882589732  0.82213937119475877  0.84252248816785646  0.86802681771377976
  0.89909325814364038  0.93067643388093158  0.96317185551198703  1.00000000000000000
 -0.00296641120820564  0.01293130543163630  0.02652808975559381  0.04141023142863799
  0.05286768775846925  0.06369368083123278  0.07395493382545960  0.08498016328420446
  0.09541369330958498  0.10588906526904099  0.11788556946029632  0.13025396778769871
  0.14303394055000140  0.15475946078327962  0.16463754647876103  0.17452544971028525
  0.18390546206976935  0.19375132502854414  0.20544770200801246  0.21708065567605039
  0.22876533367508112  0.24083919992498198  0.25439314064059160  0.26647840049783389
  0.27955587003590671  0.29128720856706586  0.30197870685768985  0.31158237717879605
  0.32002249223417162  0.32853106209372868  0.33765919030796349  0.34739956149907736
  0.35834003497122696  0.37098718132667302  0.38300758042616362  0.39275966274992297
  0.40139407188593063  0.40990370671669363  0.41833141422681741  0.42668748495789366
  0.43448302735955185  0.44256866318478671  0.45126884648975896  0.45964164400470309
  0.46874445735080261  0.47842486001977502  0.48837138867143004  0.49868513913243151
  0.50844029862129880  0.51742995565745964  0.52598063116170579  0.53340572444245193
  0.54019919394824190  0.54695507018846001  0.55461439854110872  0.56505984854579061
  0.57625400473609822  0.58708961102144941  0.59725527111488852  0.60749798143554168
  0.62092035298412929  0.63623674556984378  0.65409256089430057  0.66943690651718368
  0.68306838682191762  0.69562281085910149  0.70835470914072785  0.71959173976041080
  0.73060483046452041  0.74104872157800095  0.75072867771489515  0.75993527916123615
  0.76912963457940497  0.77875827470618819  0.78865728380667732  0.79815721813866936
  0.80747428606845562  0.81667908535650402  0.82693366095825294  0.83859327941718198
  0.84876528602953694  0.85888458045503902  0.86867622194626082  0.87773511758157086
  0.88716236112795144  0.89688545547896037  0.90689532982421917  0.91678593787365803
  0.92639418871541623  0.93516511044654393  0.94365544407428470  0.95200563695900975
  0.96155468520997989  0.97456855911227291  0.98808197072713522  1.00000000000000000
 -0.00268072790587608  0.01529788443638316  0.03117361828280298  0.04730514789768557
  0.06267715398078917  0.07403009192677915  0.08370512619058737  0.09307211135193014
  0.10298105175767547  0.11204052053875938  0.12102646761872017  0.13252640224271475
  0.14366290943460003  0.15551981432977982  0.16457207721939821  0.17294083478129485
  0.18129182713798830  0.19239242591561587  0.20481290392055687  0.21635559362725648
  0.22745010968854185  0.23937318338852326  0.24987312778333065  0.25828040831805493
  0.26623222639786237  0.27388011429380937  0.28274625282005039  0.29204505737562503
  0.30090915981371263  0.30970883784891678  0.31974020934778258  0.33023889973245885
  0.34101500408821200  0.35171874798610536  0.36205021814975213  0.37214245798352480
  0.38227401000065492  0.39235312077827877  0.40209335872294749  0.41135822017768775
  0.42187713070304428  0.43382157496405577  0.44634477507959425  0.45883407376570828
  0.47052900591481023  0.48186383729914450  0.49240481834038735  0.50221718727755638
  0.51024177654409497  0.51800223811265478  0.52691475646653108  0.53775790760206554
  0.54831639660510834  0.55802048161723705  0.56649885236233066  0.57336187280722850
  0.58122214218347312  0.58941949015751427  0.59806736095931601  0.60638890236196696
  0.61435258234244672  0.62251304318707001  0.63126769604130517  0.64042404316846557
  0.64952153740913565  0.65864779560717845  0.66828842564647917  0.67800853793285287
  0.68804693560889552  0.69837642222453622  0.70950389974433181  0.71672676698135196
  0.72467687845291684  0.73294135811653882  0.74148761968158816  0.75005332207612851
  0.75912022262019963  0.76787594156925620  0.77831756100149996  0.78976301081580014
  0.80213783164632046  0.81372673196279366  0.82503335308518777  0.83617946265343335
  0.84793034079454144  0.86015916140735926  0.87167633308753800  0.88250352113381092
  0.89424738233252110  0.90754171217182777  0.92085970170978326  0.93458710870327000
  0.94890654324866242  0.96622093879140547  0.98417592762645345  1.00000000000000000
 -0.00216016663061984  0.00781421904760790  0.01589476499764830  0.02470812054422780
  0.03373121216732512  0.04376458785324577  0.05513282661537119  0.06727143994338432
  0.07941278247983623  0.09254874992420339  0.10494928158902289  0.11529462945204691
  0.12547653405276446  0.13405816748777646  0.14242762176879031  0.15006816278240889
  0.15827444588371770  0.16856763324022334  0.17902198293561494  0.18908515710629564
  0.19914679249519623  0.20884261998933176  0.21943588812471296  0.23099593450165823
  0.24211643211567405  0.25332862688502034  0.26586974463142116  0.28023453371316576
  0.29429919802514493  0.30688876302376389  0.31869659850563714  0.33035962036372607
  0.34187324077725384  0.35376142871025540  0.36740597809250625  0.38198239242974263
  0.39586065440571527  0.40830102520631884  0.42064111500467022  0.43375722603155931
  0.44710073471397971  0.46074026374337512  0.47352309031296042  0.48433598184679066
  0.49534449996835700  0.50640224158725267  0.51836621632777891  0.52997285313041920
  0.54065269854574360  0.55020092080139749  0.55913070043400448  0.56801156740520575
  0.57695079617574752  0.58697200912613301  0.59447143628975485  0.60129187849913357
  0.60902401979593646  0.61811950326727272  0.62710665770969543  0.63565831753227175
  0.64405526115809464  0.65354570378063215  0.66460930620085534  0.67552190420241065
  0.68772048261947816  0.70003466177064877  0.71254824933956662  0.72511480247317750
  0.73761120568040750  0.75088449766973442  0.76338182916944419  0.77393383669265592
  0.78184282264809624  0.78900698697295779  0.79537761907273019  0.80226720804926588
  0.80908973214208557  0.81694244405009619  0.82352386111835607  0.83018614682212533
  0.83719559265076315  0.84516052522562035  0.85418810456245819  0.86382513829434115
  0.87377416949227715  0.88488557539203161  0.89743836182913672  0.90976187082927329
  0.92095973071481174  0.93289369308955750  0.94393521714490303  0.95643883311395950
  0.96827459941472449  0.98026120123968452  0.99070277600794587  1.00000000000000000
  0.04934698339410874  0.16882124590090011  0.21675945249079889  0.25633862162434101
  0.28317800946658722  0.30767830541397995  0.33209465704102503  0.35305946236376012
  0.37292138497322158  0.39266899245223974  0.40769150276378646  0.41963982351163209
  0.43209553119832522  0.44760183577623192  0.46338802704750875  0.47843377416005689
  0.49294080073275437  0.50495639247987778  0.51384486839002952  0.52373317269252162
  0.53307404539950565  0.54269967729708246  0.55222953766642002  0.56009145721507081
  0.56797549390541779  0.57676987486683540  0.58691107069636594  0.59612693351598112
  0.60395573425552385  0.61210199651853425  0.62049078015414072  0.62885776712800834
  0.63643921797191350  0.64390434883205616  0.65158638981346373  0.65972386385815285
  0.66764981676164492  0.67384812957300211  0.67997710808127587  0.68640396165335260
  0.69118807890428302  0.69603416040921484  0.70139434495408681  0.70708201638926671
  0.71240724794673438  0.71802196993176082  0.72383268319993432  0.72949603505476401
  0.73476619560142842  0.73998228864740601  0.74426786339079887  0.74806344754216259
  0.75218552212141865  0.75688574643300466  0.76198129741160925  0.76812494757025163
  0.77541364943609858  0.78333238122561799  0.79079912275679509  0.79794794969030536
  0.80498656178729100  0.81187550736139769  0.81811915456701800  0.82341356781705621
  0.82852061456705550  0.83364813716733777  0.83850776812552741  0.84318232931849790
  0.84794517198833941  0.85253896093239157  0.85684147319677961  0.86105422145600086
  0.86528139607082477  0.86938715495793428  0.87330344470649746  0.87732048983450539
  0.88144318643354014  0.88580466147157255  0.89020788820192842  0.89447313110254345
  0.89857007068924744  0.90256416434385811  0.90657921471721081  0.91072264940747083
  0.91501081241008364  0.91936218278333925  0.92396641116371325  0.92907223720567023
  0.93455920966567985  0.94024510808400474  0.94587781863180931  0.95169190250587887
  0.95868536761304668  0.96762394972581078  0.97993541779432536  1.00000000000000000
 -0.01918112577704916  0.11479668464375066  0.16512951350612565  0.19845196252392380
  0.22140682247760435  0.24162045965937182  0.25913551644588995  0.27425119301937423
  0.28841871534303043  0.30146018322131457  0.31450778596151918  0.32785793204428981
  0.33978975560508196  0.35041208349677888  0.35851854210693290  0.36645055329090465
  0.37438661340066642  0.38256947180124506  0.39115405018900695  0.39924107643715911
  0.40662375501214043  0.41443438652552028  0.42114572335245681  0.42753054569928084
  0.43350710519510405  0.43943899007246595  0.44537731792666668  0.45080114747646599
  0.45556075555219727  0.45990097451891798  0.46409733390069435  0.46831458735881604
  0.47328352777748101  0.47872614688848208  0.48445103670842399  0.49047872036357232
  0.49656708132510202  0.50242989856826292  0.50798691778077654  0.51333888821859663
  0.51869089410690505  0.52336586465660373  0.53010942145787454  0.53732325337787545
  0.54366647164759607  0.54913509789489434  0.55477891370470234  0.56073004067307464
  0.56670549832010764  0.57283692164903011  0.57972531788114146  0.58694329417061397
  0.59354307372845361  0.59943988271100501  0.60531324560154742  0.61137413463025292
  0.61755759641775509  0.62386308702864834  0.63074077560124131  0.63649104259051736
  0.64261952369495634  0.64829112819699253  0.65342794254531744  0.65888999041727869
  0.66411098579118288  0.66834209282981583  0.67224803256299581  0.67575034672004219
  0.67970885690932847  0.68436388585626962  0.68970978395277593  0.69546131758043750
  0.70092020151462631  0.70576139575195584  0.71083900291171864  0.71607836421451954
  0.72162072282234013  0.72719971685353457  0.73475409283509618  0.74328065066640436
  0.75063137647419564  0.75699752832885847  0.76305085450965282  0.76941002348498255
  0.77690828942326806  0.78529116723501391  0.79443618209722089  0.80412871081085413
  0.81411642931837136  0.82402359810695369  0.83502138485643440  0.84914241205601271
  0.86577544239431548  0.88582453396839489  0.91548515539253772  1.00000000000000000
   1.0971963680970241E-011  -1.0000000000000000     
 F F F F F F F F F F F F F F F F F F F F F F F F F F F F F F F F F F F F F F F F F F F F F F F F F F F F F F F F F F F F F F F F F F F F F F F F F F F F F F F F F F F F F F F F F F F F F F F F F F F F F F F F F F F F F F F F F F F F F F F F F F F F F F F F F F F F F F F F F F F F F F F F F F F F F F F F F F F F F F F F F F F F F F F F F F F F F F F F F F F F F F F F F F F F F F F F T F F T F F F F F F F F T F F T F F F F F F F F F F F F F F F F F F F F F F F F F F F F F F F F F F F F F F F F F F F F F F F F F F F F F F F F F F F F F F F F F F F F F F F F F F F F F F F F F F F F F F F F F F F F F F F F F F F F F F F F F F F F F F F F F F F F F F F F F F F F F F F F F F F F F F F F F F F F F F F F F F F F F F F F F F F F F F F F F F F F F F F F F F F F F F F F F F F F F F F F F F F F F F F F F F F F F F F F F F F F F F F F F F F F F F F F F F F F F F F F F F F F F F F F F F F F F F F F T F F T F F F F F F F F T F F T F F F F F F F F F F F F F F F F F F F F F F F F F F F F F F F F F F F F F F F F F F F F F F F F
  <DiscreteSampler_grid>
  grouped_processes
  1 # 1 for a reference and 2 for a running grid.
  10 # Attribute 'min_bin_probing_points' of the grid.
  1 # Attribute 'grid_mode' of the grid. 1=='default',2=='initialization'
  0.0000000000000000 # Attribute 'small_contrib_threshold' of the grid.
  0.5000000000000000 # Attribute 'damping_power' of the grid.
 # binID   n_entries weight   weight_sqr   abs_weight
    199   10   2.899368758866490E-005   5.650327441408011E-009   2.899368758866490E-005
    200   10   2.899368758866411E-005   5.650327441407646E-009   2.899368758866411E-005
    202   10   2.899368758866490E-005   5.650327441408011E-009   2.899368758866490E-005
    203   10   2.899368758866411E-005   5.650327441407646E-009   2.899368758866411E-005
    205   10   3.636123190184939E-005   8.774025083407028E-009   3.636123190184939E-005
    206   10   3.636123190184847E-005   8.774025083406485E-009   3.636123190184847E-005
    208   10   3.636123190184939E-005   8.774025083407028E-009   3.636123190184939E-005
    209   10   3.636123190184847E-005   8.774025083406485E-009   3.636123190184847E-005
    211   10   1.557282191071543E-006   1.630051555057168E-011   1.557282191071543E-006
    212   10   1.557282191071497E-006   1.630051555057053E-011   1.557282191071497E-006
    214   10   1.557282191071543E-006   1.630051555057168E-011   1.557282191071543E-006
    215   10   1.557282191071497E-006   1.630051555057053E-011   1.557282191071497E-006
    217   10   1.953000932117030E-006   2.531200780773558E-011   1.953000932117030E-006
    218   10   1.953000932116976E-006   2.531200780773388E-011   1.953000932116976E-006
    220   10   1.953000932117030E-006   2.531200780773558E-011   1.953000932117030E-006
    221   10   1.953000932116976E-006   2.531200780773388E-011   1.953000932116976E-006
    223   10   1.557282191071543E-006   1.630051555057168E-011   1.557282191071543E-006
    224   10   1.557282191071497E-006   1.630051555057053E-011   1.557282191071497E-006
    226   10   1.557282191071543E-006   1.630051555057168E-011   1.557282191071543E-006
    227   10   1.557282191071497E-006   1.630051555057053E-011   1.557282191071497E-006
    229   10   1.953000932117030E-006   2.531200780773558E-011   1.953000932117030E-006
    230   10   1.953000932116976E-006   2.531200780773388E-011   1.953000932116976E-006
    232   10   1.953000932117030E-006   2.531200780773558E-011   1.953000932117030E-006
    233   10   1.953000932116976E-006   2.531200780773388E-011   1.953000932116976E-006
    235   10   2.899368758866490E-005   5.650327441408011E-009   2.899368758866490E-005
    236   10   2.899368758866411E-005   5.650327441407646E-009   2.899368758866411E-005
    238   10   2.899368758866490E-005   5.650327441408011E-009   2.899368758866490E-005
    239   10   2.899368758866411E-005   5.650327441407646E-009   2.899368758866411E-005
    241   10   3.636123190184939E-005   8.774025083407028E-009   3.636123190184939E-005
    242   10   3.636123190184847E-005   8.774025083406485E-009   3.636123190184847E-005
    244   10   3.636123190184939E-005   8.774025083407028E-009   3.636123190184939E-005
    245   10   3.636123190184847E-005   8.774025083406485E-009   3.636123190184847E-005
    247   10   1.557282191071543E-006   1.630051555057168E-011   1.557282191071543E-006
    248   10   1.557282191071499E-006   1.630051555057059E-011   1.557282191071499E-006
    250   10   1.557282191071543E-006   1.630051555057168E-011   1.557282191071543E-006
    251   10   1.557282191071499E-006   1.630051555057059E-011   1.557282191071499E-006
    253   10   1.953000932117030E-006   2.531200780773558E-011   1.953000932117030E-006
    254   10   1.953000932116978E-006   2.531200780773394E-011   1.953000932116978E-006
    256   10   1.953000932117030E-006   2.531200780773558E-011   1.953000932117030E-006
    257   10   1.953000932116978E-006   2.531200780773394E-011   1.953000932116978E-006
    259   10   8.364330391614913E-008   4.702502818990884E-014   8.364330391614913E-008
    260   10   8.364330391614680E-008   4.702502818990570E-014   8.364330391614680E-008
    262   10   8.364330391614913E-008   4.702502818990884E-014   8.364330391614913E-008
    263   10   8.364330391614680E-008   4.702502818990570E-014   8.364330391614680E-008
    265   10   1.048977837479697E-007   7.302210025254155E-014   1.048977837479697E-007
    266   10   1.048977837479670E-007   7.302210025253688E-014   1.048977837479670E-007
    268   10   1.048977837479697E-007   7.302210025254155E-014   1.048977837479697E-007
    269   10   1.048977837479670E-007   7.302210025253688E-014   1.048977837479670E-007
    271   10   8.364330391614913E-008   4.702502818990884E-014   8.364330391614913E-008
    272   10   8.364330391614680E-008   4.702502818990570E-014   8.364330391614680E-008
    274   10   8.364330391614913E-008   4.702502818990884E-014   8.364330391614913E-008
    275   10   8.364330391614680E-008   4.702502818990570E-014   8.364330391614680E-008
    277   10   1.048977837479697E-007   7.302210025254155E-014   1.048977837479697E-007
    278   10   1.048977837479670E-007   7.302210025253688E-014   1.048977837479670E-007
    280   10   1.048977837479697E-007   7.302210025254155E-014   1.048977837479697E-007
    281   10   1.048977837479670E-007   7.302210025253688E-014   1.048977837479670E-007
    283   10   1.557282191071543E-006   1.630051555057168E-011   1.557282191071543E-006
    284   10   1.557282191071499E-006   1.630051555057059E-011   1.557282191071499E-006
    286   10   1.557282191071543E-006   1.630051555057168E-011   1.557282191071543E-006
    287   10   1.557282191071499E-006   1.630051555057059E-011   1.557282191071499E-006
    289   10   1.953000932117030E-006   2.531200780773558E-011   1.953000932117030E-006
    290   10   1.953000932116978E-006   2.531200780773394E-011   1.953000932116978E-006
    292   10   1.953000932117030E-006   2.531200780773558E-011   1.953000932117030E-006
    293   10   1.953000932116978E-006   2.531200780773394E-011   1.953000932116978E-006
    295   10   1.557282191071543E-006   1.630051555057168E-011   1.557282191071543E-006
    296   10   1.557282191071499E-006   1.630051555057059E-011   1.557282191071499E-006
    298   10   1.557282191071543E-006   1.630051555057168E-011   1.557282191071543E-006
    299   10   1.557282191071499E-006   1.630051555057059E-011   1.557282191071499E-006
    301   10   1.953000932117030E-006   2.531200780773558E-011   1.953000932117030E-006
    302   10   1.953000932116978E-006   2.531200780773394E-011   1.953000932116978E-006
    304   10   1.953000932117030E-006   2.531200780773558E-011   1.953000932117030E-006
    305   10   1.953000932116978E-006   2.531200780773394E-011   1.953000932116978E-006
    307   10   8.364330391614913E-008   4.702502818990884E-014   8.364330391614913E-008
    308   10   8.364330391614680E-008   4.702502818990570E-014   8.364330391614680E-008
    310   10   8.364330391614913E-008   4.702502818990884E-014   8.364330391614913E-008
    311   10   8.364330391614680E-008   4.702502818990570E-014   8.364330391614680E-008
    313   10   1.048977837479697E-007   7.302210025254155E-014   1.048977837479697E-007
    314   10   1.048977837479670E-007   7.302210025253688E-014   1.048977837479670E-007
    316   10   1.048977837479697E-007   7.302210025254155E-014   1.048977837479697E-007
    317   10   1.048977837479670E-007   7.302210025253688E-014   1.048977837479670E-007
    319   10   8.364330391614913E-008   4.702502818990884E-014   8.364330391614913E-008
    320   10   8.364330391614680E-008   4.702502818990570E-014   8.364330391614680E-008
    322   10   8.364330391614913E-008   4.702502818990884E-014   8.364330391614913E-008
    323   10   8.364330391614680E-008   4.702502818990570E-014   8.364330391614680E-008
    325   10   1.048977837479697E-007   7.302210025254155E-014   1.048977837479697E-007
    326   10   1.048977837479670E-007   7.302210025253688E-014   1.048977837479670E-007
    328   10   1.048977837479697E-007   7.302210025254155E-014   1.048977837479697E-007
    329   10   1.048977837479670E-007   7.302210025253688E-014   1.048977837479670E-007
    331   10   1.557282191071543E-006   1.630051555057168E-011   1.557282191071543E-006
    332   10   1.557282191071499E-006   1.630051555057059E-011   1.557282191071499E-006
    334   10   1.557282191071543E-006   1.630051555057168E-011   1.557282191071543E-006
    335   10   1.557282191071499E-006   1.630051555057059E-011   1.557282191071499E-006
    337   10   1.953000932117030E-006   2.531200780773558E-011   1.953000932117030E-006
    338   10   1.953000932116978E-006   2.531200780773394E-011   1.953000932116978E-006
    340   10   1.953000932117030E-006   2.531200780773558E-011   1.953000932117030E-006
    341   10   1.953000932116978E-006   2.531200780773394E-011   1.953000932116978E-006
    343   10   2.899368758866490E-005   5.650327441408011E-009   2.899368758866490E-005
    344   10   2.899368758866411E-005   5.650327441407646E-009   2.899368758866411E-005
    346   10   2.899368758866490E-005   5.650327441408011E-009   2.899368758866490E-005
    347   10   2.899368758866411E-005   5.650327441407646E-009   2.899368758866411E-005
    349   10   3.636123190184939E-005   8.774025083407028E-009   3.636123190184939E-005
    350   10   3.636123190184847E-005   8.774025083406485E-009   3.636123190184847E-005
    352   10   3.636123190184939E-005   8.774025083407028E-009   3.636123190184939E-005
    353   10   3.636123190184847E-005   8.774025083406485E-009   3.636123190184847E-005
    355   10   1.557282191071543E-006   1.630051555057168E-011   1.557282191071543E-006
    356   10   1.557282191071497E-006   1.630051555057053E-011   1.557282191071497E-006
    358   10   1.557282191071543E-006   1.630051555057168E-011   1.557282191071543E-006
    359   10   1.557282191071497E-006   1.630051555057053E-011   1.557282191071497E-006
    361   10   1.953000932117030E-006   2.531200780773558E-011   1.953000932117030E-006
    362   10   1.953000932116976E-006   2.531200780773388E-011   1.953000932116976E-006
    364   10   1.953000932117030E-006   2.531200780773558E-011   1.953000932117030E-006
    365   10   1.953000932116976E-006   2.531200780773388E-011   1.953000932116976E-006
    367   10   1.557282191071543E-006   1.630051555057168E-011   1.557282191071543E-006
    368   10   1.557282191071497E-006   1.630051555057053E-011   1.557282191071497E-006
    370   10   1.557282191071543E-006   1.630051555057168E-011   1.557282191071543E-006
    371   10   1.557282191071497E-006   1.630051555057053E-011   1.557282191071497E-006
    373   10   1.953000932117030E-006   2.531200780773558E-011   1.953000932117030E-006
    374   10   1.953000932116976E-006   2.531200780773388E-011   1.953000932116976E-006
    376   10   1.953000932117030E-006   2.531200780773558E-011   1.953000932117030E-006
    377   10   1.953000932116976E-006   2.531200780773388E-011   1.953000932116976E-006
    379   10   2.899368758866490E-005   5.650327441408011E-009   2.899368758866490E-005
    380   10   2.899368758866411E-005   5.650327441407646E-009   2.899368758866411E-005
    382   10   2.899368758866490E-005   5.650327441408011E-009   2.899368758866490E-005
    383   10   2.899368758866411E-005   5.650327441407646E-009   2.899368758866411E-005
    385   10   3.636123190184939E-005   8.774025083407028E-009   3.636123190184939E-005
    386   10   3.636123190184847E-005   8.774025083406485E-009   3.636123190184847E-005
    388   10   3.636123190184939E-005   8.774025083407028E-009   3.636123190184939E-005
    389   10   3.636123190184847E-005   8.774025083406485E-009   3.636123190184847E-005
  </DiscreteSampler_grid>
