  0.02422735009163468  0.03217018344979821  0.04247000035770887  0.05152141225171195
  0.06090975408608491  0.07010275560506372  0.07993567389260207  0.08977640024022991
  0.09998653256003348  0.10878478993945490  0.11659484405608915  0.12423192234908668
  0.13224556879454832  0.14114496188531930  0.15144526519611223  0.16166394979416243
  0.17314432374654917  0.18496635731697597  0.19662028134707815  0.20872727559339568
  0.22045100635900949  0.23419607966440156  0.24732821651031273  0.26083331420493194
  0.27279382357654380  0.28318419325174277  0.29283920786398093  0.30197379046068185
  0.31083301732666141  0.31994891973669315  0.32879506171851597  0.33801013792569340
  0.34735617679500386  0.35696424059235521  0.36709388913183222  0.37720194335825424
  0.38716802624419838  0.39737342708237378  0.40791466897660522  0.41919353479350419
  0.43134503892446840  0.44265711416551112  0.45366412957768520  0.46430125998161426
  0.47451678600781450  0.48409798745648080  0.49281679405071066  0.50134874831069021
  0.51023100276958699  0.51931523067162888  0.52869267058167146  0.53857230470879702
  0.54954995611503077  0.56162739406963902  0.57200226444076230  0.58179609381465147
  0.59078725288580036  0.59878715189936149  0.60647026362847634  0.61491781328564066
  0.62522656739818561  0.63463084264443703  0.64253188360068803  0.65233910145994056
  0.66339746212308126  0.67440906426782832  0.68538877173193824  0.69526271486588254
  0.70483657754854578  0.71415225025441509  0.72179777658958810  0.72994769126379155
  0.73813027682526278  0.74682896404232224  0.75709666990221547  0.76890781320675006
  0.78118291113012650  0.79273728454313941  0.80490582302711056  0.81671927717015858
  0.82743188268357859  0.83838635840080944  0.84885758912400866  0.85946986618814369
  0.86920768920609115  0.88011040801412344  0.89158860976550414  0.90237450814851983
  0.91306240024434504  0.92374389352458297  0.93543558329361665  0.94532346332411021
  0.95566969737827179  0.96477099050096771  0.97139493654170517  1.00000000000000000
  0.02392055425145402  0.03173735546656384  0.04046609777315785  0.05078518684063187
  0.06153587399635279  0.07353426644807533  0.08640049132070023  0.09936540445236747
  0.11182383999305240  0.12356825437127968  0.13512186301093018  0.14687686562682839
  0.15753346463077800  0.16720637568070551  0.17631390338798456  0.18560596307841301
  0.19552442563364272  0.20654297622518733  0.21910867154547456  0.23191225816289693
  0.24345581459082849  0.25438829916365968  0.26476776989961465  0.27511415538619549
  0.28517709965866844  0.29603532483450301  0.30709312639111491  0.31734498317987336
  0.32658860426871128  0.33691990259077403  0.34872175976765951  0.35924641399321172
  0.36786360793678374  0.37575837055529926  0.38446577087019473  0.39362078481775625
  0.40241108518191049  0.41022971347647003  0.41812806742065550  0.42749208065643035
  0.43699068637135163  0.44674909523177214  0.45726491068616748  0.46736618568919269
  0.47779211601415145  0.48781408316338254  0.49770311749436807  0.50798177736533434
  0.51871700164139434  0.52817623934168412  0.53767409864404014  0.54743040049418612
  0.55713254467542750  0.56668515866212021  0.57698279396055496  0.58798974781090929
  0.59953401202119372  0.60977291314648219  0.61908299128457078  0.62865823360007711
  0.63839750766806524  0.64826765639931239  0.65802658863755770  0.66779434765512014
  0.67805931148140208  0.68909507157192285  0.70049894731309559  0.71154212954032658
  0.72160413928352707  0.73144952676509767  0.74054232927322627  0.74977685168194441
  0.75943263746024803  0.76903091167156734  0.77864554235145444  0.78861987513202980
  0.79851129556298472  0.80872848901954797  0.81795742326021581  0.82641730756084286
  0.83603960399993493  0.84597842907837062  0.85650531932236984  0.86724058154633854
  0.87691282614606569  0.88705767079481490  0.89755620336186415  0.90770293429796944
  0.91805779468638860  0.92771360919963664  0.93745068167973489  0.94711386546500032
  0.95679841246808861  0.96584306103952333  0.97088112259272064  1.00000000000000000
  0.01052886982923193  0.01412961134708125  0.01975434652788876  0.02662521407078153
  0.03463226343957108  0.04399085971311723  0.05435705340215263  0.06474527923150507
  0.07525029328494126  0.08631636490509251  0.09779668006346982  0.10978939637838245
  0.12246511405457486  0.13423075925553341  0.14545726233687731  0.15695791941618834
  0.16833823694640207  0.18011952834256514  0.19170100797177239  0.20305590288338127
  0.21360017989939953  0.22321713651236691  0.23256669731218593  0.24182551925106749
  0.25167239235972177  0.26197377224488844  0.27241711875743690  0.28259660899512151
  0.29334599201501188  0.30462240191546219  0.31575191746697073  0.32662812230715327
  0.33768192789546997  0.34855511985289278  0.35953936968520650  0.37082491703751258
  0.38209916905160746  0.39320673136308132  0.40419032004982192  0.41575839455158831
  0.42799895990800874  0.44024190732878854  0.45340647161770609  0.46627003971029418
  0.47939480554515934  0.49238616326039253  0.50506957295676458  0.51638058155137001
  0.52629196583266358  0.53529254054521869  0.54327421002791620  0.55114029350656357
  0.55857272424042037  0.56764452308841029  0.57645728231835092  0.58672552368928610
  0.59854984621395790  0.60852700318047559  0.61730623728973955  0.62603813296899780
  0.63462537396570684  0.64341866421016580  0.65129518676214315  0.65904003822986024
  0.66698609812715992  0.67650224359748867  0.68676051431272556  0.69627067792817421
  0.70512120178082316  0.71644606246845777  0.72954197658554021  0.74282207216264340
  0.75607121215059669  0.76873841107718510  0.78040275758347066  0.79089623765153605
  0.80034450608834795  0.80974068170071067  0.81927684774326159  0.82890552252401761
  0.83865941417204348  0.84851223955864263  0.86001491462398061  0.87055079619346809
  0.88111964692973666  0.89164529263815973  0.90230885708054931  0.91267251064573918
  0.92172706458918530  0.93017312232903782  0.93996577190780173  0.95044344902485778
  0.96046025388124934  0.97134186968536762  0.98256890847045608  1.00000000000000000
  0.00192897695049989  0.01593620624763929  0.02974403186049801  0.04245764377041994
  0.05369051036831322  0.06481009425642081  0.07643674097765120  0.08810653826229102
  0.09918410898276170  0.11015998962175629  0.12192020559306170  0.13395241850511397
  0.14404385448922419  0.15412161593893625  0.16377576808373784  0.17428587275119525
  0.18553022743363526  0.19622230393731024  0.20614106702504223  0.21537447049716771
  0.22458393931781520  0.23477933115439537  0.24592006506622463  0.25734217187793962
  0.26831112417675934  0.27937030010285946  0.29160987962580187  0.30488185924336830
  0.31839663467843499  0.33015373305177026  0.34190998429426123  0.35246752843180573
  0.36337279820673968  0.37418388789477575  0.38432677618363342  0.39297101808721768
  0.40098902385911789  0.40841736406185752  0.41698410444976924  0.42655180780932883
  0.43760623849142533  0.45054794639815737  0.46221185382928620  0.47273252953018913
  0.48259958074679343  0.49253180888497222  0.50257742362997460  0.51184779275596648
  0.52192984474875614  0.53283891654380866  0.54367640850578591  0.55430735027488154
  0.56483811207085233  0.57666635212870843  0.58879926048993692  0.60098258894129153
  0.61259169196339969  0.62317244010957840  0.63267734477595339  0.64191385339026574
  0.65117613511670125  0.66032554097207330  0.66921853778566442  0.67859986461553812
  0.68876221413263139  0.69942180207655891  0.71024119060177882  0.72128686574364642
  0.73201321548693865  0.74219796584627551  0.75304413604756404  0.76488440360562771
  0.77509561176930952  0.78473155404735040  0.79466880462362888  0.80592466786605044
  0.81706548573495463  0.82761435225724378  0.83822794194446359  0.84874349322233589
  0.85972850201555373  0.86937021713763318  0.87869852480305011  0.88811261471713632
  0.89747036896980670  0.90644051756582356  0.91547623217141949  0.92506960267662408
  0.93465626413801794  0.94431856549725868  0.95473652239427698  0.96620515678329943
  0.97653949971091392  0.98542012261029610  0.99226856325438439  1.00000000000000000
 -0.00025049183943346  0.00185063532197758  0.00326823295936849  0.00494505018918555
  0.00710999617804628  0.00962075463019297  0.01270266185602329  0.01618393763344108
  0.01995183387063404  0.02418314818982871  0.02886245258606020  0.03368873807121884
  0.03906919338579474  0.04442482297071030  0.05013380624096899  0.05641319193630458
  0.06282942318080742  0.06887912345709504  0.07506769668187820  0.08226486428337207
  0.09057292422984989  0.09781131083881150  0.10446296791253358  0.11141537141480579
  0.11902576040629956  0.12748398631243024  0.13635346447267863  0.14538517023946521
  0.15483571190288375  0.16468903598319953  0.17460340602213803  0.18457933660774262
  0.19466438528907279  0.20448018354214140  0.21418552630429646  0.22389999458326371
  0.23389016393722017  0.24466811869711105  0.25593114845033260  0.26748062252370053
  0.27980302151808473  0.29164497147761226  0.30281211048627915  0.31342721130615137
  0.32382238893201859  0.33407075642601769  0.34423164704344095  0.35458655812423717
  0.36494022285048544  0.37588713147511349  0.38712781655642997  0.39931393072877824
  0.41200402820096954  0.42441108572278408  0.43651407199202424  0.44797296583023200
  0.45914189996659538  0.47067269791158517  0.48430334134856895  0.49764822960255595
  0.51162001673683433  0.52635011016514532  0.54223040091404073  0.55788475965474527
  0.57261720271144112  0.58667719837828503  0.59889992009934179  0.61215813380910633
  0.62466802488645312  0.63669926620039530  0.64854540212866219  0.66032361427409603
  0.67201812336866174  0.68388695607154371  0.69567806441443902  0.70914022515526698
  0.72298808021582506  0.73704894871837034  0.75126013451409479  0.76524168240622004
  0.77885006619869723  0.79272083148692796  0.80693987232698527  0.82153443722531627
  0.83621969509745586  0.85341933094389721  0.87054336426158418  0.88638534134969116
  0.90143991369002474  0.91642923375839680  0.93140523327971603  0.94589089869768928
  0.95966829335370174  0.97317661636996189  0.98659210000415154  1.00000000000000000
 -0.00256671842675421  0.00929011397876848  0.01998612625097556  0.03132967915536061
  0.04336647001588710  0.05549583174758554  0.06777626825092417  0.07988630201328431
  0.09105927996681741  0.10102344539904008  0.11109129136050200  0.12139123512311130
  0.13136417013866866  0.14141143291170413  0.15323426298334997  0.16478290219759059
  0.17550786629822820  0.18650782855549794  0.19844515587678224  0.21009158910927714
  0.22104154025186235  0.23167238813836333  0.24186913485545372  0.25163515036993372
  0.26104391899056550  0.27078566705741991  0.28055506722167262  0.29015902385420328
  0.30046327589558514  0.31098125325526171  0.32149482149027858  0.33222747336156777
  0.34466824354407033  0.35728388954902091  0.36868386750890364  0.37926402820440702
  0.38917715213685489  0.39855791125058110  0.40685326519049264  0.41525707907205256
  0.42470982369866012  0.43551485888151675  0.44697201464417763  0.45880183878828407
  0.47182529702362197  0.48627002931242608  0.50054994187658353  0.51372250123723151
  0.52423518468016095  0.53284204781704048  0.54087729568318010  0.54860271825259743
  0.55625890246528398  0.56378913446763768  0.57225674198850196  0.58106285957022608
  0.59084784789609579  0.60181705824060283  0.61293223810234310  0.62352841155582051
  0.63342805521668122  0.64369001639214851  0.65497653217156604  0.66738147337519915
  0.68043114234177582  0.69270025410952940  0.70426483063506984  0.71540724366339103
  0.72609288771104907  0.73573287470732074  0.74479602206157891  0.75430569999551467
  0.76464912139657382  0.77492825532159226  0.78475009620491420  0.79477264782208656
  0.80443463909678126  0.81350633352254031  0.82224678677539742  0.83139208825903965
  0.84166421114524603  0.85139673514103109  0.86112580844319064  0.87177220678348810
  0.88358588743249411  0.89569451088134411  0.90702659427522070  0.91818472002910612
  0.92968158610156781  0.94073443315441108  0.95057218971368596  0.96038802559950398
  0.97089775379342302  0.98070893628843592  0.99053040476826359  1.00000000000000000
 -0.00218956918301867  0.00808355896785525  0.01800964888390234  0.02781327581939113
  0.03845257409508653  0.04794230186120862  0.05789963051052508  0.06891144063126062
  0.08006332756374293  0.09035221036355261  0.09864501645453255  0.10823871820392900
  0.11865401154623630  0.13041871950716402  0.14323831970950868  0.15552261747417848
  0.16714062182323311  0.17971202927549076  0.19215693638107159  0.20416553258990061
  0.21530929448787969  0.22552817476402270  0.23505157067483390  0.24479422321562549
  0.25364585828860486  0.26136978888928347  0.26884948467453879  0.27781099090265188
  0.28704038784809693  0.29631567010466464  0.30609112208346800  0.31576597927276961
  0.32516054689616303  0.33527630615296855  0.34531047612393778  0.35515679247161697
  0.36485066821227408  0.37493763180886530  0.38634993133039736  0.39900505479437742
  0.41163570492305662  0.42267965900682508  0.43393677426169164  0.44557363961063223
  0.45910327832802150  0.47207191157158201  0.48464392574631376  0.49648387702634567
  0.50774565670387417  0.51843610343773339  0.52872569941333003  0.53861963621171216
  0.54821712720181703  0.55796339528054018  0.56885834629517473  0.58058288967874361
  0.59209973190275300  0.60286277338133742  0.61364401206901475  0.62479121558848671
  0.63586710210239905  0.64621684739105056  0.65676065321778221  0.66660280826247753
  0.67513691074083071  0.68375785889276497  0.69173352572527835  0.70037563386620272
  0.71061047494183860  0.72102170107124930  0.73136977587970231  0.74115867548639702
  0.75045062207545821  0.76073412017740594  0.77203955076671649  0.78409305765927229
  0.79578184717006450  0.80667462923035804  0.81626819727869837  0.82421346583525179
  0.83144963115956427  0.83904855591989325  0.84794235379152494  0.85770717620705961
  0.86806763328381553  0.87897857320413242  0.89021563339310006  0.90135100985609651
  0.91243429789077968  0.92410075757885368  0.93664163567757008  0.94937038866363943
  0.96222718266782670  0.97502509147475314  0.98731713628496065  1.00000000000000000
 -0.00282607598414103  0.01141471124855500  0.02416135019529699  0.03627306712432846
  0.04784981747602099  0.05875773466471813  0.06954250399843125  0.08081406071745011
  0.09254035505733173  0.10437734979873371  0.11628324427683676  0.12793681567898721
  0.13942486776375271  0.15039123477313812  0.16072619200686750  0.17026591801457944
  0.17923533316453744  0.18829441126571936  0.19777721859359426  0.20732602470985392
  0.21713374846383374  0.22745370004705298  0.23861974041527384  0.24986177607325474
  0.26056402467914846  0.27126856828485429  0.28148839374620849  0.29059207693216849
  0.29838625770192678  0.30619957313581353  0.31523539077441454  0.32556848866416965
  0.33684294145356147  0.34853578573806709  0.35887879141983087  0.36919844025813198
  0.37955670303396660  0.39207890074374901  0.40492224099421525  0.41755204199613222
  0.42991851953316429  0.44173782542612056  0.45244409938374969  0.46315677122445198
  0.47377381478291836  0.48395207790942785  0.49398803545800979  0.50372770955384305
  0.51408176011896067  0.52441593900838313  0.53559005003559557  0.54724501403377668
  0.55920492945994837  0.57083587074229403  0.58187171061915766  0.59119147388766180
  0.60028884476057542  0.60897232415257729  0.61735183789993753  0.62599211996595450
  0.63532847609023813  0.64576182471737209  0.65673452899938622  0.66783127315459312
  0.67932136940063437  0.69095796307494584  0.70251628798691423  0.71321924329051223
  0.72315657386054288  0.73291942783655095  0.74160321601454593  0.75114640621078033
  0.76102010610274595  0.77151396759971336  0.78271676994596773  0.79477159514981555
  0.80886550084612252  0.81889339289769014  0.82785319160007853  0.83558763342975040
  0.84294745814978678  0.85035937661493299  0.85817645562802825  0.86671395828456377
  0.87520139993036672  0.88379526093840821  0.89174358759002870  0.90108605538065301
  0.91144165507692421  0.92255844168244450  0.93438036885007214  0.94610639368601135
  0.95832546077984859  0.97149600266554059  0.98529551341660737  1.00000000000000000
 -0.00330015891928342  0.01076301921168141  0.02278581594359649  0.03511273494591669
  0.04722579877197183  0.05822294347616364  0.06826196043310202  0.07771182196557873
  0.08726554097130497  0.09726642813647227  0.10726277350934857  0.11824801871134388
  0.12977507660754695  0.14136755039482202  0.15356607235345901  0.16487546107567555
  0.17598013197960827  0.18587217359072275  0.19639381453666788  0.20523933864494417
  0.21385641366747124  0.22212054832743219  0.23150682325905977  0.24251388972025148
  0.25245914879780451  0.26286489561539261  0.27436779136346917  0.28656050047073955
  0.29898439174237013  0.31078220393269129  0.32214323404307688  0.33336652494162250
  0.34402901886087722  0.35482838749390327  0.36538169218829802  0.37633389438442061
  0.38731686585392733  0.39834430329058540  0.40974662868721784  0.42216343641084181
  0.43515844480735100  0.44784593984357884  0.45973737597658343  0.47055031910415274
  0.48033479245599353  0.48958421968170757  0.49857483143103970  0.50786904428225632
  0.51835741339766428  0.52971649952474709  0.54103383207054712  0.55182618089030122
  0.56312285490255909  0.57535069920894588  0.58734122884104600  0.59859702105190293
  0.60879734920254269  0.61984641065614332  0.62997636285910874  0.63955236137509142
  0.64975757832236070  0.66030793011970146  0.67037661123829539  0.68029151312067260
  0.68999397124629414  0.69889738606589213  0.70739111219374695  0.71566667370486137
  0.72387510219193851  0.73228461959214664  0.74096490962726858  0.74977521183622053
  0.75847263688064326  0.76694260211417831  0.77581971266325223  0.78507708025532630
  0.79499417083713608  0.80520840287468121  0.81557396736220122  0.82625870553827174
  0.83739811122944074  0.84854324923249635  0.85989502487754077  0.87206667843253449
  0.88469268550431790  0.89736046918934809  0.90922148641025446  0.92013158747712320
  0.93054313038919079  0.94087401195449694  0.95236551651271251  0.96228913304845076
  0.97148904346895637  0.98043942112333049  0.99006914845353466  1.00000000000000000
 -0.00181322989157693  0.00751541438908941  0.01627694218959231  0.02651897636789894
  0.03690396907056650  0.04753797640885948  0.05894652383678083  0.07093500682497933
  0.08272562424048839  0.09278166818244514  0.10129272729887302  0.10954512644204233
  0.11785585385044736  0.12652974140476742  0.13513133230778657  0.14369750736770640
  0.15250094831875680  0.16194418311895289  0.17169354372952517  0.18137634900159391
  0.19175581362519054  0.20358282632816013  0.21470703434032840  0.22575841032187050
  0.23705000948445629  0.24871761536189352  0.26044195687134536  0.27163374587656569
  0.28189330504691368  0.29129437505799338  0.30122544876148938  0.31077365033930965
  0.31950792178375942  0.32873425473288420  0.33878616545356871  0.34965321102894131
  0.35970875937079660  0.36915619027871610  0.37907301384085013  0.39202100223830050
  0.40582874048638423  0.41942953109089565  0.43141749270802027  0.44233783424116951
  0.45262462548274207  0.46263503856190569  0.47269155312954175  0.48311615775764327
  0.49328460949148051  0.50302593125043005  0.51160717100714925  0.52096476048784801
  0.52993309573729830  0.53960214551089980  0.54947532285264966  0.55996264169217502
  0.57165537786925813  0.58210465559446034  0.59160715224951732  0.60160758561853589
  0.61281911513079945  0.62468446679163214  0.63585597623735868  0.64693435820010969
  0.65925406223421734  0.67205556846590742  0.68433821923149718  0.69725858121359052
  0.71021480456432551  0.72195585077572455  0.73263591170163656  0.74232908940184095
  0.75251937165542948  0.76324283007156002  0.77502340090516453  0.78647616329883474
  0.79727286790164875  0.80815972604224207  0.81837631353741702  0.82856177551740928
  0.83943974463779625  0.85003742903112822  0.86018567049640582  0.87004152173874183
  0.88140406220622869  0.89377274881232605  0.90468679655673512  0.91345652570860547
  0.92183457518104517  0.93088892844953341  0.94112985906240620  0.95201693686017186
  0.96176039440229577  0.97290261973880332  0.98479588025905795  1.00000000000000000
 -0.00197266881179924  0.00820804091653821  0.01720252920067357  0.02572975105255727
  0.03478087423822353  0.04391426437818819  0.05312104082324847  0.06218028094317396
  0.07167130856315578  0.08124509850073140  0.09092026235433964  0.10090022469549656
  0.11083796847796828  0.12065854689053855  0.13023789714709905  0.14019883562429591
  0.15020379991264676  0.16019991261805738  0.17070109918705056  0.18134153743351822
  0.19308188031394180  0.20345905435622802  0.21381098086555256  0.22472385991435936
  0.23511376025759886  0.24613379997528215  0.25647470973433328  0.26632654806604189
  0.27567684912522905  0.28474861565617160  0.29340965933952945  0.30167269860838758
  0.30983551046786090  0.31930222156625299  0.32861538159095277  0.33749792011244273
  0.34603061785463218  0.35595156380767784  0.36627482487941154  0.37717132650624552
  0.38741133346260687  0.39755770966636950  0.40840748926877218  0.41939748605539667
  0.43043792444628581  0.44227406361045807  0.45559166580846655  0.46936284526432093
  0.48246272876753699  0.49382204852356820  0.50418321949286948  0.51495351527101663
  0.52577118841084847  0.53887789339445524  0.55128530086683225  0.56228490864552272
  0.57364112889541496  0.58482529205058409  0.59664680020541594  0.60883743423212600
  0.62532687657247754  0.63936818989010780  0.65193632909707810  0.66307254217144895
  0.67347481272027432  0.68392654767740002  0.69546698484363279  0.70655601684934011
  0.71712002673543540  0.72810176916119640  0.74051504079234387  0.75238510423181371
  0.76257869508507958  0.77204940226196606  0.78182615354869089  0.79191558942286544
  0.80181492010681188  0.81027956885982788  0.82053990142446431  0.83239561114216409
  0.84522560146156533  0.85825972081344581  0.86960271587323512  0.87961311325702252
  0.88827809061825225  0.89745996207470435  0.90656718653029200  0.91565878732352468
  0.92506601586801451  0.93454244890067595  0.94492901307393318  0.95672400011418079
  0.96830615433981349  0.97949199595672931  0.98992333983542213  1.00000000000000000
 -0.00165916718015312  0.00679777221776923  0.01555261679960784  0.02424256525633731
  0.03363058234870918  0.04342220878066495  0.05306920763950053  0.06283966055649670
  0.07314856269658970  0.08378823920435559  0.09477664439195932  0.10636080615257303
  0.11829315579093057  0.12921126133971000  0.13861537203788010  0.14856863546223642
  0.15859201363407635  0.16797305944443361  0.17649935802625258  0.18556217316525050
  0.19639190667421449  0.20796279981071736  0.21871319643087875  0.22911808573001724
  0.23965107331799984  0.25111566472798208  0.26236941199703456  0.27369617897598048
  0.28490303893147506  0.29697305373766358  0.30834660098616351  0.31886366624434942
  0.32905946158129967  0.33953364441166350  0.34940728234192259  0.35921143625001561
  0.36881047809630313  0.37911336869035583  0.38994486573343984  0.40146162584564837
  0.41268522362594673  0.42226373065677175  0.43143558914275576  0.44078681666405539
  0.45028294238643607  0.45943535852925466  0.46962249399432254  0.47973645933673992
  0.49259425438054477  0.50387913314083577  0.51353140488366789  0.52311114229315103
  0.53163146313750109  0.54081218124698271  0.55007322333295761  0.55974178875458769
  0.56950269567475842  0.57915712345441106  0.58957620613748107  0.59985965720466827
  0.61076932882642865  0.62174118990150751  0.63267772893516760  0.64404155423507681
  0.65543064287197983  0.66650221962297640  0.67738868940440011  0.68805605196447606
  0.69870826217214110  0.70975382960951039  0.72108644358058493  0.73317714373959564
  0.74606021732832495  0.75878267937870203  0.77106322587546949  0.78390741884556003
  0.79595586189002210  0.80793061279613632  0.82068947114204782  0.83364987999091278
  0.84520865939633194  0.85606870614149255  0.86732143572597808  0.87828441550055758
  0.88778215645757619  0.89704430379749545  0.90669867325355391  0.91714870955829242
  0.92825386138572208  0.93946474885515774  0.94922673191823159  0.95923303794231907
  0.96963562920850621  0.97989582684413468  0.98984515798601813  1.00000000000000000
 -0.00677280215739672  0.03453672551459493  0.05940642257061771  0.07913072736424806
  0.09645926541328084  0.11170789227703579  0.12577715244692797  0.13857361466169021
  0.15057780026160239  0.16153429553486556  0.17148809616284988  0.18114338368511990
  0.19202411513677139  0.20389558843607114  0.21390707485292648  0.22351715396287772
  0.23151366444098637  0.23925448413001082  0.24715700404819094  0.25447029110891911
  0.26171877538149857  0.26926574686861110  0.27792503479845310  0.28624315642225950
  0.29514500968734103  0.30548755309483849  0.31481415872328916  0.32328729609801587
  0.33163992461309749  0.33962367871412064  0.34739659702726894  0.35569012661115013
  0.36463339385510751  0.37445451402812074  0.38547347305551016  0.39621471120701324
  0.40527439053114434  0.41370536405562774  0.42185582532733212  0.42987452434882684
  0.43796634173444282  0.44639457480173239  0.45455804041195269  0.46191651523086252
  0.46863536336625150  0.47501603186408986  0.48227294847599056  0.49072743231170535
  0.49939798001167901  0.50764055381871021  0.51547275791409231  0.52318848254343842
  0.53090370720387048  0.53884928328383819  0.54717574145088421  0.55561750915175701
  0.56406663754650666  0.57288036014340549  0.58177549292153141  0.59004401661184780
  0.59863668296381678  0.60697092905807892  0.61456377763421188  0.62216084908304170
  0.63001668707094649  0.63876066624400307  0.64692774677189335  0.65466506896255661
  0.66265663815108677  0.67064249093085559  0.67972948354547769  0.68859690303425636
  0.69677499754173278  0.70412533632844487  0.71239547078573484  0.72126391707489446
  0.73070458958406281  0.73982789233545387  0.74946574009249090  0.75926344408774782
  0.76866634000781842  0.77694156470198850  0.78522061759480188  0.79468636119843616
  0.80487728205138631  0.81495125124446355  0.82537129428350742  0.83818290539608331
  0.85447697111041632  0.87180481916147257  0.88753903811124712  0.90448450229555399
  0.92164596053254821  0.94154666267665099  0.96790992558803146  1.00000000000000000
 -0.00348600135121988  0.01047021951972085  0.02193441065747455  0.03258773027180082
  0.04353102615355847  0.05494859275081793  0.06638672028145934  0.07735436651038258
  0.08865041760228094  0.10058829143595691  0.11228241117001177  0.12359925436189939
  0.13396657399759107  0.14427249165085870  0.15555790332346445  0.16845238240428601
  0.18274554751909519  0.19659030263652821  0.20937411074201875  0.21920543581850102
  0.22841458099192169  0.23806828682281994  0.24856521253158834  0.25901201107062838
  0.26821587201737573  0.27668807147356261  0.28481373772756796  0.29323245999435160
  0.30181301177987391  0.31159706906414786  0.32330819652636733  0.33438289825073048
  0.34445429637082342  0.35432355162688961  0.36388733181282185  0.37400248692713034
  0.38459883929002259  0.39533302799688985  0.40567459805205291  0.41649398074871025
  0.42740439645741146  0.43851180754382563  0.44824597103461655  0.45832089880411725
  0.46828959302530471  0.47838533239063707  0.48819734652072239  0.49773241769926191
  0.50776209414771001  0.51794497215856428  0.52804777353090926  0.53803167258337814
  0.54848569051125506  0.55897030606831133  0.56943827845965045  0.58064437856454620
  0.59234440177153891  0.60338320461875905  0.61433775441678018  0.62603383728643458
  0.63828213579868665  0.65065828811001591  0.66243211160892113  0.67245162996031871
  0.68163841920125845  0.69123821095035320  0.70130259012739549  0.70991939467269960
  0.71773269713260679  0.72559158118672695  0.73488113350210171  0.74565981826620986
  0.75611268112171581  0.76675870531316659  0.77818263463132231  0.79043660649767200
  0.80136382616281332  0.81115948557193074  0.82071133187269030  0.82992230860493632
  0.83976207272557946  0.85026110026509749  0.86073884584707849  0.87250198734607132
  0.88606895025885224  0.89903077052138936  0.91061050531552090  0.91967875041161329
  0.92844448595541706  0.93709068061316159  0.94681592932863945  0.95813418452353716
  0.96822946592672765  0.97785554749831882  0.98808287266993267  1.00000000000000000
 -0.00344063364099902  0.16341740838267352  0.21598030257041162  0.25527169236710440
  0.28771262545754578  0.31551344128748005  0.34279374871825702  0.36880955913337976
  0.39251662214661864  0.41370265418694485  0.43274205574351260  0.44978682475395737
  0.46586725742144958  0.48139831831656027  0.49690666941027883  0.51181483537252848
  0.52607399874159466  0.53982814736742135  0.55260002058721125  0.56425032446764334
  0.57437834164761070  0.58410241233981375  0.59290526680333477  0.60133587884268236
  0.60934635757549838  0.61668222517443183  0.62371810863785915  0.63081995214769937
  0.63812473023350769  0.64554268988365049  0.65313539406494980  0.66032599777485701
  0.66719866484205970  0.67439019073187989  0.68150092010294394  0.68858670018003976
  0.69577784627020134  0.70304493337172025  0.71016564580269070  0.71662484618526512
  0.72255151813599028  0.72847646267911792  0.73470370122165740  0.74115170974811506
  0.74727992855892811  0.75268544236536505  0.75689484958521747  0.76175386255340494
  0.76680628807950713  0.77215435662101595  0.77771805922076764  0.78277779234348632
  0.78763081462960860  0.79237647394774435  0.79719996561184159  0.80184922324222174
  0.80640698191212057  0.81118203378886855  0.81651451302526101  0.82260573002015780
  0.82828940643449434  0.83311155980999585  0.83748258872488446  0.84182889205792089
  0.84638386667471432  0.85119390732912559  0.85605265086040827  0.86133701355419334
  0.86646525273065256  0.87141036476521072  0.87617261821975390  0.88071809869398032
  0.88478733653589692  0.88894082231999738  0.89288723747769549  0.89667543899364810
  0.90059627502846640  0.90444591225639015  0.90827236367225661  0.91233160755292020
  0.91613231793864369  0.91971509380347372  0.92317656010394200  0.92660358743063098
  0.93022741322364721  0.93399644398184911  0.93776538582554236  0.94156002826930130
  0.94517855767482373  0.94870349540352694  0.95266010826017811  0.95752418423454266
  0.96363088086581850  0.97136330019804240  0.98153139598648387  1.00000000000000000
 -0.02311222380402364  0.14044457303404284  0.17895161459220532  0.20162025024117183
  0.21969197544853480  0.23394981786339386  0.24618055373296557  0.25731104592090864
  0.26784199594490637  0.27912474011415533  0.29001808580151678  0.29945472975309878
  0.30749553832181775  0.31463056794864674  0.32075088089164233  0.32711952433336527
  0.33327400316949679  0.33957529762022737  0.34605565530247046  0.35275060269401581
  0.35917861072419305  0.36511898901236994  0.37103949215258702  0.37707558257187784
  0.38352230246974167  0.38904386656504886  0.39462074070794728  0.39977680494881046
  0.40513824658231584  0.41031641314401734  0.41513011148904655  0.41978143082132124
  0.42444126379420222  0.42924431599690804  0.43412636840807017  0.43896785716361608
  0.44391964541081974  0.44898593663040537  0.45460718584100834  0.45953439297307608
  0.46462646947045994  0.46951307201657988  0.47420959760482212  0.47910260411815453
  0.48411949862875331  0.48915617166404385  0.49453932245758186  0.49987502709574722
  0.50514361322894752  0.51063548732775565  0.51594543155917394  0.52073141334020034
  0.52502572202170994  0.52905220549598420  0.53315412714599364  0.53760417168316399
  0.54228088583147527  0.54671701789215643  0.55091369659611156  0.55509111585362447
  0.55884526818646818  0.56289146860366579  0.56710824732198029  0.57141576458420373
  0.57574401067173298  0.58005070412596571  0.58443269151696764  0.58899258150784339
  0.59386883472577356  0.59910735992347552  0.60468739762381263  0.61077647498865439
  0.61636680092231932  0.62178283949742474  0.62712430962268495  0.63319338523701163
  0.63950738926841755  0.64627265818376090  0.65326647464947796  0.65984439316908627
  0.66688336542390803  0.67391324682517495  0.68297387099247808  0.69152482926452596
  0.70076831644719384  0.70919016960730719  0.71890393388371832  0.72874275716382930
  0.74201145965950643  0.75414934089476537  0.76637174474731307  0.77999860075622129
  0.79609954200150113  0.81732174435321592  0.86020081085173961  1.00000000000000000
   3.4526399278600240E-013  -1.0000000000000000     
 T T T T T T T T T T T T T T T T F F F F F F F F F F F F F F F F F F F F F F F F F F F F F F F F T T T T T T T T T T T T T T T T T T T T T T T T T T T T T T T T F F F F F F F F F F F F F F F F F F F F F F F F F F F F F F F F T T T T T T T T T T T T T T T T T T T T T T T T T T T T T T T T F F F F F F F F F F F F F F F F F F F F F F F F F F F F F F F F T T T T T T T T T T T T T T T T T T T T T T T T T T T T T T T T F F F F F F F F F F F F F F F F F F F F F F F F F F F F F F F F T T T T T T T T T T T T T T T T T T T T T T T T T T T T T T T T F F F F F F F F F F F F F F F F F F F F F F F F F F F F F F F F T T T T T T T T T T T T T T T T T T T T T T T T T T T T T T T T F F F F F F F F F F F F F F F F F F F F F F F F F F F F F F F F T T T T T T T T T T T T T T T T T T T T T T T T T T T T T T T T F F F F F F F F F F F F F F F F F F F F F F F F F F F F F F F F T T T T T T T T T T T T T T T T T T T T T T T T T T T T T T T T F F F F F F F F F F F F F F F F F F F F F F F F F F F F F F F F T T T T T T T T T T T T T T T T
  <DiscreteSampler_grid>
  grouped_processes
  1 # 1 for a reference and 2 for a running grid.
  10 # Attribute 'min_bin_probing_points' of the grid.
  1 # Attribute 'grid_mode' of the grid. 1=='default',2=='initialization'
  0.0000000000000000 # Attribute 'small_contrib_threshold' of the grid.
  0.5000000000000000 # Attribute 'damping_power' of the grid.
 # binID   n_entries weight   weight_sqr   abs_weight
    13   10   1.454219522119333E+000   2.091740749882592E+001   1.454219522119333E+000
    14   10   1.454219522119508E+000   2.091740749883098E+001   1.454219522119508E+000
    16   10   1.877114127934496E+000   3.483783728929983E+001   1.877114127934496E+000
    17   10   1.877114127934720E+000   3.483783728930820E+001   1.877114127934720E+000
  </DiscreteSampler_grid>
