  0.02496336554428589  0.02975004983983673  0.03591031286603771  0.04185469187702762
  0.04930312843092700  0.05975357590831006  0.07105331519595916  0.08179656960146625
  0.09239388780373094  0.10398656075011377  0.11327025265046799  0.12277972570980712
  0.13337598061724695  0.14399203589735454  0.15306389182117414  0.16123021512890370
  0.16957066028441459  0.17804270604757311  0.18740849854634284  0.19700310201945642
  0.20707858773563403  0.21760195431444695  0.22829956616353919  0.23915397637699665
  0.24937522685469787  0.25980364338066214  0.27067866958785114  0.28172470061163057
  0.29222543651833255  0.30164401633384963  0.30981991183066948  0.31660596574065980
  0.32276780107280773  0.32894271180663193  0.33489790620543719  0.34506796381957244
  0.35569104819254632  0.36599561426598298  0.37683708578665648  0.38795650295809858
  0.39923864983892515  0.41064760915351717  0.42154984725453226  0.43438664388526138
  0.44640846510739679  0.45831790670940542  0.47019676944152772  0.48091261678440211
  0.49064962104379062  0.49958459426570229  0.51028723315204416  0.52240958644675684
  0.53393054924611794  0.54514135684871734  0.55604264220967170  0.56793445174277823
  0.58136478049454721  0.59438635981465382  0.60484692362110981  0.61538171042908896
  0.62654116243478375  0.63482490393943536  0.64653937910608039  0.65386554260112639
  0.66030885163498454  0.66749114595556402  0.67472811489438234  0.68251473282561415
  0.69172389091190478  0.70221918843024922  0.71402883009582274  0.72594462638347623
  0.73656883540082319  0.74632871305521431  0.75564073002575372  0.76409878657533770
  0.77241992177768548  0.78112668888087389  0.79079161285785049  0.80166176434646141
  0.81259640074085793  0.82237245345501875  0.83234695651032986  0.84216672272752069
  0.85199551640673599  0.86142017009831107  0.87084533338478576  0.88156618817257748
  0.89382174457194830  0.90702828308210315  0.92034898114448371  0.93342074212498316
  0.94692804448679524  0.96187729249286735  0.97213617199029745  1.00000000000000000
  0.00000002733912098  0.00000052544566481  0.00000133870208316  0.00000237481988687
  0.00000342031675996  0.00000451598660659  0.00000573604640423  0.00000700393797987
  0.00000814677173519  0.00000918607024035  0.00001024696065356  0.00001136210525603
  0.00001250344476159  0.00001350912170255  0.00001435511928117  0.00001513804417056
  0.00001598187736192  0.00001691523595117  0.00001788995639434  0.00001884941268697
  0.00001980664137875  0.00002071996688724  0.00002154795056856  0.00002227230553602
  0.00002298173560887  0.00002374149922119  0.00002453903399476  0.00002537014260532
  0.00002616290452943  0.00002686933321975  0.00002754937855684  0.00002809330332890
  0.00002863219155630  0.00002917596640589  0.00002969779988023  0.00003024165455244
  0.00003080321866971  0.00003135218302095  0.00003187027355720  0.00003233551660854
  0.00003276278932145  0.00003315221560223  0.00003351749826678  0.00003387256556641
  0.00003422753683283  0.00003455129493783  0.00003487995460748  0.00003521135641832
  0.00003554524428633  0.00003588521214086  0.00003619965080848  0.00003655820613330
  0.00003701851740712  0.00006174025510573  0.00006316623937979  0.00006432650845185
  0.00006516469556039  0.00006602150291564  0.00006689931153838  0.00006782476889602
  0.00006875763794875  0.00006969094730878  0.00007063655300739  0.00007166610931841
  0.00007275773586152  0.00007400813594782  0.00007547359222785  0.00007711623282144
  0.00007897941638615  0.00008096524930945  0.00008306496354564  0.00008504019689627
  0.00008736573625262  0.00009046389784636  0.00009395721326024  0.00009752147837022
  0.00010149161760883  0.00010600350749582  0.00011120297183964  0.00011728105450191
  0.00012468839009235  0.00013423161519138  0.00014604877278273  0.00016273075326340
  0.00018524570986860  0.00021884455693622  0.00026804909352016  0.00033209306325959
  0.00040728658721599  0.00050083310079566  0.00063020517902988  0.00077339427866906
  0.00093903711080595  0.00119414535270846  0.00161655961305045  1.00000000000000000
  0.00911610364498423  0.01728157774493463  0.02642466352059166  0.03579311049380364
  0.04527304267658876  0.05401379649403278  0.06392746252878348  0.07382907762141278
  0.08366371910102370  0.09400711889146623  0.10552695461167728  0.11778718596229298
  0.12815928390697914  0.13846829312098868  0.14858291899300816  0.15943480461191564
  0.16937304364650291  0.17851940888476273  0.18762278467654139  0.19696303465892825
  0.20862435947739158  0.22128007975067113  0.23432813798354335  0.24710136490774476
  0.25823176275250659  0.26808527631573792  0.27735755122299371  0.28699657123948424
  0.29818010870838835  0.31064296829277449  0.32347393690021364  0.33495646832484177
  0.34524702792165757  0.35518262728806843  0.36494606845442829  0.37561627164725020
  0.38711567333983965  0.39821866203563611  0.40700930867499546  0.41537292977061085
  0.42338801278602772  0.43249450625063618  0.44133760351354528  0.44831040762415947
  0.45511325263198643  0.46244882233696588  0.47216073543519249  0.48383730908676087
  0.49548281849798537  0.50617836601067723  0.51738287689345597  0.52895123274755640
  0.54088590611974396  0.55249814826013210  0.56402924153570322  0.57510828526455116
  0.58614724108965144  0.59784716984518449  0.61086545781360524  0.62439607375359774
  0.63425016419400138  0.64172150905533820  0.64936232825891227  0.65586648439595086
  0.66260284229091571  0.67121904851447811  0.68044053055817677  0.68956791572950638
  0.69903909050372370  0.70857207545510581  0.71762255259923224  0.72670924785115731
  0.73732646801609747  0.74797406700617330  0.75880913869397248  0.77051003297799614
  0.78279090679590047  0.79408679795418380  0.80366929712332524  0.81392877329755742
  0.82601889973017950  0.83793047846537461  0.84851816451532658  0.85850775387721034
  0.86891494058101526  0.87991293128932824  0.89096853981660173  0.90126194898240009
  0.91270018132513775  0.92543389208063753  0.93931986187884742  0.95182959463181849
  0.96370980394694328  0.97529561098428874  0.98738911964584786  1.00000000000000000
  0.00378811156796474  0.00986394890051848  0.01752595719485612  0.02693363761594608
  0.03649015640513647  0.04647841123161817  0.05808810912815689  0.06813157142717560
  0.07766603874164256  0.08578128007516797  0.09465033026595979  0.10459074723289669
  0.11453325946829417  0.12510696189976148  0.13642288922915558  0.14893591092783257
  0.16245833207898078  0.17468116776874126  0.18579307912219861  0.19626109202909212
  0.20538650441249739  0.21344872481786961  0.22180310119876309  0.23143767660183207
  0.24301305356932840  0.25616822465264311  0.26977253623773390  0.28106994179683698
  0.29186876295562347  0.30221999064363375  0.31324244174926336  0.32411521068982685
  0.33426911441498258  0.34440987945931045  0.35389487497490069  0.36398924183682368
  0.37518405596304621  0.38514947226144869  0.39494089172864733  0.40388219074195580
  0.41446136419205304  0.42588730480072279  0.43468818499696571  0.44105703922510825
  0.44807184126466704  0.45562336346678933  0.46372553205003303  0.47165961746020746
  0.48381451573494522  0.49673495083829700  0.50937854203547139  0.52246856983441370
  0.53521949159715632  0.54692628967392976  0.55689022593553783  0.56613128714263172
  0.57559829104075722  0.58627021717325212  0.59685829821794945  0.60750385378172111
  0.61791353467660592  0.62773660192392944  0.63762684213444387  0.64858149829823863
  0.66100730239481253  0.67330517035194526  0.68668792648769994  0.69821117609506744
  0.71034883806163784  0.72189178619182948  0.73220416098620500  0.74372177359126490
  0.75544410891888825  0.76716369541799501  0.77906937343151650  0.79079066272035980
  0.80195220641366938  0.81224629043086838  0.82182959406164291  0.83051672230441487
  0.83980484488327467  0.84917953289918424  0.85895912276483255  0.86935146185015755
  0.88077639333259539  0.89185413549592107  0.90218441845260300  0.91180583723574049
  0.92085066355461009  0.93048076051318473  0.94104752772462164  0.95146624632161758
  0.96145805370809201  0.97173459074333679  0.98334417623155701  1.00000000000000000
 -0.00040244827250564  0.00256632891023746  0.00514848810579433  0.00848130739515333
  0.01258876842894628  0.01760063160848953  0.02304774873473790  0.02791579777858561
  0.03400317029960051  0.04145087542568265  0.04869100386647467  0.05512639021275243
  0.06101469054507862  0.06719391095924200  0.07380780761344832  0.07994349828601333
  0.08672755391326531  0.09305398971272864  0.10004764276849894  0.10866714108848137
  0.11856073223942723  0.12865868051251084  0.13923057722819560  0.15151695829562650
  0.16411224762335555  0.17391543345288779  0.18113853326452914  0.18769190241374950
  0.19565611144550471  0.20437749218198023  0.21293078413245548  0.22185432909283731
  0.23144528449510565  0.24095899983072688  0.25110974749560622  0.26184224016013297
  0.27325066256258307  0.28461358381621360  0.29539189865461857  0.30672796795007273
  0.31954335090125974  0.33141760290202427  0.34267744399076122  0.35248820046777080
  0.36237792629392518  0.37265925861622151  0.38448459074424901  0.39532078936077580
  0.40432533607120869  0.41343485328097085  0.42156598247838262  0.42996308993324950
  0.43872282326342515  0.44872529166966546  0.46125130217743843  0.47688185676924749
  0.49384218840436800  0.50894590310559673  0.52194797250516745  0.53451659405087937
  0.54599802563782174  0.55655968990336069  0.56681199863403697  0.57673186622750139
  0.58620928271673134  0.59546438385992739  0.60504498551575714  0.61585627423332734
  0.62830908284999287  0.64249025572209151  0.65774333826277365  0.67415384264262146
  0.69109618690764951  0.70781587652184275  0.72187749260610490  0.73707291820642673
  0.75177103716426452  0.76533856853852011  0.77767443501766520  0.78943789307764967
  0.80126132005092343  0.81319155898357665  0.82560309369276685  0.83804780288766001
  0.85024155490155906  0.86244661418354451  0.87469519574701771  0.88707500181211063
  0.90072735735478149  0.91554221713251227  0.93052839712136626  0.94554370487510064
  0.96043760094914987  0.97460505706915335  0.98757940628861318  1.00000000000000000
 -0.00303697104919809  0.01075845415806777  0.02036256908738395  0.02985107357207837
  0.03974440766376149  0.05011518372601299  0.05930793565846260  0.06826493837615118
  0.07858420768618170  0.09185759339704790  0.10048085469519856  0.10896342761097902
  0.11738588855082042  0.12673470626192421  0.13794948120521333  0.15100154459656256
  0.16659836683163434  0.18009732402362003  0.19228084626086187  0.20512907105572556
  0.21699099844992992  0.22853107372177994  0.23987103082994449  0.25144015739144610
  0.26367415504741359  0.27699615334173788  0.28940893931202566  0.29917025044975298
  0.30667666974667246  0.31360471487212294  0.32141713334708127  0.33117186161351270
  0.34011176646642544  0.34796143932400497  0.35571180668977559  0.36493530077148506
  0.37468775317178016  0.38384050264271524  0.39249552939873777  0.40190566238525388
  0.41150066835735055  0.42117586567601600  0.43103862751460148  0.44223820451006229
  0.45428397027494510  0.46627975107987490  0.47808072966024534  0.48989558355403406
  0.50142500921143440  0.51256754646835501  0.52265133791047214  0.53255938688427740
  0.54334702125596834  0.55387309568346377  0.56524829938741439  0.57512016972063496
  0.58435793160002458  0.59438280641373265  0.60336996898634365  0.61323389241522330
  0.62393511824819969  0.63466541534201026  0.64546579661609282  0.65661921483697527
  0.66810999099380353  0.67934605805170689  0.69060537516436971  0.70213703041949882
  0.71340557470247257  0.72376989633234978  0.73401753636874290  0.74445435310350261
  0.75498920947208414  0.76353218594641037  0.77031204805592446  0.77720507855359944
  0.78350993944113467  0.79158378679583041  0.80312977813632513  0.81542629182571313
  0.82966793699377384  0.84093649917181634  0.85250824795016689  0.86427477768773098
  0.87646529990833344  0.89026132724819362  0.90266919956255631  0.91469238483591098
  0.92620147780519790  0.93618233458531708  0.94785328502085775  0.95915027881304971
  0.96894317017555098  0.97897250752248144  0.98893123011145578  1.00000000000000000
 -0.00262906992135319  0.01144143819688567  0.02346080500232830  0.03549701728496394
  0.04688607119453526  0.05733327452447644  0.06810297845850465  0.07845753190518767
  0.08724496280635886  0.09567355003135347  0.10346239650651687  0.11387730843595099
  0.12545188282778033  0.13709304276598877  0.14880613446872565  0.16052689168835921
  0.17226348326353008  0.18629788593300706  0.20124592757890830  0.21392045143685207
  0.22283139324669984  0.23042416356800458  0.23777790044539504  0.24667989501359547
  0.25679929144836700  0.26656257015134349  0.27674289439399036  0.28824767224729736
  0.29883801274151406  0.30960696383193925  0.32078683748149095  0.33207773665708396
  0.34373191619744947  0.35433678089855691  0.36385422798010530  0.37435171702466807
  0.38633635499284824  0.40029008531456650  0.41058495265722894  0.41833745537603750
  0.42667362243361112  0.43498784708936539  0.44209902665635842  0.45599168754118635
  0.46699068770899155  0.47694062944936383  0.48603935714266683  0.49501833457455147
  0.50460229058156025  0.51443289219992538  0.52415491446516660  0.53403495822582703
  0.54428426549577802  0.55405108516887069  0.56413512014706491  0.57502246355572040
  0.58721584101771196  0.60159478561400470  0.61436661667976689  0.62475691840077396
  0.63217829138739212  0.63989450371224599  0.64756094858298718  0.65571279083382283
  0.66587879090858781  0.67563824766592095  0.68536819990379061  0.69533536977059651
  0.70419491477532892  0.71322903502282342  0.72339656409762332  0.73507586905976308
  0.74683363310535211  0.75814314572542951  0.76902093951439854  0.77963835422236383
  0.79063689334735143  0.80264648019346718  0.81458273732428055  0.82570482921489052
  0.83634615972411996  0.84714870069061277  0.85813813241564196  0.86928496595054650
  0.88174207792863724  0.89342213068791088  0.90701010704648932  0.91909364857498232
  0.92946143719872998  0.94022981419384943  0.94996899072450081  0.96018356998314636
  0.97140654500585844  0.98060508159342052  0.99068267805781929  1.00000000000000000
 -0.00300082133430326  0.01007811344110853  0.02349727437068439  0.03725068557558982
  0.05278870793084484  0.06758750991011456  0.08058687807438568  0.09232590953396679
  0.10251274384808920  0.11150832498972987  0.12068524335286164  0.13076134353425894
  0.13967905796336194  0.14716117876186324  0.15570811031280701  0.16626197979161592
  0.18002978764035418  0.19324748193560448  0.20519953753518691  0.21694936598084230
  0.22845977336213899  0.23837627161832434  0.24757068482401870  0.25695679843966629
  0.26471751957966849  0.27147093492805202  0.27822193414914809  0.28628041857041503
  0.29806986468569924  0.31268673053317292  0.32716038048065021  0.33910168316589478
  0.34878880261231821  0.35841731875957467  0.36902667547252577  0.37969058415131751
  0.38894316890105168  0.39597890001260366  0.40281190016844604  0.41072037683007639
  0.41868407953454873  0.42749488740960079  0.44257088468001504  0.45483490951130906
  0.46675298300781276  0.47874719398262655  0.48926459715092607  0.50046997004135896
  0.51045992859588307  0.51887468540303783  0.52708238488146597  0.53571840444401886
  0.54580829723162250  0.55900007912304561  0.57134479259819793  0.58097184923876977
  0.58925994338930354  0.59654874814592707  0.60271600243099510  0.60919240376376960
  0.61552919895698721  0.62320123986027343  0.63216369137029205  0.64127869842973928
  0.65011988660414277  0.65804553776462560  0.66645853521832488  0.67484354488448162
  0.68623386797456398  0.69806432135950880  0.70964185832263971  0.72251094455710063
  0.73519235505527170  0.74712710216660105  0.75953987157726155  0.77277675798095014
  0.78569379526042260  0.79747085874540979  0.80843840165068248  0.81820489309264466
  0.82647739880057980  0.83975887193073195  0.85362774083172932  0.86728957169564491
  0.87923840861116886  0.89015504076080287  0.90101555602978423  0.91338575933048538
  0.92542039264113052  0.93629834397567602  0.94922727104325599  0.96126724142048903
  0.97025739505626063  0.97928290480549551  0.98761616162008992  1.00000000000000000
 -0.00315855327160495  0.01056277615398861  0.02305169662679081  0.03542448253114004
  0.04784392211469497  0.06047980398631925  0.07323000381156680  0.08555573126123056
  0.09738477458928496  0.10961478478956704  0.12206832233793909  0.13307636936066641
  0.14179365229447149  0.14998120991948385  0.15787902649709626  0.16708916788046768
  0.17731480610519440  0.18734238643006898  0.19758741494441714  0.20783490545392491
  0.21674336992497273  0.22526904833535324  0.23437666914033167  0.24405803529905482
  0.25375230068777249  0.26374055280260394  0.27408934240843136  0.28511727255930747
  0.29505367243309472  0.30426185782349702  0.31341465974946897  0.32368340923220118
  0.33291370503627638  0.34217021982699530  0.35156269950830965  0.36592523584607367
  0.37858893593965132  0.39179141083628449  0.40511895188463160  0.41787455271477075
  0.42888790250751202  0.43784556121868595  0.44603565116766714  0.45409702463007051
  0.46244799280590315  0.47337237725989317  0.48604069680561857  0.49794946212304464
  0.50990899179244464  0.52198865383871385  0.53342896341219426  0.54324244802302601
  0.55349820090037660  0.56453519037823852  0.57605701720808222  0.58719305352047613
  0.59769579012356866  0.60864522057226522  0.62108657076429785  0.63191300776784276
  0.63930630964893720  0.64643606433160394  0.65348466399934224  0.66326596314268349
  0.66905911725938250  0.67484761258452231  0.68086393474733919  0.68589799928718431
  0.69777110194795777  0.70851865203766473  0.71867859927066713  0.73046729537393673
  0.74346053895115460  0.75628226382459030  0.76827017679687848  0.77988572021714631
  0.78960012928300205  0.79884611184403354  0.80784420181019934  0.81608729711943173
  0.82419844902017414  0.83754496696832770  0.84975098721024189  0.86187802643743139
  0.87304124020851837  0.88485895075515952  0.89733739767814391  0.91012951471909265
  0.92250856397871162  0.93354297461191338  0.94401955519095859  0.95420066816691007
  0.96449675648376854  0.97523585951261160  0.98742079329004973  1.00000000000000000
 -0.00259230477385057  0.00936782277088806  0.02068728551919349  0.03509463898905826
  0.04931183243333948  0.06387372430430732  0.07809387461988215  0.09002850006270992
  0.09939077982587395  0.10907963260013488  0.11981526491266407  0.12885007778092128
  0.13881222025107032  0.14939414569312642  0.16004772206103457  0.17049693220957504
  0.18169640017314173  0.19227211664808469  0.20211919917116425  0.21211813128215273
  0.22263111880322484  0.23288024735454391  0.24238122487351871  0.25168284451921424
  0.26118761217725511  0.27126807740000153  0.28201617089434800  0.29299113695017870
  0.30406454700204533  0.31448924885549684  0.32416904964374710  0.33295140534427647
  0.34226571050805960  0.35139105435273632  0.36159990447102852  0.37503241564123785
  0.38405442864708811  0.39411232507525074  0.40413564083096565  0.41339239058122806
  0.42246089100459222  0.43190602450664350  0.44378638490559663  0.45655116307969262
  0.46782175769021817  0.47913956070139740  0.48996929481492052  0.50348998742833673
  0.51751420332226994  0.52818394167608695  0.53943507602573515  0.54727238441785475
  0.55272273972122909  0.55854641498780644  0.56495736417796982  0.57362851249332780
  0.58128451734616526  0.59000041817571636  0.59954973584476323  0.60934514638344917
  0.61819666528261619  0.62913654511449935  0.64352008106379976  0.66023228752534469
  0.67506737202741274  0.68807386908999690  0.69995973612161633  0.71086609980966831
  0.72246912817498221  0.73147763604893989  0.73993840679416079  0.74861198555748354
  0.75927684622260261  0.77278560727111900  0.78668649606579888  0.79820283363389322
  0.80829516157144543  0.81853377688751239  0.82856872665676984  0.83949219755345705
  0.85139112123491290  0.86323518631967144  0.87439668600905451  0.88438187252011002
  0.89388569052555222  0.90407347568901897  0.91529758845337073  0.92599294312085922
  0.93472686087311574  0.94287806212686176  0.95110706470792850  0.96044229027134265
  0.97079519452703400  0.98093636154768205  0.99051746888376446  1.00000000000000000
 -0.00277108660245892  0.01056588188313430  0.01886892455599911  0.02714595532540876
  0.03554897979227983  0.04346760956233622  0.05324629041029919  0.06328873797213387
  0.07304572705677199  0.08251770617040123  0.09095247081894484  0.09914151605087017
  0.10770657865548448  0.11628671847887571  0.12561776260834681  0.13595355665791869
  0.14662134046312461  0.15694185279835696  0.16663313125065535  0.17580036832897927
  0.18380547542674891  0.19287556049615001  0.20247624507819079  0.21207428013862500
  0.22319473290050104  0.23344515404176225  0.24356438109197570  0.25312708282454904
  0.26258816828359405  0.27277852873572694  0.28343240591923613  0.29416712652030680
  0.30527582063725389  0.31525968337856869  0.32904949924109894  0.34064893904863930
  0.35221806997520899  0.36481409491783867  0.37821341005430664  0.39195288477587265
  0.40551706243816188  0.41874587302101002  0.43142326319480440  0.44410946699443626
  0.45580132220548841  0.46709325646567762  0.47873640835451214  0.49069997911140567
  0.50361227642356410  0.51636532477085040  0.52821068655630166  0.53859096294665654
  0.54913863841058341  0.55962449116244561  0.57030272613938415  0.58096592161581750
  0.59153767933163193  0.60227912099375880  0.61212907912566050  0.62367224777848640
  0.63778745137961201  0.65218389333749693  0.66534612799283122  0.67737704590822123
  0.68885756866695191  0.69991925031359081  0.71192614046783698  0.72427413013766306
  0.73403624750898699  0.74319549560117637  0.75237133475923468  0.76242489783586720
  0.77304934001622172  0.78424727810326600  0.79594236849580324  0.80797309793225036
  0.81855777024175236  0.82793101750777376  0.83750221247994971  0.84724004501633121
  0.85652670098171446  0.86970032918718776  0.88383550935688560  0.89749054000155215
  0.90807997963977904  0.91655467944894586  0.92438020206855209  0.93169169937923035
  0.93893213682358156  0.94667586375048429  0.95477373026118961  0.96322893261158726
  0.97253171299086194  0.98128832831673884  0.99025609132029979  1.00000000000000000
 -0.00434458973851897  0.01642164359173502  0.03236724900474692  0.04549238409718683
  0.05651647086356003  0.06613053623648911  0.07452895716129933  0.08251623356664747
  0.09043662816711087  0.10040583506591368  0.11136712674348329  0.12113831661306200
  0.12978391551692817  0.13818189941763478  0.14678746227324990  0.15575046189632658
  0.16762952717618493  0.17855798874289891  0.18939434014321116  0.19876014982247009
  0.20633344074283280  0.21424675350775432  0.22237507204620166  0.23127256492647055
  0.24267091351132619  0.25584052886982428  0.26839950231420190  0.27929810451721809
  0.28968456651929442  0.29922052924999887  0.30809958817441369  0.31768594151713686
  0.32724264506017031  0.33746592569457723  0.34862643438965191  0.36034138963332552
  0.37326312730493905  0.38535816997819189  0.39582801450392702  0.40443568121634338
  0.41250969483112132  0.42004348605373631  0.42866069087589820  0.43951700149718875
  0.45208325725685744  0.46456633218339799  0.47637272150256965  0.48827792665478087
  0.49916295199639221  0.50883397587993595  0.51940999057159098  0.53087944321758951
  0.54180162264651432  0.55202762785656367  0.56244804505158941  0.57358517430666123
  0.58444238784534375  0.59462885331473703  0.60422821305229579  0.61407914316384282
  0.62395496544356510  0.63341016828398289  0.64113334420693957  0.64764396192720008
  0.65329919949535131  0.65913967116005057  0.66673430241229426  0.67701285767699149
  0.68807839217629507  0.69987175631349330  0.71210135986716627  0.72550934538038114
  0.73925548051682599  0.75110154587956512  0.76129941875929219  0.77169825091126809
  0.78268475854629005  0.79264425860134879  0.80079813117006771  0.80871338823233374
  0.81761583443410335  0.82845249196587178  0.83952971621138583  0.85121801531986585
  0.86443270550934836  0.87924819201230819  0.89296632180349833  0.90550640017772810
  0.91711274716961189  0.92836460890089434  0.93984012249282667  0.95183877446573828
  0.96417227550385420  0.97625904106077266  0.98815403586175699  1.00000000000000000
 -0.00736098696467177  0.03498268261602913  0.06064066517448410  0.08121098183145656
  0.09903223616499836  0.11831464128546734  0.13800225058940049  0.15642521097217854
  0.16851891462935972  0.17861858657483295  0.18869391972381311  0.19766626917946981
  0.20659191958144388  0.21749369665909929  0.22852256997621179  0.23918022439235292
  0.25097029252440095  0.26083648616459271  0.26843821307448124  0.27582667254055343
  0.28376694277226333  0.29180843571667447  0.30012225283732596  0.30875595360610097
  0.31905152262691922  0.32878196008894339  0.33749559404773910  0.34571326389498708
  0.35415387790028269  0.36288094946219296  0.37212254232372294  0.38129910535757755
  0.39116860094370248  0.39923446439925231  0.40656591118878099  0.41410870898792318
  0.42073191069515870  0.42750696561767415  0.43563378774103900  0.44165597568410486
  0.44834654879265645  0.45493813748239648  0.46270008904158061  0.47039516227675027
  0.47822726945677890  0.48651062674516421  0.49409511581972998  0.50119187547528599
  0.50757756284430089  0.51367374044160885  0.51951570889020171  0.52523972411484288
  0.53048346778644506  0.53845337945245930  0.54581692534654735  0.55341888158845443
  0.56204537638875796  0.57077715475056290  0.57889574319973003  0.58651076419538162
  0.59413379691414192  0.60182904858731368  0.60959422010142583  0.61717260057247747
  0.62541732000261785  0.63398711783282125  0.64322517238299048  0.65272020041440237
  0.66218335981587784  0.67106362336963632  0.67962748994795807  0.68873337623999764
  0.69833291634565675  0.70826090359188310  0.71685152728994206  0.72522795235148763
  0.73391445883084794  0.74387520537520901  0.75395170084489493  0.76204888682787375
  0.76920162758699906  0.77681935794837564  0.78597239671987629  0.79807293691306691
  0.81088449006450181  0.82330005279249274  0.83505534321971608  0.84583327395325081
  0.85663322511782281  0.86851558459228895  0.88284012187236005  0.90016136968678062
  0.91889663105478026  0.93725107727194168  0.96067488167302439  1.00000000000000000
 -0.00287741758909215  0.00995863895606002  0.01839709172375329  0.02806988255379410
  0.03742150462559780  0.04692050831920664  0.05725618826696915  0.06638304172729603
  0.07576349603461294  0.08733110187628215  0.09919434260789108  0.11075001254061764
  0.12231801951849597  0.13445765895063350  0.14766993115057014  0.16069033958695778
  0.17293644070456438  0.18303241601471426  0.19030807877822895  0.19800721001601412
  0.20631007333067763  0.21414588323713110  0.22360622295617891  0.23428947730499677
  0.24638863200055161  0.26033063095637637  0.27525579121977395  0.29031395609833971
  0.30459515259235254  0.31749328890132644  0.32979522085634488  0.34179941687577031
  0.35334503299896369  0.36461047256891849  0.37627222174506686  0.38459227789253952
  0.39231277329137049  0.40068445650910850  0.40898955030226575  0.41778958485215872
  0.42919367599359798  0.44161701677712129  0.45350680197135840  0.46512529263999908
  0.47720253826324355  0.48927129206260461  0.49968493684115972  0.50974065346411235
  0.51927502381267177  0.52865182042387326  0.53766713380990494  0.54941999630914418
  0.56095101672369685  0.57158432423501204  0.58293477452222964  0.59331913141754222
  0.60404140108677007  0.61504286160224786  0.62469166666586806  0.63636867198142322
  0.64820113931831047  0.65837292191896668  0.66672784355265657  0.67450205651479345
  0.68187360855644408  0.69019793890527081  0.70002820860920900  0.70986064058724252
  0.71804940264337125  0.72559418824953992  0.73469880640786167  0.74460669506483290
  0.75357395149680484  0.76149477672179866  0.76975673813988343  0.77895061898897755
  0.78873105498335727  0.80003064586641981  0.81320828598821882  0.82608277581639944
  0.83798368323636063  0.84901115859219012  0.85953679512087666  0.86955158667109478
  0.88065520607754078  0.89283217710284568  0.90299612350788039  0.91259980058712808
  0.92270866417114217  0.93265669816265451  0.94225592198570374  0.95136323452677674
  0.96112450944299488  0.97296878089451810  0.98549752225413489  1.00000000000000000
 -0.01840695175823196  0.18461839595909782  0.25326812664076354  0.30275269533423621
  0.33812518557767413  0.36990254148398194  0.39679604744952818  0.42205389214842820
  0.44668569071503800  0.46944037168716762  0.48724105894138414  0.50408389814674037
  0.51942309146125831  0.53394722008040663  0.54851846356996381  0.56055264564690765
  0.57165600362351532  0.58342444621624412  0.59674426619944032  0.60991392431728841
  0.62184176746771136  0.63104130451210882  0.63835633621536048  0.64602424920497403
  0.65288452421864585  0.65805907766776572  0.66301512448546485  0.66800789899127677
  0.67447381139588136  0.68157224941761052  0.68882367318231064  0.69686917713923813
  0.70435916337280613  0.71150144354819433  0.71855838922639514  0.72551892865479528
  0.73186305668443608  0.73773180200422961  0.74281662681675575  0.74760484955489326
  0.75217252923198408  0.75666513144621372  0.76109272322608124  0.76553528981815488
  0.77072380002987395  0.77637456503782842  0.78189194560829411  0.78708432565056174
  0.79178341970784238  0.79612225154676286  0.80057299705002549  0.80524800446832745
  0.80998854288910815  0.81433690212679855  0.81840165570853285  0.82245161729111749
  0.82669673960990997  0.83117297892229081  0.83560564899613710  0.83962006660220412
  0.84323063386892427  0.84665113739601028  0.84991854255442556  0.85300135038040170
  0.85635505642294185  0.85970266697431519  0.86301769723228483  0.86637973766133769
  0.86993684814779282  0.87349417676046737  0.87689035575574126  0.88025554034061071
  0.88396250179050784  0.88796107276553704  0.89122432896478143  0.89431563737246467
  0.89745913491228979  0.90038841696067062  0.90334426579959015  0.90613804283374655
  0.90928046145993313  0.91315838389060844  0.91693789548077043  0.92067396889752384
  0.92430177297516647  0.92792449566239521  0.93185411897561232  0.93602154536771032
  0.94000690767460682  0.94409233671821879  0.94824318765027404  0.95239696257949780
  0.95782592986827597  0.96575210783587551  0.97820080025157996  1.00000000000000000
 -0.03320848778611402  0.15612298805489211  0.19050423386866616  0.21465736992988838
  0.23107009496204908  0.24295647261357572  0.25389745705765498  0.26396616335762679
  0.27377137874456642  0.28318401269455545  0.29185447564739142  0.29927818673756129
  0.30657134608041692  0.31329294968558918  0.31901440453881774  0.32427390750568841
  0.32946091523158733  0.33442853993769517  0.33971391851844246  0.34540038625685615
  0.35120827961641671  0.35742137580345601  0.36325493935249986  0.36898106182589169
  0.37488874701518865  0.38104138003159133  0.38746737459088082  0.39440898274496206
  0.40190235801054580  0.40954940271115675  0.41671872302329172  0.42351960842233355
  0.42977820880376810  0.43565531300029398  0.44142940212171883  0.44702073157966582
  0.45202684609214427  0.45661057887208578  0.46150251891203459  0.46630049878422930
  0.47134059571342329  0.47776663159301902  0.48393951948347835  0.48859641995844105
  0.49342324681773297  0.49802997392766862  0.50252762967801545  0.50650617436316847
  0.51122368679793051  0.51610377568222410  0.52096129374070366  0.52579011614023585
  0.53041892199075580  0.53493861645898577  0.53907090632680221  0.54330702055244495
  0.54825918146467234  0.55302578235102162  0.55778057601324382  0.56248505270519278
  0.56726098293374261  0.57198154848166494  0.57653161608815684  0.58031113431345149
  0.58357191716321466  0.58742255949269273  0.59132433162859599  0.59508684668141643
  0.59840246631487359  0.60196184112262752  0.60575849171563223  0.60982490142527535
  0.61383760848729907  0.61842851272204902  0.62375146937152992  0.63051476798928774
  0.63833224609547534  0.64667254841476951  0.65450439159276297  0.66199880610961037
  0.66910958317453184  0.67567959344293460  0.68242013784778499  0.68972160344145028
  0.69683026551499938  0.70337649149784320  0.71006235008700502  0.71835377449392179
  0.72907796582461915  0.74182765842538323  0.75523123986554208  0.76890057336509376
  0.78352185443982247  0.80381501994566229  0.84228257307329868  1.00000000000000000
   1.0122145533491401E-014  -1.0000000000000000     
 T F F T T F F T T F F T T F F T T F F T T F F T T F F T T F F T T F F T T F F T T F F T T F F T T F F T T F F T T F F T T F F T T F F T T F F T T F F T T F F T T F F T T F F T T F F T T F F T T F F T T F F T T F F T T F F T T F F T T F F T T F F T T F F T T F F T T F F T T F F T T F F T T F F T T F F T T F F T T F F T T F F T T F F T T F F T T F F T T F F T T F F T T F F T T F F T T F F T T F F T T F F T T F F T T F F T T F F T T F F T T F F T T F F T T F F T T F F T T F F T T F F T T F F T T F F T T F F T T F F T T F F T T F F T T F F T T F F T T F F T T F F T T F F T T F F T T F F T T F F T T F F T T F F T T F F T T F F T T F F T T F F T T F F T T F F T T F F T T F F T T F F T T F F T T F F T T F F T T F F T T F F T T F F T T F F T T F F T T F F T T F F T T F F T T F F T T F F T T F F T T F F T T F F T T F F T T F F T T F F T T F F T T F F T T F F T T F F T T F F T T F F T T F F T T F F T T F F T T F F T T F F T T F F T T F F T T F F T T F F T T F F T T F F T T F F T T F F T T F F T T F F T T F F T T F F T
  <DiscreteSampler_grid>
  grouped_processes
  1 # 1 for a reference and 2 for a running grid.
  10 # Attribute 'min_bin_probing_points' of the grid.
  1 # Attribute 'grid_mode' of the grid. 1=='default',2=='initialization'
  0.0000000000000000 # Attribute 'small_contrib_threshold' of the grid.
  0.5000000000000000 # Attribute 'damping_power' of the grid.
 # binID   n_entries weight   weight_sqr   abs_weight
    13   10   1.863054488372161E-005   1.427693856051079E-009   1.863054488372161E-005
    14   10   1.863054488371921E-005   1.427693856050543E-009   1.863054488371921E-005
    16   10   2.402897173114970E-005   2.376679023162308E-009   2.402897173114970E-005
    17   10   2.402897173114659E-005   2.376679023161411E-009   2.402897173114659E-005
  </DiscreteSampler_grid>
