 -0.00000000068344881  0.00000000459715206  0.00000000853902731  0.00000001309911501
  0.00000001881773477  0.00000002538155871  0.00000003211799879  0.00000003934761663
  0.00000004695052374  0.00000005562989316  0.00000006499269414  0.00000007428487797
  0.00000008388688267  0.00000009470046228  0.00000010581787307  0.00000011751267342
  0.00000012857411216  0.00000013988219171  0.00000015072730964  0.00000016180519808
  0.00000017278298640  0.00000018390330336  0.00000019522445398  0.00000020753164446
  0.00000022185126174  0.00000023655871571  0.00000025263462216  0.00000027015007566
  0.00000028717837449  0.00000030350078360  0.00000031923819918  0.00000033506825513
  0.00000035192711430  0.00000036902445519  0.00000038796719920  0.00000040811954131
  0.00000042993529720  0.00000045041323368  0.00000046988716452  0.00000048979375850
  0.00000051151131366  0.00000053538058935  0.00000055945517497  0.00000058346070573
  0.00000060818621513  0.00000063538230892  0.00000066396155857  0.00000069214455865
  0.00000072129486353  0.00000075038037379  0.00000078408479448  0.00000081733002799
  0.00000085152182920  0.00000088743478402  0.00000092414650950  0.00000096072340482
  0.00000099875452599  0.00000103498312164  0.00000107292753484  0.00000110944898015
  0.00000114673416664  0.00000118566182703  0.00000122388292073  0.00000126377539612
  0.00000130779067630  0.00000135272119355  0.00000139765345311  0.00000144513377310
  0.00000149811540057  0.00000155605821781  0.00000161581901884  0.00000167361516873
  0.00000172907683154  0.00000178754556134  0.00000185684117613  0.00000193625675459
  0.00000202424047819  0.00000211143951712  0.00000220535620270  0.00000230585999431
  0.00000240928923201  0.00000251071838397  0.00000261661151173  0.00000272466136379
  0.00000283840887481  0.00000297659855038  0.00000316301305350  0.00000334862837229
  0.00000355935893158  0.00000382338917280  0.00000411655671886  0.00000437914086828
  0.00000469707629412  0.00000510194536442  0.00000536461868487  1.00000000000000000
 -0.00000000046992979  0.00000000351271895  0.00000000774037424  0.00000001276480650
  0.00000001763370972  0.00000002350633560  0.00000003072194896  0.00000003924080813
  0.00000004850783581  0.00000005790481517  0.00000006692287240  0.00000007586092042
  0.00000008521680086  0.00000009546094259  0.00000010691963129  0.00000012015042950
  0.00000013315851101  0.00000014757920359  0.00000016287560469  0.00000017931475426
  0.00000019486344971  0.00000021009339868  0.00000022723782656  0.00000024332908499
  0.00000026021286194  0.00000027753011716  0.00000029551876982  0.00000031490828384
  0.00000033619965745  0.00000035857779637  0.00000038120679447  0.00000040432063525
  0.00000042771491949  0.00000045039648410  0.00000047222272015  0.00000049586366045
  0.00000052103580817  0.00000054737337207  0.00000057376652051  0.00000060012909038
  0.00000062785400399  0.00000065945354510  0.00000069206533804  0.00000072431188159
  0.00000075474939896  0.00000078395176706  0.00000081349314496  0.00000084342337523
  0.00000087231213644  0.00000090073665290  0.00000092982288368  0.00000095932007508
  0.00000099076674617  0.00000102554817940  0.00000106323970990  0.00000110117310525
  0.00000114190642689  0.00000117783824101  0.00000121358362109  0.00000124972465637
  0.00000128644886943  0.00000132560501218  0.00000136685098049  0.00000141237476965
  0.00000146434748684  0.00000152176378128  0.00000157855314398  0.00000163217916378
  0.00000168839168189  0.00000173938635475  0.00000179372056092  0.00000184863215779
  0.00000192294850538  0.00000199463393434  0.00000206491666750  0.00000213710805946
  0.00000221161850724  0.00000229909937900  0.00000239073717126  0.00000249204942432
  0.00000260679814644  0.00000272708007391  0.00000286503688547  0.00000303417572253
  0.00000320529041533  0.00000336260152186  0.00000354126683357  0.00000375250733206
  0.00000402871871788  0.00000436510753241  0.00000484845015514  0.00000537087648405
  0.00000594776721492  0.00000696996197994  0.00000855444286943  1.00000000000000000
 -0.00000003910099031  0.00000054765739604  0.00000093777682216  0.00000125016092052
  0.00000151470934225  0.00000175623492655  0.00000197447294819  0.00000216211428716
  0.00000233184366983  0.00000249837750636  0.00000266602702102  0.00000284687132148
  0.00000301675052530  0.00000317085239389  0.00000330964257102  0.00000344304832663
  0.00000356115471934  0.00000366335861333  0.00000376646213363  0.00000387333775063
  0.00000398232372971  0.00000408439769841  0.00000417918438793  0.00000426998301350
  0.00000436178411975  0.00000445621860920  0.00000455382732608  0.00000465648172751
  0.00000475980165406  0.00000486185503238  0.00000496390355707  0.00000506297204524
  0.00000516029639506  0.00000525910438716  0.00000535650943922  0.00000545452683903
  0.00000555315838964  0.00000565798048957  0.00000576083070782  0.00000586267362988
  0.00000596139840950  0.00000605717855846  0.00000614905850224  0.00000623646234735
  0.00000632300479829  0.00000640794726696  0.00000649620056664  0.00000659309695482
  0.00000669910127678  0.00000681412357621  0.00000694783912963  0.00000709504259830
  0.00000724065003633  0.00000737235708555  0.00000749600883494  0.00000761343272446
  0.00000772987227448  0.00000784436207806  0.00000796946997166  0.00000809929341445
  0.00000823377724567  0.00000834979683331  0.00000845792203709  0.00000856048671764
  0.00000866077268915  0.00000876734096086  0.00000888405005854  0.00000901432240865
  0.00000914415337702  0.00000927857525675  0.00000937857950089  0.00000948845614386
  0.00000959262755915  0.00000968766846217  0.00000977265570490  0.00000984087551094
  0.00000993327171628  0.00001004786273828  0.00001020113272632  0.00001041670900631
  0.00001062996287945  0.00001075437251837  0.00001085461514941  0.00001095648083003
  0.00001105893716608  0.00001115774925865  0.00001130007128034  0.00001149946990247
  0.00001171484457522  0.00001191922852329  0.00001212787433136  0.00001233214994901
  0.00001258305670125  0.00001286385704088  0.00001298124164324  1.00000000000000000
  0.00465919423259234  0.00468533105611399  0.00474573344976931  0.00481175328390829
  0.00488462762654219  0.00497110936963329  0.00508621156022548  0.00519772372678410
  0.00530641930364245  0.00541403134903302  0.00552192310715627  0.00563026537304446
  0.00574695254479975  0.00586627288954800  0.00598757964668683  0.00610979884946381
  0.00623280465833529  0.00635790306316820  0.00649020549726405  0.00662719256522783
  0.00676332250458521  0.00689926849097752  0.00703505575681001  0.00717693756755814
  0.00732019347417847  0.00746506585431746  0.00761536831938594  0.00777046579727945
  0.00793100851643347  0.00810793714632773  0.00828395939810579  0.00845920693707942
  0.00863442537125815  0.00881722712289333  0.00900226509512301  0.00917547432415787
  0.00935351059911551  0.00953675684337696  0.00971235168390441  0.00989074966701188
  0.01008844269692840  0.01030092720345035  0.01052538513564446  0.01076212668579768
  0.01099095064387145  0.01121007685555001  0.01142454197628123  0.01165055196608271
  0.01187268251774124  0.01209122610415162  0.01229906422681401  0.01251786926596042
  0.01275177715828025  0.01299010381953189  0.01323822859764331  0.01351172954645818
  0.01378430026983271  0.01405088868316235  0.01431395897739301  0.01460423111349304
  0.01487329867111922  0.01516062077556365  0.01548983927530473  0.01579261870845476
  0.01614328044128150  0.01654845025101865  0.01704104352175545  0.01759410967882052
  0.01800419670930097  0.01829569600560157  0.01849704667777936  0.01867765218528028
  0.01886165917670456  0.01904897940572698  0.01924048971808812  0.01944531659439225
  0.01967564760810957  0.02008370849413132  0.02048557749540902  0.02095654847665212
  0.02149324966972998  0.02215939043340727  0.02282351416005796  0.02334834036094254
  0.02393302794749935  0.02462865660085977  0.02545836269973053  0.02668181791341755
  0.02827664111992959  0.03358448992734781  0.03585908709226646  0.03850975067899313
  0.05343226282805380  0.08142582884842610  0.79199212957501408  1.00000000000000000
 -0.00315754902827345  0.01471506450792048  0.02715896574762387  0.03764165578483733
  0.04687404808249322  0.05608077185764584  0.06564223629996405  0.07539086354053945
  0.08557863240769675  0.09655811001997994  0.10898995683429201  0.12220570019472018
  0.13381685448520469  0.14242575800331264  0.15089553818141813  0.15920004094317960
  0.16919594143494623  0.18034817013391363  0.19168452503671007  0.20104198734240006
  0.20910412803657816  0.21676031880212490  0.22553591359010339  0.23667613586162101
  0.24862253289078734  0.25950657110906489  0.27039659217225231  0.28139091528142895
  0.29198508837148029  0.30181446470295814  0.31201180680168922  0.32193204711781731
  0.33171854322934252  0.34125603760962381  0.35061326728186537  0.35966276861453156
  0.36904991404669252  0.37962341005740974  0.39159231781515103  0.40333209192193287
  0.41555986399292955  0.42787319686674707  0.43997963015146924  0.45205344386663177
  0.46382156074442832  0.47536137861351518  0.48511914006012669  0.49531297284153541
  0.50474622025908689  0.51475571150067334  0.52596471938277356  0.53798146769670407
  0.55043455493282945  0.56288124951452145  0.57544030213779918  0.58832296752323643
  0.60092159324843963  0.61243144992232312  0.62258830168387658  0.63251756803629233
  0.64224897144826443  0.65229793077716869  0.66292565506560575  0.67381301560839102
  0.68436484642192652  0.69387130508006822  0.70234808529870718  0.71091207907394716
  0.71971397679221016  0.72918891388149054  0.73857357928518386  0.74808766909881796
  0.75882089777282102  0.77027680130990173  0.78183101513913900  0.79315860410608252
  0.80380310568734403  0.81318770933888351  0.82268801810555281  0.83257832939833865
  0.84325110084757093  0.85416494088247563  0.86496935800793051  0.87531120113723271
  0.88464716519628650  0.89382438367040495  0.90341778795082150  0.91445232537957510
  0.92703127668870866  0.94016092651384664  0.95154243770834124  0.96212803392048241
  0.97197776396942670  0.98180874352142544  0.99109216148624824  1.00000000000000000
 -0.00170829840462678  0.00692135933811274  0.01490430652309907  0.02304099516178926
  0.03143243023614774  0.03908727666889701  0.04702064299824744  0.05532061247653577
  0.06382791031966169  0.07206656450161388  0.08031168174749706  0.08909385798709817
  0.09852378400687553  0.10782103962948163  0.11803641722374883  0.12991792554126891
  0.14497009402573263  0.15848768246260220  0.17099460855289583  0.18226765653889995
  0.19271754541329605  0.20245212993251058  0.21149457668201277  0.22047779759466032
  0.23000687644591239  0.24006963246180102  0.24968618422080077  0.25928017456884006
  0.26940045570365534  0.28104429709337114  0.29184906056656856  0.30244708148070254
  0.31344053644314340  0.32541681647590542  0.33587127041241066  0.34628806162979109
  0.35701907957097029  0.36858015424124924  0.38046984720660743  0.39242640994902450
  0.40434947498375884  0.41552710900381740  0.42614872592385061  0.43622802371972969
  0.44595814697835767  0.45545377355539379  0.46630817945243219  0.47914710821171003
  0.49246862382411699  0.50473589295588894  0.51518109421594860  0.52481777905140270
  0.53455619836863577  0.54518968345310204  0.55717572091206824  0.56916494676995422
  0.58197185312043520  0.59411488204892504  0.60585945430096766  0.61551970161833347
  0.62578043449845644  0.63628085008976498  0.64740018781146669  0.65914484169133458
  0.66979252388352617  0.67933874671939853  0.68895240902374444  0.69815268666112074
  0.70923011592145568  0.72055529628076942  0.73126895787845503  0.74221720794720214
  0.75390621075371789  0.76835470309058396  0.78120611185452105  0.79225742009814115
  0.80389643828771873  0.81465482024553182  0.82625677809661890  0.83765721876180788
  0.84991249119139523  0.86125452933891022  0.87138214691928273  0.88082638474417774
  0.88928152030828245  0.89748461153617554  0.90584346184835762  0.91443831325727820
  0.92489419711921705  0.93655521668959896  0.94791732319325006  0.95892943839835909
  0.96899358364869603  0.98009417472658367  0.99018330187444092  1.00000000000000000
 -0.00233572667017503  0.00887713216336160  0.01877792724967752  0.02910760215325950
  0.04010474467595380  0.05218196465739731  0.06576313596338990  0.07920582048952475
  0.09129486812345630  0.10226909566506852  0.11096646149570535  0.11921798346703441
  0.12734829341332904  0.13605818320522758  0.14442836202505352  0.15213416857526998
  0.15907075140597887  0.16643177728678135  0.17632713483107904  0.18690829428810088
  0.19763159205607264  0.20962404143404642  0.22424924216583073  0.23680957677565850
  0.24730445675378609  0.25688694845492244  0.26663879594743722  0.27669924159945408
  0.28666416570435405  0.29746408804906410  0.30863235550495444  0.31977022380680792
  0.33134258651612430  0.34341429728942335  0.35574343329331770  0.36816724517855848
  0.38000524421284093  0.39147232302230583  0.40320101608609010  0.41502094261043709
  0.42564052811129960  0.43519011582263895  0.44438229969467941  0.45374503276234152
  0.46324456294745764  0.47296416978870581  0.48338172390563694  0.49490930057094357
  0.50541795453863125  0.51607840854866427  0.52633567968452699  0.53803479526452691
  0.54919074148435865  0.55997727765717886  0.57093218980375970  0.58087626929397296
  0.59032224049113113  0.59948551823015084  0.60907017900522997  0.61960204625488968
  0.63049169075240308  0.64119024346958564  0.65112880164871312  0.66106915590567905
  0.67101513435185822  0.68049837360377008  0.68977234729950720  0.69864953283214493
  0.70820443085515017  0.71897424477184002  0.72983237340085205  0.74107116475930590
  0.75178591447259402  0.76196724733006016  0.77242127946501671  0.78271310257604521
  0.79225323930115066  0.80091475792589306  0.80920467648062722  0.81688074249811882
  0.82433021141284479  0.83202365845786208  0.84077346746759707  0.84998495939269891
  0.86037313438658292  0.87208667571698217  0.88525980897201073  0.89864288476789511
  0.91140302780034310  0.92389581976756696  0.93675087460987283  0.95034057271369610
  0.96488227992335063  0.97700761040652573  0.98862611944126211  1.00000000000000000
 -0.00180783729173072  0.00883565478653668  0.01892572181619664  0.02987539329597038
  0.04113799404649832  0.05180193416809048  0.06223492129307814  0.07349765170892864
  0.08465077461933786  0.09421080279060580  0.10288667867979724  0.11215036270311819
  0.12153225685670760  0.13051090905615326  0.13937694900924036  0.14883979913541301
  0.15976376698320294  0.17135388039530769  0.18254823355936770  0.19351227300954177
  0.20472893763980773  0.21588211355230333  0.22650848787809807  0.23704947960491399
  0.24815702142108242  0.26032948521898336  0.27161636053627236  0.28111336369327378
  0.28984780864753651  0.29864089057409487  0.30847764712075287  0.31923811954093123
  0.32974168925544439  0.33975978879284258  0.34961081441281666  0.35952939020927199
  0.36963125293608318  0.38065428909578547  0.39220596369403343  0.40243895472837138
  0.41128755028536285  0.42050456207823661  0.43079827990975156  0.44090354708511909
  0.44943070505058441  0.45820565177980882  0.46754428898493050  0.47738042940268721
  0.48754533129267047  0.49770112568675429  0.51003419093849023  0.52439479796547350
  0.53816580848292273  0.55186255225616754  0.56442798265256344  0.57592105785339165
  0.58614064595465631  0.59296088732725227  0.60078305869186766  0.60876650703536817
  0.61717644390589621  0.62509879508907962  0.63287729711745966  0.64173909072065871
  0.65161925362991024  0.66168971953466882  0.67145105859164667  0.68187477353326020
  0.69296549614764813  0.70505328214923513  0.71828499583356864  0.73160334280363848
  0.74313054721322014  0.75451431438837702  0.76466358359654030  0.77375424477480648
  0.78318346321987509  0.79383593353232595  0.80656542786026952  0.81924197210536587
  0.83215755019950410  0.84417453189470393  0.85546682267020258  0.86621187426405932
  0.87683308193281706  0.88785140223707548  0.89829753958113800  0.90823467654452905
  0.91767030105340508  0.92712251559565961  0.93810933275765118  0.95272680770828166
  0.96505209110500823  0.97683780562197142  0.98773168480345275  1.00000000000000000
 -0.00149425309161966  0.00757011757653449  0.01579634208885410  0.02506422955141253
  0.03534902834939006  0.04728440006768161  0.06010891057371437  0.07228526186531517
  0.08363160714730733  0.09353564488743599  0.10247977963002158  0.11138975387113362
  0.12113559576442177  0.13297245696733456  0.14480547590697584  0.15546515296787766
  0.16550484829266446  0.17562424675855132  0.18486642033389164  0.19385688480903362
  0.20333418720086976  0.21386694764156766  0.22586351872586624  0.23754442932774980
  0.24769254103139030  0.25674786645139791  0.26607830322379100  0.27645065921133399
  0.28632448613470085  0.29554262667630066  0.30524272902135968  0.31576126483728445
  0.32679581863399099  0.33709537069478163  0.34688318283884356  0.35600300342908386
  0.36442612814249148  0.37275026236677733  0.38172021406281570  0.39111057504534219
  0.40098306619439711  0.41138054905609001  0.42241616039967500  0.43352840166134154
  0.44686901713962562  0.45985301662509592  0.47145496878822207  0.48286325866983976
  0.49429011369502490  0.50479113499624306  0.51479466848160615  0.52535270977150794
  0.53758314442007016  0.54902030194822149  0.55920809809460115  0.57026436352646592
  0.58100314395377184  0.59177644792255835  0.60259816190607063  0.61376490004275652
  0.62547307598363999  0.63819321195176359  0.65193391496443776  0.66614568824674492
  0.67891441857007007  0.69140214806246469  0.70330252848229680  0.71343039478407078
  0.72346399494457003  0.73424428315221912  0.74576040566687041  0.75731764198406304
  0.76784238433504681  0.77825966391332713  0.78772788074675437  0.79657613024959273
  0.80534696015954288  0.81487618805468853  0.82635147313015622  0.83750972746756802
  0.84925967601530150  0.85997828709979773  0.86902484531487667  0.87756375924626817
  0.88647523475218226  0.89615851694070203  0.90655078107962206  0.91676912987935710
  0.92591549788969330  0.93480985544448314  0.94404919349962368  0.95344711395641302
  0.96370733009567244  0.97580547869416556  0.98845361946897681  1.00000000000000000
 -0.00170294621676737  0.00839931951336791  0.01762678647280827  0.02670196657332594
  0.03604887955101304  0.04557893251850404  0.05616322948575791  0.06759084975856360
  0.07907112738770378  0.09097525688837370  0.10227484341442133  0.11403495758305554
  0.12593759670985777  0.13893434967350229  0.15182089037292895  0.16424519961362613
  0.17664657990566404  0.18825858667499440  0.19936557935570520  0.21025924080365355
  0.22178697017575946  0.23361263231791229  0.24506358083614069  0.25530667455125744
  0.26452786807769568  0.27539477453638611  0.28698118721084298  0.29707043463430260
  0.30614576179779746  0.31539687994388299  0.32623667287987101  0.33765740615631035
  0.34824311462189761  0.35769944203408588  0.36665980979508644  0.37604475827863132
  0.38637185048005068  0.39766637147610878  0.40809430712786371  0.41821222383034534
  0.42854490277601509  0.43939337342900220  0.44891457488596093  0.45754151322409264
  0.46690519557656218  0.47740532682683923  0.48814114764440275  0.49782250382476773
  0.50697176972539237  0.51619479931736933  0.52625142789897084  0.53658351743271460
  0.54631068587175224  0.55547363366541425  0.56466443730407867  0.57483725676334541
  0.58461881014040440  0.59398637252034481  0.60338540618851111  0.61347303004806952
  0.62338547161446312  0.63234291375551666  0.64137162683813753  0.65066219037747419
  0.66029941903312184  0.67105549889813865  0.68161872680822888  0.69188093086496572
  0.70160906790775324  0.71129207771140635  0.72046621682391288  0.73101748520387000
  0.74226715125841070  0.75251639513376378  0.76252337154856253  0.77332978413914966
  0.78533627660901306  0.79883287261169278  0.81249705444677844  0.82561024226015534
  0.83777939916069755  0.84882670260986148  0.85993258792976657  0.87090591254391536
  0.88130720985295319  0.89160120404679077  0.90113795365424521  0.91126243703943488
  0.92083559775936785  0.92996021772234549  0.93884174806904386  0.94876908981166730
  0.95943267549518207  0.97158763709315721  0.98470689057871752  1.00000000000000000
 -0.00151046561787643  0.00652120365790103  0.01338259407613847  0.02000939041630493
  0.02699025414453075  0.03472750834100335  0.04324972115449171  0.05157805410061266
  0.05880215217236121  0.06523519393213499  0.07218267507367399  0.07905091364237413
  0.08672967182213420  0.09507176642259214  0.10327610728168733  0.11137622113205070
  0.11994658974094860  0.12835685957722270  0.13692083473236852  0.14534422715096901
  0.15374318670973236  0.16206387610963668  0.17115021465238683  0.18132389135897312
  0.19190087287710642  0.20256741568892697  0.21248996355503008  0.22203735627451360
  0.23163915634542304  0.24136658537767086  0.25134252505432703  0.26240257190083488
  0.27238405983089942  0.28108558274209050  0.29037485812497571  0.30032379473911663
  0.31118275451020805  0.32219961344446524  0.33338857822488072  0.34556456851481576
  0.35897890343664457  0.37136188945204290  0.38506782675151052  0.39911877847155319
  0.41357027310512806  0.42631301791791898  0.43995717250330058  0.45369640649130893
  0.46707009262951821  0.48088781594799623  0.49596207257346558  0.50897594708400828
  0.52131615691608924  0.53324256860671870  0.54479497680149469  0.55596247739138716
  0.56819342760185865  0.58096476289429710  0.59378528062218949  0.60793205002695305
  0.62285842630225463  0.63429946617090260  0.64569459552227759  0.65580720380933999
  0.66649664025911914  0.67609876106672895  0.68505305198147892  0.69475699859929563
  0.70523352466272360  0.71719941851483393  0.72882658298648995  0.74060791391076508
  0.75274653818017445  0.76646126195918551  0.77868286766233363  0.78977812846102624
  0.79979942221899158  0.80883329614013122  0.81804515460669036  0.82836017443525534
  0.83936723770426869  0.85016743306097020  0.86047969950774617  0.87081912454569732
  0.88117371093181451  0.89143288345926863  0.90228334671105115  0.91393370505013560
  0.92594140077829801  0.93771936991382632  0.94903522635560356  0.95993056917638220
  0.96995838455376049  0.97963338127725819  0.98969227405101456  1.00000000000000000
 -0.00432264621466600  0.01658672761930792  0.03106920620921856  0.04421779309557126
  0.05795949477198181  0.07092291752302610  0.08286916121422384  0.09486050724231250
  0.10637323813186186  0.11797424012548664  0.12901016620638148  0.13894361062933802
  0.14873588982093516  0.15741886480150211  0.16614610815672534  0.17523852092471207
  0.18438345473114129  0.19383056594125347  0.20328500043088357  0.21267626733682299
  0.22252614428111417  0.23325444205015128  0.24436057566285399  0.25506180645467835
  0.26530567971950714  0.27529004111174632  0.28536759656374167  0.29648654659612023
  0.30879262588325956  0.32091537422875649  0.33250404665022543  0.34404227999576642
  0.35509302309853563  0.36608375828514117  0.37530338655380097  0.38466007878964131
  0.39362930666218215  0.40278256539767304  0.41206329089107246  0.41980845981921927
  0.42715516308464058  0.43582765623115866  0.44556764966393392  0.45505198792518792
  0.46311782458385753  0.47103955475642212  0.47918746683365060  0.48779973620067607
  0.49619444762575338  0.50437600603141874  0.51305014758626222  0.52255842935798624
  0.53243027217717376  0.54189659296167147  0.55163362994269016  0.56198432428513145
  0.57304234096425288  0.58433077090183017  0.59613909168918267  0.60796210746095880
  0.61989864275515039  0.63238245770285428  0.64350182637339048  0.65362633369893630
  0.66312630092796421  0.67544196843739324  0.68778072065133522  0.69770454796397652
  0.70685666828498728  0.71611569950771647  0.72618364769324129  0.73672956566677938
  0.74735268701763469  0.75927813044013925  0.77226835858275678  0.78587742643461245
  0.79823082051875149  0.80920114272966048  0.81992397875701584  0.83063812781187929
  0.84090808499767467  0.85154562307522663  0.86221732182717270  0.87199234851461349
  0.88152001887356146  0.89015979287338409  0.89949027008864590  0.91007820893321967
  0.92073742560608984  0.93090244123375288  0.94082469338530539  0.95113152103460841
  0.96194482362594380  0.97360519358106246  0.98648856085660197  1.00000000000000000
 -0.00175635759033350  0.00932674571282959  0.01943363083752954  0.02985629333276406
  0.04035502983960201  0.05270577348893974  0.06659255348550393  0.07899846751032230
  0.09091667870393587  0.10249217810370748  0.11438980792891028  0.12661338400654459
  0.13869794298096216  0.15010079015081054  0.16089194157747055  0.17157036112936341
  0.18239359348964995  0.19317187196450900  0.20358195351963393  0.21371546065244201
  0.22441956159552676  0.23704023319258957  0.24949170229808079  0.25895828383488156
  0.26641927360948736  0.27412038319695209  0.28215080061882081  0.29080262712221167
  0.29905149759970279  0.30697456360875086  0.31706922802715620  0.33208640883201784
  0.34723110560078624  0.36147650971975942  0.37494183441665158  0.38794163481000571
  0.40050460360363438  0.41240133738049162  0.42369963106476172  0.43399203751340654
  0.44551221301324967  0.45653217168481214  0.46765181590130817  0.47760050606886967
  0.48745712612679798  0.49700033718862879  0.50771134612240731  0.51826841028027804
  0.52864882792438128  0.53868926953508645  0.54876260100915120  0.55968663744476266
  0.57180023785016243  0.58416064602924656  0.59548330510200809  0.60550933415574992
  0.61475427683246231  0.62403303016011835  0.63446392078531888  0.64636466099896883
  0.65873300464208762  0.67092263312713163  0.68181618432553892  0.69285164799525112
  0.70420155295924514  0.71417145977027263  0.72341643430064428  0.73185240441377275
  0.73953719689560793  0.74724586921272451  0.75486584596246276  0.76356822292014315
  0.77327524187467800  0.78186644736266808  0.78937466010443769  0.79733130051033219
  0.80644916674461253  0.81716336033278947  0.82906494908210782  0.84006543713611548
  0.84988387788488262  0.85972945999354167  0.87006384754383548  0.87962681664836728
  0.88834738207116493  0.89715719286447027  0.90645721064218987  0.91556418840478548
  0.92493937726182551  0.93462616245735108  0.94604224379536239  0.95763373100890448
  0.96904316612475083  0.97974352041992252  0.99011648389867635  1.00000000000000000
 -0.00287886411098460  0.01116491066282968  0.02377202120552752  0.03552014606703006
  0.04726281254902179  0.05921186677721978  0.07057220596801310  0.08172272243407264
  0.09164576703926558  0.10173183926245720  0.11184755420460753  0.12245674648947738
  0.13362333596497322  0.14421906735648088  0.15387797495196576  0.16301998984652791
  0.17124834502663649  0.17885155001827796  0.18673398831040397  0.19480258115216445
  0.20314299140836672  0.21192874522500080  0.22122844536911068  0.22969559179918048
  0.24036038988986136  0.24990979121187348  0.25958130062387175  0.26989802369836663
  0.28076690898023177  0.29150562075240921  0.30216651432795755  0.31293682597570255
  0.32349005659627872  0.33457530513396971  0.34654182526788790  0.36011536129228133
  0.37294469471852970  0.38580216632548875  0.39887066149186973  0.41179888052378760
  0.42291690352660843  0.43298590476478854  0.44358172937823653  0.45397077475797942
  0.46331780750539309  0.47265067946692130  0.48376269039708275  0.49501813969426212
  0.50574740988792477  0.51462974441564269  0.52396609724910048  0.53320526594329343
  0.54393168948113102  0.55595262141756596  0.56834052698572535  0.57754829490068038
  0.58720716639133674  0.59684101988189930  0.60711640319092008  0.61826758146872940
  0.62911278587780906  0.63945269517582037  0.65106155963448054  0.66213675528025451
  0.67292730108426768  0.68147137567900984  0.69039434525181775  0.70060259428358374
  0.71198114534007795  0.72378976800959571  0.73406336078186540  0.74516126130125426
  0.75708352119606348  0.76858137577221786  0.77832975820334793  0.78721712247879494
  0.79671099344191865  0.80711063245948600  0.81775669690619301  0.82883038430613654
  0.84077629861627767  0.85367030788614773  0.86621212004558401  0.87823561659011717
  0.88907927017048660  0.89921596577660268  0.90751614583578466  0.91545056305885042
  0.92347094835410137  0.93242026497930641  0.94284999297093763  0.95446745031173696
  0.96582719530559624  0.97724870415325160  0.98838527480182681  1.00000000000000000
  0.02419806539796428  0.06214223977798460  0.09376675251924106  0.11766784137488899
  0.13598879339441977  0.15105616302579700  0.16402210000231471  0.17622481531724857
  0.18753546620539593  0.19898048477672406  0.21160109970140004  0.22468988553891164
  0.23767959519263251  0.25037481664280792  0.26569439504770997  0.28068542755768200
  0.29416053470985037  0.30814950644490668  0.31915366570005649  0.33088487857134347
  0.34203458581269991  0.35308132577630413  0.36499678575454758  0.37637622301304546
  0.38673056798155903  0.39694266092173741  0.40846578857524041  0.42042588940172393
  0.43106349768626934  0.44221955277979247  0.45476953455509600  0.46523039085047085
  0.47450422683218807  0.48359548110577755  0.49327138384716973  0.50362504163142796
  0.51386282882331125  0.52356772380345251  0.53597072858401307  0.54814739882836983
  0.56084693945351316  0.57287644863498310  0.58413357729326276  0.59443230269335601
  0.60410417933470961  0.61389684717103099  0.62380696894813437  0.63395782839417225
  0.64412252817261695  0.65422076031534948  0.66488480832001018  0.67444538934555054
  0.68403753599223793  0.69371707995237397  0.70385252814997157  0.71335071301192410
  0.72228006439445236  0.73094397952955592  0.73981119308382948  0.74907854202040547
  0.75846058148116591  0.76730293078858969  0.77545758086545835  0.78345580391825620
  0.79199380831752952  0.80096466684268353  0.80970024398965723  0.81822522236378192
  0.82719113288031187  0.83642648754548743  0.84534656414252918  0.85413624646259223
  0.86177742627275955  0.86908738137832042  0.87555686086322182  0.88177856259949172
  0.88819952347234610  0.89463014544737207  0.90099899249005344  0.90747317147324491
  0.91406034053524465  0.92056673189944960  0.92695276360744439  0.93300812766331709
  0.93851351768281888  0.94337917971330432  0.94781129885834470  0.95163109251602296
  0.95523055334888363  0.95868756273920397  0.96161185804325344  0.96422127762839882
  0.96679132892176356  0.96891759652181653  0.97017259556675273  1.00000000000000000
 -0.01527804268194958  0.09845904091151600  0.14102154866975669  0.16882555336150940
  0.19061023122583423  0.20837770817534848  0.22590618215799729  0.24266336293235941
  0.25987442849268860  0.27491681875005514  0.28972439001127021  0.30313798107081613
  0.31915899779930118  0.33544062400173169  0.34689742507135513  0.35621213450190642
  0.36498970636362554  0.37337943639157162  0.38196571193325835  0.39078854074746477
  0.40062231004019871  0.41197588788611955  0.42185359385101917  0.43126130515696021
  0.44007841891582800  0.44844767389825729  0.45604542663495806  0.46383576776302710
  0.47131015389478859  0.47998387696635358  0.48979448265659120  0.50045783024743906
  0.51114637335259350  0.52080304702724078  0.52908508615421412  0.53710868125260269
  0.54325532073365035  0.54902571182011528  0.55460410026583296  0.56093426601831997
  0.56764972632841082  0.57452415734439910  0.58114006032849375  0.58791905260508637
  0.59537628925691433  0.60334343762003018  0.61218682227128685  0.62075151579174193
  0.62877118464313186  0.63610549938966265  0.64278686584248323  0.64946603188975005
  0.65607440410153106  0.66299752654793687  0.66995109056573809  0.67585377106661526
  0.68156523781753164  0.68714638049349586  0.69258146075974591  0.69899896813947382
  0.70488476816585566  0.71053365896403187  0.71604292282314452  0.72142999599244306
  0.72716761758508530  0.73365409773339973  0.74052542956436873  0.74702753966587054
  0.75326895797745885  0.75887548022409268  0.76483059997970892  0.77117103586093294
  0.77801382528177543  0.78480384733478592  0.79124922580318202  0.79718543596312430
  0.80281926441352469  0.80852017566707635  0.81460862310877780  0.82106113720651308
  0.82820020370128056  0.83542455266421645  0.84253911416000538  0.84967460346336721
  0.85680831634978438  0.86415954091732394  0.87176111031906212  0.87953804409736425
  0.88751428116857389  0.89629592264006774  0.90490115563825990  0.91398950761353215
  0.92397071993021018  0.93580484507029127  0.95414826031192379  1.00000000000000000
   2.9733156638206519E-027  -1.0000000000000000     
 T F F F F T F F F F T F F F F T F F F F F F F F F F F F F F F F F F F F F F F F F F F F F F F F T F F F F T F F F F T F F F F T F F F F F F F F F F F F F F F F F F F F F F F F F F F F F F F F F F F F F F F F F F F F F F F F F F F F F F F F F F F F F F F F F F F F F F F F F F F F F F F F F F F F F F F F F F F F F F F F F F F F F F F F F F F F F F F F F F F F F F F F F F F F F F F F T F F F F T F F F F T F F F F T F F F F F F F F F F F F F F F F F F F F F F F F F F F F F F F F T F F F F T F F F F T F F F F T T F F F F T F F F F T F F F F T F F F F F F F F F F F F F F F F F F F F F F F F F F F F F F F F T F F F F T F F F F T F F F F T F F F F F F F F F F F F F F F F F F F F F F F F F F F F F F F F F F F F F F F F F F F F F F F F F F F F F F F F F F F F F F F F F F F F F F F F F F F F F F F F F F F F F F F F F F F F F F F F F F F F F F F F F F F F F F F F F F F F F F F F F F F F F F F F T F F F F T F F F F T F F F F T F F F F F F F F F F F F F F F F F F F F F F F F F F F F F F F F T F F F F T F F F F T F F F F T
  <DiscreteSampler_grid>
  grouped_processes
  1 # 1 for a reference and 2 for a running grid.
  10 # Attribute 'min_bin_probing_points' of the grid.
  1 # Attribute 'grid_mode' of the grid. 1=='default',2=='initialization'
  0.0000000000000000 # Attribute 'small_contrib_threshold' of the grid.
  0.5000000000000000 # Attribute 'damping_power' of the grid.
 # binID   n_entries weight   weight_sqr   abs_weight
    133   10   1.502096427166266E-021   1.053479375799085E-041   1.502096427166266E-021
    134   10   1.502096427166275E-021   1.053479375799088E-041   1.502096427166275E-021
    136   10   9.704517842969858E-023   4.378276309172437E-044   9.704517842969858E-023
    137   10   9.704517842969918E-023   4.378276309172447E-044   9.704517842969918E-023
    139   10   9.704517842969864E-023   4.378276309172445E-044   9.704517842969864E-023
    140   10   9.704517842969923E-023   4.378276309172447E-044   9.704517842969923E-023
    142   10   5.212401066120778E-024   1.263080092303118E-046   5.212401066120778E-024
    143   10   5.212401066120808E-024   1.263080092303118E-046   5.212401066120808E-024
    145   10   9.704517842969864E-023   4.378276309172445E-044   9.704517842969864E-023
    146   10   9.704517842969923E-023   4.378276309172447E-044   9.704517842969923E-023
    148   10   4.761603616757160E-024   1.056256675553991E-046   4.761603616757160E-024
    149   10   4.761603616757187E-024   1.056256675553991E-046   4.761603616757187E-024
    151   10   1.806800078694063E-021   1.517663333962224E-041   1.806800078694063E-021
    152   10   1.806800078694074E-021   1.517663333962227E-041   1.806800078694074E-021
    154   10   9.704517842969858E-023   4.378276309172437E-044   9.704517842969858E-023
    155   10   9.704517842969918E-023   4.378276309172447E-044   9.704517842969918E-023
    157   10   9.704517842969858E-023   4.378276309172437E-044   9.704517842969858E-023
    158   10   9.704517842969918E-023   4.378276309172447E-044   9.704517842969918E-023
    160   10   1.806800078694063E-021   1.517663333962224E-041   1.806800078694063E-021
    161   10   1.806800078694074E-021   1.517663333962227E-041   1.806800078694074E-021
    163   10   4.761603616757160E-024   1.056256675553991E-046   4.761603616757160E-024
    164   10   4.761603616757187E-024   1.056256675553991E-046   4.761603616757187E-024
    166   10   9.704517842969864E-023   4.378276309172445E-044   9.704517842969864E-023
    167   10   9.704517842969923E-023   4.378276309172447E-044   9.704517842969923E-023
    169   10   5.212401066120778E-024   1.263080092303118E-046   5.212401066120778E-024
    170   10   5.212401066120808E-024   1.263080092303118E-046   5.212401066120808E-024
    172   10   9.704517842969864E-023   4.378276309172445E-044   9.704517842969864E-023
    173   10   9.704517842969923E-023   4.378276309172447E-044   9.704517842969923E-023
    175   10   9.704517842969858E-023   4.378276309172437E-044   9.704517842969858E-023
    176   10   9.704517842969918E-023   4.378276309172447E-044   9.704517842969918E-023
    178   10   1.502096427166266E-021   1.053479375799085E-041   1.502096427166266E-021
    179   10   1.502096427166275E-021   1.053479375799088E-041   1.502096427166275E-021
    193   10   1.912917305205010E-021   1.723424716798481E-041   1.912917305205010E-021
    194   10   1.912917305205022E-021   1.723424716798485E-041   1.912917305205022E-021
    196   10   1.235680579659074E-022   7.161963073354332E-044   1.235680579659074E-022
    197   10   1.235680579659081E-022   7.161963073354344E-044   1.235680579659081E-022
    199   10   1.235680579659074E-022   7.161963073354347E-044   1.235680579659074E-022
    200   10   1.235680579659081E-022   7.161963073354345E-044   1.235680579659081E-022
    202   10   6.636973495252608E-024   2.066140266390308E-046   6.636973495252608E-024
    203   10   6.636973495252645E-024   2.066140266390308E-046   6.636973495252645E-024
    205   10   1.235680579659074E-022   7.161963073354347E-044   1.235680579659074E-022
    206   10   1.235680579659081E-022   7.161963073354345E-044   1.235680579659081E-022
    208   10   6.063398843011399E-024   1.727949009641699E-046   6.063398843011399E-024
    209   10   6.063398843011432E-024   1.727949009641699E-046   6.063398843011432E-024
    211   10   2.300606588287225E-021   2.482586293800120E-041   2.300606588287225E-021
    212   10   2.300606588287240E-021   2.482586293800126E-041   2.300606588287240E-021
    214   10   1.235680579659074E-022   7.161963073354332E-044   1.235680579659074E-022
    215   10   1.235680579659081E-022   7.161963073354344E-044   1.235680579659081E-022
    217   10   1.235680579659074E-022   7.161963073354332E-044   1.235680579659074E-022
    218   10   1.235680579659081E-022   7.161963073354344E-044   1.235680579659081E-022
    220   10   2.300606588287225E-021   2.482586293800120E-041   2.300606588287225E-021
    221   10   2.300606588287240E-021   2.482586293800126E-041   2.300606588287240E-021
    223   10   6.063398843011399E-024   1.727949009641699E-046   6.063398843011399E-024
    224   10   6.063398843011432E-024   1.727949009641699E-046   6.063398843011432E-024
    226   10   1.235680579659074E-022   7.161963073354347E-044   1.235680579659074E-022
    227   10   1.235680579659081E-022   7.161963073354345E-044   1.235680579659081E-022
    229   10   6.636973495252608E-024   2.066140266390308E-046   6.636973495252608E-024
    230   10   6.636973495252645E-024   2.066140266390308E-046   6.636973495252645E-024
    232   10   1.235680579659074E-022   7.161963073354347E-044   1.235680579659074E-022
    233   10   1.235680579659081E-022   7.161963073354345E-044   1.235680579659081E-022
    235   10   1.235680579659074E-022   7.161963073354332E-044   1.235680579659074E-022
    236   10   1.235680579659081E-022   7.161963073354344E-044   1.235680579659081E-022
    238   10   1.912917305205010E-021   1.723424716798481E-041   1.912917305205010E-021
    239   10   1.912917305205022E-021   1.723424716798485E-041   1.912917305205022E-021
  </DiscreteSampler_grid>
