  0.02373999809292504  0.03339358646642246  0.04155166706781045  0.04970595815234749
  0.05873135787487566  0.06811569835387879  0.07585942019161196  0.08407217563902966
  0.09387029881886585  0.10417184421389424  0.11439858772453775  0.12520935313196888
  0.13502676287593346  0.14437699799649167  0.15404391227132561  0.16532343363718899
  0.18133683052043306  0.19841949541421761  0.21322768765847488  0.22478336353533135
  0.23773390840020001  0.25077742473437797  0.25943627362896227  0.26802167033933810
  0.27756984148543401  0.28706050098690733  0.29433657796897339  0.30039078980315109
  0.30797258305329273  0.31394319931697107  0.31902716490451005  0.32443045262183401
  0.33152778028817320  0.33906524760391865  0.34691649200584357  0.35499637461388650
  0.36524379593762707  0.37683292189515066  0.39046202413216335  0.40164714166871951
  0.41094803694805621  0.42200536148777523  0.43381893258231530  0.44457301074369193
  0.45476144380494277  0.46555216085311124  0.47610131361124541  0.48640481793496548
  0.49887261467522870  0.51329484835207806  0.52565867929151311  0.53668582488782224
  0.54605296954331051  0.55590479163117823  0.56685045796289235  0.57858472867573152
  0.59264945277178405  0.60597331112671426  0.61878796960845850  0.63061140002459581
  0.63958784038559346  0.64817991921107887  0.65766337078144532  0.66505631174481783
  0.66999775524441652  0.67776481301220937  0.68621277711508011  0.69377516824603946
  0.70203148068309518  0.71074833640576629  0.71909891400407255  0.72965177785748025
  0.74186491721823911  0.75419015108413323  0.76596846519222617  0.77714341242599305
  0.78784236694754983  0.79914692374053764  0.81095083625952724  0.82241435657651407
  0.83563682944045992  0.85160607232440388  0.86608358830072463  0.88274210918552143
  0.89315721042204321  0.90042231494737601  0.90628672736422566  0.91325352637042223
  0.92299423437649597  0.93210964324453704  0.93956867416687073  0.94620107896409000
  0.95223591299099797  0.95973700920975602  0.97200611289941274  1.00000000000000000
  0.00000005191224831  0.00000033143184420  0.00000075574760033  0.00000143765025904
  0.00000213687138853  0.00000308921416393  0.00000420961704806  0.00000545047285748
  0.00000668008646208  0.00000778811277669  0.00000876958767569  0.00000987668209732
  0.00001100002350239  0.00001200999874021  0.00001295724797714  0.00001400626085593
  0.00001520477032556  0.00001638983827209  0.00001753893657169  0.00001871324308936
  0.00001986382552602  0.00002109176934018  0.00002208028583227  0.00002302092785570
  0.00002393873171883  0.00002487354580373  0.00002584482092174  0.00002682274771532
  0.00002772899658199  0.00002854196686874  0.00002924670768168  0.00002979388942058
  0.00003030616077342  0.00003080230630211  0.00003125877441127  0.00003171103508871
  0.00003217638563333  0.00003253375533575  0.00003290776244426  0.00003327892681269
  0.00003363006862128  0.00003395759003587  0.00003425314667014  0.00003455068510660
  0.00003485904304497  0.00003515635081356  0.00003547948948230  0.00003580067367477
  0.00003613274441547  0.00003650805314352  0.00003715504316215  0.00006019755229217
  0.00006257454367192  0.00006382556575781  0.00006481637199120  0.00006566401390297
  0.00006645034290100  0.00006723196116544  0.00006801679723363  0.00006881153201429
  0.00006978577533599  0.00007097459276279  0.00007254214303216  0.00007423484846763
  0.00007593803758498  0.00007762856172813  0.00007942739459747  0.00008126221000574
  0.00008326829954259  0.00008558944635924  0.00008824615620512  0.00009136654449642
  0.00009463164780491  0.00009790040222535  0.00010128121669699  0.00010507474337255
  0.00010997849937933  0.00011652914390267  0.00012368743836596  0.00013140521772087
  0.00014023823548807  0.00015207704348626  0.00017333396381892  0.00020673991799719
  0.00024466153154627  0.00027710121000702  0.00031566957947204  0.00035891130618552
  0.00041803383742351  0.00052577564898952  0.00065353249027570  0.00079707944717702
  0.00097900336146737  0.00126641763999423  0.00160691657895727  1.00000000000000000
  0.00812767170986961  0.02167725632142688  0.03656801258105308  0.04910700423410359
  0.06169990791808549  0.07359439169694530  0.08882549020096808  0.10298390270403102
  0.11826195474887484  0.13453174222634251  0.14848629345497674  0.16446478969272027
  0.17629242477545334  0.18941145221272765  0.20267829708599669  0.21577552837522032
  0.22696167801278977  0.23869648582564970  0.25168743099052238  0.26460476218116846
  0.27700075883018255  0.28849116778284950  0.30013573006958005  0.31265152924625766
  0.32310186869538227  0.33123418616845818  0.33756723292976881  0.34364042503589409
  0.34861366940877442  0.35345955769678722  0.35900128562477795  0.36387892663486338
  0.37042012633098920  0.37782254014290956  0.38724621855210017  0.39701789954366157
  0.40640470000259515  0.41648371543273299  0.42841102976546130  0.43981704028659696
  0.45022140564181690  0.45533083528874768  0.46272495417959741  0.47048230483896991
  0.47916859007475698  0.48901189982264143  0.49964890203676460  0.51109576717009320
  0.52167714680644928  0.52860370013939262  0.53508487331012933  0.54118547159356856
  0.54883934406444967  0.55822594408553350  0.56728318045384152  0.57595570080633718
  0.58498771010160655  0.59340181678811355  0.60080416451896201  0.60753143492860773
  0.61465910286672354  0.62093631354648404  0.62678299501720924  0.63114686688269706
  0.63638107958849810  0.64229366490243356  0.65324350344232895  0.66753011454632016
  0.68112750407550293  0.69439325535676999  0.70577260546110665  0.71780308505666024
  0.73054312928983411  0.74400656018631217  0.75796170748037639  0.77162942513477484
  0.78325623482329931  0.79478265367467360  0.80396386567232192  0.81261517061205668
  0.82131258175621891  0.83060457198391358  0.84124494632678637  0.85385698676172428
  0.87048323980634512  0.88807487781884753  0.90224733766089282  0.91416824937166319
  0.92597646610198137  0.93827355246878730  0.94903322063492979  0.96032512403045067
  0.97088090368242508  0.98157531330792636  0.99097887230476644  1.00000000000000000
  0.00221068775498772  0.01381586134767094  0.02452153669273369  0.03461161550939939
  0.04552724717873481  0.05431642786918750  0.06307881195546468  0.07249165222248329
  0.08505678673895627  0.09644845426402046  0.10776158144384337  0.11838451870575180
  0.12907801154322873  0.13792395780826028  0.14758162529179283  0.15770207959051127
  0.16717387228540201  0.17424509901799673  0.18233177932920933  0.18973695273268903
  0.19598925654125579  0.20173715166334599  0.20736317914426383  0.21368037428500472
  0.21936994907277835  0.22519519672060584  0.23218495908872491  0.24149494360985102
  0.25221005920399431  0.26485451633276774  0.27833216607739264  0.29233789812140987
  0.30464365456971293  0.31500553527669101  0.32478985698657947  0.33491572941447784
  0.34501821106828290  0.35601631452639337  0.37394537947839634  0.38944122495938688
  0.40252764802973051  0.41462573031009770  0.42541436024610807  0.43498457250607375
  0.44421651861397271  0.45307686402879255  0.46268862026323726  0.47326533664813325
  0.48365879846647059  0.49252448272105559  0.50251265191862526  0.51369954765223635
  0.52502600354741014  0.53745457317926848  0.55024371769103619  0.56274125187608759
  0.57407990326258795  0.58458512335253765  0.59545337399887632  0.60581120734139804
  0.61610516009032601  0.62846697723305012  0.64351404942729651  0.65587506093110226
  0.66840133431741799  0.68029023340688799  0.69181103191848115  0.70450576823759625
  0.71428605723608340  0.72477666716699884  0.73731567054267688  0.75114174941698786
  0.76395706449855671  0.77842742677509580  0.79456953848881773  0.80898334480932332
  0.82258386692293339  0.83435085146471677  0.84494303169094509  0.85532666690942183
  0.86496677087375773  0.87341662631831118  0.88280906532774406  0.89244050779140194
  0.90222524098030032  0.91584436211085152  0.92734160875255722  0.93901436490764689
  0.95032549143677181  0.96008243213635014  0.96673939993996139  0.97372892161606861
  0.98071897580010292  0.98721636118537770  0.99155661212746404  1.00000000000000000
 -0.00038080110448227  0.00223118671566184  0.00386809386416410  0.00567990386413663
  0.00825085411552454  0.01160765472772465  0.01562809833704143  0.02008531140174566
  0.02515882364637687  0.03115520613665776  0.03876769394607791  0.04515958763129754
  0.04990209681343712  0.05466649181505040  0.05971084180680063  0.06530726528845471
  0.07400053381986114  0.08180928269024146  0.08934470631806334  0.09753773236968490
  0.10660780806316013  0.11665613897229371  0.12677320893049512  0.13578415218789802
  0.14397221647889832  0.15189154520262982  0.15886635877339961  0.16662489553703158
  0.17509806021210347  0.18443580881090813  0.19250201360863661  0.20086640554822194
  0.20969871323526662  0.21966072708692347  0.22959972830667436  0.24048099579478635
  0.25256967142735637  0.26675105632929591  0.28342941172802483  0.30236994571693637
  0.31780165060567578  0.33191945552379287  0.34487717720118327  0.35736824044005688
  0.36931260572698299  0.38068818755580586  0.39194213154347457  0.40348687707284564
  0.41475834031738740  0.42535620413756881  0.43598325740769428  0.44634962230132924
  0.45759621997452876  0.47177785712914466  0.48911553536695329  0.50590961361246722
  0.52273612685945203  0.54045755675925389  0.55811738494153151  0.57256927679788105
  0.58555382503029652  0.59787271030404787  0.61067061030649039  0.62252936541388548
  0.63328901827398354  0.64388291769941841  0.65493108440068559  0.66654119286584090
  0.67976101178823001  0.69381683900017099  0.70789269600117355  0.72221270569083840
  0.73661565826474718  0.75175621946271165  0.76639770371848948  0.77991797754713188
  0.79332289259049460  0.80752092248980789  0.81794965179852075  0.82652551994027956
  0.83448958895624648  0.84237205703834950  0.84987527535256446  0.85874328892770269
  0.86815462192836079  0.87792416881662183  0.88923408532774750  0.90085777728945360
  0.91336885404627599  0.92593727077123766  0.93943180604893362  0.95318220625135364
  0.96671018251748020  0.97839085839765727  0.98953472116995023  1.00000000000000000
 -0.00363295463999760  0.01496784126344900  0.03141728556019861  0.04545207818397812
  0.06104575810905077  0.07666581897861463  0.08913727115694196  0.09945952463188028
  0.10777234732485752  0.11455183644668057  0.12259296762805090  0.13202569946277123
  0.14351393257536738  0.15875738721192620  0.17067522110434452  0.17909925407123092
  0.18832195222664655  0.19797779385508016  0.20766242296150095  0.21736328929619031
  0.22787336032035624  0.24140094318619801  0.25567166263807067  0.26872623409871194
  0.28068198776434622  0.28888200948883008  0.29451745719846473  0.29946158009846668
  0.30392707303901795  0.30945588987471728  0.32050011737380879  0.33137292943978636
  0.33983900257214328  0.34757533114630057  0.35553308380424642  0.36612057009931009
  0.37659518221299892  0.38786281654169874  0.39806122595183291  0.40717560166170164
  0.41637324526068981  0.42694070697372749  0.43645150477182021  0.44377586585379064
  0.45176044522212849  0.46303582498767365  0.47883142924009237  0.49507766024305516
  0.51148709811051851  0.52773523352022322  0.54045881361436832  0.54739498155462074
  0.55426578480074995  0.56091336563106708  0.56686478167353571  0.57246716385564966
  0.57780393247860262  0.58297357548905193  0.58820289923069125  0.59366112547052152
  0.59923556576945536  0.60662545556085778  0.61814257852638810  0.63121986133934727
  0.63900465544160900  0.64561210554388737  0.65302733103040289  0.66110327545668468
  0.67092201847444111  0.68213541862876237  0.69348466994537539  0.70355276225661723
  0.71342456310694091  0.72367428906252551  0.73486127210613406  0.74610031820554745
  0.75923711532725113  0.77419666359952111  0.78722552172365801  0.79984823692812779
  0.81372835440633218  0.82962233402221330  0.84552720853110375  0.86044524933499444
  0.87381066264911689  0.88555683972926746  0.89721034352240803  0.90939127332081282
  0.92230074136630191  0.93287460216338614  0.94433891161317907  0.95654999193202850
  0.96784106773238143  0.97867787103611503  0.98966541249091988  1.00000000000000000
 -0.00305597447514092  0.00999113624630004  0.02279334856006276  0.03549069955184387
  0.04993426742263663  0.06432273109912238  0.07899964314739874  0.09209918206607709
  0.10311922735186607  0.11444536040066343  0.12522114801868953  0.13151541410093975
  0.13647196089660310  0.14138117072128525  0.14717925847869845  0.15383531835679676
  0.16148803698276182  0.16840293099394890  0.17559417131890492  0.18258765677565364
  0.18788961393617304  0.19660619709405630  0.20614052427448765  0.21405432669724994
  0.22249084454814419  0.23050237591675063  0.23953435168824352  0.24927784275756651
  0.25689997822357880  0.26381614312108226  0.27298254334052729  0.28650106365521050
  0.30245534138767671  0.31806780674957913  0.33035979769555412  0.34136998708429811
  0.35146897876285532  0.36122612227647843  0.37136427899691460  0.38314102927191074
  0.39644669261491167  0.40541006308553595  0.41548186383993929  0.42530188979738393
  0.43484027562727467  0.44515695478393547  0.45802992468913512  0.47233756454212894
  0.48608826100994063  0.50001734454479962  0.51232122670652480  0.52289465535546753
  0.53374434327784648  0.54515687469267371  0.55791351511014775  0.57163754186131921
  0.58470841215662983  0.59649561919389871  0.60749361529576629  0.61819663185146156
  0.62860063859772020  0.63929819772034602  0.65175571818918909  0.66335712797429902
  0.67697101100818424  0.68771828462539120  0.69570776632184217  0.70354351899127154
  0.71119914103273840  0.71904155256043023  0.72704681383210068  0.73536716727595342
  0.74312820005221658  0.75066099249985629  0.76049979593584394  0.76955435614539347
  0.77561642457094970  0.78131348115348542  0.78697646982127611  0.79433733282326413
  0.80459072211559901  0.81794737453984834  0.83382906623372133  0.85188974085092550
  0.87024537918877221  0.88617863079756543  0.89851894097017793  0.90937373922684106
  0.91948750665428058  0.92955453543287336  0.94044754566144395  0.95464924362492543
  0.96874648763744198  0.97928409401921779  0.98986986516925901  1.00000000000000000
 -0.00283827664883939  0.01272382195565144  0.02706541220489304  0.04085938622137624
  0.05483269932600893  0.06884482883510155  0.08433965467075465  0.09890227963220578
  0.11141036258582430  0.12102278830418810  0.12910746118704272  0.13648605918888732
  0.14336137837597257  0.15026111373594456  0.15832766812384960  0.16738020297099562
  0.17402816291920453  0.18065340782103848  0.18794172400337256  0.19582685081074391
  0.20350646360148089  0.21061035625494484  0.21727756835105697  0.22344670615998799
  0.23009686336207924  0.23817360798682169  0.24944920844887761  0.26211589362783466
  0.27674544170290016  0.29778468185513202  0.31570309713546013  0.32633281044389312
  0.33642532300011535  0.34712234836683648  0.35759196502701718  0.36618113263231450
  0.37401204116150455  0.38112178585378831  0.38773054024170717  0.39483484516557871
  0.40216591225036891  0.41150773593597600  0.42675841077355048  0.44350782794211807
  0.45730223574068513  0.47199019433881084  0.48567294939484545  0.49902372486307311
  0.51771983989716741  0.52934472389735554  0.53810863994549951  0.54725948090156395
  0.55645645928286647  0.56531139295704202  0.57827517571007436  0.59247736060012091
  0.60462581784483427  0.61488744853209654  0.62430163135955163  0.63424259753661572
  0.64612152437772330  0.65815233746499646  0.67206861581036226  0.68649338344997168
  0.70059584195210201  0.71400499548289176  0.72689605232293886  0.73898117277072806
  0.75038016547237230  0.76361564959597761  0.77437141164444823  0.78362588292542834
  0.79296214631277306  0.80255189437497454  0.81053593696560933  0.81633636302039492
  0.82085066882228164  0.82638503732000768  0.83188007785998974  0.83734321111597898
  0.84280403662790293  0.84800542536420598  0.85471075618406667  0.86249823894076538
  0.86843713299421044  0.87550877914145664  0.88588820919656441  0.89559664543206063
  0.90356028046147852  0.91114193015809331  0.92106569727457488  0.93401009349299335
  0.94903364306575932  0.96624499271997244  0.98297042663365286  1.00000000000000000
 -0.00414543258185764  0.01476719878198366  0.02446765120763400  0.03227663643522963
  0.03974358623033242  0.04555207926502655  0.05082769965055038  0.05664048947063581
  0.06307243779944172  0.06863564818836992  0.07395414351717572  0.08170617299877660
  0.09282632652171272  0.10537236748073806  0.11867557037945718  0.13213477824042230
  0.14408983296317193  0.15715980358066911  0.16876537102793460  0.18003971546423009
  0.19170545658516638  0.20334032377631553  0.21249643058636264  0.21885192425773065
  0.22467028133800851  0.22997742773593799  0.23581112086029160  0.24294826814072312
  0.24988371849245447  0.25678230023765913  0.26403586636700527  0.27409780521988225
  0.29264341531522453  0.31079378479623399  0.32673477945229024  0.34237431766243714
  0.35697994960648849  0.36868353366482159  0.37943473805130068  0.38597478358601556
  0.39325084507054536  0.40118540919386625  0.41072130868288215  0.42164818496948714
  0.43069754034673391  0.44057788548078203  0.45528867480216001  0.47094679194098954
  0.48531166995714575  0.49829564726993508  0.51211805731551041  0.52397689156981231
  0.53393281802455583  0.54306899717538248  0.55189923288079168  0.56080546038607670
  0.56906132411617805  0.57701829598107757  0.58620916154007141  0.59743978179181978
  0.60988123443113751  0.62250178792336264  0.63581388080204082  0.65220694471843399
  0.66419050037759497  0.67149314451804809  0.67821712618369534  0.68458883473030718
  0.69114089265307443  0.70033788043923351  0.71043579588657257  0.72180658274385923
  0.73175453295620774  0.74539331370895767  0.75992049894965041  0.77545319881555763
  0.79302160953544709  0.81484104545639124  0.83187855930158916  0.84444201539495012
  0.85342063676111068  0.86179114561299863  0.87021884727455578  0.87914088524308109
  0.88928541830668739  0.90066472062383340  0.91290568382814030  0.92535661821314075
  0.93703590793324587  0.94810479523442248  0.95820445142156085  0.96699804054313665
  0.97561311580014387  0.98391257457823544  0.99201377908307808  1.00000000000000000
 -0.00199806894740950  0.00568336518245868  0.01347263276130262  0.02189879509487204
  0.03096087874472548  0.04011428537562432  0.04903816890756009  0.05542645819945185
  0.06227118502882355  0.06985161222319694  0.07671862116218664  0.08629056998785194
  0.09701498989403878  0.10746125408908500  0.11861231195543377  0.12856976998988773
  0.13631379305225430  0.14410508589596552  0.15173731742136801  0.15936872110240613
  0.16721664016748095  0.17487324781507757  0.18177084238701768  0.18881883132377236
  0.19934163566857452  0.21122640313611382  0.22216316548914081  0.23347874001437238
  0.24489488244160582  0.25576945908021692  0.26511346869172570  0.27546585847347776
  0.28662174683633451  0.29617714556495062  0.30572154824406761  0.31623738816873886
  0.32614847531572244  0.33635325727098764  0.34773968590387472  0.35677631824061029
  0.36585243589525790  0.37581262767357038  0.38560967894211201  0.39621626324590831
  0.40970419252515022  0.41958801277843766  0.42587605929539285  0.43247678857924310
  0.43890672774348055  0.44713242463075187  0.45510973876586391  0.46252465494404560
  0.47002156239279169  0.47626790341080338  0.48810477427899474  0.50256618171003964
  0.51362162136014011  0.52370625985660713  0.53394880839601799  0.54386713243068130
  0.55280848980305719  0.56067399276491703  0.57284649851477976  0.58802948030137991
  0.60349312901378571  0.61745301947113762  0.62834107452924837  0.63862061575688878
  0.64945088872182644  0.66148528212646385  0.67418655590518839  0.68658210471639181
  0.69877690475581067  0.71045147706456402  0.72379808382720467  0.73668522610337150
  0.74847961783310335  0.76019676849673767  0.77094154468028464  0.78043228234627882
  0.79062546158763813  0.80361752535698405  0.81722438380711659  0.83040150646040511
  0.84805742460531452  0.86311698063234732  0.87529048071743754  0.88749530790781672
  0.90023104493844852  0.91217337117426855  0.92447972919607657  0.93732087696410071
  0.94958956701351904  0.96376146461458712  0.98042313468963493  1.00000000000000000
 -0.00167630868649789  0.00843258703276270  0.01738235263898440  0.02557502378392208
  0.03296676424449040  0.04184194661468550  0.05145626216485621  0.06187594539967162
  0.07195285034883901  0.08173125955190931  0.09161540722449350  0.10156663822445755
  0.11231908620380554  0.12237310272982603  0.13240013166499878  0.14157256225917647
  0.15128760943779851  0.15957285009043121  0.16801588528358286  0.17643525044111580
  0.18625473387038141  0.19522789733851398  0.20271888317500822  0.21049202941995424
  0.21862664206953275  0.22746216946613046  0.23639565430939344  0.24622524804989199
  0.25635694919696478  0.26887074611103851  0.27922687053534417  0.28772918121918056
  0.29511859332091417  0.30268375960813165  0.31199738902374641  0.32059519657975499
  0.32712574434048930  0.33345992550998954  0.34065364829127825  0.34889353486660024
  0.35919951932018346  0.37247018851368691  0.38339524207270714  0.39266593699155694
  0.40484252972508489  0.41654323708279123  0.42795787858302003  0.43800633599694300
  0.44870579753143930  0.46111596495509832  0.47651057917179335  0.49152746336016023
  0.50618810165763484  0.51972557946941522  0.53297794073879123  0.54670950771890059
  0.56100444188585630  0.57557057178688109  0.59333751253380829  0.60922684862094889
  0.62395486279397816  0.63897466621511534  0.65384094009243343  0.66629329317502228
  0.67962828385458884  0.69117821762510590  0.70266606208468907  0.71349989450370310
  0.72380913628653443  0.73424739973681619  0.74619879506154974  0.75845578955925430
  0.77115751042671943  0.78428886191398861  0.79778627849448702  0.81233649594534874
  0.82804665430002955  0.84357367818207207  0.85784782902086021  0.87261854464512556
  0.88475123348654472  0.89432996629041384  0.90019417311068117  0.90598458701580864
  0.91349394890936519  0.91981653120978224  0.92672967385211347  0.93482862204739425
  0.94333329108914310  0.94961162566598334  0.95567879939890565  0.96263843486090628
  0.97349383926111022  0.98364366649885326  0.99206313364606291  1.00000000000000000
 -0.00317068853799572  0.01517968627690266  0.02735303862328021  0.03787984045265090
  0.04644841411315689  0.05587295533042739  0.06821510295613195  0.08017701296801592
  0.09123802620006055  0.10136043934776692  0.11156056533604185  0.12103877611118634
  0.13120255780366274  0.14173109556136670  0.15384991154549316  0.16641546646698405
  0.17620100368528285  0.18563752737430408  0.19511157100118842  0.20501067553978342
  0.21644306783212813  0.22651759476492805  0.23631130290513405  0.24696944779218008
  0.25754872399726042  0.26900831048140278  0.28348262313447964  0.30032844484154114
  0.31712298010095596  0.33470318845585256  0.34509348339073681  0.35399368118884433
  0.36278807395460255  0.37211245988624286  0.38154769192464211  0.39044656330723004
  0.40070904783135919  0.41344350172135241  0.42615538398378394  0.43926236621316406
  0.45304042951154944  0.46759933439944407  0.48076596299716706  0.49025571355092834
  0.50023652491806192  0.50933032096492781  0.51805313862601243  0.52693280505089013
  0.53363552532391600  0.53789165078538292  0.54292739598800754  0.54935431665622225
  0.55845614944249833  0.57272179363405007  0.58362111179242981  0.59443777732740455
  0.60515804701605724  0.61563949510342653  0.62567538221395103  0.63600445211019940
  0.64532572641286035  0.65395542884234814  0.66423263321662762  0.67443457624131242
  0.68252313470006754  0.69082000674055200  0.69872842365890531  0.70603459768011700
  0.71785321564059668  0.72974193472794524  0.74526204723930745  0.75432443695887685
  0.75936060760290192  0.76459800067210693  0.77173368292033373  0.77949180707847565
  0.78716271888150535  0.79497715222987420  0.80140442433092340  0.80711063218161094
  0.81334782004461492  0.82838517800273437  0.84298534383434687  0.85515069083804041
  0.86582700453269923  0.87525390370390044  0.88388588167363702  0.89246342060999340
  0.90026592157780871  0.90920959547266300  0.92166309898700549  0.93861259335399527
  0.95630154062205641  0.97074813476028632  0.98533271490376684  1.00000000000000000
 -0.00879160541023804  0.04159288232687490  0.07192197418584856  0.09133247775113049
  0.10663669178185338  0.11831995773917790  0.13026290873403795  0.14213731992926584
  0.15594298601274775  0.16870889183333673  0.18061803325343756  0.19147720465173407
  0.20191722598727430  0.21248975810055931  0.22321221340080030  0.23259218567415513
  0.23890883468065569  0.24577676515051752  0.25312207351970967  0.25992859151596087
  0.26661180179460930  0.27411573994696181  0.28164834376964137  0.28909103624196036
  0.29716752994170342  0.30668938888227287  0.31714921193690165  0.32729548306125616
  0.33793631398576746  0.34714847299053386  0.35538865759056709  0.36309579023951849
  0.37285316366482713  0.38235958294510702  0.39287405022792388  0.40108241759953728
  0.40859433405697398  0.41664367022805532  0.42535818302921985  0.43172071416364605
  0.43758075783588762  0.44356748162189286  0.45016870190512359  0.45714020656019344
  0.46487875656624539  0.47269788763341686  0.47989326976745289  0.48685583503027108
  0.49488131874291352  0.50310349043304070  0.51211635538680189  0.52234736061172626
  0.53271132499410545  0.54262011320114101  0.55132618242939779  0.55873849866042458
  0.56525074864767200  0.57130000810133563  0.57710677840123847  0.58262473529297421
  0.58773098048620065  0.59335686437495905  0.60065397804898302  0.61060960516561746
  0.62294114851719173  0.63368848522164922  0.64316616695112949  0.65212852673914345
  0.66021900758027674  0.66827980868361259  0.67868865044014115  0.69049730022625755
  0.70342416718837275  0.71153109909951895  0.71674787935159290  0.72254500111502806
  0.72850710756507320  0.73432442248591145  0.74083243023391876  0.74684157011940722
  0.75302618188923831  0.75937543660722284  0.76612307911448219  0.77245022105436734
  0.77957798222933472  0.78692149500315878  0.79555698860008073  0.80731376024344081
  0.82306984173557329  0.84189629115462072  0.86181173791949495  0.88176119802970743
  0.90113682169357112  0.92229944737855396  0.95233482391978863  1.00000000000000000
 -0.00333576852246624  0.01349089095256655  0.02849501123362144  0.04105188664643226
  0.05084387634794504  0.05991858883130675  0.07066789389968582  0.08057123553677839
  0.09076060361898326  0.10170396684940991  0.11397399820309234  0.12827419379880739
  0.14282250995053894  0.15686927006147197  0.17023588091172917  0.18357164655119970
  0.19700394471236185  0.20820549010238676  0.21670015938375492  0.22426360061986311
  0.23183436628244417  0.23781168818603193  0.24423255911271474  0.25112946943071307
  0.25818851659537961  0.26555513946520415  0.27434401564195698  0.28666488227492076
  0.29930509770469033  0.31298385139666041  0.32759046057795244  0.34059151216693323
  0.35167184309186778  0.36163644689314256  0.37180283567427763  0.38261626301920304
  0.39406590069747821  0.40365597353897215  0.41309617469376020  0.42183064518782892
  0.43431976558338869  0.44626031389727105  0.45400576053561303  0.46077634092933539
  0.46532393614094875  0.46989339310495587  0.47495128788331198  0.48139894445750131
  0.49209917762226435  0.50301780662227857  0.51091291171119158  0.51698588831051384
  0.52182395858187913  0.52814141552056859  0.53433835756447656  0.53919621193043910
  0.54409920276490642  0.54951537087986602  0.55545802296101776  0.56145895574706295
  0.57207658256723493  0.58563432743139776  0.59914358780688359  0.61672999521891425
  0.62986810803602356  0.64199902712766277  0.65443212223088065  0.66962481768027915
  0.68592743243025689  0.70122742676965699  0.71538964667852201  0.72762758774469827
  0.74115575765712860  0.75566713772011562  0.76912774193603461  0.78384595292584414
  0.79839531507663719  0.81192640426630203  0.82509453843465719  0.83761606630506891
  0.84842961102147396  0.85867228175472343  0.86937382115947404  0.88102451153564676
  0.89242068785619111  0.90316518800902401  0.91386799525454565  0.92263528234517811
  0.93032049133590355  0.93787530020725896  0.94804325187921767  0.95873956809317851
  0.96719640712001476  0.97808585910593449  0.98938689526987267  1.00000000000000000
 -0.00988554077883285  0.17322375721957700  0.22803735730826530  0.26775012040205420
  0.30638779288982598  0.33631351370390217  0.35557230488964964  0.37443766276860202
  0.39420574768405459  0.41446838530883867  0.43707927877164154  0.46021958703103960
  0.48106951559413336  0.49782209792352761  0.51311553976027380  0.52799620116643786
  0.54053567139063596  0.55103719622260083  0.56133638623411652  0.57242578804784294
  0.58741309197364433  0.60040323353420999  0.60813092430453908  0.61298496323802065
  0.61780353104260832  0.62435526189694945  0.63162368488108778  0.63883258188291714
  0.64670179528053018  0.65349571131516182  0.65833760968028121  0.66170348049149019
  0.66491103102110283  0.66847948509046939  0.67204936144578609  0.67528838396252133
  0.67839238886505571  0.68297505042826956  0.68795113763142113  0.69281975488319880
  0.69732977241837368  0.70146414501601917  0.70534020297289590  0.70945940760040493
  0.71598400179822785  0.72289125055896941  0.73010579926629948  0.73798324122665271
  0.74496885438386840  0.75110098390893654  0.75697066890790132  0.76299397846395456
  0.76945244989205197  0.77555070996582287  0.78141126519055304  0.78798862483287757
  0.79373467816336563  0.79949379935637455  0.80544247161263050  0.81034674515459071
  0.81532308651145491  0.81989174082946925  0.82410568765033232  0.82845798956486372
  0.83319007893308550  0.83780050935289574  0.84289670619094870  0.84827578357020073
  0.85384113276422113  0.85828654769348700  0.86257288905995044  0.86646544571598350
  0.87026480335744594  0.87418168233609783  0.87763530303387693  0.88068682733900450
  0.88386351827228393  0.88712095037197414  0.89057005250756149  0.89438382415210171
  0.89842305120196786  0.90260541232288405  0.90650773533333184  0.91046059114447719
  0.91421632827150723  0.91764711367556673  0.92250970160269996  0.92755623034902135
  0.93209766581344933  0.93757153756492695  0.94369199886256561  0.95000289793457460
  0.95762983522836309  0.96653556219698755  0.98008525750917486  1.00000000000000000
 -0.02225294996477226  0.13147981619272872  0.18211843931808638  0.20702147871516793
  0.22405399457822867  0.23654164181140119  0.25022792592547305  0.26377059838682249
  0.27259370396499921  0.27966928932680157  0.28609639951405735  0.29406831139482720
  0.30420697826388970  0.31567035633877205  0.32415213877125831  0.33128514884555776
  0.33704372427295964  0.34138320140750722  0.34628308487921078  0.35222090211030999
  0.35899927168617524  0.36548453759317240  0.37144253795072518  0.37607832493906118
  0.37966444480863198  0.38360175394439239  0.38839989752239273  0.39415610842765081
  0.39922149479112223  0.40303850944109632  0.40660629446480506  0.41048018187371438
  0.41412037525533807  0.41746584310583751  0.42102639882865772  0.42497561653588850
  0.42897874551604481  0.43247137625366311  0.43552014734272665  0.43864290951113810
  0.44261550564474972  0.44664174538256307  0.45122931197034732  0.45545048505505631
  0.46062234023290471  0.46673948571559959  0.47257157159615781  0.47771060031422052
  0.48228133981903554  0.48677852534670873  0.49166270313734856  0.49620980968033390
  0.50013996006270833  0.50354622268329874  0.50684384805989302  0.51033710503678720
  0.51486156261337579  0.52044367183116769  0.52643650629835881  0.53281103770286464
  0.53967891293342873  0.54469418034541595  0.54864779441110956  0.55205567671945177
  0.55530117319211425  0.55832275614973237  0.56101791584875915  0.56694258042622592
  0.57348270850517280  0.58078889893548824  0.58815629614157161  0.59473628338625140
  0.60087661489160016  0.60681753779357117  0.61269689350568990  0.61855146643984460
  0.62473446139713706  0.63072885553300395  0.63644993847447273  0.64242533316154515
  0.64966395609037064  0.65673526069759725  0.66426184211498496  0.67095512870676410
  0.67792264393927459  0.68426649440992016  0.69335029074689603  0.70325618270050205
  0.71635788509097986  0.73275796990324760  0.75083686973265462  0.76984281793763865
  0.79118631777092996  0.81536356548350986  0.85923309458359332  1.00000000000000000
   2.2784872114002535E-014  -1.0000000000000000     
 T T T T T T T T T T T T T T T T F F F F F F F F F F F F F F F F F F F F F F F F F F F F F F F F T T T T T T T T T T T T T T T T T T T T T T T T T T T T T T T T F F F F F F F F F F F F F F F F F F F F F F F F F F F F F F F F T T T T T T T T T T T T T T T T T T T T T T T T T T T T T T T T F F F F F F F F F F F F F F F F F F F F F F F F F F F F F F F F T T T T T T T T T T T T T T T T T T T T T T T T T T T T T T T T F F F F F F F F F F F F F F F F F F F F F F F F F F F F F F F F T T T T T T T T T T T T T T T T T T T T T T T T T T T T T T T T F F F F F F F F F F F F F F F F F F F F F F F F F F F F F F F F T T T T T T T T T T T T T T T T T T T T T T T T T T T T T T T T F F F F F F F F F F F F F F F F F F F F F F F F F F F F F F F F T T T T T T T T T T T T T T T T T T T T T T T T T T T T T T T T F F F F F F F F F F F F F F F F F F F F F F F F F F F F F F F F T T T T T T T T T T T T T T T T T T T T T T T T T T T T T T T T F F F F F F F F F F F F F F F F F F F F F F F F F F F F F F F F T T T T T T T T T T T T T T T T
  <DiscreteSampler_grid>
  grouped_processes
  1 # 1 for a reference and 2 for a running grid.
  10 # Attribute 'min_bin_probing_points' of the grid.
  1 # Attribute 'grid_mode' of the grid. 1=='default',2=='initialization'
  0.0000000000000000 # Attribute 'small_contrib_threshold' of the grid.
  0.5000000000000000 # Attribute 'damping_power' of the grid.
 # binID   n_entries weight   weight_sqr   abs_weight
    13   10   1.466543880357025E-005   7.239558745185914E-010   1.466543880357025E-005
    14   10   1.466543880357067E-005   7.239558745186335E-010   1.466543880357067E-005
    16   10   1.951347520388817E-005   1.300561218180341E-009   1.951347520388817E-005
    17   10   1.951347520388870E-005   1.300561218180409E-009   1.951347520388870E-005
  </DiscreteSampler_grid>
