   0.0000000000000000        0.0000000000000000        0.0000000000000000        0.0000000000000000        0.0000000000000000        0.0000000000000000        0.0000000000000000        0.0000000000000000        0.0000000000000000        0.0000000000000000        0.0000000000000000        0.0000000000000000        0.0000000000000000     
  0.27030255846947127       0.28330578662428085        1.5429795860793266E-002   1.5544617831414215E-002   1.6051541578434216E-002   1.4902046274051875E-002   1.2014669828230606E-002   1.5222248128536748E-002  0.20581788015667857       0.15014757749492380        6.6460309820006863E-002   7.7315525445399200E-002   1.5517475597386398E-002
  0.63184935408057519       0.63184935408057519       0.77850213088905063       0.68568003952094814       0.76882068613804611       0.69073233519603872       0.79630620272199570       0.65263573936498875       0.63184935408057519       0.63184935408057519       0.63390198668941722       0.66645326413103101       0.63750564791610786     
  0.31858572705946014       0.31374680577610409        3.0709451499142316E-002   3.1205697926187714E-002   3.1606606304127115E-002   3.0015894306770211E-002   2.3992164475350103E-002   3.0437373700652724E-002  0.35444425102539662       0.25426724274475149       0.11955110772253669       0.13942492729708114        3.1082604008142695E-002
   1.3433018267518870        1.0864174743052009       0.70179065941004182       0.67081576701663181       0.65335451983091131       0.66699443519445301       0.66755738242009333       0.65214707458131416        1.1123030141115333       0.83181625188590558       0.72048949831552889       0.99627035960256594       0.76704372212625171     
  0.34033531763581504       0.34028915245713975        4.6105691934330083E-002   4.6311186195373701E-002   4.7719313743804365E-002   4.3948026086987474E-002   3.6457254192154682E-002   4.5664297837992952E-002  0.39775615196964809       0.29309396405439458       0.15497340383299263       0.18079011846381784        4.6193668094338718E-002
   1.0795715549172504        1.1387183008038264       0.69594792344228218       0.66110979072053033       0.67749193157441856       0.68159920199682567       0.75066772978935037       0.77040803401489233       0.73598864701371935       0.72397055627480744       0.70357445231729843       0.84274770207981764       0.66093659348940259     
  0.35605627520589878       0.35601188555434382        6.1566795664753211E-002   6.1202427793322627E-002   6.3755891746398036E-002   5.7967516512093753E-002   4.9085919427084471E-002   6.0757769956937172E-002  0.43768469046384784       0.32397740821064402       0.18441380207450259       0.21704189632081416        6.1304051389991579E-002
  0.74470292885039113       0.89804759127254163       0.67902175877540316       0.69264036417338204       0.70143042441683578       0.68615954251679678       0.66345252522010034       0.72003795276797067       0.82283266596696902       0.69644302469945085       0.78625821425619213       0.81487572836980504       0.67439708889349792     
  0.36798293705703872       0.36653976129763099        7.7015654901225708E-002   7.6856501796369214E-002   7.9463848234747780E-002   7.3635343338352810E-002   6.2219229122524713E-002   7.6848776522922629E-002  0.45985779278820849       0.34413496007252636       0.20742480099019428       0.24626976503134371        7.6838079282305960E-002
  0.71291039925206678       0.65927477278743629       0.67247562256146398       0.75261449272842873       0.73088598339604605       0.73914445906602311       0.71000810950557924       0.78083944272303607       0.71024463047464481       0.67407070010613424       0.75282205168945393       0.79332968818009442       0.74080479990340353     
  0.38031484123276477       0.37780784669670403        9.2293390357683788E-002   9.2431815946364140E-002   9.5206848705843061E-002   8.9148518412408131E-002   7.5557707082812814E-002   9.2945772172962765E-002  0.48211133440790976       0.36254974487893499       0.22959232293491771       0.27392926164483139        9.2421181117024062E-002
  0.70000886222893688       0.75650402760942947       0.72202419509567028       0.67998958428716205       0.71234625699783638       0.75625217273094747       0.69874192373354305       0.67199504770163487       0.66268581420774408       0.70802387686006363       0.80168305646345617       0.70174202584311685       0.67273056594422731     
  0.39225768148446333       0.38903192679749932       0.10811749488003027       0.10805202114376163       0.11117456707322526       0.10450768597201084        8.8505944975186726E-002  0.10847891317861981       0.50176331226496118       0.37821544798290946       0.25036182423631981       0.29868346471896301       0.10801068365526606     
  0.68717438083587934       0.65706258695208442       0.68273217559683885       0.67894724618925528       0.71255417135419907       0.66233118999733198       0.67986865702149657       0.65372810392503811       0.64439218794570163       0.64524024857917106       0.77417273068765036       0.80325729651602240       0.70457981015843907     
  0.40404193708588676       0.40020857236798785       0.12412002941449075       0.12353921009279775       0.12735995753820264       0.11989597393803030       0.10150451626300500       0.12378404634042138       0.52078774812678941       0.39295397091887779       0.27087926929687095       0.32182397468988494       0.12362838273556537     
  0.69764855601029008       0.68565067974603278       0.68878053878877532       0.68440135678460667       0.68901026884187955       0.72890421557011897       0.74914659171244324       0.71134997517226561       0.68391446930722777       0.63184935408057519       0.72984795830388227       0.71771162301230884       0.66463990729929634     
  0.41540354774884497       0.41119729172459951       0.13890751904159818       0.13948035661524982       0.14277163015110880       0.13555068301819731       0.11498060641624003       0.13969342783486055       0.53883918051796253       0.40660061664217551       0.29031639619701838       0.34299417978550206       0.13990636909522625     
  0.74930049699882018       0.66108427600952779       0.69775462056792847       0.74605653139810224       0.70521293960593578       0.71865481703458001       0.68843696762737461       0.68198932400779622       0.68134204772721896       0.64347089280788217       0.76725601047467551       0.70313049991592935       0.72956983880678772     
  0.42673387541682950       0.42214330503148656       0.15364844415006795       0.15527580348410341       0.15816435414049146       0.15107739614772128       0.12855540397364773       0.15561722943216708       0.55554510653059186       0.41904864655953955       0.30948899666587287       0.36298473035230555       0.15583895328805547     
  0.69332700004191594       0.70530515696284868       0.69235651601895998       0.70941787529342593       0.72724618054239742       0.73547950775176851       0.67476499495867515       0.66519126223757152       0.69340289005899935       0.70862919525311241       0.71490441629515022       0.77373260614934181       0.71439680249679960     
  0.43779614444519466       0.43294927493146801       0.16921396675001568       0.17143227958308191       0.17356524702265549       0.16667867047951071       0.14250808779610291       0.17174619752125470       0.57014807733135153       0.43028740754463907       0.32815772948085381       0.38176042943182120       0.17205858273822999     
  0.67008473829996706       0.64778406621605311       0.68371599019952067       0.68235749148262115       0.69018782619593011       0.70207510173460375       0.71403179743658973       0.74509286023200827       0.65627803321611089       0.71044556417906690       0.72292523716059631       0.74510365335088025       0.76894199141453434     
  0.44883378320344031       0.44380503961819551       0.18476541349164655       0.18772391791548387       0.18886966193551857       0.18218552404067145       0.15654769168399044       0.18779916400100857       0.58454193790443765       0.44114819180033171       0.34662527111446484       0.39978092199284149       0.18823516360300607     
  0.65619543120154011       0.64726110142535509       0.75330075434941624       0.70162721164271036       0.72356723534581469       0.71399724578315926       0.69538678738880288       0.75749678913050755       0.65581467052460263       0.65029064294761152       0.71402208738409390       0.68040975019443639       0.67710860720278865     
  0.45987248440389222       0.45461645701179271       0.20000971158735079       0.20336938769192772       0.20486652799332647       0.19791420401259918       0.17129234260265186       0.20409770106422248       0.59872517755677168       0.45163562381343586       0.36485989147193931       0.41724193880087151       0.20403147348767664     
  0.71434581833169208       0.65790281283088947       0.68443756034732328       0.65126730316660553       0.75372952851366404       0.68893217143477559       0.71728323069866839       0.68720846265214242       0.67730729594318040       0.73907093166721227       0.73327575418466973       0.72619509945938110       0.77882999281329834     
  0.47097152618284194       0.46542916432466636       0.21523973192347354       0.21896498299003733       0.22108354930158472       0.21359976213548459       0.18623070082658480       0.22031566469292022       0.61189726955567736       0.46172756844074725       0.38274992084124093       0.43434223947347167       0.21979897494016862     
  0.64190821610523074       0.75446120648064363       0.68968867619102536       0.69542066052866980       0.68371024298416772       0.66704491875025818       0.66621758809402642       0.71559685719677846       0.65899949071639785       0.68167891329659325       0.70810635063338034       0.67945283269157208       0.68723646808013084     
  0.48205672667892946       0.47625970134369955       0.23105249097141151       0.23484477268866083       0.23667551775092990       0.22925992378282442       0.20148304778484738       0.23581650261309023       0.62409081280187473       0.47139431385740049       0.40031581575512015       0.45111516454902501       0.23573063046214546     
  0.68023733691106991       0.64554955674936387       0.72346546932687494       0.76362548015496279       0.70541080848191628       0.76238817167519057       0.73484030308508330       0.71165542030519735       0.65803134358417548       0.71596293415797319       0.65610788964381128       0.73424076450045639       0.64738444655034733     
  0.49310029003732170       0.48708258928662840       0.24683306650656353       0.25067913464597597       0.25217001000237960       0.24508108705025924       0.21685039576143680       0.25133300371953643       0.63615165636148585       0.48093770143588321       0.41725192120632559       0.46734557095973644       0.25160130468646236     
  0.66482820900692507       0.68390019633362509       0.68954284348246131       0.67726978467064003       0.67000447254065687       0.67920155405329619       0.74766802493257689       0.71283925549927007       0.64204583298721019       0.75391717545782810       0.67453968921531304       0.71164777479835206       0.71805500740456429     
  0.50403539948483300       0.49793296912811863       0.26259165448891930       0.26647902802255569       0.26816396818677180       0.26079762372637361       0.23261825812518683       0.26672568038099859       0.64804371150419193       0.49036579589642082       0.43362752294550932       0.48297398701953809       0.26659295674378158     
  0.66783849918577975       0.64230935417406365       0.69168128219315328       0.82516783452051701       0.70834006125541460       0.70775826753755178       0.65238184057713022       0.65929648974091282       0.66705336682541427       0.68894824261575316       0.66259293150852361       0.73323745272448826       0.70003155393252370     
  0.51497330841112354       0.50869443947798354       0.27826962366386637       0.28221201171479654       0.28428772448435236       0.27649575689237621       0.24836530387967770       0.28216429818459626       0.65913742222675709       0.49946530727303190       0.44999194114201096       0.49780267031751790       0.28155054074180541     
  0.70435161572675598       0.69314515332501647       0.71551457055558743       0.71816521515010812       0.66898999903743395       0.73418528170255226       0.73828411453982301       0.66897333264788661       0.69642381105160522       0.72437624604302409       0.69516210169369930       0.67298052068673064       0.70832101379194778     
  0.52588774225327484       0.51940924501374430       0.29411821990219544       0.29844908860745173       0.30018513682683517       0.29247463389857742       0.26470643588575576       0.29789405620627513       0.66962098266403014       0.50828624591617821       0.46634083174209168       0.51164527551567796       0.29724793047642173     
  0.69024570575802102       0.72752143358458821       0.67677106023900602       0.74379768308874039       0.70262003012312335       0.71698829429678201       0.65498632863667017       0.68204435860058854       0.66119989065578288       0.67437040508356327       0.71593482042552703       0.70642640927539424       0.69672172746112115     
  0.53683794384319705       0.53014884033340837       0.31013109542724909       0.31483949318325172       0.31616763978247570       0.30846660747151711       0.28112003328240376       0.31354923899099924       0.67992762701429277       0.51684840687643152       0.48256045270338366       0.52522150371950171       0.31291033211480718     
  0.65823711259116469       0.68904979961549462       0.70654875131181183       0.69850686485257174       0.65997610037467092       0.68161539711715635       0.70608691851942285       0.67715725885128986       0.71161742966301467       0.78700230162271889       0.65811422741470049       0.65573285576448881       0.68960672107989107     
  0.54787725892059258       0.54085530160500772       0.32598795526535229       0.33071102636175698       0.33245337326157481       0.32443934373545791       0.29839550367186135       0.32860426159937056       0.69012711549139949       0.52511526329812352       0.49857901626415324       0.53834880669292817       0.32856213140744300     
  0.67206631965019425       0.70646364825934793       0.66369023197362731       0.71296739418632060       0.71907755120453987       0.72267469482320179       0.64862554502056913       0.76614786410868785       0.70763142490126552       0.82123519656066402       0.72875728555361230       0.63184935408057519       0.71228402107639266     
  0.55895174148808402       0.55155367219694174       0.34188375689203399       0.34641703466961971       0.34883960710301742       0.34032589807434682       0.31582865008135264       0.34368762068586900       0.69974757052838732       0.53314393993415454       0.51415047813360493       0.55109417616797463       0.34442941250371978     
  0.75381934122111527       0.73360025163404130       0.67099152447882981       0.65000313194334514       0.75983323066272046       0.72654801973188277       0.71469174647238809       0.71496999674408768       0.66123568846387626       0.71453701939310355       0.69301010121194562       0.69304114158898822       0.72325238140599646     
  0.57019176170228358       0.56216997921197354       0.35759404456341742       0.36190340045291253       0.36470687494842080       0.35626356110903235       0.33402409817745654       0.35860778532102722       0.70897146489909812       0.54081910130403510       0.52934423146098764       0.56331640744603273       0.36021123450104470     
  0.68366775712877781       0.63794568916365613       0.68580275418309744       0.66565175253407050       0.68410045143955123       0.70155703714670503       0.74717315087412939       0.68101800234964061       0.67532830957572443       0.71046169013166682       0.69442479054857820       0.65416046285829699       0.73430326648688493     
  0.58151238919529724       0.57271296656195025       0.37324359165607296       0.37753916897804385       0.38029611225215637       0.37222638843711525       0.35236236283932787       0.37360223369384765       0.71787943882584604       0.54842537837126115       0.54450068104700899       0.57524126714805368       0.37603092465064480     
  0.66274025645737666       0.66713267114800667       0.66994929006498238       0.73201149669216670       0.72056709534349206       0.69727766591077256       0.70447420274360351       0.66651668812811038       0.69745463226857174       0.69544792952489287       0.74776187477820422       0.71652531540249731       0.66893636477032303     
  0.59272739506760486       0.58328970830397175       0.38901263201530184       0.39280998187165178       0.39623324330928134       0.38812072622082211       0.37011182162416650       0.38914916850747322       0.72659991645853539       0.55589740128696763       0.55964008846454194       0.58678689599121736       0.39086718569593565     
  0.71735517898878054       0.67860761523841995       0.73078031804968935       0.72729680308905531       0.69516484762172814       0.68543778758422669       0.71315343223103889       0.76939318743650620       0.65367052555984739       0.70535245295661675       0.68057759465904721       0.64832918092632008       0.67308413524179722     
  0.60390655775208513       0.59384155020826501       0.40484548602119641       0.40813964594073149       0.41218022355527212       0.40368440091121449       0.38777261385942796       0.40465728952197250       0.73495335578392540       0.56334653980635918       0.57453163391439643       0.59797819232604044       0.40577627242075681     
  0.69795195233303597       0.63254169280959971       0.76213382278466602       0.71449568986129108       0.71126069243230283       0.68041848283713890       0.67718637049667130       0.71067386149570344       0.67388918170502732       0.72203939974398512       0.63814265538635873       0.64768865411246757       0.64835945966828656     
  0.61504537370153800       0.60438932657557742       0.42122638545236879       0.42358985025119955       0.42783359884174060       0.41888281772268116       0.40641375762664655       0.42040581771284447       0.74310110209202973       0.57074527632954575       0.58903302939062763       0.60879473805993067       0.42060735525188120     
  0.70451370137998326       0.67605661663997141       0.69429248248429032       0.74494596305415106       0.69072102886586340       0.68699843845343278       0.65506712412098722       0.68980054920887068       0.66292605580865516       0.67941205272903960       0.71625874395413758       0.67798662641239871       0.67555720905209815     
  0.62617135220408315       0.61503804129852802       0.43764351167870830       0.43896429548646010       0.44344823237460534       0.43406830132458235       0.42519439267268094       0.43625891015586449       0.75122436725748676       0.57808772273406028       0.60312134996584899       0.61951951499533409       0.43539814593376619     
  0.66281412984560362       0.67547181204577011       0.67266220425310874       0.73311055410354697       0.72402650779311806       0.69501085793130502       0.68229467938707677       0.79516835348596038       0.66452319624027323       0.66073905850751702       0.67932534195560923       0.64096048786086612       0.70947851621529245     
  0.63736777933800870       0.62577633515785147       0.45396992153024762       0.45388980773349463       0.45915521542327303       0.45040791523124946       0.44385048244222436       0.45237288150393329       0.75928010216771213       0.58523132547143086       0.61666532510012018       0.63006804810237038       0.45065537451029880     
  0.71000864066293856       0.65965371238289505       0.66248952592380017       0.68120372628788672       0.70757627833435266       0.70912426754495594       0.70816385053285391       0.71116411183839812       0.67985909206080408       0.69075721204952178       0.68368222420531510       0.70832267389579362       0.67806401127402838     
  0.64865797016291915       0.63655360829145202       0.47029267076159093       0.46889028417849143       0.47488100240445114       0.46669216918363060       0.46249550240142573       0.46834700235107096       0.76709433301208896       0.59228990731729969       0.63001241271428443       0.64049803221910695       0.46585969491835688     
  0.74632951547951132       0.71288849009228550       0.68191465255307226       0.66815011216480380       0.67432984200421620       0.71921970945638170       0.68918941188774885       0.75147044337524327       0.71222711476200418       0.64334825058563549       0.64432600276936403       0.73462896364460917       0.76901609815322380     
  0.65983348467057945       0.64744639312547481       0.48658105312470123       0.48389810043490711       0.49078600365477348       0.48383511650829009       0.48133746869562122       0.48441477676653982       0.77472656259821249       0.59918892164100990       0.64298724016523678       0.65081713853161860       0.48089777494958469     
  0.72917511582155270       0.64107900269038742       0.75011415671531945       0.66121289986124254       0.70864858107787665       0.75627571825154660       0.70271471613645675       0.67443250301536428       0.74835436321690818       0.71211409276326021       0.66163109052740110       0.71930591738553284       0.67704149247650303     
  0.67096664640678338       0.65842676291629887       0.50282170062761133       0.49882343568129406       0.50667705316106648       0.50093336449391135       0.50028910652168279       0.50046941789426691       0.78232735236703466       0.60607655041149255       0.65585375057558348       0.66102447530832309       0.49582504470065780     
  0.68934890943192773       0.67930724385619445       0.68113240437148703       0.68784752038638763       0.71914798942347913       0.75986700110523286       0.64844503829970723       0.73652975466500392       0.64897719734074288       0.65930225486055893       0.66627080052093091       0.64438361576614689       0.71636687125309906     
  0.68205338348130562       0.66954613484201708       0.51901031659942642       0.51510352368745249       0.52192887393742682       0.51656765910950142       0.51851237749372914       0.51650179256491902       0.78998272969815631       0.61272258238362565       0.66857372587411157       0.67101916441189879       0.51056725825727534     
  0.67857993413834539       0.67616419427848962       0.65245047163459102       0.81040867170162589       0.66891465929017657       0.77730581917421981       0.64548386109401990       0.71719052735118938       0.65632233056137612       0.70963482622050644       0.65665679165530100       0.65964510095437290       0.67989852633202086     
  0.69312708867766459       0.68061772093354878       0.53523448348774461       0.53124948443645736       0.53714784136400862       0.53247207569933541       0.53689705427361922       0.53251010408823940       0.79702946967145039       0.61937093641972962       0.68124342143426564       0.68111910218898686       0.52529983729644836     
  0.73517483929486060       0.71808867281039601       0.67794701797386403       0.66963314715060773       0.65815553158683249       0.75964275720135499       0.72616289240347420       0.74479720533582616       0.64386406178845224       0.65122915961545036       0.64900561163397463       0.69745932105945840       0.72470892712619950     
  0.70387061798397010       0.69144205063572284       0.55143861428593133       0.54735179219415930       0.55243542223090691       0.54745183102975703       0.55550448663231144       0.54833627550283215       0.80361535520542748       0.62586769809265064       0.69383645589432230       0.69113540662271822       0.53998344379961327     
  0.68796024183064330       0.67683418930999539       0.73046907215202617       0.68485140126077537       0.69056450099313216       0.63184935408057519       0.67931520502890963       0.69079179388443213       0.67143174036579378       0.70414677207807008       0.64477902077226490       0.66676908898206821       0.75674060149574995     
  0.71462352798999762       0.70227352482182748       0.56766420048610855       0.56343076382781432       0.56772325135954238       0.56229596174280616       0.57424949862666907       0.56406672795876545       0.81030666090953052       0.63221864023461638       0.70610985723825692       0.70121715906346471       0.55445135691939818     
  0.68965646701470229       0.72525027168745859       0.65305059123218934       0.80339023754342687       0.68243612157730593       0.65903194166865076       0.68492663679594168       0.64744559184632677       0.63657317952366710       0.63390139576122839       0.68064082600658482       0.68181454486954662       0.63509016702753951     
  0.72533619880191258       0.71314123172208665       0.58378320589776767       0.57901436990370592       0.58312235385872513       0.57826887552088158       0.59219697755095990       0.57959437698331440       0.81702525087285127       0.63879702296854868       0.71798807759177508       0.71185835039755985       0.56869506348914145     
  0.74265576134274514       0.74713254349010993       0.79428607494560455       0.66575589351763442       0.70011678570887037       0.67580986807097598       0.65934567503668795       0.67127646012474973       0.68215979819042716       0.67897784141290785       0.75866214676122001       0.72959173652872411       0.64159922716776374     
  0.73603161785671778       0.72393986536083144       0.59991382277663474       0.59475238563523414       0.59857375628404286       0.59420105901962306       0.60991558500396059       0.59521510013246415       0.82362376570545859       0.64536837184736295       0.72940747437831599       0.72272454596159508       0.58337362779791624     
  0.66259347867600737       0.73618603034985064       0.67398774629252756       0.69376585582647021       0.76286943307868937       0.64484005965540891       0.72216482527970460       0.74851885266532714       0.67087822977292066       0.74937527747029620       0.76541769209617061       0.68686086025574544       0.65349650083641486     
  0.74717986201131803       0.73485806633194295       0.61571823942340942       0.61046012154609375       0.61357941492831158       0.61022402756334104       0.62759646581793449       0.61091233730005168       0.83016013896223828       0.65193848416553568       0.74037141259553230       0.73405207773998704       0.59894009541789428     
  0.79809641684634780       0.70326209794750016       0.70000069856298386       0.73876653328073905       0.70532793183231679       0.70961986626966056       0.72549606550141488       0.69909495729885029       0.63936671810880508       0.69410113488866643       0.70527799033155780       0.69048860747640228       0.71536118762431911     
  0.75832094052260446       0.74579535960395449       0.63150346155939430       0.62601680593796916       0.62854154062573853       0.62643280046119709       0.64525104598885530       0.62663212902628496       0.83670249798337315       0.65853962229201735       0.75132594040770950       0.74527737940067562       0.61436778464170350     
  0.70814823570211316       0.65731467849627057       0.71215382337415456       0.67438136782974689       0.68888865934664290       0.72456954080205382       0.68522626385760388       0.69605642440807303       0.67307544342924785       0.67203233979306498       0.69036462411053623       0.70699861338979220       0.70391304014261769     
  0.76891062917998698       0.75643250698572739       0.64673544279305684       0.64146131402925055       0.64380340595791086       0.64209389937677042       0.66358915862374213       0.64239145526258079       0.84322658544673801       0.66516244649523493       0.76185827703844200       0.75631049340498779       0.63006211987099514     
  0.71236840870666451       0.66009048436709628       0.70188388368877730       0.64948677714294023       0.68184511924895352       0.70980721036552041       0.69423343307437280       0.78090213236261841       0.68706392982911413       0.72355107235596761       0.67771175856372112       0.67891545828172006       0.72515293714839713     
  0.77958204023387179       0.76712075896718435       0.66209638183268216       0.65691979364475472       0.65919933624228488       0.65777529314053484       0.68162782723063797       0.65821088557507168       0.84969228835606114       0.67177030074053079       0.77248100965448030       0.76732335497482951       0.64582526265314777     
  0.67534373678570081       0.66666750147421394       0.74997166241248259       0.68821168564101631       0.65432701036189556       0.69641052925174063       0.73588407732787953       0.71163044663683928       0.73204171328483514       0.65306314164386414       0.73055849982574561       0.65052136727896204       0.69275675043254092     
  0.79008291808781073       0.77791530496200767       0.67717359567974400       0.67223239064079365       0.67478356942605833       0.67323860089247023       0.69934604261100908       0.67386074851700350       0.85607737866247413       0.67856263277436346       0.78327745826427386       0.77827821284049137       0.66190599041348874     
  0.67336710267699285       0.66833947817334738       0.73066613542346937       0.67732418655355620       0.67608253032999943       0.69017052644307597       0.68287881055394584       0.68198015561395786       0.70241091229839125       0.64748342650776158       0.69104463558037310       0.71210602556005920       0.73781233868939433     
  0.80051978268204949       0.78875483090836707       0.69229913335228199       0.68740697697452635       0.69047708880727743       0.68872914799349028       0.71712487990898144       0.68949633194586257       0.86236935274835003       0.68530516736237035       0.79424650181560263       0.78933954213296709       0.67802040502701277     
  0.65593431579254668       0.70608474124371479       0.64173590212075049       0.67445375044249245       0.77149770821780439       0.73714162384427762       0.68755921479892612       0.67358099805478377       0.71599451891489951       0.68266711685276005       0.72272107869819391       0.64751830878001826       0.70250316573755123     
  0.81097411198226577       0.79948102422810940       0.70806051681210680       0.70292824054606651       0.70634064330216395       0.70408073585838027       0.73399854982456625       0.70486341625433224       0.86859988065939298       0.69227728637916441       0.80568748522872824       0.80077628969790704       0.69436517933092501     
  0.71282515967913995       0.66931544829540668       0.68771807811309171       0.71375649270956631       0.68313522695647755       0.73104492831285028       0.69348182871709729       0.72150161732529960       0.66252270482451547       0.77160041991666828       0.82027095895985502       0.66108156081097846       0.69073964742548166     
  0.82157177001099069       0.81019079622290702       0.72397225787300767       0.71845016275776097       0.72222677859412654       0.71948632441880644       0.75072480848135681       0.72022791204165493       0.87482320469405483       0.69926069166224469       0.81707154088171086       0.81230155357136136       0.71074437390896539     
  0.63263619756565637       0.67426488183117017       0.69974450791580012       0.67907190400267015       0.70536675629469725       0.68542374279805485       0.70112810323072539       0.70394354271248194       0.70555393529137944       0.71582385352676059       0.69089860065908770       0.68127319409295850       0.71503494516757382     
  0.83178400182755230       0.82110358545519746       0.73961338357072248       0.73430143210233001       0.73774928687246943       0.73491038753307503       0.76680071720399645       0.73475980594887857       0.88103405696385240       0.70646137670349363       0.82830045520077589       0.82387600046932941       0.72729918236312530     
  0.64704287483494760       0.68928403391840432       0.68412592183155463       0.71276638404606163       0.64948728261383681       0.67441266795709820       0.68185713563726258       0.63548819997801265       0.67760257673964053       0.65431478732153292       0.72130889999963632       0.69551105982783024       0.71857984934271268     
  0.84211677187754097       0.83198697041443737       0.75529869382846881       0.75023345806581032       0.75321094173378700       0.75021903784613453       0.78269116705553166       0.74950779971984050       0.88719596372579124       0.71370616720597813       0.83926070704521993       0.83528138273134744       0.74378240266365192     
  0.69817825378879694       0.68693570980486862       0.72454229039117779       0.77791816772873823       0.68350069180420281       0.65565927958737880       0.70367971728378653       0.69934440920061547       0.74444612754903139       0.75361366460227508       0.69247087606141478       0.70324709058374080       0.71894370839897603     
  0.85232887737436924       0.84255130519597887       0.77037769654003030       0.76520678217384053       0.76900752786245175       0.76516167886862818       0.79768873662916717       0.76547823885617650       0.89327603380975973       0.72123947348827955       0.84952231848260706       0.84621640560595002       0.76037442109267628     
  0.71628329604315000       0.68948134694555618       0.72757929926477671       0.69799695061057143       0.71765205284749289       0.72708122971650380       0.64952692015736735       0.73695078361735111       0.69916003575159469       0.74269856596250161       0.71735080500648429       0.68202761866690420       0.76005903554879539     
  0.86237223440183930       0.85308536388482137       0.78543367290833443       0.78023167308397545       0.78498808671084086       0.78020041436611776       0.81272179767894670       0.78111498001173962       0.89928313399516768       0.72885232543332568       0.85981581296734200       0.85717644098028423       0.77705064017678649     
  0.69986151068298597       0.66144305509580104       0.69519092322963849       0.66638678469781853       0.78345867427068561       0.67481583009003443       0.69911533080189259       0.66463523107460987       0.71569688096935291       0.67563132543800530       0.74393802344149862       0.67873538104712761       0.71820099649634717     
  0.87275301065007782       0.86365883048772085       0.80055028446282384       0.79561597021605679       0.80011430563800934       0.79509715681851723       0.82817927194971197       0.79581723429824880       0.90521795324533716       0.73666079287139130       0.87043569973201196       0.86778848192581037       0.79379321218438592     
  0.64909681580831025       0.64628389731094649       0.67153850274836269       0.67992179867173586       0.70103048136767887       0.71177128200762363       0.67791073768314647       0.68235575753318634       0.75416977708799615       0.67433189786675918       0.69653711265742713       0.83003088043328654       0.70718415536016621     
  0.88311458586606106       0.87427948629300023       0.81571709462673359       0.81099524737499606       0.81506927459260770       0.81007656929702521       0.84348840822732829       0.81057832969059151       0.91118287473595139       0.74459292282863421       0.88107255955452335       0.87845811184829914       0.81061416531653419     
  0.68607258394890247       0.67969094683829334       0.67530924451035901       0.75105313883331792       0.74491738387748507       0.69167141084992911       0.79019034665034849       0.71075102678507562       0.72049763643993558       0.67669792579577970       0.69504501928668749       0.70758467597175789       0.68177181961642086     
  0.89318607266874173       0.88509094000865451       0.83061010349800113       0.82624463838342677       0.83082466032286473       0.82523479237960484       0.85872264006583521       0.82606135124060320       0.91713297050670051       0.75296359312057726       0.89153194655865731       0.88927732745500798       0.82728259210124933     
  0.67371352132610707       0.67662427428675986       0.83084071155283268       0.73736423682268248       0.67582909570750982       0.67347329783983201       0.65820426890909123       0.72581267908570946       0.71409131759035971       0.69661292778171702       0.73125583535178529       0.67170507131415835       0.69675686702357709     
  0.90322676441325411       0.89586158719823694       0.84547992744038702       0.84113790636633212       0.84665959287235892       0.84023796269035744       0.87379070339329090       0.84163261410175993       0.92303685056343721       0.76130022875318359       0.90187827818702648       0.89997409536046136       0.84386054951313627     
  0.70567194991829885       0.70069136815641841       0.72109893213046450       0.69888402863015209       0.75791682123533466       0.70528994491995445       0.75082179267923665       0.64880425978803546       0.72942184927882714       0.69661726446834149       0.69740836866405043       0.67320294584001250       0.69462404922617660     
  0.91334496418611999       0.90656155587185938       0.86028694460345023       0.85713213484498285       0.86251468043337332       0.85569998339678166       0.88777526646863669       0.85787028879632965       0.92908240893561922       0.77019511136987684       0.91213139170375790       0.91058935065750246       0.85994104215740441     
  0.64982127305581083       0.68134720631022250       0.64600264334316271       0.71865354208812449       0.69896586024898089       0.65162267231803572       0.71768598088490221       0.71276441482055830       0.68980525616843813       0.71242106933658378       0.68893128279827298       0.68488626737975300       0.75984731367179281     
  0.92334019133681855       0.91725316002300272       0.87504421653816278       0.87322010325278876       0.87810309701910683       0.87126220657313347       0.90171844466641993       0.87419992778952638       0.93512213636172581       0.77913284540955652       0.92246191363216690       0.92113007302216965       0.87623855624084834     
  0.70378118045705751       0.71397156131584838       0.71182971330669120       0.68460263653382969       0.67532828812642653       0.70857801279640853       0.71990428691570607       0.65221948626249648       0.66619038663079622       0.68792764932612727       0.70970715553816466       0.67173445757705885       0.76197535654855242     
  0.93346726448690709       0.92802186311108903       0.89137664746328360       0.88941173096596737       0.89351333160359325       0.88800394798932525       0.91422515128605597       0.89001142527741517       0.94115616097226407       0.78991105785187954       0.93215396867786648       0.93148344893860757       0.89164517618904138     
  0.63690413131979395       0.67462668577295459       0.73824259852515584       0.70268031154853250       0.67492420165280276       0.71023297439739241       0.72086506053165500       0.70937661927394757       0.81833489799502368       0.76896228915241016       0.71657484223409507       0.66037412536543982       0.69334784612241018     
  0.94358219140518840       0.93870278532173246       0.90767214420503306       0.90561431345953969       0.90895202145750964       0.90452102716523120       0.92677204606529184       0.90599909705878834       0.94721880271558379       0.80121480586906779       0.94196666081045821       0.94179702768118190       0.90714889737359006     
  0.75091852875577803       0.67120630321473385       0.69354757965104818       0.69813817646852661       0.69631255244338852       0.71587390883535640       0.74860762709300455       0.72689457684592862       0.75470227395837641       0.73585125601471102       0.66768680438840822       0.68105853932506655       0.69315721451346823     
  0.95360443822356267       0.94921792983184661       0.92232918698191169       0.92170249568648610       0.92474849081451871       0.92020495459992346       0.93916337195879718       0.92220002471397944       0.95336854604646104       0.81439619577867683       0.95168185101600833       0.95186840065076384       0.92306031778438336     
  0.68523457077177874       0.69232805761114802       0.70766116568680637       0.74009040539916293       0.67468640732922847       0.69990447849791837       0.69428860368082057       0.67723525904360027       0.79359164720630326       0.70377313961887189       0.78780503880218533       0.64799268060895487       0.73418154658918500     
  0.96360747662431323       0.95981764826739180       0.93704859202875856       0.93811761730783461       0.94066587173304905       0.93608763618447088       0.95152203776495092       0.93822560995308757       0.95947696861570231       0.82831702898439263       0.96137476788428333       0.96180370692157524       0.93894928967026448     
  0.67813641421937565       0.67621703807242806       0.66383058430692921       0.67175564959622625       0.70739262333405029       0.72585528360388074       0.67265855099803373       0.67203351531835520       0.77249312316227214       0.81283085361496199       0.67936033114026140       0.70526256209043914       0.77226770532498634     
  0.97280277941449189       0.97033849344614798       0.95275195258077916       0.95305874281924385       0.95536677223334310       0.95240475710160233       0.96387326771222759       0.95366274917185123       0.96722617636789565       0.84815950839595955       0.97100825902196986       0.97120670657762376       0.95425567473080108     
  0.66252817922377727       0.68927388287057911       0.71577042676348135       0.68264536079578098       0.71865798503009359       0.71182577444715800       0.72851553791490031       0.72848052394915186       0.79348800902088923       0.80438666446475249       0.64421816770451745       0.65801858302814031       0.65504219889331006     
  0.98190886583567905       0.98082721439615606       0.96846085355127765       0.96790930399720931       0.97002988478783703       0.96884992944470905       0.97607880337047825       0.96941503717990740       0.97521184719590759       0.87273302786852347       0.98066399964463535       0.98069265970751118       0.96943280798646192     
  0.65666218648648456       0.67195309141458148       0.76037304821262253       0.67083096031595968       0.73496948872125223       0.66524450144285163       0.71464116525546884       0.67430189138650631       0.77942518078080969       0.71721545205637816       0.65268421459925530       0.68823646199578503       0.64908411374032893     
  0.99103309786462546       0.99046070717391732       0.98421810314043667       0.98404122186273291       0.98503163259958626       0.98443770246681928       0.98810716383841957       0.98457629704855976       0.98676093942311804       0.92439665886279598       0.99031323525285508       0.99036691900415763       0.98469313709024908     
  0.67970047686315360       0.63254342401793417       0.69668544285031697       0.71952942420659127       0.67922559341287925       0.69779027481032030       0.74550113634140169       0.69229383676029121       0.87738024647761947       0.78035748564901219       0.65931361617479101       0.77993979482952769       0.73831551709759913     
   1.0000000000000000        1.0000000000000000        1.0000000000000000        1.0000000000000000        1.0000000000000000        1.0000000000000000        1.0000000000000000        1.0000000000000000        1.0000000000000000        1.0000000000000000        1.0000000000000000        1.0000000000000000        1.0000000000000000     
  0.70785677658459956        1.4752302829991721       0.79231901411356243       0.68610587106655008       0.73302457823672595       0.70172256908935049       0.81947970631957956       0.73336489185229192       0.72003409613512226       0.63565465870958460       0.68593055505437961       0.75055773107482315       0.66234000358077993     
   0.0000000000000000        4.7525427900854398        4.9430087427338423        4.7143058957909165        4.9724629389378645        5.0959330853889711        3.1243081560221397        4.9225283488347911        5.6112681415224106        4.5095944340454990        4.7094128153457353        4.9802999476236902        5.0307605320077249     
   5.1869472273822170        5.0483752933686059        5.0946598220267081        4.9648104837481535        5.1275685786017933        4.7336541644073415        5.5871724394231395        5.1137064589128070        5.4597000038032162        5.2394032717455854        5.0642709834188855        4.8767840193074594        5.0335393368990653     
   5.1709504403593343        5.0018168229175490        5.1504321017429824        4.9261144631375338        4.9380463376985695        4.8811230375750059        5.7944969790371292        5.1485978941272643        5.4552571730037096        5.2120369002869218        5.1285212979802282        5.1305040248606257        4.9894594470047506     
   4.9366120723841380        4.8237008651266429        5.3645436024304791        5.2317880318509458        5.3695750128176440        5.0688665141035179        5.8197106952399666        5.1080315970363612        5.5654376903446510        5.0311060045347915        5.2288835010802366        4.9381845892921286        4.6481694669023428     
   5.2237702238112966        5.3546611469786676        4.8307038747640156        5.1299146671589027        5.0720773602553528        5.1973101358862070        5.8258532338185631        4.1092946402895416        5.4860274305013990        5.1656459866191140        4.7654814322957515        4.6671413164444919        5.3356599883147613     
   4.9781812064058117        5.0558756684562036        5.0982566246108938        5.3441931024103440        5.2950322841937218        5.1235733088990534        5.8199560892260482        5.1350119838057537        5.3734426733898486        4.8600593896199022        5.0455837149735601        4.9164247281286269        5.2932919703804027     
   5.0716082512207068        5.2536987613472643        4.7677144237461473        5.1247995812087543        4.9040072126714138        5.1916662548062380        5.5324742410948566        5.1721589118765285        4.9728605437743854        4.8393446595777396        5.0205885915606014        5.3557140555649161        5.0509267003555545     
   4.8563346620022170        4.6155925239015030        4.9957596849988137        4.7937483976459632        4.5259281331526875        4.6702068816336988        3.9313775039186294        5.3287935771283976        4.2538350578043946        5.3513489419393396        4.9609213295071264        5.1002711028207317        4.9330329266108706     
   3.0101141278811793E-004
           1           1           1           1           1           1           1           1           1           1           1           1           1
   2.5479607511383539E-003   2.3635884352521588E-003   1.2423901021302663E-006   5.1301370040297138        1.5034948206420176E-005   1.7001046215103072E-007
   6.6017064135221044E-006   6.4619542977971053E-006   1.3880968533127790E-006   3.2898501997197474E-002   1.3874151879392939E-006   1.0654086058177503E-008
   5.2505912435399666E-003   5.1025873352660716     
