 -0.00000007082515950  0.00000064604210540  0.00000163569995656  0.00000298624004596
  0.00000500433199431  0.00000701461664778  0.00000893901547606  0.00001074956980682
  0.00001235644927476  0.00001385997153468  0.00001504711332216  0.00001615464005170
  0.00001721724602182  0.00001815902986102  0.00001907296623568  0.00002003106871328
  0.00002116371195044  0.00002209278116666  0.00002307809631580  0.00002413531057748
  0.00002501802263449  0.00002589600580373  0.00002672320572751  0.00002737408752998
  0.00002804053739390  0.00002872929773849  0.00002941116926814  0.00003014069993755
  0.00003083389676728  0.00003150525543092  0.00003215199652712  0.00003273252965486
  0.00003325809113278  0.00003380725001567  0.00003432883764821  0.00003480778095415
  0.00003525473850299  0.00003569737065105  0.00003615767496115  0.00003668851581170
  0.00003776615144810  0.00006180548557587  0.00006399268881572  0.00006459585968660
  0.00006510533691821  0.00006558836864299  0.00006608386814346  0.00006655473947267
  0.00006704603724939  0.00006764394682679  0.00006828775645325  0.00006888416661618
  0.00006943357272107  0.00007002502036150  0.00007062635171932  0.00007115769398609
  0.00007161148622071  0.00007203660554137  0.00007256497554048  0.00007318802739659
  0.00007391164512531  0.00007477190505896  0.00007567395804343  0.00007667478411253
  0.00007791864528994  0.00007921829219646  0.00008048639986673  0.00008182392094908
  0.00008343727268921  0.00008508528138898  0.00008685000996449  0.00008870099171622
  0.00009075790069924  0.00009299496970495  0.00009568289588453  0.00009957427415581
  0.00010508204005271  0.00011199971985793  0.00011960010688984  0.00012797754220123
  0.00013562213981280  0.00014394011521140  0.00015583038570797  0.00017071803709584
  0.00019253680087795  0.00022951663681206  0.00026455883497828  0.00031604415240840
  0.00038765421148260  0.00047627256656146  0.00058502038560616  0.00072648008481358
  0.00089531623766759  0.00129150168885486  0.00222719162774160  1.00000000000000000
 -0.00000004116735966  0.00000053298309020  0.00000154404749957  0.00000287836192704
  0.00000414660507113  0.00000563104841562  0.00000728525076722  0.00000915172740965
  0.00001098999519386  0.00001255913313420  0.00001417859956961  0.00001556425219513
  0.00001662599939109  0.00001768052278982  0.00001876434070705  0.00001998835630037
  0.00002144777798112  0.00002285868138520  0.00002371391387200  0.00002453083359046
  0.00002521607630192  0.00002581030008957  0.00002634067939267  0.00002681441009562
  0.00002740080317543  0.00002814155106192  0.00002886940568045  0.00002961666842940
  0.00003032995005670  0.00003102689632445  0.00003169550979135  0.00003219746836731
  0.00003269227684034  0.00003316614708963  0.00003361807873403  0.00003405361401502
  0.00003444785981367  0.00003480497418859  0.00003512673427959  0.00003541886243975
  0.00003572723917193  0.00003604650808901  0.00003635629286995  0.00003669577411130
  0.00003737212539632  0.00006009698484350  0.00006259022647177  0.00006376427801705
  0.00006481323485204  0.00006581630861519  0.00006676239605607  0.00006771935555171
  0.00006869104523556  0.00006968547867163  0.00007072249448250  0.00007174092220944
  0.00007282713279080  0.00007411512287778  0.00007549447461373  0.00007694531369048
  0.00007846099717071  0.00008007115234334  0.00008178481168996  0.00008363773482338
  0.00008572031697968  0.00008801304286450  0.00009042284749970  0.00009306983378655
  0.00009604821911340  0.00009935031466263  0.00010315404172926  0.00010678845110307
  0.00011066178139745  0.00011493107883257  0.00012006016500310  0.00012697403531277
  0.00013702228044613  0.00014813367021090  0.00015803901532051  0.00016852146337012
  0.00017947282560264  0.00019327568688178  0.00021006012776166  0.00022444144042141
  0.00024251732165105  0.00026761069209301  0.00029551342629398  0.00037627934664603
  0.00048358274062408  0.00057551228237694  0.00065294237387664  0.00074117344805907
  0.00086302082577016  0.00122121148226683  0.00226066781449419  1.00000000000000000
  0.00794027442016672  0.01898404084842975  0.03005725201983672  0.04131005578026676
  0.05263400143481603  0.06388205075426859  0.07474452156339717  0.08649554068180372
  0.09966687974051361  0.11376211102550642  0.12773394028214793  0.13953933232180479
  0.14755365868748807  0.15374196638978466  0.16055868057014522  0.16795177615423537
  0.17362776554878423  0.17973038048351883  0.18700765918388546  0.19449363425476374
  0.20153930371781065  0.20888389188405351  0.21773394651686934  0.22788932728139547
  0.23849222119113916  0.24911788579145783  0.25937204691642807  0.26932273848788857
  0.27907144984222459  0.28892595351178285  0.30110599003222782  0.31482092091070923
  0.33016955009546900  0.34907167452311522  0.36478491637006882  0.37711375443880729
  0.38589572476699424  0.39296472402773452  0.39974248085260250  0.40725072499389109
  0.41472011511443857  0.42162375830554183  0.43029107269121475  0.44181763874992047
  0.45163755902135222  0.46094861042859897  0.47042655464446859  0.48131540661597721
  0.49508663730298463  0.51152456922822420  0.52801827025736492  0.54163650383168183
  0.55692973717648742  0.56877724895260751  0.57927779051719019  0.58982735353967497
  0.59959572902391201  0.60830000171239840  0.61805656961959821  0.62917447752166433
  0.63892700282338577  0.64911458881808493  0.66018684108592030  0.67045637760005261
  0.67994257029613381  0.69284799317523427  0.70611961666207013  0.71775266672544347
  0.72860637048106414  0.73911529669641973  0.75055615893028527  0.76188658377009166
  0.77261654664791313  0.78219858157047284  0.79431742136511319  0.80779886793270927
  0.82185405475663520  0.83381528841432428  0.84883597951873135  0.86315699026831139
  0.87520737886985056  0.88632907337719924  0.89563339777647921  0.90503590019495961
  0.91281551001003292  0.91897561570284014  0.92453735570752249  0.93214799190840736
  0.94261848205976373  0.95279839735266481  0.96098855033118247  0.96758413342219152
  0.97403257803643528  0.98190335575244725  0.99111979139249728  1.00000000000000000
 -0.00088653325103381  0.02092329458513889  0.03933165548068777  0.05565696008576151
  0.07167576922196030  0.08803289663354492  0.10279279581298370  0.11644228003164016
  0.12964310756383374  0.14268735763539719  0.15540164213290525  0.16801368668658365
  0.18189059765850216  0.19628198659344470  0.20761216052398734  0.21741145335633144
  0.22671821408077689  0.23515855112986184  0.24347903248048799  0.25252069545323269
  0.26331405803098301  0.27550119120512123  0.28830454760507696  0.30190817787096974
  0.31794704228371706  0.33409431651428617  0.34745113351705381  0.35989321148408787
  0.37249915870842798  0.38465348725801152  0.39503031151924889  0.40478630331081727
  0.41444293166757834  0.42461140542815329  0.43487822133189408  0.44388449328446034
  0.45153295604569643  0.46097354707107630  0.47209886609070961  0.48247960265841855
  0.49079179338882062  0.49720185357883234  0.50454486727023584  0.51305796794739511
  0.52229426497547093  0.53076187145623110  0.53908730534521954  0.54637536489189564
  0.55309748195531194  0.56036850029215546  0.56877860911573774  0.57793197519740336
  0.58751515762209683  0.59738296020127390  0.60768219738826668  0.61827261212303053
  0.62625198402142945  0.63141838541249140  0.63763168297500283  0.64432847237566604
  0.65299849144189981  0.65811253392051916  0.66354971705204346  0.66982447918178578
  0.67635269331304293  0.68230144913164448  0.68880200237399147  0.69743068083476301
  0.70795276679821750  0.71787130898155316  0.72634629900955028  0.73629771036048131
  0.74637916455181874  0.75672447590285175  0.76710709131998600  0.77630472790784766
  0.78443496862244244  0.79346568178823462  0.80253534760314571  0.81243820890754115
  0.82466678122301840  0.83916239192156983  0.85404941265464651  0.86720222916615319
  0.87793712018479508  0.88764013437997913  0.89780150414501059  0.90791966044233297
  0.92097116110773691  0.92927868088715604  0.93782181366195949  0.94615830557106584
  0.95465396059021024  0.96475911546148219  0.98075119048536774  1.00000000000000000
 -0.00043549356398559  0.00303760081853256  0.00831081902986727  0.01557576793930798
  0.02224861662005274  0.03006583322200290  0.03685623293002709  0.04283555715265234
  0.05056655415310297  0.05790495235437584  0.06385995457267139  0.07006811744760888
  0.07821505099807645  0.08642564414294061  0.09464801676819848  0.10299419586604694
  0.11150495474351339  0.11916200988315359  0.12670645538657624  0.13306694386268017
  0.13854968477247581  0.14818745289708685  0.15800188211289193  0.16827841065661128
  0.17844318523237385  0.18832164524985678  0.19790175113545494  0.20879714282712039
  0.22380413401289198  0.24131871461444090  0.25676558126705673  0.26891148700021700
  0.27886168150115792  0.28818499196382180  0.29822840028297198  0.30944012045621311
  0.31989026406202892  0.33047821140888900  0.34041096455813780  0.34992351140317363
  0.35931245255259181  0.36889069702059468  0.37882154259450385  0.38992209291650270
  0.40252066257394592  0.41646641622000247  0.43048278740612922  0.44507060908980073
  0.45892682539024637  0.47409624528714378  0.48937755789254772  0.50342267290312503
  0.51735825473267616  0.53167709425373666  0.54664738526204848  0.56201943931963672
  0.57463116288725424  0.58278206526655285  0.59086154660655987  0.59823258821898118
  0.60535899190671660  0.61287106730878149  0.62147144884643168  0.63190940949250007
  0.64351569634523620  0.65289729069564106  0.66073795052990303  0.66846046892923838
  0.67682551054730145  0.68526728230845957  0.69335420943526027  0.70189526356937326
  0.71413204165704847  0.72958559437865989  0.74519552975360803  0.75953387743671241
  0.77371524444307893  0.78564584613345034  0.79574486876189687  0.80529502033906752
  0.81570504536315680  0.82747033739473408  0.84045652433608564  0.85391319096942309
  0.86654230777051078  0.87852437129712246  0.89002727724670438  0.90153239437101507
  0.91387150624662383  0.92609448057633970  0.93736092778176328  0.94866809657058704
  0.96111327457624696  0.97507162405435155  0.98749460159598168  1.00000000000000000
 -0.00342807274064525  0.01079900715206541  0.02527380714216289  0.03909862529750012
  0.05160102126320942  0.06133484873921394  0.06757319695779404  0.07266262021420193
  0.07823025121757181  0.08672112405286793  0.09438543873039383  0.09985601398375066
  0.10614186702802222  0.11063980979329467  0.11783043722530878  0.12353766145688305
  0.12916145530569281  0.13514714382200116  0.14129571036390720  0.15019885974107003
  0.16163971539612898  0.17247719730391575  0.18263101857687566  0.19434740018180466
  0.20672326388445325  0.21859464124182851  0.22941312330291877  0.24055858710597416
  0.25347279634621822  0.26747608753101471  0.28266752655643435  0.29758028630562855
  0.31068127207648000  0.32124863686043365  0.32964948767900737  0.33706064898367155
  0.34478505992383118  0.35216541696416331  0.35974279320754721  0.36948090605362804
  0.38201163746177569  0.39688327920213379  0.41097702217938475  0.42399563019418446
  0.43611790305343778  0.44672220509518484  0.45695250719018965  0.46821903256411490
  0.47920794366119218  0.49169983343701051  0.50648498075412485  0.52217639967768359
  0.53764126389003042  0.55413710968848462  0.56888091333509194  0.58173588707328860
  0.59401944487678315  0.60677114428318724  0.61971957147751044  0.63128357686522985
  0.64172318119153382  0.65093022009504165  0.66042832447085487  0.66876050572838708
  0.67675130685385221  0.68511866821729173  0.69401325970190497  0.70314274589434722
  0.71484610467528220  0.72662428433592841  0.73533801905838625  0.74421615412288500
  0.75336355363083296  0.76248094714056636  0.77126139021775098  0.77995050093742391
  0.78821981437835908  0.79855564413343516  0.80843182783448508  0.81672036984265206
  0.82565284125010763  0.83483479889703116  0.84400060066973392  0.85286828115478264
  0.86101849304577238  0.87221896428824208  0.88409383169115863  0.89648038262548702
  0.90715682469548942  0.91938381496743349  0.93634546961237497  0.95218348678411047
  0.96437766006456038  0.97504109695398300  0.98585790902755355  1.00000000000000000
 -0.00243425677138927  0.00796548392511392  0.01861960696555725  0.02762712446580884
  0.03654314215602229  0.04532783259949243  0.05096213119817956  0.05764768504090829
  0.06355033435708607  0.06983203867684672  0.07858258691744643  0.08910761228374918
  0.09888758603964933  0.10866885484955247  0.11936544534024536  0.13065099859095752
  0.14217187513751259  0.15365787470472203  0.16499245528894280  0.17570710690439384
  0.18594080263345891  0.19668110964132376  0.20813514501195654  0.21933270308348593
  0.23062242926328427  0.24319120983576184  0.25615564034201133  0.26853091065960077
  0.27962882605775946  0.29070125601716607  0.30265138290675858  0.31387068983131822
  0.32435430608629562  0.33472513845643009  0.34380284755922086  0.35211666991583218
  0.36136029432494016  0.37115027968379100  0.38212336013371706  0.39378127181831712
  0.40627478847152615  0.42055456079361875  0.43634011664101113  0.45013923980721926
  0.46122395679391442  0.47076557558299847  0.47956460071743479  0.48810112750950424
  0.49535276682749763  0.50186164390803578  0.51182331234133449  0.52233873934788888
  0.53182038416334687  0.54015665763873288  0.54813095547798452  0.55726421706872709
  0.56966374687271282  0.58513021683481659  0.60039483642715374  0.61441154948218168
  0.62547318031482257  0.63530821073701194  0.64436944797383888  0.65399770380136191
  0.66502118147385469  0.67495250505271620  0.68513395990272907  0.69531711873639068
  0.71292718735433369  0.73006006667015877  0.74527675462906573  0.75834217118222624
  0.77059328619974043  0.78249025833930652  0.79414283368957328  0.80466052775971697
  0.81417959566048959  0.82376005896632165  0.83571930230735025  0.84767802211351639
  0.85775458748133260  0.86477228090997849  0.87346668621612300  0.88087957369922909
  0.88524479067943973  0.88928673210960474  0.89303311142816155  0.89855784819283258
  0.90605580457529022  0.91279321302452010  0.92185508259798787  0.94000974452774522
  0.95566710648500530  0.97090995574917160  0.98568254722648085  1.00000000000000000
 -0.00115829064131993  0.00585523850885346  0.01228033141805646  0.01755590368825650
  0.02355848623003590  0.02988449783109119  0.03679217342891183  0.04685229638039243
  0.05814037444733638  0.06757515848299793  0.07698310892744491  0.08513834957402935
  0.09305785376919525  0.10291512525174425  0.11523139343644147  0.12585240135070433
  0.13248700288452553  0.13665003635633646  0.14095540419992522  0.14636829075976146
  0.15234828541044626  0.15843968958536714  0.16379621080356122  0.16730325866909512
  0.17262389290689656  0.17950867576812637  0.18603497363608423  0.19327612625817675
  0.20178919215010099  0.21084747263757897  0.22059940510373927  0.23241970026383793
  0.24531702762512275  0.25788120818722171  0.27079490506359494  0.28498379763002019
  0.29761649183540340  0.31146841487474797  0.32484214805409461  0.33653796354822468
  0.34613262698231467  0.35497711872573107  0.36323947440622456  0.36938821764401947
  0.37590297912563359  0.38856517433973381  0.40450965914559195  0.42094871019863828
  0.43607811072563935  0.45037538766731217  0.46452822260103271  0.47911515375612262
  0.49302066315261123  0.50661962987225528  0.52039079234264130  0.53470411164129805
  0.54971610597990439  0.56585983769620896  0.58392228290805981  0.60392604611782419
  0.62061114480398250  0.63504814587900427  0.64838491665778941  0.66117721287583875
  0.67313771945776069  0.68440933107485757  0.69515133621922731  0.70449755134039804
  0.71382443073852631  0.72436081681538678  0.73434630695370040  0.74362726243844213
  0.75436073521951030  0.76582727672306161  0.77536959075010414  0.78385202276218380
  0.79348858304771441  0.80334846593121412  0.81463687016502628  0.82156189982471206
  0.82975942890933962  0.83955018750508936  0.84771652864123803  0.85731032776587957
  0.86787470295908198  0.87949550969791879  0.89127140946315020  0.90259226819077809
  0.91250194849075594  0.92233237134206414  0.93297031629278593  0.94458611279581151
  0.95742121789073276  0.97167814103618866  0.98666639902028630  1.00000000000000000
 -0.00326144647449702  0.01075113989558555  0.02446943054138147  0.03712740102594923
  0.05129849691591115  0.06844854235586223  0.08625161019827771  0.10019711411132158
  0.11110087930358525  0.12341274674099609  0.13600135839918701  0.14941087643016360
  0.16318481909990826  0.17558457573341205  0.18701151321638482  0.19741209789584274
  0.20741541200656702  0.21570758545331170  0.22238511595809421  0.22787592352166375
  0.23315236986334936  0.23903384623719395  0.24633349161563325  0.25324819878521077
  0.25998200042072978  0.26692865716904685  0.27579582674853026  0.28812214127593311
  0.30110138271431930  0.31500476180896869  0.32890343987520038  0.34226428084311034
  0.35466595345534629  0.36558129360019193  0.37462106558908137  0.38308836654810924
  0.39235387134913591  0.40095912121536320  0.40941554339923414  0.42173180837361207
  0.43244251374120979  0.44089366620119352  0.44774919235546146  0.45319589440536523
  0.46098544328031982  0.47059302498426647  0.48341198264428770  0.49605821215951018
  0.50813236820800967  0.51906452560125682  0.52826786194299147  0.53687254593445488
  0.54639128668411630  0.55475694876781678  0.56261713913666300  0.57265325676880241
  0.58254374410505028  0.59370633683211282  0.60508699869015203  0.61886375668367399
  0.63184259613506255  0.64449805500141200  0.65688615035732389  0.66823577448122773
  0.67959290947847595  0.69300795539689253  0.70651428862309162  0.71939952680990316
  0.73205682594151744  0.74381456666043644  0.75413516554888826  0.76434437193965044
  0.77443495766337067  0.78121331081157075  0.78740779204179734  0.79471779651238816
  0.80117904165252474  0.80792650028319835  0.81738509481010435  0.82961073877624048
  0.84373052225028888  0.85892067722696508  0.87348038783962889  0.88409446570432570
  0.89490354183746612  0.90372456722787042  0.91315555427447415  0.92241569537023071
  0.93136197794444653  0.94114545259062854  0.95193845267900490  0.96421143321090186
  0.97507331308474343  0.98384577408465279  0.99216476920229557  1.00000000000000000
 -0.00408214609030589  0.01081464632531529  0.02584519964977249  0.04074087309970820
  0.05523858494194386  0.06984687384550468  0.08214107596739638  0.09162982739061099
  0.09918547683231163  0.10684677910330252  0.11591777138703101  0.12541514896639708
  0.13578923104404508  0.14760703781654497  0.16050318311285919  0.17609595499414102
  0.19059314473414060  0.20615789584010374  0.22292713987108717  0.23605035414227452
  0.24815563738965907  0.26082370801141358  0.27154801892395797  0.28030774707384387
  0.29043093167119732  0.29953549134176505  0.30591704124975644  0.31216450173424193
  0.31935653661828639  0.32935605135875196  0.34317458790334648  0.35557550282155148
  0.36652822880111058  0.37624531731168059  0.38580120966364262  0.39657396470681283
  0.40782193127482891  0.41851667272602389  0.42747016490548828  0.43645474769514520
  0.44716468586321484  0.45853881576432204  0.47137693088509086  0.48432306628142729
  0.49800321330451713  0.51232282693756692  0.52691148549990230  0.54109671562629913
  0.55487137907312312  0.56736164094893793  0.57982881883711113  0.59247353837569516
  0.60377297873475577  0.61602897727634420  0.62817310201945775  0.63878746231075600
  0.64747344309670807  0.65545271276095118  0.66337230579804995  0.67025267538349320
  0.67643817194126921  0.68731423854854035  0.69881117988229979  0.71005278118518456
  0.71902323566435911  0.72563644410985351  0.73094709965255589  0.73410452401044202
  0.74121339922366836  0.74836245164320880  0.75513378390005437  0.76097732205371182
  0.76747136612278566  0.77311412451418504  0.77784715278114813  0.78500361407607711
  0.79085685904469072  0.79881491220239842  0.80972941822127320  0.81995752641387087
  0.82919775657337025  0.83799513566667527  0.84739321021832648  0.85824952312032399
  0.87104196996984051  0.88437584937955149  0.89991898699745354  0.91689443321419339
  0.93327895847205122  0.94661418024240607  0.95402562594246099  0.96164932715364682
  0.96894674638579703  0.97703387259510532  0.98792954604537586  1.00000000000000000
 -0.00211391262179999  0.00883557216544429  0.01758288762101753  0.02612416581040497
  0.03396139267399415  0.04318710551762570  0.05366331923652210  0.06217706145097374
  0.06924443428188877  0.07674736580333072  0.08699166529534164  0.09939558321061071
  0.10925608844803873  0.11631521404747640  0.12309940416468988  0.12968757519813850
  0.13600424875697981  0.14515850758072327  0.15690807952341335  0.17113722086026986
  0.18506094566247291  0.19683823645517409  0.20651101958697873  0.21622493756187047
  0.22676883542904655  0.23920024251209435  0.25413534305222008  0.27021748153720648
  0.28390577127225619  0.29176060433169432  0.29972695081854128  0.30825856151304476
  0.31724540503929233  0.33109425848754925  0.34448883221221710  0.35757204373434959
  0.36975726336144155  0.38081815579162487  0.39150740305159437  0.40238989162405309
  0.41370090992601100  0.42766240717792686  0.44364535507982578  0.45775407266935558
  0.47074405686444920  0.48328195874529695  0.49557977897516997  0.50912319709228360
  0.52071718978732073  0.53158184196779701  0.54080585904078649  0.54797344638463041
  0.55727880135742547  0.56688698495181822  0.57721898688094819  0.58993461372437850
  0.60641701694742167  0.62354526900136309  0.63712089857215248  0.64651689530895184
  0.65335712854214767  0.66125422390365463  0.66787405052387261  0.67323758364352060
  0.67762724793654927  0.68508592883672914  0.68943921365106542  0.69428390059543321
  0.70216164670294268  0.70829453809007781  0.71630073824597140  0.72612900142034753
  0.73665352146004504  0.74787773240211008  0.76039093856600681  0.77146931487097248
  0.78096908214969207  0.79203198663743346  0.80334484581949772  0.81435797861675197
  0.82489356518496293  0.83542110271768233  0.84616933407106620  0.85694650037607689
  0.86724467704474240  0.87782850278392954  0.88749825644968883  0.89766610572086469
  0.90712140698310506  0.91724534129376001  0.92809903424808626  0.93995493372866623
  0.95374965568163972  0.96874333343898611  0.98391279924945241  1.00000000000000000
 -0.00168522953341388  0.00766415406779678  0.01845092809341757  0.02890480685369258
  0.03967457384317827  0.05245650444688386  0.06360851069876132  0.07778276993844488
  0.08687102013951693  0.09613030078012291  0.10554717580299333  0.11445798322319906
  0.12376803150267048  0.13430970107933057  0.14918347545195809  0.16413566451406014
  0.17703234567146969  0.18885180171664567  0.20082741552058525  0.21246258950403979
  0.22396225196973668  0.23580547562433996  0.24800440854503361  0.26074806435900938
  0.27617685085599009  0.28991677140418598  0.30209473244958251  0.31382033023474987
  0.32517412499647319  0.33606021682454845  0.34611932570571524  0.35531562958549490
  0.36373060713412980  0.37222441890354513  0.37993472114462029  0.38665596706655719
  0.39449950774685616  0.40184167927463477  0.41014506380361138  0.42021184617184104
  0.43099387284936141  0.44190511057897319  0.45308220586392395  0.46642025933707454
  0.47963793443102393  0.49251340071760580  0.50505568502716947  0.51721658644147772
  0.53092094236488918  0.54723298940060616  0.56572094981878096  0.57850896035076804
  0.58914337797377936  0.59761055702968002  0.60675353992177394  0.61724592588226923
  0.62984773317727138  0.64282123317498341  0.65491452814726359  0.66677006808730488
  0.67916056017326643  0.69089059118631313  0.70022220065900942  0.70851755300542607
  0.71708014207143300  0.72586316973521647  0.73831494655202623  0.75068697373444337
  0.76142401494110190  0.77271458345593502  0.78378062599072273  0.79398098666866834
  0.80387752063761364  0.81161974899921041  0.81822950607912315  0.82460977227602772
  0.83250301051805375  0.84123750477090475  0.85282427686772722  0.86212951865317000
  0.86890973736271415  0.87702155952032779  0.88446445185272515  0.89050819809007253
  0.89735589993171128  0.90402475916035252  0.91114277509473662  0.91887417515070113
  0.92782472500107172  0.93831699205191410  0.95120049166342968  0.96454468255222559
  0.97454948017375720  0.98284609851537486  0.99106572683528871  1.00000000000000000
 -0.00997145641916431  0.04551180636903482  0.06860020981675861  0.09000364982721480
  0.11148846286092835  0.13231224663756849  0.14860885422260936  0.16198976999391476
  0.17396968415512146  0.18553846615085476  0.19682859743218570  0.20775521850853354
  0.21989796922487717  0.23056112756505245  0.24067306074189779  0.24987082490973506
  0.25909499482998471  0.26824946578531694  0.27714621759755503  0.28877565436257391
  0.30119140845777292  0.31445258047517655  0.32972978835959876  0.34885142233877231
  0.35732426359036978  0.36133499616136849  0.36555971684842187  0.36959830094850316
  0.37351341670633120  0.37858365650120240  0.38514958274467470  0.39140096257075668
  0.39636721878513725  0.40104371699382546  0.40566863379708440  0.41009178474604541
  0.41469742375526525  0.41976181334194201  0.42711293533090594  0.43614983319685124
  0.44386655180072904  0.45165593653046443  0.45959641293594750  0.46794458702355785
  0.47627832189108593  0.48557250473091623  0.49636445341662877  0.50794753446519436
  0.51886671081406410  0.53067423748245113  0.54002383384028130  0.54859057121325616
  0.55612076092385820  0.56252696982385508  0.56821608345707664  0.57359085825633249
  0.57962839648509268  0.58596872528207111  0.59210084693209664  0.59880012499483981
  0.60609924990830888  0.61291218240612566  0.62013802691354913  0.62713537289501964
  0.63433339699107916  0.64215855919744813  0.65060781918578736  0.66037077005582989
  0.67108686779301086  0.68150885059979038  0.69158786206899947  0.70100557874761482
  0.71040603116950030  0.71965905774011751  0.72806436043545675  0.73530658297660045
  0.74148739372163286  0.74703847401054890  0.75319311105152376  0.76140999875594906
  0.77258102288864561  0.78338285472012203  0.79472023255566915  0.80492992836070076
  0.81521312320244865  0.82597445566648053  0.83691746125158251  0.84389391077509879
  0.84960111052336829  0.85829606337658515  0.87360293706071168  0.88957090395370475
  0.90605340805838452  0.92558485461767814  0.95578787120104536  1.00000000000000000
 -0.00189112008069614  0.00954473531253422  0.01951159175856200  0.02885432742489939
  0.03877686222066100  0.04998011502821952  0.06024870572890367  0.06887261254060839
  0.07712527719037555  0.08493850105638778  0.09218754143767151  0.10147658183017345
  0.11204705776259200  0.12309438560041480  0.13482131726366953  0.14652642650936815
  0.15672692186919437  0.16625447281184563  0.17726391259489332  0.19178722064016732
  0.21056048060712487  0.23231367821036139  0.25185746541767762  0.26700683265144798
  0.28082622273304281  0.29451459998329471  0.30858561857065897  0.32407936807968224
  0.34031428437043326  0.35468847489483518  0.36475287535635947  0.37421573860067792
  0.38537794187867952  0.39869039474200207  0.41080147678297585  0.42107470725058938
  0.43369559061831076  0.44440631837252459  0.45412658757829638  0.46325335257102057
  0.47144945865824345  0.48154124308956786  0.49215951127035829  0.50344487943879990
  0.51477212676543005  0.52541747297331409  0.53624435042319529  0.54883951320834778
  0.56032884268282901  0.57056996516113678  0.58045626340689838  0.59072166148114214
  0.60037986243214725  0.61110517197474512  0.61929845334710965  0.62664932745101953
  0.63376414088113098  0.64261351960297752  0.65262076749943843  0.66628673101363334
  0.67710286671786024  0.68882222664304749  0.70108795527672807  0.71210874948275127
  0.72272653192776393  0.73376278691469710  0.74603277518950639  0.75600899363098095
  0.76476821347143120  0.77303850982028732  0.78175743879161974  0.79238404936014817
  0.80315268261368744  0.81425736708984142  0.82818166538993110  0.83975022350694162
  0.85011569087845096  0.85677992704619554  0.86240763744183813  0.87099217441691601
  0.87788339912255997  0.88518167727222552  0.89220063052662146  0.89819484715543341
  0.90583315386689223  0.91179526401464506  0.91710329567654003  0.92611241147396517
  0.93874398055269326  0.94928814951940910  0.95735676820857130  0.96410208095876093
  0.97160533197056886  0.97943553575411124  0.98761040605821193  1.00000000000000000
 -0.02920659118965117  0.23748188601365813  0.32011369185755872  0.38739001271432461
  0.43247755179614511  0.45741898036883077  0.47948027426936807  0.50037194193549772
  0.51510512670701269  0.53258502794621421  0.55132318363406807  0.57128872869311786
  0.59418900320275880  0.61765337210965210  0.63926460713613964  0.65779019896264934
  0.67311610208923911  0.68582445669466785  0.69685510289448671  0.70649934481613907
  0.71459355169919470  0.72246320283328647  0.73039424355555826  0.73951861095694760
  0.74683064462299520  0.75213125943382886  0.75714149194160074  0.76165451978502308
  0.76685058081768898  0.77243156040980743  0.77785351941478387  0.78345033702849898
  0.78894776963617719  0.79370379396475743  0.79866961117343260  0.80489843193308785
  0.81155532348860226  0.81784882228052780  0.82350021732813583  0.82801335322587233
  0.83195931384274879  0.83593165523106783  0.83989235369765836  0.84444302695481299
  0.84972355285684698  0.85543592279654435  0.86104012570717958  0.86649383824954940
  0.87206691004006920  0.87639490638131345  0.87966637860068886  0.88278133206985443
  0.88580450355163864  0.88881595603101637  0.89236513385265748  0.89621027238918805
  0.89973062035210505  0.90308601718801351  0.90635837164631727  0.90956226584879041
  0.91274436712934037  0.91606268954067060  0.91911620829240692  0.92143853014993649
  0.92337021814057640  0.92512373459177422  0.92677536594272092  0.92833467311275808
  0.92980008723009799  0.93136605536584460  0.93283740135083293  0.93446981648892158
  0.93639351144779381  0.93817821620674458  0.93988948174480136  0.94134785492375073
  0.94286624688344300  0.94440363051691145  0.94610922153694466  0.94837129590424329
  0.95092242241071678  0.95339878549051027  0.95529117663966590  0.95703572255883640
  0.95873762312612631  0.96063845531538283  0.96249314701549327  0.96534301039588566
  0.96836494760735370  0.97092084189363437  0.97313159370864466  0.97543299993398214
  0.97811729834218608  0.98126693055358760  0.98615547287657934  1.00000000000000000
 -0.02901548929072124  0.14833863527249386  0.20025847999225305  0.23530593189491789
  0.25776062693475205  0.27969469118787110  0.29600184433561971  0.30845673879473745
  0.31802925221166339  0.32633840312825962  0.33493895139641655  0.34373285361906158
  0.35410413848036504  0.36985298324069699  0.38167872271398251  0.39027605404294108
  0.39813791821533184  0.40661016747039280  0.41501568156268875  0.42345819718850380
  0.43201585363259232  0.44097372211437930  0.44990676580763816  0.45868860832417191
  0.46749890803876737  0.47636373370695739  0.48283918308870905  0.48751707456595827
  0.49130932181627168  0.49509055646012762  0.49860620140037792  0.50233485356667007
  0.50630005678727752  0.51037154328169609  0.51448351289847938  0.51841106387135805
  0.52240390888428057  0.52676869238299406  0.53187298143473383  0.53708738265327027
  0.54228097587145840  0.54731808044182684  0.55256763548827803  0.55831793140424568
  0.56457447397784410  0.57096991317923396  0.57698011269195770  0.58313439820352908
  0.58939017457315657  0.59551482576316783  0.60151070796893857  0.60570824987572769
  0.61001981317538634  0.61438068813015456  0.61869066276622287  0.62298263450706426
  0.62703772361089827  0.63058638339548712  0.63440220494226185  0.63875954048770112
  0.64201068130616634  0.64441411122905023  0.64699122421281829  0.65070002657930370
  0.65497403639165230  0.65816611392383328  0.66070066129504790  0.66350077247493977
  0.66646222272178457  0.67311071843308601  0.67896334414564119  0.68474227392873677
  0.69040221471712837  0.69581886526024506  0.70348050343345192  0.71151423072476927
  0.71608981931502369  0.71968984655201984  0.72376687981336574  0.72789676034287154
  0.73142001589643646  0.73564304264133107  0.74092912832996560  0.74645995425448497
  0.75230662339410792  0.75896673879060039  0.76742958483775736  0.77880803279339461
  0.79145320366096428  0.80355087100593847  0.81426009069975269  0.82723373767618147
  0.84409398692603688  0.86625270264693355  0.89843193085965634  1.00000000000000000
   1.8515137482817063E-013  -1.0000000000000000     
 F F F F F F F F F F F F F F F F F F F F F F F F F F F F F F F F F F F F F F F F F F F F F F F F F F F F F F F F F F F F F F F F F F F F F F F F F F F F F F F F F F F F F F F F F F F F F F F F F F F F F F F F F F F F F F F F F F F F F F F F F F F F F F F F F F F F F F F F F F F F F F F F F F F F F F F F F F F F F F F F F F F F F F F F F F F F F F F F F F F F F F F F F F F F F F F F T F F T F F F F F F F F T F F T F F F F F F F F F F F F F F F F F F F F F F F F F F F F F F F F F F F F F F F F F F F F F F F F F F F F F F F F F F F F F F F F F F F F F F F F F F F F F F F F F F F F F F F F F F F F F F F F F F F F F F F F F F F F F F F F F F F F F F F F F F F F F F F F F F F F F F F F F F F F F F F F F F F F F F F F F F F F F F F F F F F F F F F F F F F F F F F F F F F F F F F F F F F F F F F F F F F F F F F F F F F F F F F F F F F F F F F F F F F F F F F F F F F F F F F F F F F F F F F F T F F T F F F F F F F F T F F T F F F F F F F F F F F F F F F F F F F F F F F F F F F F F F F F F F F F F F F F F F F F F F F F
  <DiscreteSampler_grid>
  grouped_processes
  1 # 1 for a reference and 2 for a running grid.
  10 # Attribute 'min_bin_probing_points' of the grid.
  1 # Attribute 'grid_mode' of the grid. 1=='default',2=='initialization'
  0.0000000000000000 # Attribute 'small_contrib_threshold' of the grid.
  0.5000000000000000 # Attribute 'damping_power' of the grid.
 # binID   n_entries weight   weight_sqr   abs_weight
    55   10   4.161648139315426E-008   7.808496866497061E-015   4.161648139315426E-008
    56   10   4.161648139315398E-008   7.808496866496910E-015   4.161648139315398E-008
    58   10   5.366292918311792E-008   1.298382511348342E-014   5.366292918311792E-008
    59   10   5.366292918311771E-008   1.298382511348326E-014   5.366292918311771E-008
    61   10   4.161648139315426E-008   7.808496866497061E-015   4.161648139315426E-008
    62   10   4.161648139315398E-008   7.808496866496910E-015   4.161648139315398E-008
    64   10   5.366292918311792E-008   1.298382511348342E-014   5.366292918311792E-008
    65   10   5.366292918311771E-008   1.298382511348326E-014   5.366292918311771E-008
    67   10   2.235266043011247E-009   2.252657494964708E-017   2.235266043011247E-009
    68   10   2.235266043011232E-009   2.252657494964664E-017   2.235266043011232E-009
    70   10   2.882293729697009E-009   3.745677491488870E-017   2.882293729697009E-009
    71   10   2.882293729696997E-009   3.745677491488823E-017   2.882293729696997E-009
    73   10   2.235266043011247E-009   2.252657494964708E-017   2.235266043011247E-009
    74   10   2.235266043011232E-009   2.252657494964664E-017   2.235266043011232E-009
    76   10   2.882293729697009E-009   3.745677491488870E-017   2.882293729697009E-009
    77   10   2.882293729696997E-009   3.745677491488823E-017   2.882293729696997E-009
    79   10   2.235266043011247E-009   2.252657494964708E-017   2.235266043011247E-009
    80   10   2.235266043011232E-009   2.252657494964664E-017   2.235266043011232E-009
    82   10   2.882293729697009E-009   3.745677491488870E-017   2.882293729697009E-009
    83   10   2.882293729696997E-009   3.745677491488823E-017   2.882293729696997E-009
    85   10   2.235266043011247E-009   2.252657494964708E-017   2.235266043011247E-009
    86   10   2.235266043011232E-009   2.252657494964664E-017   2.235266043011232E-009
    88   10   2.882293729697009E-009   3.745677491488870E-017   2.882293729697009E-009
    89   10   2.882293729696997E-009   3.745677491488823E-017   2.882293729696997E-009
    91   10   4.161648139315426E-008   7.808496866497061E-015   4.161648139315426E-008
    92   10   4.161648139315398E-008   7.808496866496910E-015   4.161648139315398E-008
    94   10   5.366292918311792E-008   1.298382511348342E-014   5.366292918311792E-008
    95   10   5.366292918311771E-008   1.298382511348326E-014   5.366292918311771E-008
    97   10   4.161648139315426E-008   7.808496866497061E-015   4.161648139315426E-008
    98   10   4.161648139315398E-008   7.808496866496910E-015   4.161648139315398E-008
    100   10   5.366292918311792E-008   1.298382511348342E-014   5.366292918311792E-008
    101   10   5.366292918311771E-008   1.298382511348326E-014   5.366292918311771E-008
  </DiscreteSampler_grid>
