     
 Collinear #          27
 ME*wgt:
   0.0000000000000000        0.0000000000000000        6.4001926353084556E-027
   0.0000000000000000        0.0000000000000000        6.4001926353084556E-027
   0.0000000000000000        0.0000000000000000        6.4001926353084556E-027
   0.0000000000000000        0.0000000000000000        6.4001926353084556E-027
   0.0000000000000000        0.0000000000000000        6.4001926353084556E-027
   0.0000000000000000        0.0000000000000000        6.4001926353084556E-027
   0.0000000000000000        0.0000000000000000        6.4001926353084556E-027
   0.0000000000000000        0.0000000000000000        6.4001926353084556E-027
   0.0000000000000000        0.0000000000000000        6.4001926353084556E-027
   0.0000000000000000        0.0000000000000000        6.4001926353084556E-027
 wgt:
   1.0000000077871933        2.5255401254450288E-005   2.5255401057781598E-005
   1.0000000007464023        2.5255401076632289E-005   2.5255401057781598E-005
   1.0000000000743319        2.5255401059658880E-005   2.5255401057781598E-005
   1.0000000000074305        2.5255401057969256E-005   2.5255401057781598E-005
   1.0000000000007432        2.5255401057800364E-005   2.5255401057781598E-005
   1.0000000000000744        2.5255401057783475E-005   2.5255401057781598E-005
   1.0000000000000075        2.5255401057781787E-005   2.5255401057781598E-005
   1.0000000000000007        2.5255401057781614E-005   2.5255401057781598E-005
   1.0000000000000002        2.5255401057781604E-005   2.5255401057781598E-005
   1.0000000000000000        2.5255401057781598E-005   2.5255401057781598E-005
