  0.02417444732984952  0.03299079889152706  0.04428801533864626  0.05545273954193169
  0.06643297194162467  0.07657789334888414  0.08687305739771288  0.09866752642686713
  0.11144631046390800  0.12554225515130504  0.14170143699371118  0.16001525978910136
  0.17610783658905366  0.18925496284631868  0.20012094403833999  0.20982627365913742
  0.21750745955756712  0.22505541124395811  0.23229184409200698  0.23882554194908884
  0.24588468067335320  0.25356957702174315  0.26106386035209606  0.26807400166438705
  0.27576816263734205  0.28419498797447013  0.29237236874232225  0.30157432086762964
  0.31102390472811658  0.32157602203048663  0.33203590041284903  0.34065623964148095
  0.34945813830333949  0.35859115931447660  0.37025545220096623  0.38186593771994742
  0.39097307657633285  0.39992204543180776  0.40911123690974427  0.41899333321506371
  0.42974198657279156  0.44134460719306029  0.45238123998183682  0.46455383547394691
  0.47802402907777269  0.49208210385220463  0.50612682691623512  0.52058043574651791
  0.53334721917648320  0.54593456073517510  0.55717358090370561  0.56892200145309724
  0.58002976014370100  0.59181145933143198  0.60292405556415640  0.61334525925060135
  0.62420289225016479  0.63451738017806769  0.64411990574900069  0.65484285989398139
  0.66952842787712652  0.68474331875652072  0.69408570905599454  0.70071008524544420
  0.70778718779629346  0.71461636913003002  0.72253303573201932  0.72876337969994609
  0.73494170567525785  0.74231531012116159  0.75054292876225515  0.76362209016664317
  0.77905703612503596  0.79364550929017352  0.80340185754392446  0.81201601423376968
  0.82058906038641988  0.82952830109439268  0.83850043529566309  0.84704662875017767
  0.85573451795881295  0.86504913637726788  0.87447329978199306  0.88404482602185308
  0.89473352624967928  0.90791700342831971  0.92125303650086909  0.93114707157525312
  0.93762065666025918  0.94346183733630529  0.94947947984981174  0.95520397444884397
  0.95990378840645141  0.96407722611222479  0.97123849986941080  1.00000000000000000
 -0.00000000484880485  0.00000043708457133  0.00000205453314375  0.00000446854266857
  0.00000751750410686  0.00001090834434652  0.00001420259235869  0.00001686671705826
  0.00001920517862985  0.00002119563177646  0.00002305609338997  0.00002477760863611
  0.00002626520861154  0.00002753028563907  0.00002871578170415  0.00002986420743184
  0.00003090183058790  0.00003182833303683  0.00003270974604249  0.00003353902201144
  0.00003425187269696  0.00003481360562642  0.00003535715525841  0.00003588408076719
  0.00003652369783212  0.00003728104845772  0.00004409147738927  0.00006313427318159
  0.00006404901864458  0.00006479567129411  0.00006550567448789  0.00006620454501020
  0.00006689940059533  0.00006759380847555  0.00006831011353293  0.00006902760298565
  0.00006982355970088  0.00007073670042435  0.00007178232925018  0.00007287080597001
  0.00007411974064628  0.00007545048229460  0.00007682760937800  0.00007828181333460
  0.00007984568607979  0.00008150011911316  0.00008327900939048  0.00008543250104576
  0.00008761970333677  0.00008984240427687  0.00009202542524068  0.00009405215449295
  0.00009626855927705  0.00009897653190259  0.00010183789246237  0.00010465262039857
  0.00010753178254959  0.00011059357792995  0.00011406652246614  0.00011830584290916
  0.00012359546244312  0.00012964492165279  0.00013577282782385  0.00014173677067124
  0.00014771240922778  0.00015406453122916  0.00016251106933838  0.00017149244590151
  0.00018183128567660  0.00019427694763069  0.00020907632387751  0.00022626901219906
  0.00024605617048086  0.00026696824786947  0.00028881793852569  0.00031213194198237
  0.00033654933797632  0.00036318968453818  0.00039511032341860  0.00043522868907594
  0.00047841939566556  0.00052223849489438  0.00056773196483315  0.00061859490236642
  0.00067930830320708  0.00075191936365801  0.00082885563613376  0.00092855441527694
  0.00104251285464979  0.00120381609457263  0.00139586498342669  0.00170211425560313
  0.00217360813099321  0.00326282168326743  0.00543797402056247  1.00000000000000000
  0.00428449476663492  0.02118736983105525  0.03781276504604097  0.04805613433274995
  0.05598209550971402  0.06398190238936911  0.07222841016803230  0.07776367970781306
  0.08351942239104705  0.09029106195532956  0.09851143904434129  0.10449946665697564
  0.11347395416056513  0.12286441582045499  0.13260031699116429  0.14112524866857099
  0.14966628836890794  0.15877661294499368  0.16788176809957445  0.17599287923844240
  0.18448927569772805  0.19591260318439174  0.20924192280635687  0.22123152780276903
  0.23290109768171507  0.24500844440021619  0.25753899175167777  0.26945865438396988
  0.28119428399712204  0.29346817859303781  0.30592293805938442  0.31807206097887603
  0.32929596920392590  0.33954979174184974  0.35000117191138208  0.36267316784594789
  0.37700142841880740  0.39160673602589452  0.40182639688678845  0.41125439787630735
  0.42242205006517280  0.43446828336288518  0.44596751430524123  0.45827836035971320
  0.47199202812623486  0.48488377907944769  0.49608218756960298  0.50609171497768368
  0.51644820466701180  0.52564659446178985  0.53457237227821386  0.54415119354008257
  0.55346321485578553  0.56233088311876867  0.57268142757059337  0.58421579220468078
  0.59573196971977216  0.60631140597916944  0.61699353522228029  0.62686808766931834
  0.63611587392411129  0.64525535803975598  0.65701465404779480  0.67121005288298352
  0.68651767628674676  0.70148455276067645  0.71438419051922541  0.72717452406276406
  0.73871490888863456  0.75035276155392916  0.76090172129414946  0.77113965637821480
  0.78137087456602949  0.79208605845214719  0.80330895235986155  0.81500290139510034
  0.82757644478196712  0.84038767380413903  0.85006942950343778  0.85674668239565843
  0.86247768450720019  0.86864825165014870  0.87485397859721303  0.88142660282698393
  0.88763699075083846  0.89654936987361133  0.91082491235329965  0.92269292235902556
  0.93248822553167043  0.94259302487134800  0.95404119600310888  0.96568446064028435
  0.97449506428188293  0.98351758401887424  0.99117965741779357  1.00000000000000000
  0.00330662946468811  0.01030359517349218  0.01854587051295796  0.02685663965478091
  0.03557512160714396  0.04381120790260977  0.05190302653334858  0.06696034998405670
  0.07636573710767854  0.08689612125540729  0.09899204866909342  0.11172188095969730
  0.12631165178155460  0.14226383991262531  0.15635748284796622  0.16905029943428970
  0.18215441096903767  0.19333066909884467  0.20172521975002980  0.20902230422468948
  0.21650044319961201  0.22542406613128571  0.23254045917585475  0.23927594590005025
  0.24607503708032208  0.25680774567733355  0.27246313371448022  0.28559090986735292
  0.29825928745769792  0.30986769198498165  0.32250921621961171  0.33455299263332561
  0.34668361094204192  0.35873309265377712  0.37094911598235586  0.38228810129952462
  0.39187183667761627  0.40128725391246817  0.41041353572085554  0.42074448414793986
  0.43215184975620935  0.44473980326950802  0.45810640921488793  0.47229161812817561
  0.48540494916330656  0.49618603555055862  0.50762811795168594  0.51929522576381681
  0.53069889123751013  0.54250095288264422  0.55418264208834456  0.56487089788534084
  0.57474746945198385  0.58416587075482573  0.59552207377360544  0.60681771630803405
  0.61709726249506613  0.62765874288360957  0.63906116911557198  0.65089212526939177
  0.66278429847668652  0.67255340487526882  0.68073765756262417  0.69046421269366121
  0.70001196381870612  0.70864374192249568  0.71736678853310898  0.72662175501920523
  0.73793215759519903  0.74951788654606610  0.76088206793155699  0.77252090300714882
  0.78453015333054654  0.79895402999817711  0.81494741120703618  0.82983790913448985
  0.84319322382120387  0.85552600566673453  0.86551948000161472  0.87582793697116468
  0.88581876970443874  0.89665388868773355  0.90752383235122580  0.91841084193853251
  0.92995834661154830  0.94157316027217397  0.95265011983527859  0.96138858104948088
  0.96768450718632859  0.97390820027520852  0.97992537114501310  0.98480764410492960
  0.98799579150268180  0.99009747914650859  0.99134873886264374  1.00000000000000000
 -0.00045555566221948  0.00260268988244225  0.00438095834956852  0.00642409766351485
  0.00926334585450145  0.01199345120527778  0.01488307835978036  0.01886102801255635
  0.02248025957168120  0.02621920491690460  0.03065839632967455  0.03521871036511368
  0.04078688922199009  0.04646782470147785  0.05197931676779081  0.05749892144776200
  0.06313159590145415  0.06880645608476377  0.07441626972878136  0.08007241778784484
  0.08571228333020622  0.09125995408998719  0.09714644403957572  0.10442926020003153
  0.11294201147011015  0.12209248505201703  0.13211084207263502  0.14104578878713395
  0.15039501970907612  0.15896580069654875  0.16795674619552620  0.17642685633559130
  0.18524001694824896  0.19498621456490262  0.20425764747731368  0.21317692572580674
  0.22360448150696938  0.23326972292079709  0.24255902777450264  0.25262843950377645
  0.26185317316216239  0.27017267916970372  0.27906102307458691  0.28792246015255812
  0.29601263957847512  0.30357605727729980  0.31135594397822042  0.32063244380532330
  0.33127147019097702  0.34295565256380295  0.35497340142380224  0.36659681594445803
  0.38111357250732653  0.39550360098240134  0.41089066792839835  0.42597907875118385
  0.44058767963318690  0.45865746699234061  0.47115090119186864  0.48447612120543432
  0.49852478978738207  0.51219318380798839  0.52545162401582612  0.53883431096388756
  0.55301592162405355  0.56886097752900167  0.58668397867091149  0.60737754881450090
  0.63203913463871908  0.65263300188164031  0.67109889523237476  0.68576417028567915
  0.69595504078690684  0.70796914012883472  0.72086641950924479  0.73411494696623836
  0.74759401564894168  0.76045819491655775  0.77316921090953328  0.78516820233438711
  0.79614302560388317  0.80636732603782302  0.81686802219737320  0.82962986582822229
  0.84467815603387109  0.86083298296621913  0.87739135548527780  0.89420274693892110
  0.91109052083841569  0.92465619563662871  0.93756623409101114  0.95096006900722108
  0.96432061541302017  0.97643004344726214  0.98838852435312785  1.00000000000000000
 -0.00342731403784295  0.01464343213430077  0.02516565528851869  0.03552927403928966
  0.04650117144112592  0.06037413162104523  0.07663611593821201  0.09547984427224460
  0.10837844223647053  0.11757336466290509  0.12659996756921765  0.13744084888785013
  0.14806883218090169  0.15959536252635087  0.17199508565251773  0.18361878210664856
  0.19416914477474551  0.20444482392888158  0.21394419237306664  0.22518942436159969
  0.23871430867913446  0.25156541784594405  0.26227477624141615  0.27190397530070887
  0.28139984865682843  0.29114030501394439  0.30137705265834541  0.31197602723827933
  0.31852041471123149  0.32604876011192790  0.33365293489772757  0.34183800189714375
  0.35001366190716854  0.35788580923705271  0.36548078067678164  0.37327123965667341
  0.38302900168237636  0.39259481683020736  0.40231105034971809  0.41233211504292089
  0.42170955020150280  0.43043109780497707  0.44001113000219899  0.45129076377871002
  0.46380990606358380  0.47548671896669925  0.48745503354426717  0.49904867280733117
  0.51023314171757872  0.52046123833555868  0.52941299358884120  0.53740746163448760
  0.54327870164298775  0.54780875721545019  0.55242564193939625  0.55676564352057500
  0.56104528694728861  0.56724904510239316  0.57663402049936774  0.58818175035208631
  0.59946859696977051  0.60918617533861730  0.61770679375764559  0.62642620551704986
  0.63773139223300201  0.65058118525197539  0.66371562389492422  0.67665169309543138
  0.68857041580399025  0.70074823576008649  0.71306348008159137  0.72396796196932811
  0.73525457423500995  0.74619552144452184  0.76068178579544732  0.77423520344880803
  0.78757938345037426  0.79954669831771419  0.81161703410577135  0.82319359639214618
  0.83515704827494930  0.84592968075398778  0.85559902059972937  0.86431327608856490
  0.87265352549948383  0.88113987871170252  0.89054877242385844  0.90183508469565321
  0.91436819081894083  0.92679220229693760  0.93828221179280313  0.94944079119887337
  0.96065810641102034  0.97212267755098791  0.98503848026715435  1.00000000000000000
 -0.00346788881067166  0.01252306134363814  0.02616865237080251  0.03853540729660819
  0.05085387752406778  0.06251382360939028  0.07435746924260331  0.08790382329670135
  0.10382808343578066  0.11622224756148507  0.12622742829256892  0.13538063404878919
  0.14666510871080851  0.15862629487539939  0.16907194431217698  0.17864204983264795
  0.18676501178468286  0.19744378383401198  0.21068610159506554  0.22584508601499279
  0.23674148552548324  0.24642430654629668  0.25578134266723701  0.26613431124936421
  0.27703469911152623  0.28664922117438252  0.29685329270214977  0.30748180553768145
  0.31817613441262299  0.32918412053373608  0.34030544052658196  0.35181476139102269
  0.36341191062431066  0.37494773079820792  0.38730262782501751  0.40020740571680874
  0.41368046002121867  0.42697589526727125  0.43959528499307982  0.45191745906683750
  0.46460444870417134  0.47950195100452486  0.49351120958395234  0.50651169898244841
  0.51867598355340860  0.52812439448633008  0.53804453461106716  0.54617682657721078
  0.55404932279669361  0.56086698856984019  0.56383164181966083  0.56645386225496197
  0.56902238299176056  0.57128940425649521  0.57377274382324528  0.58004598914767380
  0.58697192230899153  0.59362581198746478  0.59989745396481697  0.60482464593261409
  0.61268320032767509  0.62082950652047109  0.63131603231311628  0.64460882484146298
  0.65960185119277759  0.67535108603399219  0.69116500536503045  0.70302442428429468
  0.71369214462897346  0.72414659143794768  0.73453695384277373  0.74716330958703669
  0.75709369741741384  0.76619029081469936  0.77675755452329975  0.78753740361140956
  0.79930845967318442  0.80982790921701242  0.82023663931269364  0.83081246638539907
  0.84216022122056922  0.85398771593887346  0.86403075927587059  0.87295135246150335
  0.88206874632028842  0.89171862904862886  0.90141821394454258  0.91086993588997989
  0.92072984686666515  0.93143115765319162  0.94270631427069140  0.95413935051827015
  0.96660844133279489  0.97963800272150625  0.99029327480702289  1.00000000000000000
 -0.00236404260930856  0.01046669616365636  0.02132226943217561  0.03229441286786582
  0.04301119311248484  0.05305589064019484  0.06458647387333591  0.07654462414634505
  0.08912064293129107  0.09797555347497762  0.10395272622414292  0.11060129122055269
  0.11881783549543491  0.12680815281255611  0.13388649163297742  0.14463066736645455
  0.15685927222590609  0.17015159253099837  0.18379054558623922  0.19683242042744201
  0.20854514198638566  0.21886808451234008  0.22950414488640580  0.24067334329457665
  0.25292315368933543  0.26698999341052604  0.28053307348289824  0.29353920283236790
  0.30645060172356681  0.31948345768603126  0.33150407682528849  0.34464596173872919
  0.35832945447751158  0.37286520391236605  0.38736465819550081  0.40125139389197001
  0.41426946777885654  0.42523884786995675  0.43635266365000203  0.44681949211927591
  0.45755793274406892  0.46608262105551379  0.47503344929490615  0.48462087210193100
  0.49596752726027410  0.50682965230972266  0.51677017304950135  0.52458150979812623
  0.53226886710143773  0.54055804377186600  0.54967489930743096  0.55872863443191034
  0.56759789140817296  0.57658680329315237  0.58651956942926875  0.59725332759205285
  0.60715664922212231  0.61677412563059886  0.62432473064463556  0.63128045097526753
  0.63903886684152011  0.64827251683154252  0.65849638523894871  0.66812280662833512
  0.67800386501396059  0.68859748314510483  0.69616408809131824  0.70435026480286445
  0.71297199387945931  0.72200599962103473  0.73134622066575461  0.73981518858248618
  0.74716565529648804  0.75759688754254817  0.77019773586283036  0.78237038948197346
  0.79468756850276179  0.80775469875072614  0.81835725050797292  0.82844874866250517
  0.83869765857923528  0.85071785849695658  0.86347285618900027  0.87429781200894707
  0.88470908568369500  0.89453807455438283  0.90458065378300634  0.91461018062865507
  0.92390220643541776  0.93316094225204971  0.94323145558095622  0.95414064567871804
  0.96519751531664433  0.97596917967476438  0.98694651955361268  1.00000000000000000
 -0.00219083342665021  0.00962494382897176  0.01755316360637597  0.02644872643549498
  0.03530452632054641  0.04868904991319938  0.06274742774371832  0.07785671259901092
  0.09171578820682280  0.10416448968524036  0.11656689080403317  0.12850650317826021
  0.14109213184234795  0.15327467633804473  0.16440601676908251  0.17395820272891543
  0.18184444093954069  0.19173793006432921  0.20398097200726742  0.21714056701383619
  0.23035279565341291  0.24332625394430177  0.25506309224046264  0.26587622347209400
  0.27642270274480857  0.29013038236982303  0.30383628838554610  0.31535380057122825
  0.32700748078218350  0.33858286337472859  0.35157830138794671  0.36321622398775494
  0.37381465025934058  0.38521691938729319  0.39642995247072416  0.40629221273208754
  0.41462852734121247  0.42255418783919796  0.43105757389228433  0.44220939755798833
  0.45194434179898707  0.46027671737146675  0.47006520853849693  0.48191768489066733
  0.49210254350698079  0.50154184225033105  0.51111109596789128  0.52085089804338069
  0.53042337798443306  0.54035550892074968  0.55027999956194684  0.56028231211672219
  0.56902390474495657  0.57661611480302499  0.58501842997568954  0.59582291603272552
  0.60808350173422099  0.62149869462505913  0.63676988623411079  0.65212699533718888
  0.66704918901961296  0.67797041904941102  0.68798917830728268  0.69820998338369977
  0.71042989937638701  0.72316889807048645  0.73575646269957251  0.74810309873196601
  0.76084340258389893  0.77587272670822449  0.78874227288339827  0.79972464232963669
  0.80956822100931414  0.81975228040119830  0.82990602607459141  0.84001876601976655
  0.85024118649368596  0.85899411797175818  0.86635216986836749  0.87359515631900042
  0.88093391641661711  0.88821663644660154  0.89557378209133320  0.90258735756519259
  0.90906058568862169  0.91635098829047934  0.92675352859754856  0.93993660611080387
  0.95242011292600037  0.96147158464891591  0.96844670556079759  0.97558015689765987
  0.98263350930116478  0.98875343095447077  0.99441341341240419  1.00000000000000000
 -0.00173662907985953  0.00754844500515440  0.01617159824628210  0.02649482377389656
  0.03701052568786436  0.04689191073917501  0.05721943712487470  0.06534756148370147
  0.07340245558140732  0.08273474878930057  0.09311149630077602  0.10279120452112116
  0.11295106205862548  0.12278520596930931  0.13213736320404651  0.14007280504544534
  0.14885020356716458  0.15760080905297877  0.16847407952487503  0.18105007120615102
  0.19401037075920127  0.20561106307401750  0.21766081776096791  0.22995443659813236
  0.24455651249803004  0.26045221964075338  0.27388314661321195  0.28499817496305718
  0.29342049725636710  0.30187269349037338  0.31029747639598942  0.32000168399425211
  0.33190925480014244  0.34596361101482576  0.36143759339390263  0.37746212432152670
  0.39308779542735900  0.40601376225743502  0.41619125748929858  0.42388143612958806
  0.43153806801287969  0.44012038418215360  0.44881339603867543  0.45808773380676898
  0.46736862243840005  0.47620330874636085  0.48584955153959808  0.49593113800902117
  0.50624972177899530  0.51662207146881101  0.52729704571503355  0.53602260337704033
  0.54526712409377842  0.55545710001984061  0.56519316248433293  0.57284539203866369
  0.58117022552768038  0.58972455414001212  0.59864276952499373  0.60830551681000811
  0.61624749389182742  0.62375383756892577  0.63449957022293269  0.64727285645417676
  0.66030701510083512  0.67350903113061833  0.68575843181350937  0.69599092773800719
  0.70535401041585444  0.71579193141785780  0.72722882081035178  0.73919084077209007
  0.75157793838974152  0.76505279512508895  0.77849620323111768  0.79038492215458955
  0.80155241287768209  0.81282933858783668  0.82110702262978397  0.83115301467136993
  0.84303105615464191  0.85334480713544558  0.86505388859356536  0.87584465736054706
  0.88857457874851731  0.90343632544258445  0.91554734943569693  0.92366126494767098
  0.93131186561467594  0.93939520820155431  0.94705767411365493  0.95481345829019615
  0.96558496883773115  0.97729449651714995  0.98880129482682588  1.00000000000000000
 -0.00229520647904160  0.00865845945608484  0.01849050908819270  0.02811446218100402
  0.03808170233857338  0.04772621862340721  0.05791228429443081  0.06894721365876796
  0.08003711242092697  0.09038914321936407  0.10010743498457958  0.10969978561402152
  0.11955772120212474  0.12899887028873028  0.13782104278758545  0.14681958387364052
  0.15829407328264858  0.17079945892865053  0.18316971836972784  0.19566557257632583
  0.20767141813134873  0.21857866240290752  0.22873005990040091  0.23828703377664201
  0.24910350596367137  0.25869805212886038  0.26803025363027932  0.27778386173928132
  0.28809940899635444  0.29919274331715862  0.31004360105976675  0.32155781340424744
  0.33318925063849281  0.34532376119844937  0.35910318355695842  0.37245897792112365
  0.38397625503480398  0.39395030189700569  0.40272992573304778  0.41162078619150388
  0.42062554167523603  0.43014475759371595  0.44175759961189648  0.45258856955595606
  0.45939086785429761  0.46526049605104824  0.47172643947392967  0.47776216672451144
  0.48325090958297290  0.49034664747361439  0.49905642858731064  0.50727817559706978
  0.51761273856374479  0.52618797078227753  0.53362671221071467  0.54117409612379042
  0.54908900964793095  0.55669075314879768  0.56431460089689389  0.57213418899266333
  0.58159871584633982  0.59442656062599031  0.60968102607803465  0.62411574886662502
  0.63530883865438692  0.64545448814417361  0.65613973022961602  0.66781905617504811
  0.67915882728655486  0.68849694611999945  0.70037874912365949  0.71142377849828198
  0.72284421704271229  0.73438493992110099  0.74534427519414226  0.75753708968729605
  0.77063658652828260  0.78283764182888427  0.79616545166540620  0.81001938361352521
  0.82565371427794187  0.83904538036412402  0.85372679218702030  0.86457511847321578
  0.87521332993052592  0.88648119546723403  0.89653116127592880  0.90641352030190392
  0.91641787316550527  0.92643780701167278  0.93652158176455280  0.94637951647236906
  0.95709596751018522  0.96906848959495862  0.98197674395957701  1.00000000000000000
 -0.00184379144147690  0.00890520216189191  0.01834149855536836  0.02854572405441569
  0.03864561744516230  0.04803440205561967  0.05631286441761468  0.06549149044436561
  0.07523988099248026  0.08507753975818880  0.09491366820162528  0.10452652038678227
  0.11511311319087965  0.12771534172191168  0.14137461200776710  0.15245980901385744
  0.16202017006660929  0.17100887847205481  0.17982962008771300  0.19001400920391973
  0.19990634432818857  0.20929677907213218  0.21917641260919624  0.23013959256536748
  0.24311013730309022  0.25743565104960586  0.27133558862800450  0.28370077441679231
  0.29528515009609957  0.30791347791892187  0.31546936520742619  0.32126384438671063
  0.32750879130511940  0.33463004221113385  0.34297931263717762  0.35046485278423473
  0.35718761548116812  0.36457914876214820  0.37175923131753075  0.38197898963795590
  0.39566794064289124  0.41016211740301206  0.42448632775974504  0.43870820144812867
  0.45322052899133430  0.46718775068043966  0.47903491128463865  0.48929476713485320
  0.49900815388112824  0.50718550441924570  0.51306901611654032  0.51875724958014768
  0.52419276802917181  0.52960713064428622  0.53492680647996438  0.54124145987744721
  0.54994577864354621  0.56030367640715240  0.57054751936461667  0.58208573526161556
  0.59349429053176794  0.60495478952463810  0.61652799237966049  0.62741099050589522
  0.63784169717844785  0.64806046295323350  0.65904921049745080  0.67108377348326775
  0.68293918473394843  0.69562346819954446  0.70898922000377063  0.72186332031492029
  0.73505313014017470  0.74864596263126615  0.76350391418199071  0.77977226386979648
  0.79481750096643400  0.80581893091829138  0.81506118368955638  0.82392870930964646
  0.83392649955889009  0.84558659288063265  0.85725692393161224  0.86735494872548036
  0.87568343416597971  0.88346667055123085  0.89222361553000751  0.90289345810358768
  0.91392694143126474  0.92392057596558386  0.93385962349515328  0.94433770594824551
  0.95720224125094600  0.97089380265503589  0.98506156173489856  1.00000000000000000
 -0.00240781095523116  0.00905401398083737  0.01850994728811969  0.02783310761537053
  0.03719851278722097  0.04756557511259464  0.05867039726373253  0.06929328623420089
  0.07953817687985382  0.08976235332968914  0.10053204888192467  0.11144190181678364
  0.12265897146614950  0.13389386745753906  0.14552909230232808  0.15424441386765647
  0.16369670329102740  0.17454599960105510  0.18675160512862213  0.19657215382149021
  0.20631538071458630  0.21860228101051757  0.23385721655672076  0.24495181803239013
  0.25459273876512112  0.26389115768113608  0.27325473917336646  0.28564417056817998
  0.29882667617675118  0.31367028194614016  0.32595584135902866  0.33412267870601614
  0.34111051192843067  0.34779818823722414  0.35428078918721528  0.36134146631808778
  0.36858413251441946  0.38076340228522426  0.39669145341447570  0.41201903607905244
  0.42553058987823733  0.43863706860192830  0.45131155692280250  0.46660668220098289
  0.48112673716933801  0.49094032204979821  0.49961322856448059  0.50863520997852241
  0.51737903626524118  0.52794162978314518  0.53939625064545083  0.55486327073228014
  0.56687574057687096  0.57398516489841256  0.58031937633144803  0.58696209445230008
  0.59493588888290383  0.60349352699506797  0.61083526793388343  0.61687892940142930
  0.62341209970415745  0.63676014966037897  0.65275617844076195  0.66858508231971170
  0.68329204214343608  0.69668071205197801  0.70927440421339571  0.72134053380577223
  0.73212912482481807  0.74160811663129411  0.75062273935861135  0.75920782547596866
  0.76751878439402543  0.77753192287613926  0.78592085281050461  0.79390653160739144
  0.80302669396673787  0.81440471735539388  0.82723861682697719  0.83949476307742665
  0.85015145067944820  0.85894225132605095  0.86678189295371888  0.87474640879007826
  0.88342011465480830  0.89352108540707598  0.90540442747763517  0.91596765506955646
  0.92579888710471114  0.93599177178229942  0.94598221771342494  0.95653602179916863
  0.96684609809284139  0.97698632620739179  0.98796252543528906  1.00000000000000000
 -0.00485170031605455  0.01725746666658344  0.03314661597897862  0.04697921735815380
  0.05961083638987624  0.07062631284141682  0.08059072721812746  0.08976023079521617
  0.09844286768375032  0.10687402151165067  0.11580981147373644  0.12671443891420150
  0.14013638530522676  0.15448991085888397  0.16882362496125036  0.18231881784993934
  0.19129291164506534  0.20105002932335569  0.21052462727772464  0.22067560911421572
  0.23151893028849227  0.24290231346303146  0.25565998127029044  0.27017362358707686
  0.28197079087631505  0.29345383655402607  0.30578223984352526  0.31905997005479064
  0.33123083845639034  0.34197314045322924  0.35262197005709850  0.36358721358606133
  0.37489635292678569  0.38623438682013261  0.39598901498920114  0.40364818291526827
  0.41190723496673409  0.42026584518185761  0.42649292361475993  0.43205473918835019
  0.43831647231975657  0.44626666304353874  0.45411598104123363  0.46431932000660731
  0.47480062913554982  0.48048036057025922  0.48603685561388504  0.49223655347976009
  0.49804501902105053  0.50317345339415853  0.50963834312156575  0.51880483747951611
  0.52923280038835874  0.54402162955107003  0.55722435382312996  0.57117834492006414
  0.58411808609343940  0.59558162752542954  0.60623571466700610  0.61644956240322257
  0.62653161355752895  0.63503946958388069  0.64309823868764793  0.65158462339936851
  0.66142526856112904  0.67062189374949943  0.67912393928520109  0.68708014620823432
  0.69513498986687450  0.70377418947444392  0.71327450710179197  0.72182043757652570
  0.72945821075477024  0.73750989505083575  0.74573205887710659  0.75708925900893698
  0.77031987312909023  0.78434155392161042  0.79983694226769131  0.81501013489733709
  0.82862051681483884  0.84146985484747361  0.85458749995450534  0.86746132243841534
  0.88004431552705664  0.89229908055676987  0.90407463739706362  0.91572947078874511
  0.92537711933200972  0.93204402783382945  0.93904488131263419  0.94727502021141907
  0.95727343363563799  0.96957552823447446  0.98381776672656807  1.00000000000000000
  0.01701304862489481  0.34742418184072549  0.40215881732323566  0.42986708456601147
  0.45004221779140707  0.46729690339443808  0.48457215856580754  0.50144152647510110
  0.51628563779969061  0.52828653883506183  0.54009402696306286  0.55497303705452494
  0.56794393742176774  0.57945509536184459  0.59056665218524618  0.60140054363222439
  0.61096012053308779  0.62011397790005784  0.62882531195547520  0.63606934238306367
  0.64190661434933971  0.64751226693311792  0.65334487689887888  0.66009963888158518
  0.66698368380801243  0.67385849124235875  0.68102296019779629  0.68689050696418941
  0.69149138927332865  0.69540905139648268  0.69885498379669719  0.70230691476145757
  0.70565622726105515  0.70927886323004186  0.71358421974184927  0.71778466810919983
  0.72176664212616248  0.72581747491758564  0.72999028484540873  0.73415232806927833
  0.73848293529413345  0.74263269062610249  0.74649226926088430  0.74974627106939384
  0.75337023754270749  0.75737872051617205  0.76121119609719212  0.76525685115388697
  0.76947915380355603  0.77315038504423261  0.77683916467281799  0.78101609083555235
  0.78530137833232583  0.78994701275069124  0.79502880774624707  0.79973744925449031
  0.80319836096588082  0.80580033858847178  0.80844508899390843  0.81110763681027775
  0.81415209710793190  0.81762644131637241  0.82128688390935112  0.82574735334897964
  0.83095828052291876  0.83592795710140355  0.84080327885925454  0.84599924002475557
  0.85137282841731787  0.85541316962049097  0.85871154076431877  0.86155857034792083
  0.86450338635901014  0.86772406375488442  0.87121937466000543  0.87493350225840016
  0.87849901768942040  0.88187601689459627  0.88536185662842570  0.88872424801204730
  0.89216019365485277  0.89601172558092590  0.90040630317697168  0.90563656687640071
  0.91085978801300471  0.91527297525541385  0.92092030342168230  0.92713140003890759
  0.93368647949272643  0.94088722631486843  0.94826764520719542  0.95576261066364321
  0.96311129098661818  0.97071001430931636  0.98033072114328657  1.00000000000000000
 -0.02026044712319009  0.13943941429685691  0.18499310595066046  0.21797014715009191
  0.24511875795648116  0.26795300562705920  0.28635328009279237  0.30239455933434300
  0.31892463402519367  0.33503288068303799  0.34922393167971633  0.36371478899775578
  0.37615388993952004  0.38615238410569119  0.39489557204110065  0.40292536151199376
  0.41081536051824080  0.41986258693581868  0.42918283977734289  0.43820911387653005
  0.44697778104644376  0.45556393293853098  0.46369767912973697  0.47095094815926036
  0.47669915476480734  0.48214025823387779  0.48768377411530017  0.49349994036058636
  0.49929406567382495  0.50475309726317741  0.50970639236967608  0.51473370515977657
  0.51975825111250207  0.52388360044591953  0.52738115346881420  0.53105153795829874
  0.53431596014414440  0.53882774626463026  0.54290747831187103  0.54721104655681474
  0.55179416570638395  0.55639960032960689  0.56049248435153975  0.56446159730568257
  0.56854967564925585  0.57291795196309991  0.57713290128773376  0.58107065616550957
  0.58528988363592194  0.59027231231927035  0.59487022012339830  0.59907824072550819
  0.60344999908240027  0.60827919976196676  0.61319758623255660  0.61821386241855891
  0.62376599886155981  0.62925305770204243  0.63468076151390262  0.64016356025528676
  0.64608713756355163  0.65280935554720010  0.65940755407306073  0.66536171167377689
  0.67087040096366835  0.67636272517096374  0.68187269045656651  0.68716252472103911
  0.69251114869563624  0.69859601500746882  0.70502404205837110  0.71153794604941012
  0.71759372767845020  0.72283190120884844  0.72775326628305470  0.73283239254749677
  0.73768093476643348  0.74351842329809847  0.75016434087718964  0.75669033122206741
  0.76182422870251809  0.76594684853020478  0.77089009002740450  0.77628819349647016
  0.78181361746885392  0.78742374195262277  0.79639152162229010  0.80781011360768873
  0.81849147093022578  0.82896303762583112  0.83981703953636300  0.85174334898979964
  0.86719232047254724  0.88813707391462415  0.92377699523492729  1.00000000000000000
   7.0479121910911704E-012  -1.0000000000000000     
 T F F T F F F F F F F F T F F T F F F F F F F F F F F F F F F F F F F F F F F F F F F F F F F F T F F T F F F F F F F F T F F T F F F F F F F F F F F F F F F F F F F F F F F F F F F F F F F F F F F F F F F F F F F F F F F F F F F F F F F F F F F F F F F F F F F F F F F F F F F F F F F F F F F F F F F F F F F F F F F F F F F F F F F F F F F F F F F F F F F F F F F F F F F F F F F F T F F T F F F F F F F F T F F T F F F F F F F F F F F F F F F F F F F F F F F F F F F F F F F F T F F T F F F F F F F F T F F T T F F T F F F F F F F F T F F T F F F F F F F F F F F F F F F F F F F F F F F F F F F F F F F F T F F T F F F F F F F F T F F T F F F F F F F F F F F F F F F F F F F F F F F F F F F F F F F F F F F F F F F F F F F F F F F F F F F F F F F F F F F F F F F F F F F F F F F F F F F F F F F F F F F F F F F F F F F F F F F F F F F F F F F F F F F F F F F F F F F F F F F F F F F F F F F F T F F T F F F F F F F F T F F T F F F F F F F F F F F F F F F F F F F F F F F F F F F F F F F F T F F T F F F F F F F F T F F T
  <DiscreteSampler_grid>
  grouped_processes
  1 # 1 for a reference and 2 for a running grid.
  10 # Attribute 'min_bin_probing_points' of the grid.
  1 # Attribute 'grid_mode' of the grid. 1=='default',2=='initialization'
  0.0000000000000000 # Attribute 'small_contrib_threshold' of the grid.
  0.5000000000000000 # Attribute 'damping_power' of the grid.
 # binID   n_entries weight   weight_sqr   abs_weight
    43   10   2.351380380909177E-008   5.194959335728087E-015   2.351380380909177E-008
    44   10   2.351380380909171E-008   5.194959335728054E-015   2.351380380909171E-008
    46   10   2.351380380909177E-008   5.194959335728087E-015   2.351380380909177E-008
    47   10   2.351380380909171E-008   5.194959335728054E-015   2.351380380909171E-008
    49   10   2.796847482973951E-008   7.354908440525346E-015   2.796847482973951E-008
    50   10   2.796847482973959E-008   7.354908440525391E-015   2.796847482973959E-008
    52   10   3.100260722811061E-008   9.047519888736620E-015   3.100260722811061E-008
    53   10   3.100260722811088E-008   9.047519888736758E-015   3.100260722811088E-008
    55   10   3.687581714472792E-008   1.280930345366817E-014   3.687581714472792E-008
    56   10   3.687581714472841E-008   1.280930345366850E-014   3.687581714472841E-008
    58   10   3.687581714472792E-008   1.280930345366817E-014   3.687581714472792E-008
    59   10   3.687581714472841E-008   1.280930345366850E-014   3.687581714472841E-008
    61   10   2.796847482973948E-008   7.354908440525329E-015   2.796847482973948E-008
    62   10   2.796847482973944E-008   7.354908440525307E-015   2.796847482973944E-008
    64   10   2.796847482973948E-008   7.354908440525329E-015   2.796847482973948E-008
    65   10   2.796847482973944E-008   7.354908440525307E-015   2.796847482973944E-008
    67   10   3.175006285711119E-008   9.489993427337772E-015   3.175006285711119E-008
    68   10   3.175006285711127E-008   9.489993427337825E-015   3.175006285711127E-008
    70   10   3.687581714472786E-008   1.280930345366812E-014   3.687581714472786E-008
    71   10   3.687581714472820E-008   1.280930345366835E-014   3.687581714472820E-008
    73   10   4.186134357160263E-008   1.652780426922388E-014   4.186134357160263E-008
    74   10   4.186134357160318E-008   1.652780426922432E-014   4.186134357160318E-008
    76   10   4.186134357160263E-008   1.652780426922388E-014   4.186134357160263E-008
    77   10   4.186134357160318E-008   1.652780426922432E-014   4.186134357160318E-008
  </DiscreteSampler_grid>
