   0.0000000000000000        0.0000000000000000        0.0000000000000000        0.0000000000000000        0.0000000000000000        0.0000000000000000        0.0000000000000000        0.0000000000000000        0.0000000000000000        0.0000000000000000        0.0000000000000000        0.0000000000000000        0.0000000000000000     
  0.25730220321214659       0.18634938453506164        1.4095176907628959E-002   1.5503621426245826E-002   1.5132255006741429E-002   1.5441181959982755E-002   1.2007351517369836E-002   1.6507940695237634E-002  0.21136058507203320       0.17219949026092629        6.2453016661618774E-002   7.4479771555447175E-002   1.4769040040132582E-002
  0.55984968928186585       0.55984968928186585       0.67034365519095851       0.62485532064207627       0.66409747450465184       0.65590128121773550       0.67457485310346244       0.65481726966071818       0.55984968928186585       0.55984968928186585       0.59051046018330267       0.66586351788774223       0.62276111488288499     
  0.31474544436934665       0.31699290616437953        2.8082381263380418E-002   3.1191641286976664E-002   2.9958795131361047E-002   3.0833330373411905E-002   2.3985045474840573E-002   3.2835278749399219E-002  0.35768065031936741       0.27643505895044951       0.11686932827307671       0.13651061397803479        2.9900781228735566E-002
   1.0065956594149164        1.9709726416665541       0.62566570724939952       0.66413876274854089       0.65548758456023581       0.61453680375087782       0.65946281808378460       0.63934793090113962       0.96116225117366016       0.63790318254954315       0.67360036517729582       0.65519563405658610       0.60820753370890090     
  0.33972740082102698       0.33123498143515118        4.2102828095056430E-002   4.7506323436985645E-002   4.5386434116668400E-002   4.6908966515537706E-002   3.6299185725740486E-002   4.9665131067255897E-002  0.40196677621424554       0.32125668759037107       0.15310430979788547       0.17706824784962372        4.5219357259990475E-002
  0.88741701071245038       0.69340031261625090       0.74409740305577554       0.65943837810667971       0.67065332521440280       0.66399019632591105       0.63543574640764089       0.69072188914402144       0.63910825551454875       0.71332555113985396       0.59324141110426798       0.68997927091149558       0.67069355020381538     
  0.35632909382081451       0.34517810981787422        5.6113149530499493E-002   6.3868686586485077E-002   6.0588940768941231E-002   6.2966396746328673E-002   4.8580984829271381E-002   6.6775709195104116E-002  0.44122960403543948       0.35290302350458286       0.18395727517292834       0.21312991409793483        6.1060248107704010E-002
  0.72332161619071556       0.67588040177168163       0.61222485663354975       0.65531429409125297       0.60461885548544325       0.58581526449434407       0.68792346952262307       0.63102228411227068       0.65137473735016127       0.60489452380441977       0.68207429210761827       0.81250463338072798       0.63273139389998934     
  0.36866009369715674       0.35892485258581741        7.0231056803287367E-002   7.8892955623756755E-002   7.6501167256543490E-002   7.8522375957638502E-002   6.0796651602222210E-002   8.3377180852726204E-002  0.46412320916069111       0.37636015371783332       0.20747192590507677       0.24161041164124525        7.6776605712180382E-002
  0.70832181226368895       0.68785639599735693       0.60612088775232731       0.65360686036328552       0.62404421481668759       0.64774104995118198       0.61951412110473825       0.62923159992043776       0.62950452544976787       0.65460123378080259       0.68218018790048740       0.76022905779289207       0.62847957804785526     
  0.38117374954930106       0.37301602500655628        8.4643713853781388E-002   9.3939010849696275E-002   9.2397096383920435E-002   9.4139866187715679E-002   7.3306481267407991E-002   9.9966089268361813E-002  0.48696358689210772       0.39568902993962435       0.22930164188950172       0.26786160532497716        9.2414188673376266E-002
  0.62027116457225417       0.65200476707481936       0.62170578171911761       0.57815188007953822       0.59995600354566425       0.60465498521556216       0.64869564912578570       0.73226684351485760       0.60963779665748086       0.61063204519392267       0.70071218525267842       0.75900154200089376       0.61435430135338731     
  0.39310717988046207       0.38487522984695532        9.9284910975490817E-002  0.10915059880213024       0.10838885201128989       0.10967795157077209        8.6078481157850564E-002  0.11616289898673672       0.50745191260892919       0.41271456559149239       0.24927508798572284       0.29135361235728469       0.10854721281501761     
  0.64641987693708536       0.64384024009688345       0.62934795967735879       0.61747209251497548       0.60092169312165755       0.70368529395570056       0.64108560036160067       0.59154405234621754       0.63130137455445723       0.55984968928186585       0.64158516338243665       0.62728400465348411       0.61686080284581013     
  0.40503916072275103       0.39690295647510987       0.11410981019666358       0.12426545641421123       0.12423701520125506       0.12511835165084431        9.9019511033883303E-002  0.13240709989530067       0.52678672814206196       0.42820732030191194       0.26863976685206326       0.31354926868695976       0.12498463719111857     
  0.61207457059263259       0.60060601629182486       0.59142537073539447       0.66951228315784173       0.64576589966578823       0.60926222439558875       0.65980413949452110       0.66353226578529356       0.60500516797277681       0.64170721395941799       0.61275107127541795       0.58254377283620151       0.67992850680472627     
  0.41678993483685567       0.40828996983103544       0.12879899626045754       0.13958924446840512       0.13980015992783584       0.14099285733280909       0.11275162606383085       0.14735687550503138       0.54482615671503920       0.44283370288376267       0.28732192400906631       0.33475577265400863       0.14071577887061795     
  0.60255664887980476       0.64608263959773449       0.62771294975638847       0.63781559788874786       0.69444736353393388       0.70776467655703801       0.63159772960317506       0.61284245971622242       0.63012764167190682       0.58063369885250915       0.65166230921176893       0.63277770378682785       0.60698317665020507     
  0.42871796945525986       0.41956915307820930       0.14346991005660736       0.15493996054929235       0.15551316270640678       0.15678847521509631       0.12674695758872689       0.16205053720888335       0.56137259273387585       0.45553502176162780       0.30617222721115034       0.35440588058506711       0.15632890815853515     
  0.61377840552819884       0.61872586309189059       0.60059666488055485       0.63231247737428775       0.61462841172741511       0.64670237353056459       0.60837653625972710       0.58395244611923425       0.59729393430583266       0.61136327723200268       0.76693208580656425       0.65384949419860239       0.68220534163522739     
  0.44065343675781510       0.43083902931219220       0.15854289987022735       0.16910734004964370       0.17110759104011908       0.17274859602451564       0.14138292322386842       0.17646296872489523       0.57667465415133601       0.46765707303602683       0.32476758528452454       0.37303483332279114       0.17095136909306019     
  0.69252612228777999       0.60424197243504640       0.60517786075480429       0.57914955645643540       0.60844313420326346       0.59760125942550979       0.58731125029216402       0.66945768758190383       0.56752519836175086       0.61775056334844569       0.65038025775999209       0.58096456083217984       0.60406236724780160     
  0.45253220922223342       0.44214819125733534       0.17377901018271208       0.18352209753205706       0.18681440190013662       0.18882949741311875       0.15614167301939980       0.19133411417190851       0.59135192248134927       0.47969246338958493       0.34320400453164007       0.39149902913484624       0.18547310802843561     
  0.63256411537196189       0.67348361822829828       0.57037664157094636       0.74346086336279182       0.65834058659131711       0.64247619811518886       0.65569063894012591       0.62588027443085670       0.63148216788130240       0.71487438518701307       0.64267085239929056       0.60186628071179027       0.59121074187697342     
  0.46440435975185801       0.45289903717373303       0.19038577677634802       0.19855854329092965       0.20253742760523577       0.20468683490068162       0.17169765308894186       0.20665745850952627       0.60572414621062665       0.49146156110652989       0.36143017762751334       0.40987695187446449       0.20082755724311019     
  0.59991560237331620       0.57675230224909813       0.63784801318258588       0.61998287860815049       0.63295220685961129       0.69285570933419749       0.71373219379776764       0.65096646849196571       0.59087691047869673       0.63928592888135749       0.59723069223455072       0.64476777634793414       0.62285277745730971     
  0.47622009369607288       0.46370908371415082       0.20699608361760602       0.21353770098251851       0.21826894193933585       0.22069083518237545       0.18760190134581495       0.22204826347335413       0.61911490795738666       0.50201257480429895       0.37915781673070847       0.42678788723507771       0.21614341334333537     
  0.59519263733893879       0.57258536470496912       0.61870985653039079       0.68339212594196819       0.66487929570108717       0.59376464106539828       0.65358589794698374       0.60151571298193185       0.64188187121683604       0.65021541775024583       0.58232903129610947       0.64238620942611224       0.62608830349632572     
  0.48810491857318572       0.47444372899764575       0.22412369396834750       0.22847272024833501       0.23398352380789836       0.23619456715166420       0.20356935563009995       0.23773250512500935       0.63188713729511792       0.51228769248003092       0.39628695007998949       0.44249245548423999       0.23148006059365620     
  0.59830842444359911       0.57811653416120035       0.62506927139898583       0.59014116595929667       0.74429099636554619       0.64831076373975605       0.64653282119623723       0.66093181731205941       0.62462389468470259       0.56697278706112542       0.61934394895328826       0.62199895377992620       0.67546392051046833     
  0.49992614800214996       0.48552615046945713       0.24105800544307296       0.24353293982788643       0.24980172934684694       0.25164320678402841       0.21963847092575256       0.25330164877936012       0.64420844401383714       0.52208553321478479       0.41254912108565428       0.45725655149328331       0.24684927487836550     
  0.62571802244782937       0.64129602181866763       0.61857216884712884       0.73656594738618231       0.64373748920263740       0.66633478506738497       0.69238179440904979       0.64809135136804930       0.59806056966548249       0.68535739943624241       0.62137422717574331       0.68053395175416775       0.67284722949381570     
  0.51167511870426352       0.49655576470452956       0.25920788209370588       0.25983638849464730       0.26669504481314449       0.26641834759955524       0.23590381776476665       0.26967121986875209       0.65627767733002917       0.53179479502760307       0.42804291001546735       0.47188784881615370       0.26154697320940162     
  0.61280236688567102       0.62308670225780638       0.68516323859627637       0.64690840421739493       0.70059570429788098       0.67437860502708546       0.65705512434649427       0.68702939194473001       0.57661642099657706       0.69462277448854881       0.57059231208034999       0.62791314872517945       0.63396470119341308     
  0.52329296188705721       0.50746368418098697       0.27729519504409650       0.27588008988949930       0.28345567675061062       0.28128134499175256       0.25171629493022912       0.28613005987659668       0.66716864731393744       0.54069502664344415       0.44364426073076452       0.48647917227665693       0.27640321124302447     
  0.61073117424469869       0.66673664459640991       0.59160247760681484       0.61784100241027862       0.66087227059320952       0.60098237648351693       0.60417259641573828       0.65259350038674524       0.60234072891806534       0.57107607334814969       0.61657021631587394       0.66878261757160118       0.67196379755525915     
  0.53470940707953163       0.51855591112465016       0.29544483857969600       0.29145687573186646       0.29954378849430668       0.29668641714531863       0.26709969995962685       0.30183024658734653       0.67757885904118431       0.54943652844560054       0.45904320604755922       0.50086983594795376       0.29164731417191297     
  0.62993481639622917       0.59697372738255750       0.61397329123118383       0.67336269655843128       0.60253995324786092       0.66507008257582256       0.57428563358537810       0.63389808781419432       0.63873921048918580       0.62806537252391359       0.58170978550083607       0.60008962839850966       0.69578166772407679     
  0.54608849576959839       0.52951367413597916       0.31389006320839408       0.30725221293246241       0.31544671176690348       0.31207560030963000       0.28235715622171387       0.31738212788787307       0.68765632171376856       0.55734405087989425       0.47506298749553100       0.51469045728102569       0.30698143825884039     
  0.65444172039519055       0.66510239427497198       0.65586532969732347       0.72082463225996729       0.64611461410425752       0.59498907608979290       0.59723234360356237       0.62683983432682189       0.60338588834955831       0.59576457453173970       0.69501742594234961       0.59778545631701618       0.61011027866577461     
  0.55733618427121101       0.54059040682621029       0.33287393320542519       0.32282143445616124       0.33138583193330873       0.32756943432898539       0.29873047432553018       0.33241505669360027       0.69761695578140148       0.56504426253849194       0.49110035431028765       0.52822582466000401       0.32318603880475810     
  0.59520499948706718       0.61101878347007410       0.64255512432470963       0.61870049505385782       0.62456107498413160       0.60733162273393348       0.62413488877034728       0.56486472595208082       0.60913497193249422       0.60517072477346912       0.65865639897139860       0.58985836899207877       0.63351657959154029     
  0.56858654378738549       0.55169121053422598       0.35188166804367760       0.33845589869907866       0.34745622101029033       0.34293264620180275       0.31573669572988694       0.34753520485876299       0.70734782513224737       0.57276451211396806       0.50676027490397557       0.54126613835382953       0.33905527887723858     
  0.65539245464837137       0.67167215635746746       0.72749826471477508       0.61279400242067683       0.68725473629448641       0.64017035482428186       0.56112103973760485       0.64114903977979742       0.63203738998012038       0.67968714529566343       0.67956726997201800       0.58032642014943581       0.57796227382659715     
  0.57984352075053414       0.56263867910007648       0.37122458794688651       0.35378916037455610       0.36423565536414165       0.35842257144633516       0.33319652132354571       0.36292115895868804       0.71691610770427261       0.58049491858433100       0.52234966713777686       0.55412691848108087       0.35492258038221053     
  0.64672755988876829       0.62335010083547593       0.67212245231198298       0.61907948878957086       0.57687266098895207       0.71898046073248034       0.64546738695669359       0.62913072901484945       0.63582319343713778       0.67842578777134555       0.58607117788473995       0.61456594479429449       0.56731848601775026     
  0.59096135564882801       0.57346864040037038       0.39066094458786299       0.36933054231991586       0.38091913237565400       0.37394236257223729       0.35079991497394020       0.37831279877865148       0.72617466959796995       0.58793332399287535       0.53745047808195801       0.56659689500878752       0.37079317800234379     
  0.57789125189055557       0.56234657910002783       0.57795100560732759       0.62652383597140027       0.66500556867970073       0.64679023905412403       0.60788777769163782       0.64257031836556566       0.61950501238077860       0.64516798209166204       0.60252350942561972       0.65014604745206461       0.67465577079995964     
  0.60199000347074949       0.58419171558227734       0.41031821680482461       0.38507333964814744       0.39572848224157459       0.38965201820802592       0.36899444783173929       0.39370773165049694       0.73551373370449002       0.59517992032981437       0.55235301534474257       0.57881480635984495       0.38637771317075853     
  0.61101324339391705       0.63101815706334863       0.59802412790139314       0.59623154030665204       0.60709682396571196       0.63214604493784976       0.63171190257262400       0.62744418245065181       0.63234844169723459       0.59381765309666323       0.59025717081361284       0.63534987504968221       0.61131021906339456     
  0.61300934015114350       0.59488884048143464       0.43016536124914045       0.40072517937011726       0.41089774092411724       0.40524416680523917       0.38721459214406845       0.40920846228914209       0.74391076998790273       0.60214758384840106       0.56658470218032730       0.59056019299493767       0.40188453618386333     
  0.56477309436806966       0.58600949443412043       0.63346803748311109       0.62416814995892145       0.66943305705134981       0.68210008121283128       0.62744679011542193       0.63361348390674899       0.59022914576322605       0.62209765377536064       0.58571312018483757       0.60108565444807738       0.61110489341488006     
  0.62398712785919186       0.60570301503077839       0.44998536158421371       0.41645700452723045       0.42491444489530705       0.42051818603788071       0.40626683378333595       0.42489930138273602       0.75211619983933264       0.60907399304331999       0.58072327660182110       0.60205746276256245       0.41697474718819316     
  0.58263215652085809       0.59230671479410923       0.65326654720163568       0.63203781443075635       0.60420726988614448       0.63772827134902288       0.63311102088817017       0.64881708024219831       0.60904158110151152       0.62161434026921270       0.61845875290570218       0.64767351090172753       0.62439539442418746     
  0.63501363787280207       0.61645015010500415       0.46964869435867423       0.43229665045668092       0.43920001309479118       0.43591456572038539       0.42546526000028795       0.44078554306974571       0.76036352585988065       0.61595610870989581       0.59449704632531841       0.61359351943006013       0.43207605168483887     
  0.63234206789496616       0.60176478089715690       0.64461233055919476       0.62442305673197318       0.60302114111817751       0.60416976246952725       0.71754976542103410       0.60448360714918259       0.64554799024299681       0.60257214529706127       0.62904627210629172       0.70544633114072286       0.58250501484782613     
  0.64605111094364964       0.62725198540152083       0.48882413850288392       0.44900604093015106       0.45418342660253597       0.45132480677881726       0.44487485300264051       0.45622896908692306       0.76858570737374188       0.62300570061064942       0.60839541824173804       0.62520280170643416       0.44794254650405912     
  0.61123413578658270       0.60367303339248302       0.60250586015546281       0.66056465713458723       0.60768060936098456       0.69526346784993787       0.63222358741996809       0.64249867125821591       0.61195378794238831       0.64329046193677297       0.57311148136158874       0.62834424537517430       0.60801725973792919     
  0.65703238778928830       0.63799792909888164       0.50791831882105654       0.46533635865826062       0.46912331234023913       0.46656471532256677       0.46408279332894348       0.47157787201947460       0.77629618073402029       0.63009471599254829       0.62219874261365160       0.63653379437097402       0.46398921471343774     
  0.62482001343396598       0.61149685239534868       0.61788129601746822       0.64443928257215022       0.60327996540784989       0.70623903220854933       0.62817986769841649       0.64000117596621187       0.60436449501515888       0.62134023429657437       0.66274164065266006       0.60666324740993927       0.75168825843471754     
  0.66793070550358824       0.64910636989454840       0.52647323901581922       0.48118375473737968       0.48464110884168160       0.48166757979495145       0.48329607667494356       0.48602313218132492       0.78391376279514946       0.63711425323178050       0.63576384303940381       0.64760371434678510       0.48036746169563188     
  0.63025291745143031       0.56562616328926030       0.64585202175209622       0.65581852409349695       0.59607242616366352       0.59814181946163747       0.59002951865339126       0.62270447029822795       0.61968003679633288       0.65592809644140893       0.62195995935065529       0.71370409234868859       0.64383316330682960     
  0.67899697866538256       0.66027877888208264       0.54452040175220906       0.49718299891454271       0.50038338281715500       0.49699057934515162       0.50227158494263457       0.50008325072405579       0.79109384559518126       0.64410511504936163       0.64909403804295784       0.65816318757099168       0.49674115332653213     
  0.62996994428803010       0.60956185206000335       0.62054757998605781       0.67598464079175280       0.60384524768704340       0.61745358105010850       0.63529131494665103       0.60407656643183005       0.61303469558324286       0.61207329875316163       0.66276123742902748       0.63882481611506459       0.64857299918481703     
  0.69029948919173612       0.67143869086323738       0.56207109406592060       0.51354220242280546       0.51682596631563116       0.51273079196480553       0.52186345804774426       0.51542666913851676       0.79827835471044706       0.65112237400950268       0.66222414528472995       0.66838331386567429       0.51197150335873720     
  0.58693806492597667       0.60870777312076152       0.59964578780812205       0.64715628460568975       0.67729850577467210       0.68517295017504831       0.72754201724144352       0.64802562241274719       0.60936322410709831       0.70046569986748730       0.58898262118293043       0.70856168595524449       0.63605593361465307     
  0.70153768615587997       0.68251096329735172       0.57938153919134505       0.52999024162637298       0.53324388283309543       0.52795961402680103       0.54104042564415089       0.53096743725489381       0.80536762793502081       0.65809389431301069       0.67514472898229427       0.67852899290209168       0.52708998434820609     
  0.62659768644331437       0.64038427314801094       0.57641563291481834       0.65563767783054594       0.69893274361180324       0.60589453566408924       0.65749842999074204       0.63385455130381851       0.60695897029800217       0.58868846617911497       0.57916364878001259       0.66590292340647717       0.64937671478960313     
  0.71292990336952544       0.69373544383229790       0.59638348351042492       0.54595953478937420       0.54897566534610209       0.54231874952832382       0.56034321935909004       0.54697810018206827       0.81237349202177600       0.66496430888986358       0.68801638148589972       0.68847442145022486       0.54248431896908533     
  0.61346484266438472       0.61527964214773589       0.58843717408393714       0.61845182588315062       0.60089325092176149       0.65092280312882411       0.57521782727791582       0.60905893769035757       0.63980956520670595       0.63381230991560589       0.63120573706015992       0.62516899144274274       0.66558167613026764     
  0.72429247488341908       0.70506334596902853       0.61316723245522076       0.56218230072018394       0.56485658217145540       0.55691223608664875       0.57964917930042803       0.56309703261170707       0.81914862678133293       0.67177004253574457       0.70047185174745097       0.69849307073193578       0.55795274077195389     
  0.59407727720147108       0.61267946949809271       0.66964182987711607       0.64264780936986110       0.67356818235727001       0.70566841500978239       0.63240196338393706       0.66881723170650098       0.58051451363669171       0.62317315851087196       0.63531099153581150       0.63658180451381619       0.61782008807242150     
  0.73536408643921214       0.71579111663978612       0.63000442488097597       0.57884111690062989       0.58148953161562644       0.57213973790947736       0.59858153664684766       0.57852103398062116       0.82597973800940727       0.67845460831067084       0.71248726687952313       0.70880808710800469       0.57436868835536681     
  0.63872767712279266       0.59902643531863031       0.69044861357127219       0.63825452006465822       0.67839492556087377       0.62486163849178533       0.62284209869903073       0.65519992219271861       0.62110408598626665       0.64153282723936300       0.70979991967302258       0.74528142945839315       0.67262689434713796     
  0.74650234128715998       0.72645944507250715       0.64730577527140776       0.59534094449177621       0.59812043831912953       0.58804990982851046       0.61745194674061932       0.59379957267947803       0.83272672324603780       0.68502606155523316       0.72405521403484996       0.71956432536431347       0.59084832499159490     
  0.64524558387223951       0.64415123654451611       0.68141527149887526       0.65388356973588235       0.61038872750899975       0.57890671644398395       0.67025605452329617       0.62617959199800632       0.68330677030565790       0.70328207270728438       0.75179815160064911       0.56931194584279254       0.69590784610012835     
  0.75756328457275857       0.73695412697466089       0.66447448208016768       0.61167873315892873       0.61420392246339284       0.60387406024571388       0.63551215494491509       0.60929307767958785       0.83935580429027823       0.69154559419025374       0.73541218989892554       0.73096557748850799       0.60743304311598967     
  0.60892309371467412       0.59202102167937021       0.61675363538680317       0.59709442577786542       0.64888266499825997       0.60094227014131651       0.66944412825542421       0.60755681990257482       0.61642708404036595       0.59686424022434292       0.70863907734854903       0.59097531984030927       0.65622456685614061     
  0.76866216040916813       0.74740236121735937       0.68112337131339451       0.62803657477682484       0.63041327377833789       0.61960524473230771       0.65366915279519844       0.62499286951683475       0.84599407081237565       0.69804394601470732       0.74676646841915495       0.74243298603414454       0.62426552257962231     
  0.64518482145542533       0.60777928367137779       0.66262983419240595       0.70284610840305140       0.59426987206610415       0.68970611407261428       0.59156478306746951       0.65722632059225061       0.60138523106752972       0.63399837799869119       0.64831180168793867       0.62315607547862040       0.62829969130334873     
  0.77931913740017322       0.75842125883364242       0.69722527941653989       0.64364087393912595       0.64647396090736098       0.63496177799335218       0.67142584134426997       0.64158123376102894       0.85255600932248121       0.70453816855294704       0.75811598708814298       0.75397504564448270       0.64045850761333978     
  0.59509525782992423       0.63238781266966770       0.62952746923449121       0.59765813162562476       0.68185107923849364       0.64427248814396643       0.61013395138613080       0.62050709648302005       0.71173707662029673       0.63334449118928504       0.65038617304467372       0.68312726571742444       0.63387137812994909     
  0.79002016848448298       0.76931940357868844       0.71288089901382634       0.65909144897559524       0.66233212133959063       0.65038393381549453       0.68912175216693639       0.65802884455030297       0.85882611039431567       0.71100913666272081       0.76932017862612923       0.76531376000248807       0.65661754613527834     
  0.63422404451530345       0.63950663454335133       0.64495446941058721       0.69551311811567196       0.69717154660730007       0.62869827317481042       0.56956596457387421       0.64827710522426363       0.59580265430212709       0.70851545530408222       0.64672424860297306       0.58252785315596667       0.63435653487428167     
  0.80040034190112941       0.77995227248252419       0.72807784680953769       0.67417768983922732       0.67791444727335604       0.66583445595952984       0.70587154980807731       0.67417914152238967       0.86497424264241229       0.71736976305959010       0.78034985699585802       0.77653885118456889       0.67276785657182869     
  0.62172122910723548       0.58497627842569411       0.59099955914898628       0.61529777464962088       0.72993342522247673       0.70184309631650443       0.63075588738635957       0.71988811492415816       0.68372556548055929       0.59063921529584196       0.61845536904336951       0.63144730455490816       0.62517749216284157     
  0.81078335231064480       0.79055794912216870       0.74304861513050036       0.68942767563649698       0.69339842781217331       0.68141439655015978       0.72260107945036955       0.69040846835459213       0.87097775395024968       0.72378443181001895       0.79118354541591740       0.78785376494452264       0.68882288512977374     
  0.58873240299123997       0.65535286278970417       0.61524591716026700       0.66620112608661131       0.63676705298160696       0.61808385385141229       0.72914677223799740       0.62560687900412426       0.69343367191334848       0.65912653981140523       0.69773878610235218       0.61936650380660696       0.63316713443443084     
  0.82098028382601351       0.80092395468399935       0.75775687517509660       0.70458037294068054       0.70831967977791133       0.69747866867183983       0.73894473377926206       0.70594372675920625       0.87691830185938924       0.73063097553453071       0.80175179571295307       0.79931714624705918       0.70440137673082204     
  0.60094285310562501       0.60768855809296995       0.62059483276421601       0.60709579716504058       0.59598195828011824       0.61940791468515810       0.62094125348804430       0.65475441594904515       0.59843671411375521       0.60546683707878068       0.59164770332475392       0.57329924108772978       0.65613095938014043     
  0.83124636433895527       0.81137954882670060       0.77218863929713721       0.72041039162355824       0.72351902385984768       0.71336230920016896       0.75511476651869325       0.72149906995923097       0.88279277027065473       0.73740638217525867       0.81229782573448361       0.81085408541287940       0.71981750773459385     
  0.59498361312341330       0.63355058111536189       0.66164628342235376       0.66222042266007508       0.69669889400511675       0.59762035546504066       0.60501780335579869       0.64485772434440469       0.64112772654903993       0.63072769172290688       0.72352690685790833       0.60507940491031476       0.65892812327893047     
  0.84163867037045448       0.82157691578998349       0.78647759782637117       0.73620499967597564       0.73897378051462770       0.72892535058422026       0.77168739042969114       0.73736192523125421       0.88871163104916107       0.74415076123839985       0.82289350094497726       0.82222413511026005       0.73568944065709296     
  0.60748721063179689       0.59795678488889836       0.61289354053510370       0.64995878773139970       0.59738350744857693       0.56852312025640528       0.66558492012682391       0.61693794911244315       0.64410474115205218       0.63698383162678529       0.67785570229966252       0.58022758544763087       0.63541267893880449     
  0.85209881622469030       0.83178062790372909       0.80058666573745785       0.75174045405022538       0.75429755730344672       0.74454895598571447       0.78831050575599659       0.75306636936824389       0.89454647810427113       0.75082673197090599       0.83359141939972858       0.83352964162151322       0.75164460475821315     
  0.59069909169997503       0.62131920149953901       0.59154296055338218       0.56461474728264538       0.60721137792753588       0.64592004556312033       0.70355142826625339       0.61538206200118561       0.62109862518223369       0.58887427614735954       0.60059488585650445       0.62931328572440326       0.72758880249594038     
  0.86265292019259865       0.84229386834360553       0.81436738807452047       0.76690882312988762       0.76948962303195334       0.75991130123507877       0.80352154204523618       0.76852728425951722       0.90028507917167810       0.75780138667371311       0.84439294796390119       0.84444534042520925       0.76681651774938353     
  0.64180039406397194       0.60308809969920907       0.59538520292049180       0.64787172159014639       0.66630738049089000       0.60306408364657771       0.63548246797337860       0.61822257544605397       0.67639851557842268       0.73989485449282433       0.62925735963704788       0.64207164727513943       0.63354560633566270     
  0.87321600233989505       0.85295124467115369       0.82805445618613360       0.78208034503577439       0.78487501301688689       0.77539789332146425       0.81881453607685495       0.78389020273154597       0.90596764103066607       0.76476376606972174       0.85506945423423941       0.85532684567104222       0.78207115181097209     
  0.62220847530130929       0.61556188878426221       0.62128103155412207       0.61387745463117049       0.59931647385745301       0.64108160811483672       0.66912084586281195       0.59631490727030589       0.72311931811001040       0.63860181583226838       0.63062870579842645       0.59601896423487777       0.62599857950251614     
  0.88362440922068386       0.86409259883667877       0.84169735948366187       0.79761815845144346       0.80067217857143269       0.79147470296658073       0.83325844667621196       0.79941737101002619       0.91153729420814777       0.77195606948027717       0.86544654250654884       0.86627677733865005       0.79743622895448130     
  0.58096424627093302       0.60431923330644388       0.65095739563590982       0.60550871093573466       0.64058044030763384       0.68879614184948890       0.60447113970215427       0.60163708439016383       0.62496502771873430       0.64590197391829407       0.64445495877428882       0.66786545884960724       0.62448232724770025     
  0.89413496972285467       0.87535847048621507       0.85525531232197916       0.81329963741490985       0.81630151240169280       0.80759845959074905       0.84776896803101942       0.81465368410773786       0.91714554005897808       0.77932148624184439       0.87585752640991188       0.87717796167523665       0.81285186677533749     
  0.65370630382244677       0.59563231576445252       0.68247625303404225       0.58281529461451886       0.59340127791916231       0.61087264100144389       0.61013477145840755       0.68278936127101486       0.68157203686039947       0.61580714338484865       0.58514504655659472       0.59394573894459124       0.63928419702916262     
  0.90480913873144986       0.88624952097031429       0.86868431564780058       0.82935816407399399       0.83196003684662845       0.82401724609294691       0.86174850926925406       0.82984962872504675       0.92286521480898798       0.78733350278377290       0.88642124506977471       0.88799693771899035       0.82806892041129299     
  0.62728994329646603       0.68182249492386926       0.83449577913348494       0.63175822734304687       0.69209206450865413       0.66979275143672867       0.62965531332022318       0.64964347782135523       0.67297507634222486       0.71396815937860669       0.65324555764729730       0.68187397016920814       0.62490714782554280     
  0.91538994156566422       0.89701665320563073       0.88202143903068475       0.84533427939090566       0.84740410452564174       0.84031516645541893       0.87572759252958177       0.84496787000954154       0.92871633213584981       0.79558115594984824       0.89699862767192251       0.89866192267498268       0.84298870865367881     
  0.62043931522679729       0.60285804756054351       0.67705904129440642       0.65977710753078966       0.64126544705834232       0.64660901351992572       0.58080111695913916       0.57098930794147484       0.68089073534076738       0.67259010401342256       0.63009077719685957       0.69650773069751171       0.60240183097262900     
  0.92586550677964152       0.90774969919306281       0.89503532556784993       0.86027067415627889       0.86300726923189541       0.85616845501898797       0.88906413009984431       0.86076300396055039       0.93466619249049265       0.80392828093935775       0.90785567962589186       0.90921014017894308       0.85793882423789258     
  0.61153315091402849       0.59519948051318139       0.66660652374071683       0.66243899752998314       0.58908597905932369       0.58566956828151173       0.63981353803361640       0.67698027134118821       0.67660901598464407       0.58734566190510784       0.67201288522456515       0.60036089970002149       0.62002765533221782     
  0.93610031044661168       0.91849868572123150       0.90772545247476522       0.87514427527131877       0.87804150149490534       0.87208265485216541       0.90258264547928491       0.87659194237242211       0.94043879035746347       0.81228552946904808       0.91859313413807009       0.91959531184345455       0.87292626753846814     
  0.62884292898365279       0.63584546106847739       0.63050671909037104       0.65833976633610258       0.64301999295570544       0.59805867581403527       0.64388824037129444       0.62466004965773370       0.66456696396986648       0.62760818806379792       0.60928257083144144       0.65026669829592110       0.62901100559362577     
  0.94604186354142128       0.92942080072160904       0.91976759339407654       0.89036479751956543       0.89302470679796386       0.88807761039399458       0.91567497446340274       0.89191174009303575       0.94597856448195139       0.82179410501458727       0.92880411319753375       0.92979222042598819       0.88878359829727616     
  0.63532700454916258       0.56331864652485319       0.62106588155370612       0.60425137423452324       0.62900570070530815       0.59837067002579436       0.61895861552244957       0.62757466533832784       0.73088023511166078       0.64937873561047477       0.67462628156820703       0.58659717345610551       0.62090052083542302     
  0.95580760124470943       0.94032552741451803       0.93170377119681869       0.90551461690409685       0.90791905922649963       0.90388468369224317       0.92889589405553863       0.90709319814528089       0.95146742607526336       0.83182601833514513       0.93908755955608536       0.94001694607459985       0.90484960692213967     
  0.58062810570612933       0.67228330919122459       0.64420654309029401       0.67124232213902013       0.63777210430345999       0.65534059265710221       0.61752810898204147       0.60617785224533360       0.61651130120907038       0.63294429237861716       0.61705500667495139       0.60208841232342336       0.63486320718863831     
  0.96547654051592557       0.95074683792430159       0.94349566125407669       0.92077642768960710       0.92315658280638679       0.91970271457355046       0.94162287211404072       0.92231293337124787       0.95683903784783186       0.84340656118807977       0.94922656782414316       0.95031337723406961       0.92070853297974120     
  0.61204712910050396       0.59177771592577899       0.69039959073027024       0.57443223342960381       0.63171980078313494       0.65765589007684111       0.68595893024319554       0.64217342231980101       0.62481762927043261       0.70142306703862589       0.58676418549081255       0.69696866325415752       0.65609803325131888     
  0.97453998612028980       0.96119676613553684       0.95525432267880395       0.93619115991132151       0.93820267338408692       0.93522775697961424       0.95439116084965359       0.93760500788114121       0.96239118101347143       0.85584902403664775       0.95933919147242652       0.96054675902424114       0.93652270142299165     
  0.60581771432659903       0.71133720888755991       0.66643948011154808       0.63010286239561797       0.65402365434866616       0.63811218860338759       0.64859931251791270       0.71103845707217983       0.63379954200634225       0.64330498935123759       0.66854082381461333       0.59055207518020547       0.67459074277985931     
  0.98289296582229979       0.97130465980764658       0.96667951961566123       0.95206526725808849       0.95333130539252020       0.95110079671367997       0.96627207907074542       0.95330528767199163       0.96976259493046169       0.87324110987616144       0.96931568314480487       0.97056407860701222       0.95236661614065332     
  0.60131648357754597       0.59470840226693900       0.61172000585038178       0.60283130316779154       0.62240886051348909       0.59660700073319684       0.63939493778707190       0.65019979311548559       0.74362246000853771       0.72153131584653984       0.63586086166502953       0.60074727412444084       0.62325070472289545     
  0.98961821661767690       0.98132517081767168       0.97798836369048914       0.96803027249863860       0.96848492373598993       0.96715555512769213       0.97809087899310598       0.96899699444756560       0.97708031909984672       0.89489951214251684       0.97927885052125763       0.98043191973168764       0.96819614425917200     
  0.62784643228348169       0.59705736311379443       0.70885852376839098       0.69895394455086479       0.60447127683491919       0.62965408735769046       0.68608362374570386       0.65792230226835158       0.78542271704297839       0.75902466628467424       0.64093713524686768       0.70657153614952528       0.65951327574391183     
  0.99494140188743674       0.99080100492551626       0.98906834438640301       0.98402573376080216       0.98428406528748269       0.98367204664775321       0.98913858360458107       0.98448728107525374       0.98789669142585779       0.93738895337255301       0.98961361802434145       0.99021013890767462       0.98411459194373152     
  0.60110491411990619       0.60335269106262823       0.69682910645389562       0.60862949280654177       0.62019633436435706       0.61823048383165713       0.61934735372562977       0.62859049353541485       0.67833429341711204       0.68697860937137356       0.63829204616177404       0.62720153501840425       0.63092617400877504     
   1.0000000000000000        1.0000000000000000        1.0000000000000000        1.0000000000000000        1.0000000000000000        1.0000000000000000        1.0000000000000000        1.0000000000000000        1.0000000000000000        1.0000000000000000        1.0000000000000000        1.0000000000000000        1.0000000000000000     
   1.8785049627059531        1.3163933622560557       0.64105814257857252       0.59505095301899202       0.58362970794535274       0.64991952906077599       0.66469722035823664       0.65197022431645213       0.56562616328926030       0.55984968928186585       0.66082847803922695       0.58388755610680887       0.61140628899412308     
   4.7260834218159964        4.7051189356938572        5.1809890897418267        5.1621292928231801        4.5262981757798073        5.3556978094083005        2.5962279274024498        5.1712870557584019        5.5186013726099743        4.9549476381587985        4.2598030492616115        5.2535418692549678        4.8632836511980893     
   4.9772217542889479        5.2624251544709395        4.5458217919568416        5.2351370738941139        5.1916627025882836        4.9758759303656435        5.5742424137921622        5.1676906851835884        5.4274613716440294        4.5649508237044394        4.8937219760337829        4.6340182035156570        4.8654645225971045     
   5.1415063483705676        5.1900363388509625        5.0692955683814835        5.1323649183333346        5.5060392013350263        4.8486421569709668        5.8443542755301721        4.8462376705012078        5.4780761629691765        4.9078855223157181        5.1038733324211423        4.8464514639973562        4.8886106236729887     
   4.6879721067893989        4.9754307702791420        5.0431697105778648        5.1836001645659477        5.4447578490580089        4.5816501935141583        5.8692071763593736        5.1079630350252163        5.4767811917523979        5.1373677442141155        3.9731208406712857        4.9942258336941183        4.4238054869853176     
   4.6535114843940120        4.4835744164910647        4.6155423189268365        4.7616291315055914        5.4111271425359302        4.2919927593325946        5.8969432472410945        5.1959337269052117        5.5658124221141705        4.6315603467572481        5.3301147814327603        4.8185687902606480        5.2497036928221901     
   5.2058327155119031        5.2392452332115393        5.1534925668059444        4.9052788504134517        5.0429003373875476        5.3314110025488493        5.8947881189838167        5.0346531718358953        5.3747981978456876        5.2048432097717274        5.1052069459309841        4.9661432404912418        5.1105399926979116     
   4.7847146108775922        5.1493483901416983        5.1267490287795603        4.1119345523906503        4.1251647089123455        4.9329711522643382        5.5323242135614352        4.8479278275899018        4.9391750841295519        4.9263814737506015        5.0117331525700148        5.1174863165145439        4.9481130794306107     
   5.1411979870094378        4.8704265795285124        5.0068565987798905        5.0446693181374815        4.5939420380297982        5.2138633465401298        3.5806821497384198        4.0679525451084970        4.0064941100256544        5.0351916158855081        5.1156560274494121        4.8952300644085751        5.2669233410645653     
   4.8773625870883388E-005
           1           1           1           1           1           1           1           1           1           1           1           1           1
   5.2240259692870529E-004   4.8539967151403456E-004   5.9914838932644776E-007   5.0094195728214173        3.2034034906582372E-006   2.9830190039811909E-008
   1.8988221593936731E-006   1.8751367461353871E-006   3.2014473921639182E-007   5.7054271291562937E-002   3.1990815579977660E-007   2.1370031271510176E-009
   5.0000000000000001E-003   4.9086083985432074     
