  0.00000045864882339  0.00000104395304990  0.00000158973337471  0.00000229442087561
  0.00000304695326946  0.00000385113345684  0.00000467551890013  0.00000560404519965
  0.00000662029261133  0.00000774620570609  0.00000888700929676  0.00001002094518702
  0.00001119052999198  0.00001252929279508  0.00001385718909074  0.00001508707351208
  0.00001611367334656  0.00001702764100018  0.00001792032309222  0.00001879496948278
  0.00001967038871920  0.00002050420718901  0.00002132789695962  0.00002218426970315
  0.00002309778458967  0.00002401361615835  0.00002490134630888  0.00002587096229528
  0.00002681401485977  0.00002763765828686  0.00002835417789256  0.00002899742415981
  0.00002964369840805  0.00003031137615819  0.00003100388292861  0.00003167494846529
  0.00003230127731480  0.00003297977434823  0.00003361552018478  0.00003422272682232
  0.00003480486552423  0.00003532548524054  0.00003591522525107  0.00003652811610551
  0.00003719002566815  0.00003793809220975  0.00004729667046134  0.00006295987530050
  0.00006363824392545  0.00006422755443686  0.00006477026672622  0.00006536439926832
  0.00006598296904090  0.00006658814800173  0.00006717415865470  0.00006785642275158
  0.00006861262790708  0.00006944951899093  0.00007047086803190  0.00007156889160708
  0.00007262247491014  0.00007358750359362  0.00007466745012042  0.00007576727088671
  0.00007690472185524  0.00007814196299575  0.00007944956989666  0.00008087180851523
  0.00008260624594493  0.00008452000169256  0.00008643028018554  0.00008848326877626
  0.00009069604355549  0.00009326765274705  0.00009615188739387  0.00009977342973298
  0.00010411557218987  0.00010887460114109  0.00011415652931268  0.00012094585033852
  0.00012935494202325  0.00014106418732154  0.00015894179564791  0.00018159299228613
  0.00020639578616412  0.00023632463018908  0.00027328074218891  0.00032391862282546
  0.00040362027498185  0.00049381903922209  0.00060122708487555  0.00074727219571077
  0.00096295628307901  0.00130769406095912  0.00158143543008869  1.00000000000000000
  0.02132843424667202  0.04149583996195534  0.05514278841685469  0.06594017542470225
  0.07577220382184036  0.08492251664951597  0.09283422216957603  0.10009355519913732
  0.10782433320686365  0.11552502393113613  0.12273069957371498  0.12985043000275631
  0.13712232942504674  0.14709341295667472  0.15869179453554361  0.17098440409477464
  0.18305948496777838  0.19535951429963561  0.20846844613227677  0.22172715211962474
  0.23449014404314014  0.24689605157353897  0.25736001966251426  0.26810748012820490
  0.28082302191498132  0.29306318632787426  0.30416159926027708  0.31380911082447877
  0.32247337285029298  0.33092328536643800  0.34004365966736494  0.35101914425463560
  0.36302855617671431  0.37439566910852023  0.38627067555946404  0.39807810614550881
  0.40941460405425556  0.42108205420309508  0.43359887197551927  0.44655134000749330
  0.45928852610686294  0.46933896995179869  0.47977538719494267  0.49019719579811949
  0.50068154067914938  0.51236176723681270  0.52493141264733245  0.53673163669070523
  0.54712193597503644  0.55742900231909265  0.56893831279902751  0.57911804435638936
  0.58753228176495920  0.59503723807575282  0.60173331699048005  0.60956609932391226
  0.61818151254394360  0.62751451887843868  0.63808216357490999  0.65104939154593688
  0.66510102349656519  0.67482289303546017  0.68320168882971699  0.69074402070619401
  0.69588668422244337  0.70102307335191483  0.70620766169081040  0.71241513399001222
  0.71844558682729653  0.72405616193152822  0.73036523651498886  0.74064082633083894
  0.75250638213808874  0.76412628860888243  0.77562172133987184  0.78690788805806899
  0.79664044987792748  0.80445299357378486  0.81248388250227843  0.82055513435074645
  0.82973607688544759  0.83954786207239995  0.84974890135527981  0.86209925700974066
  0.87619500079759249  0.88832447187977703  0.89778040828159333  0.90676057832484591
  0.91572761891026555  0.92515144903753121  0.93449773568453343  0.94494069110829393
  0.95639394624734309  0.96595713033138086  0.97091421858005844  1.00000000000000000
  0.00841383103833317  0.01941923397962061  0.03496090317616917  0.05146160338076194
  0.06893436335761090  0.08321877652368667  0.09586270240609918  0.10734627903810103
  0.11768655367602457  0.12639315476227553  0.13341094412597143  0.13962770483105713
  0.14579988282991407  0.15479764866965628  0.16692817603434817  0.18012920140199520
  0.19317335031395705  0.20620964663301189  0.21803472318396072  0.22913388669363485
  0.24022814333081377  0.25120497310842171  0.26058232571932288  0.26943688768982349
  0.27977853265619423  0.29060389381666868  0.30297166741984755  0.31595795682182942
  0.32801020114839619  0.33893331980415875  0.34928701460181388  0.36001008796815137
  0.37177214139964948  0.38239927143248914  0.39360301673540971  0.40481758219807312
  0.41669607795490660  0.43136237670703315  0.44593579354464291  0.45827812318564776
  0.46812470916302545  0.47836380136042411  0.48856862357823255  0.49687345408887945
  0.50416701054015856  0.51088951795007931  0.51762375863858368  0.52695485163566613
  0.53778554549797108  0.54827741277752651  0.55838445889382182  0.56874437111676890
  0.57948100046215412  0.58781830674436086  0.59672736103821256  0.60614647591381821
  0.61539900776095502  0.62892900004207153  0.63988010925376848  0.65097411063415145
  0.66170534028912897  0.67294105167976748  0.68640380738433415  0.70201872312678526
  0.71599721061499977  0.72844174736806022  0.74131319143382357  0.75251079962930456
  0.76271604353391820  0.77310303862327212  0.78219347010330020  0.79059742183247472
  0.79813793084514861  0.80641550896611947  0.81786192444444172  0.83015015089795618
  0.83815705500540327  0.84442586914486906  0.85134525363458280  0.85917807629191090
  0.86681691281891904  0.87388299169887318  0.88205240819391939  0.88846786069019490
  0.89555313567996575  0.90468941866158814  0.91532691800940547  0.92583006012796976
  0.93570099030116682  0.94593091083974545  0.95649117820321572  0.96588879947574957
  0.97463584609687171  0.98276885990822871  0.99052529273535517  1.00000000000000000
  0.00352913419845087  0.01163034826079755  0.02181732050885037  0.03226841877721220
  0.04274009362532909  0.05237318691187599  0.06248120370460303  0.07489688963356164
  0.08621377631043652  0.09611094778677105  0.10513534598963564  0.11400778532920926
  0.12353363382388659  0.13269607498945929  0.14143117526654073  0.15069554805450217
  0.16071390958289786  0.17084035706178108  0.18065840932347602  0.19117056971413829
  0.20360517072074066  0.21754096963781866  0.22922635014793666  0.23876241264483367
  0.24776954460110268  0.25645815545774081  0.26270759058546317  0.26854926734475670
  0.27471972388028437  0.28140402337058779  0.29000146096557239  0.29939962456015773
  0.30872340270090187  0.31725437563505265  0.32525244191200869  0.33339493386242330
  0.34276058942796650  0.35378014529967933  0.36446513805268466  0.37492334161198920
  0.38664597179540977  0.40129455522734619  0.41363238615781811  0.42391590673088708
  0.43383371868704823  0.44410044875873977  0.45525444661197229  0.46723242161105677
  0.48040706172606107  0.49400549861232496  0.50627649961546806  0.51752032147080829
  0.52831063167516357  0.53909096518527388  0.55003789684476068  0.56076596407401880
  0.57519413368308037  0.58888245526029226  0.60321960340000746  0.61693506970631595
  0.63024369608924380  0.64383860977232066  0.65793850502597107  0.67103258667469035
  0.68063973246483744  0.68997871521721299  0.70049995018668609  0.71037813180339493
  0.71839729411505471  0.72566364419878482  0.73396468493317901  0.74408866807807783
  0.75285378612857046  0.75986601279360311  0.76745220685063009  0.77483651628015460
  0.78286539948341383  0.79078179371465285  0.79859897598152196  0.80623573250489389
  0.81512467573129088  0.82668896481235021  0.83981761895397877  0.85363758009547386
  0.86713064360778114  0.87964681785244303  0.89171864718037697  0.90383380558869741
  0.91610035720947081  0.92510270554529839  0.93394317242928271  0.94360346473859091
  0.95303955646595095  0.96721855850492267  0.98274149250740372  1.00000000000000000
 -0.00036751669480204  0.00236214790874636  0.00391986661558410  0.00531730914641283
  0.00760208563160136  0.01128493863227173  0.01454701966784404  0.01932281393661253
  0.02460430516307735  0.02880869969574802  0.03455171823479041  0.03936510681907179
  0.04376679122772063  0.04934237666824032  0.05503165161615734  0.05889504939683021
  0.06353235343202372  0.06925605134984332  0.07645127409376846  0.08422351088504583
  0.09212038171295638  0.09905347709619360  0.10530651346022185  0.11299610007184138
  0.12069163305486906  0.12672464004063327  0.13372527262460754  0.14086023885562823
  0.14973730907944027  0.16021626731019922  0.17012046969819947  0.17914439309714791
  0.18769353601358607  0.19646157723831495  0.20638336828342327  0.21803451232259446
  0.23358623740794907  0.24570647976816479  0.25431761389154384  0.26119960854183721
  0.26770280051773715  0.27452859267950064  0.28144876269457719  0.28977965971485503
  0.29841027363798656  0.30748382787626116  0.31797060505476887  0.33029554555968332
  0.34471861552825872  0.36063241714115024  0.37192229948319305  0.38400096509635184
  0.39792176156712333  0.41290333091217396  0.42848422663646119  0.44625377921048065
  0.46184584084406216  0.47518065364329504  0.48768334014956227  0.50111393017819938
  0.51497458666201801  0.53095694328700216  0.54620578763111971  0.56205053640659985
  0.57905342396767945  0.59090489046076045  0.60289752419499620  0.61563077680428502
  0.62943786017892933  0.64453531978026979  0.66104311672996974  0.67728245353837790
  0.69100246901481410  0.70487242896614377  0.71898685367371951  0.73422109679364500
  0.74972524393113549  0.76497423702798528  0.78008703953105440  0.79459098668985262
  0.80927479321107210  0.82406218811769583  0.83699488013000678  0.84961230656546405
  0.86213290215014393  0.87433663609836254  0.88676305421745250  0.90003773144427390
  0.91433426499452031  0.92765104948871291  0.94148138586279362  0.95336134209013301
  0.96466304559029148  0.97619112855940293  0.98777905454139181  1.00000000000000000
 -0.00263123578199825  0.00990180597912785  0.02146016782867359  0.03322147909534440
  0.04577417899082874  0.05887411176231212  0.07229912064763296  0.08564884087815236
  0.09839115849908754  0.11126825334859602  0.12480570460555365  0.13873519113093802
  0.15149582851204313  0.16375670816165408  0.17758173066569471  0.19401903415620000
  0.21063489311003580  0.22347005210724119  0.23350812790306424  0.24186902975227115
  0.25012791690811853  0.25848087114714963  0.26673157530773167  0.27412008150333961
  0.28081788501820815  0.28759989298520278  0.29481750981962784  0.30212203545869415
  0.31008587657892916  0.31801329491298763  0.32544088957650247  0.33077959319330030
  0.33745020334219722  0.34491294028829683  0.35480459700509753  0.36430287575049752
  0.37328992666122235  0.38220166137864631  0.39174253315159724  0.40197279244549755
  0.41353444711611309  0.42440549481530132  0.43456461745950381  0.44429520173247983
  0.45492007719218780  0.46592328039426040  0.47837139149142721  0.49304297370198824
  0.50797260962944846  0.52118368181648000  0.53263944679726360  0.54311608069613637
  0.55310268622546088  0.56340318339496998  0.57430250306379604  0.58597611532545879
  0.59887748558449427  0.61202413458830451  0.62410686544733718  0.63636550981656825
  0.64820462929057765  0.65915379619420567  0.67032490907141595  0.68383962958428424
  0.69396682432530088  0.70267147671980945  0.71191130129022473  0.72190240358601399
  0.72992049458719332  0.73702079491787542  0.74412150413907419  0.75223934146288285
  0.76344148471381046  0.77487762870729227  0.78817370179754020  0.80568497338477818
  0.82040786837512991  0.83223189270100117  0.84228919714861028  0.85222500263671952
  0.86155335270141586  0.87180100712652076  0.88222780469731077  0.89426884478456181
  0.90454777218689342  0.91304435776238491  0.92121311044792675  0.93038011032181056
  0.94031189840923657  0.94891544867063793  0.95681444566720231  0.96600133145234235
  0.97584089534605389  0.98461204609957986  0.99265767864069487  1.00000000000000000
 -0.00253612191160731  0.01065447479336139  0.02208467634425464  0.03409159174122497
  0.04541792264974226  0.05428805434707478  0.06318476131990655  0.07292502254457559
  0.08208656560966281  0.08763116597835358  0.09277799184225977  0.09790691478040714
  0.10494530362329670  0.11641328454945424  0.12765416483325381  0.13964509094138264
  0.15222500608221717  0.16529165414858024  0.18027953774921088  0.19276863316005718
  0.20326461183510078  0.21168912372956972  0.21965080612422300  0.22810294650056692
  0.23740479200960213  0.24691853790849019  0.25632831773744408  0.26513072083182665
  0.27694319403722262  0.28959894788591134  0.30073740442416080  0.31143002122286140
  0.32292750690172051  0.33628452252721336  0.35247235520495823  0.36831389081471427
  0.38050481103033751  0.39122105445791699  0.40222347125888896  0.41461521133646023
  0.42772565281117797  0.44064035762815823  0.45377092466409263  0.46703419934712781
  0.47897380353985736  0.48752227366837148  0.49507915455604151  0.50335777423754646
  0.51464938664635596  0.52498676565037394  0.53214457281437988  0.53976266890874169
  0.54878126726036103  0.55799441249100501  0.56577572872956539  0.57196300807801681
  0.57811398355177102  0.58542450240219068  0.59550021917596629  0.60278339491603805
  0.61088267667861618  0.61976763104149080  0.62894697196525229  0.64061656692153601
  0.65150414635905496  0.66153355481771081  0.66848288134279621  0.67542833454576312
  0.68183720858288732  0.68851612839000798  0.69898437902980315  0.70955542260039506
  0.72258015212436677  0.73586702653840186  0.74981058751894702  0.76570699043779622
  0.78334509098686012  0.79736847946044587  0.81007801045775407  0.82241118959068615
  0.83444427222727935  0.84576822893417691  0.85686015103875135  0.86813713551613580
  0.87935769224288729  0.89047001486091626  0.90043566040863798  0.90986411153570945
  0.91876963799877887  0.92847515367071831  0.93909313579317633  0.94987541599877179
  0.96112010731169450  0.97326983540122913  0.98618009048629784  1.00000000000000000
 -0.00326223184712021  0.01133998594416453  0.02470753116742957  0.03852630326811965
  0.05231932358325262  0.06528313773957320  0.07666471473582462  0.08742637569955355
  0.09908545873752038  0.11152878634136931  0.12353013228530679  0.13486095248712771
  0.14587253610225859  0.15656961582735962  0.16532705555825192  0.17439318570480197
  0.18365709807646804  0.19425677057021148  0.20633713451008179  0.21785826721168750
  0.22854535392785022  0.23889049661395681  0.24803223730602636  0.25446008551546773
  0.26090564988220533  0.26781815771435058  0.27455107584253663  0.28097799287356640
  0.28814885628222153  0.29598597702593288  0.30383683634844882  0.31114938181012441
  0.32113485760355126  0.33488242511125882  0.35251294889558077  0.36868452936932627
  0.37944482468744828  0.38752538939962161  0.39541201221163630  0.40351679031309462
  0.41214622141012752  0.42077552566870957  0.42864251606712556  0.43582668702870631
  0.44501844255849071  0.45823591382199413  0.47197695613890733  0.48526250588915659
  0.49811196717989836  0.51094650073779735  0.52130444491920147  0.53045118128520818
  0.53949409472216137  0.54958599563663624  0.56049734567566145  0.57072330131706928
  0.58065230101059973  0.59075326818877938  0.60099841449064584  0.61398011547414399
  0.62853390106631357  0.64279818765433028  0.65562452587292752  0.66740512766641935
  0.68005642253686882  0.69103204057499268  0.70111750024049757  0.71166309613966239
  0.72310605033849018  0.73545566866548606  0.74670257536193896  0.75685044754892727
  0.76716303414056519  0.77686557282526103  0.78746500579971357  0.79826940319272455
  0.80870608192970772  0.81953180933339453  0.83006833622651799  0.83954549458596572
  0.84772802564949590  0.85621390293231958  0.86834252945923396  0.88025425384190104
  0.89216050599945518  0.90439456445217736  0.91619269339525811  0.92631334121171782
  0.93550725341401419  0.94365483345738377  0.95128737995900847  0.95959356799468043
  0.96818787935841244  0.97537609461953700  0.98448366363258388  1.00000000000000000
 -0.00289774802338265  0.00803278531415520  0.01975845913302096  0.03210723120755186
  0.04382976112474812  0.05458101689461191  0.06573040357155212  0.07764212629431644
  0.08969169407165796  0.10067657679056669  0.11387248663692867  0.12670318057680485
  0.13901788250942387  0.15149924449801708  0.16303099714958499  0.17317105228355284
  0.18329563557595704  0.19406820833924257  0.20702508449732226  0.22262698020831603
  0.23540327966755381  0.24644948249290011  0.25638970992046078  0.26650510250514553
  0.27942643290987601  0.28983402440495110  0.29812328779823333  0.30666535201044171
  0.31768778290763355  0.32867216312091008  0.33880876046709679  0.34680650993793510
  0.35534308310961921  0.36425587580529456  0.37313845862614342  0.38176241306451431
  0.38942944072741620  0.39714328014880906  0.40634090335455347  0.41554073028196231
  0.42515744903553943  0.43573768517703293  0.44734879534442740  0.45875565952088843
  0.46775784993609670  0.47558359413068974  0.48332799957581751  0.49097632084015042
  0.49864853039934937  0.50749462264443357  0.51816001759974950  0.53000127115900142
  0.54205710375321559  0.55166532102453225  0.55967488251061126  0.56702986851997050
  0.57454742719912633  0.58259366376346222  0.59184327671809456  0.60088780442192158
  0.60994945663718769  0.61690244551889772  0.62562466710209697  0.63537934184519707
  0.64479544772703334  0.65398986199330389  0.66531154286430882  0.67495320547820770
  0.68279364448544932  0.69038939774902308  0.69765892042779365  0.70422636843292974
  0.71143616446188995  0.71955011283644588  0.72785539285293865  0.73970308976661747
  0.75540762659391070  0.76985974627049392  0.78322454265494690  0.79518404983781876
  0.80734666793318577  0.81924358370601813  0.83021240907142124  0.84076133171987766
  0.85142414287381352  0.86208812307899041  0.87407321665440629  0.88679572628168302
  0.90027414425943930  0.91511870043810961  0.93163267132427108  0.94813206170473086
  0.96205643906668092  0.97467646830785382  0.98774250468521374  1.00000000000000000
 -0.00235420536250707  0.00964243181667490  0.01956161775414425  0.03072255449129537
  0.04136567968008982  0.05367736826118532  0.06600450517077582  0.07792470531378448
  0.08915750384679783  0.09842438301417586  0.10758986072073062  0.11678786619153900
  0.12651077529761104  0.13916321489688471  0.15259025649344213  0.16802482537081723
  0.18202094553642348  0.19364227730656403  0.20240597361409560  0.21040202632814345
  0.21892534652932294  0.22866258831861017  0.24075040672799994  0.25158347542771692
  0.26198192385703650  0.27199958401573004  0.28146720624311017  0.29054886719840500
  0.29879920912774544  0.30673577904189109  0.31602638811943401  0.32768536890292943
  0.33848714284744330  0.34917799388797005  0.35950437095016091  0.36956842770077764
  0.38005119891373229  0.39106050780263418  0.40270162164353968  0.41577039968936763
  0.42896341561781243  0.44148366805921407  0.45437803654299708  0.46598875025800540
  0.47798877758272718  0.49113383656323417  0.50454223453974290  0.51373566749770438
  0.52248824683514272  0.52960858453962600  0.53789326119315484  0.54677762888371084
  0.55482743899361542  0.56169879911566156  0.56732985649881706  0.57297705747552174
  0.57865970287904511  0.58565100922930824  0.59582384201511995  0.60597326231323589
  0.61586098108834986  0.62653602756993365  0.63909400349653855  0.65360479186483023
  0.66695094932111965  0.67835171585687026  0.68938796813990744  0.70093385455858004
  0.71201330192717138  0.72110171285693436  0.72981360908028392  0.73896583260759618
  0.74795901316225377  0.75655623783445247  0.76453275350750927  0.77616574476301237
  0.79356776752747848  0.81148358451089997  0.82547540668709862  0.83718116706200918
  0.84812281039873350  0.85870357497968763  0.86871349866347691  0.87725178937695669
  0.88525529447247497  0.89307338718694973  0.90197780577204933  0.91143775081519118
  0.92103196603525728  0.92965405687059077  0.93801308720135201  0.94710273712695314
  0.95729469511754273  0.96989578209686289  0.98522367020605561  1.00000000000000000
 -0.00139481857312298  0.00643965795106496  0.01324747508107573  0.02000276197225165
  0.02491187278313052  0.02962653448933592  0.03451758324182370  0.04089574586588823
  0.05132708093178719  0.06165603068797847  0.07006993508855201  0.07771832533753464
  0.08600203794788307  0.09551974643978363  0.10502924119983374  0.11501798081481016
  0.12596260959206368  0.13840786395863081  0.15216981187661710  0.16436755890993154
  0.17526261191709766  0.18461982794247855  0.19413835435361534  0.20347640016079357
  0.21435601622199488  0.22694174585830984  0.24068723381965718  0.25342788586493753
  0.26514202440869905  0.27757491474239920  0.29004535158642075  0.30430112945571541
  0.31813848168065068  0.33072257278990197  0.34097238150878312  0.34947456092380480
  0.35860019736493276  0.36945164683724530  0.38104035451113882  0.39181145275230933
  0.40018403009402775  0.40702258994114837  0.41356892219966163  0.42170641185893804
  0.43152770749812958  0.44196669136367916  0.45281041828910801  0.46499137024984516
  0.47862567085734892  0.49231285944239656  0.50630561054164669  0.52096176378683234
  0.53569857330094617  0.55140345420353132  0.56421918181967534  0.57795667279645180
  0.58852854709416935  0.59828574032665183  0.60738608840843655  0.61658726341890846
  0.62503669494264680  0.63272299922607311  0.64034770505160254  0.64837267687522382
  0.65708408728743561  0.66724078808916742  0.67775888488230907  0.68842594876853080
  0.69978511191674841  0.71391542818187914  0.73068037520368090  0.74503472798716230
  0.75639819846379130  0.76681953037985517  0.77698559545665891  0.78814119175787245
  0.80145344828924170  0.81401005561645645  0.82655718001138201  0.83869674202439559
  0.85114024248504905  0.86373739522392723  0.87547200826526062  0.88457350645751309
  0.89297557006762396  0.90154464813522606  0.90960462423223398  0.91702496164861713
  0.92467846293028300  0.93302424596805589  0.94485559339778391  0.95886177013582985
  0.97117337597316966  0.98188231263343861  0.99147106351739778  1.00000000000000000
 -0.00229526526716252  0.00732118707634531  0.01713730442052455  0.02714020607769253
  0.03783464752928510  0.04791021537284283  0.05717145598013131  0.06622292250037859
  0.07518849470626643  0.08330972426328177  0.09126202453099083  0.09929799292786266
  0.11212794681054893  0.12801237986999997  0.14169244793079844  0.15154196588403901
  0.16060147614616799  0.17076526240082701  0.18119275039443397  0.19299765407657807
  0.20575526691769017  0.21892976015648252  0.23295187343494750  0.24794080093307863
  0.26284851220418604  0.27562088624112596  0.28609343682417421  0.29606362426543842
  0.30684242954474478  0.31944391252731108  0.33055235603678651  0.34136053902494762
  0.35108327239724768  0.36248913654900916  0.37263419063039482  0.38482734209095448
  0.39631132045672229  0.40767023742314212  0.41848149360735848  0.42897861644894097
  0.43808955565843533  0.44668165530812831  0.45511873471436193  0.46556070829364921
  0.47712900801252850  0.48742432509436434  0.49694699220960553  0.50688089437310668
  0.51766125424236220  0.52874526574545511  0.53876508390205624  0.54682532267546236
  0.55415081151462697  0.56100429206745206  0.56824933671909261  0.57607516915334434
  0.58413870534289158  0.59175274074438022  0.59916267339997054  0.60923671357386944
  0.62230760844564781  0.63393795296049382  0.64426446387935188  0.65665891014741018
  0.67096896528414995  0.68591454060079760  0.69888324015688663  0.70969155693051333
  0.72069477986157116  0.73231674856465356  0.74444625659189179  0.75559723966754544
  0.76568801642271778  0.77523145098220902  0.78307706511592379  0.79251326506820730
  0.80289444591090842  0.81474913351057510  0.82795375552764239  0.84109132948306764
  0.85297333208461679  0.86473582912608460  0.87609693574021874  0.88757049303768187
  0.90008177695054548  0.91168680477745534  0.92191882094060829  0.93018022734943107
  0.93941385248215581  0.94912380462338897  0.95764191911909780  0.96523012036645872
  0.97312752079491271  0.98188398766033058  0.99073782790004972  1.00000000000000000
 -0.00607000236279952  0.02819499660804446  0.05546621925551305  0.07765856921893899
  0.09846033153730588  0.11252590425304551  0.12577877521624597  0.13476886598409046
  0.14701907371735076  0.16040527192251439  0.17186912058728043  0.18238248162525242
  0.19366705788168195  0.20588701429507153  0.21795026871910944  0.23043343236699587
  0.24353413282948513  0.25645924131914088  0.26928992259406026  0.28123584659421730
  0.29060563543121365  0.29985154174795903  0.30992783359248355  0.32142636358825605
  0.33358417363842063  0.34253622566292213  0.35107571663044096  0.36061363958577658
  0.36898974570100312  0.37554836455222096  0.38124920849349320  0.38671793809488841
  0.39178806454922033  0.39861192957567454  0.40904694917032869  0.42253090957236789
  0.43597907065755875  0.44643033566276169  0.45532063122004263  0.46333094347504022
  0.47171728160071075  0.47986534563253014  0.48649924048511711  0.49304409767648283
  0.49995966272813275  0.50705096259236648  0.51461381466464629  0.52174672536453914
  0.52817546680255545  0.53387608023007826  0.53926881411420236  0.54463816374558360
  0.55095985742611897  0.55695692112843143  0.56301826589700754  0.56895591092904574
  0.57557539937179625  0.58308501298240700  0.59058932199834335  0.59834841147631501
  0.60646155986364247  0.61609505733188019  0.62547173369756603  0.63296533247490960
  0.63932097251217734  0.64559348423011076  0.65233640717904240  0.65983421192157132
  0.66646642912729415  0.67377433442361223  0.68130973643810044  0.68957132316504555
  0.69828181980211779  0.70877267991931769  0.71843857692774815  0.72772056612158453
  0.73602591735093104  0.74584873734729040  0.75583163552899224  0.76525993390438418
  0.77522306323903079  0.78652207358438453  0.79940171309492258  0.81205683695981501
  0.82507410132693448  0.83881222958977764  0.85056282665242777  0.86352534322122021
  0.87730852799879611  0.89037863971801989  0.90499756087593453  0.91612454140701793
  0.92934071529291640  0.94493466127270853  0.96469080852099220  1.00000000000000000
 -0.00304194944359641  0.01280987906970141  0.02610972989285777  0.03777660088592762
  0.04959739927107888  0.06032972635301180  0.07237707342389921  0.08350751972986693
  0.09424813273279685  0.10571168981069465  0.11680544867054621  0.12853481988685292
  0.14117078553918255  0.15213600535028698  0.16247252486949995  0.17283732179093594
  0.18358652590707306  0.19391022538120201  0.20407178943583812  0.21794883742936769
  0.23495813178636513  0.25439565392421276  0.26957754550391799  0.28041969827746910
  0.29006404540496389  0.29943391655809876  0.30986064531705576  0.31856046016366452
  0.32564628861505823  0.33230015546859887  0.33872978362742007  0.34515845454107935
  0.35214729281658336  0.36016349439441742  0.36673598079192254  0.37281451109279146
  0.37983073945619328  0.38709914945246737  0.39377427135526821  0.40139842582354479
  0.40832805089545765  0.41446698839432494  0.42030011720360783  0.42678966180266509
  0.43414028448428305  0.44545639382607150  0.45623812953439485  0.46550145119818859
  0.47379586772996263  0.48221653532077252  0.49071907061968401  0.49954443407797716
  0.50857033384986428  0.51777630744705017  0.52971471892801048  0.54392113342195492
  0.55768388752119968  0.57055839252248819  0.58292449467048246  0.59635848746836329
  0.61083681914190247  0.62710170125323716  0.64075020166906771  0.65298405128378101
  0.66530083828071540  0.67755811055539072  0.68989106054639848  0.70179582088249359
  0.71431425728826026  0.72778946467651906  0.74341859674902755  0.76009205492345200
  0.77451617538525064  0.78674527820293583  0.79813847233587254  0.80886605149452595
  0.81871416146043474  0.82791510136338031  0.83789125554565125  0.84805904090613404
  0.85650395629622555  0.86626049083870127  0.87468890147228850  0.88396072901333755
  0.89286856786821844  0.90070532842879802  0.90928754818574775  0.91670251607903930
  0.92656479456331420  0.93821344996668765  0.95090194722001709  0.96195501372928072
  0.97225851925189877  0.98249155065068006  0.99140990059242895  1.00000000000000000
 -0.00834818419547323  0.18856485229882711  0.25774619702181228  0.31416123711036742
  0.35214852826989806  0.38475146000430660  0.41411781629447786  0.43741439385102643
  0.45831316693002694  0.47425623356080027  0.48849013350646298  0.50416961995941989
  0.51855417523887903  0.53139179114710489  0.54513621210975971  0.56106146831111114
  0.57692861864631195  0.59056662888600997  0.60438430487202544  0.61865803791701468
  0.63356718148988622  0.64753495423423313  0.65705905237163875  0.66668738682130679
  0.67657761648095238  0.68690893895798377  0.69714820885100415  0.70650246711113351
  0.71522619165570855  0.72188199588559043  0.72852688968395263  0.73507126388017274
  0.74188464180630542  0.74929363027157714  0.75550974627021805  0.76110699337618815
  0.76581102889541675  0.76990875517542812  0.77386316231347674  0.77812686735513414
  0.78265183233288926  0.78714415508241098  0.79132028533246124  0.79580042083809566
  0.80033766345731661  0.80472885398997085  0.80873589733105389  0.81243336644979969
  0.81680794575403060  0.82131997548844882  0.82589212637877873  0.83092703337558094
  0.83533449406298887  0.83894142117428183  0.84261931809207302  0.84616074702025912
  0.85020804445217435  0.85456942681320402  0.85894673042983194  0.86308409143904585
  0.86677392411215681  0.86998896545133209  0.87317395786321539  0.87660806547099279
  0.87981871457526717  0.88283231165202158  0.88581430185332599  0.88891989233440616
  0.89178771016888414  0.89506668119510169  0.89937753870960158  0.90438445241879872
  0.90944912860350124  0.91473047119497064  0.91885731909787161  0.92272613422255456
  0.92650063294856089  0.93022458787222440  0.93398887396494046  0.93761664237553288
  0.94095979105407390  0.94397009201780091  0.94701239713165231  0.95012254323164158
  0.95334572532843243  0.95678962637592913  0.95975484077152429  0.96253255478944277
  0.96542809965837084  0.96821791639765598  0.97150887711369549  0.97472604463784485
  0.97865622636429772  0.98397698576435477  0.99124713233835193  1.00000000000000000
 -0.01938756366323696  0.12771303515781601  0.18391057259296834  0.22671792257720744
  0.25543396102240290  0.27900147856226520  0.29650795015270376  0.31135146024776955
  0.32581005244890326  0.33882325572145899  0.35052103750579477  0.36101119961971789
  0.37097765740698940  0.38014210522831510  0.38863170478795067  0.39719626974170191
  0.40448182946550365  0.41163910486978245  0.41781400773545413  0.42377475911558776
  0.42965386146962475  0.43594060774816862  0.44208789523043512  0.44739250390734936
  0.45235855322661667  0.45752105337406035  0.46298071421957682  0.46867436474127400
  0.47415656602214179  0.47983001893927762  0.48460985511061899  0.48838905695219520
  0.49236044511406324  0.49576479470664908  0.50009381843335399  0.50518784954778206
  0.51055782102721559  0.51593261660851730  0.52142034350633604  0.52732229290837063
  0.53333131526350541  0.53939437662584899  0.54550423037884532  0.55108473428563920
  0.55690632830890996  0.56199340747915072  0.56670017554516094  0.57150797516002505
  0.57601158888334159  0.58045839714710556  0.58504869570655149  0.58960657357313406
  0.59458998326249390  0.59953073432173043  0.60510223681804620  0.61116182463354340
  0.61765431902220491  0.62354101585957722  0.62944810793785722  0.63533234280242179
  0.64126672893283621  0.64728105047690188  0.65298944005967086  0.65830822087645269
  0.66395041573597025  0.66964684353997772  0.67606055692056255  0.68307693360610822
  0.68997481983940900  0.69638324030073651  0.70234059417891803  0.70786462371328329
  0.71492761920711900  0.72210162329927097  0.72868824811821609  0.73504700161804959
  0.74141480116750014  0.74767293928603906  0.75372235605661675  0.75960719364190965
  0.76512969102069550  0.77067205646786563  0.77587551381490427  0.78143022637200987
  0.78695555539320816  0.79307092010708935  0.80110844184121832  0.81029933691301903
  0.81864046920543709  0.82678436300049896  0.83535450407768752  0.85136823146976182
  0.86835460893304339  0.89019678350180209  0.92054152237847842  1.00000000000000000
   8.9824286479797605E-013  -1.0000000000000000     
 F F F F F F F F F F F F F F F F F F F F F F F F F F F F F F F F F F F F F F F F F F F F F F F F F F F F F F F F F F F F F F F F F F F F F F F F F F F F F F F F F F F F F F F F F F F F F F F F F F F F F F F F F F F F F F F F F F F F F F F F F F F F F F F F F F F F F F F F F F F F F F F F F F F F F F F F F F F F F F F F F F F F F F F F F F F F F F F F F F F F F F F F F F F F F F F F T T T T T T T T T T T T T T T T F F F F F F F F F F F F F F F F T T T T T T T T T T T T T T T T F F F F F F F F F F F F F F F F F F F F F F F F F F F F F F F F F F F F F F F F F F F F F F F F F F F F F F F F F F F F F F F F F F F F F F F F F F F F F F F F F F F F F F F F F F F F F F F F F F F F F F F F F F F F F F F F F F F F F F F F F F F F F F F F F F F F F F F F F F F F F F F F F F F F F F F F F F F F F F F F F F F F F F F F F F F F F F F F F F F F F F F F F F F F F F F F F F F F F F F F F F F F F F F F T T T T T T T T T T T T T T T T F F F F F F F F F F F F F F F F T T T T T T T T T T T T T T T T F F F F F F F F F F F F F F F F
  <DiscreteSampler_grid>
  grouped_processes
  1 # 1 for a reference and 2 for a running grid.
  10 # Attribute 'min_bin_probing_points' of the grid.
  1 # Attribute 'grid_mode' of the grid. 1=='default',2=='initialization'
  0.0000000000000000 # Attribute 'small_contrib_threshold' of the grid.
  0.5000000000000000 # Attribute 'damping_power' of the grid.
 # binID   n_entries weight   weight_sqr   abs_weight
    19   10   2.043067424476594E-004   1.446944658715688E-007   2.043067424476594E-004
    20   10   2.043067424476591E-004   1.446944658715681E-007   2.043067424476591E-004
    22   10   1.097353520681399E-005   4.174261430826775E-010   1.097353520681399E-005
    23   10   1.097353520681397E-005   4.174261430826755E-010   1.097353520681397E-005
    25   10   1.097353520681399E-005   4.174261430826775E-010   1.097353520681399E-005
    26   10   1.097353520681397E-005   4.174261430826755E-010   1.097353520681397E-005
    28   10   2.043067424476594E-004   1.446944658715688E-007   2.043067424476594E-004
    29   10   2.043067424476591E-004   1.446944658715681E-007   2.043067424476591E-004
  </DiscreteSampler_grid>
