   0.0000000000000000        0.0000000000000000        0.0000000000000000        0.0000000000000000        0.0000000000000000        0.0000000000000000        0.0000000000000000        0.0000000000000000        0.0000000000000000        0.0000000000000000        0.0000000000000000        0.0000000000000000        0.0000000000000000     
  0.24761062256908145       0.27452779648875125        1.2690001514094140E-002   1.6457556223955675E-002   1.6067260429783611E-002   1.5168601460077917E-002   1.1304850058455026E-002   1.6348764655764254E-002  0.20247488564424979       0.16361611515620716        6.5206621869210002E-002   7.5707244521286285E-002   1.6594133462143876E-002
  0.55180826879138467       0.55180826879138467       0.60301212417698669       0.64695786662105903       0.60321776727284515       0.63530089135965984       0.65981513351955012       0.57274098970530030       0.55180826879138467       0.55180826879138467       0.57756568434263300       0.68804864882186800       0.70068359789231216     
  0.31342244525523533       0.30826818985285465        2.5180288502732216E-002   3.2604739793037768E-002   3.2067567314328228E-002   3.0399518789190019E-002   2.2684009725641746E-002   3.2525828329806980E-002  0.34700796422065605       0.26494101360744537       0.11615796615855370       0.13811703589239432        3.3236485142391463E-002
   1.0657556734288645       0.88880316902689582       0.57775369615612238       0.65444251603386216       0.69470029507708608       0.62999874376602472       0.61464697888963471       0.61392966636659518        1.0161273227493031       0.77575913374907313       0.65993901756044926       0.70284589858546298       0.62028424229509493     
  0.34259497814959750       0.33681013965187429        3.8436206886638978E-002   4.8607679901335410E-002   4.8216537202199691E-002   4.5757413456998318E-002   3.3850999944928996E-002   4.9178433989095556E-002  0.39030685579580277       0.30104018100219876       0.15185898264677616       0.18110460199472386        4.9572219536266532E-002
   1.0839499635281258        1.1667094470227315       0.58333531229312696       0.65465120491204232       0.65511825377889510       0.58775267848826862       0.60412695552130791       0.69726183710642042       0.61145124761154834       0.68271351121693691       0.61171188757878570       0.66931679168583047       0.64126241206031998     
  0.36539484136274208       0.34948200924220080        5.1666745857365276E-002   6.4715419087939235E-002   6.4484724386884351E-002   6.1168618606542720E-002   4.4891312256329627E-002   6.5027468437697591E-002  0.42811785139490344       0.32906948639974865       0.18053204649574073       0.21757883643787973        6.5957269670830168E-002
  0.85880497931462385       0.62806349207085599       0.62264261793874121       0.60484400380875780       0.61639366216312752       0.57258672194188354       0.58362112091547558       0.67395058640026229       0.63654153551250503       0.63017577359745947       0.73387487172476318       0.68335059116499297       0.62717951839159736     
  0.37577839220074749       0.36020047813831202        6.6060107162098911E-002   8.0068498173218081E-002   7.9922214633588937E-002   7.5620416560421511E-002   5.6803345048310069E-002   8.0759212788270113E-002  0.45158408050791465       0.34502783271363602       0.20385149836757421       0.24712500479607341        8.1908092948047059E-002
  0.57656707565238219       0.60534337404565108       0.62937536232337055       0.57891379277436106       0.56849534288706793       0.62454123409502105       0.63535830585317721       0.72375256517448072       0.66283424839850380       0.60572476106827000       0.75181402374090656       0.75632095970055269       0.61493304246606062     
  0.38780865141316101       0.37133256916515889        8.0518817012879329E-002   9.5222565371030229E-002   9.5600023254930291E-002   9.0219308534132597E-002   6.8859860382703864E-002   9.6471458362906576E-002  0.47404473532264479       0.36059888147036950       0.22551097356803559       0.27424587205266082        9.7940770024143350E-002
  0.59562969185464143       0.57524747572329693       0.58803210996562494       0.65022896926759977       0.62630586838773861       0.63316799522025602       0.58899213036447673       0.56632118833422174       0.61379680947669768       0.57194621654743882       0.71587578245596872       0.66328288590273476       0.62982977276088781     
  0.39945555687919398       0.38234512903732071        9.5289882588750652E-002  0.11107741876752303       0.11117302104521173       0.10494028396050829        8.0749853473380748E-002  0.11259470899700576       0.49338752156754562       0.37413108769979103       0.24595599176508390       0.29874911479007682       0.11386235675475215     
  0.59064526529513195       0.62999217422366005       0.64441705944234429       0.63128972666139083       0.60376194457698174       0.59001260022937230       0.61921065193375857       0.63424845190084533       0.56217623116176063       0.60241304500274662       0.69378850190532693       0.64930320750667148       0.60649963503121562     
  0.41114519785796622       0.39346699239164218       0.11020249280957903       0.12698169315561891       0.12667658335484613       0.11926257983113528        9.2747604776963657E-002  0.12875367205376340       0.51190265649980848       0.38727645298345276       0.26574706192256203       0.32028460336121312       0.12969912873105308     
  0.61370245691228176       0.60696857556223360       0.63153808061900774       0.61877341332772229       0.63074439382386571       0.62980118466836277       0.61522229340453660       0.59835168411115325       0.56828974871820281       0.61773189147511554       0.61172010737828508       0.62124632058389972       0.67040232799770816     
  0.42277006585830001       0.40462093768744517       0.12626365105396414       0.14222927678412184       0.14320985706402975       0.13483856068977659       0.10631480228710882       0.14443846268592064       0.52927464876602581       0.39953677708917074       0.28502591144654238       0.33942872817273811       0.14592993063294479     
  0.56526920648157530       0.61105083561067142       0.63446745213955125       0.61680487415963048       0.64779323948474721       0.59297805723816377       0.61596781758708530       0.63690845259033468       0.57994281223596089       0.67600379335430583       0.66648979197007829       0.64246221613805787       0.66599959311559576     
  0.43445396304894340       0.41603600560422349       0.14222438156277070       0.15762313330854907       0.15968977405625404       0.15034660104623659       0.11965309994838239       0.16001694827898255       0.54542497065231454       0.41108828892652888       0.30446916828940979       0.35819830497311783       0.16168865006158067     
  0.62063594419458790       0.61590110202669968       0.65701985396472795       0.57785869361448694       0.58895638769704428       0.66624859456003738       0.61745757805130475       0.61026958398465914       0.56465024059729518       0.66154816068788458       0.66822942068999924       0.58244793311658460       0.60459753110388215     
  0.44615305484137752       0.42746712176548546       0.15846754090643708       0.17269184164720788       0.17641672290967059       0.16623676211168922       0.13365468517516674       0.17574412208633389       0.56027135651599325       0.42137884188747182       0.32384744544622968       0.37666751601627446       0.17656273261641001     
  0.60433821013361655       0.57539161613791245       0.61656132643075090       0.62082015566443938       0.61952193514774745       0.63331627568180127       0.60441011595391325       0.58822006605952148       0.59193754302897206       0.62961984496999646       0.61554111735456585       0.60286199399366347       0.61151768468903289     
  0.45784576120684534       0.43889501671230707       0.17491147690098749       0.18771206303026697       0.19324345562719078       0.18191313450391505       0.14781421210822931       0.19139783492635404       0.57485798958001799       0.43164158259295754       0.34268346736942651       0.39518648195010053       0.19138141211426818     
  0.63608503998740484       0.67057871723362150       0.66600035273199298       0.61344050097210490       0.70051821301248995       0.65725994697564893       0.62367728115825571       0.62771232592588044       0.61078950585446046       0.63649108048037706       0.59089425753874414       0.66044155894989864       0.56198502367750414     
  0.46929726861570426       0.45030614524808321       0.19146076727302819       0.20327738103887025       0.20971397139792675       0.19835692446533515       0.16169187142876434       0.20708467786648124       0.58934149734357177       0.44148201199491971       0.36107372655100822       0.41314574068309129       0.20679794578578459     
  0.60290399983594645       0.63790553009775697       0.58404662234932048       0.68949159788915437       0.69413456051296507       0.65346007158473618       0.57546917656955388       0.61497787574904261       0.55731552372680548       0.62608420417681665       0.57988676331340960       0.72085811529529475       0.61590276589184334     
  0.48066400131293846       0.46173094103497125       0.20831474888975127       0.21889536315644761       0.22608307693200907       0.21492670482664361       0.17563341443997479       0.22284975545425140       0.60249797370702995       0.45133118306223974       0.37885831906360923       0.43017519876058413       0.22220935398695432     
  0.60813978732507357       0.60773962211195642       0.59669463453590699       0.60087841575546341       0.65275672424877274       0.57074882702164254       0.62039325761963537       0.58339404152245100       0.60853251717057932       0.62486319289077363       0.61319962730505650       0.66664073473188035       0.60098420753116522     
  0.49195806707247658       0.47312047156627168       0.22619137764542685       0.23465920329076426       0.24191576422620639       0.23051044279185295       0.19099653803500483       0.23841480113231142       0.61493992854821200       0.46015211888957602       0.39663997844292170       0.44642106250378327       0.23801617675648051     
  0.58458480055468864       0.63565318925658798       0.62274002946772489       0.65612903357342478       0.70346316519402752       0.63546203347744279       0.63639939418856650       0.61021315663810871       0.61413226855852887       0.62434166755999543       0.60572835012041992       0.60992685365614019       0.58735708544413090     
  0.50337677448266660       0.48461900957244852       0.24432052548997749       0.25001405334861998       0.25796244184851069       0.24637251913578709       0.20620087828246533       0.25396900248159104       0.62714884788050385       0.46911444054223445       0.41372235900428234       0.46200862521486091       0.25395311461396231     
  0.56347136982828938       0.62430853223894733       0.60928057866537433       0.58663705424876011       0.56753185368798531       0.59487576404621900       0.64151088564724656       0.62445841007360492       0.61984934214212495       0.56074868101158970       0.64039032816140573       0.62037014781802613       0.62773904911646894     
  0.51514897842391694       0.49616736519647270       0.26225391025103845       0.26504890392862618       0.27385348831892364       0.26146789670048715       0.22259835480512022       0.26910935807642988       0.63930544179140170       0.47776363684136536       0.43044121775028488       0.47696632426423607       0.26878211441245931     
  0.59093613914497689       0.58168457533383100       0.62330993640704269       0.58339320316631682       0.64470630294058606       0.63203187738617062       0.67369973556324048       0.60809059535147836       0.63415672534688761       0.59950335832986112       0.60678428108387095       0.66068304733322969       0.59889050073949668     
  0.52673208387877746       0.50756661932467628       0.28040463178489816       0.27999927653721918       0.28959841539590270       0.27657059982397048       0.23872896772287450       0.28427337942419878       0.65066032844974375       0.48636446482262941       0.44696768386885755       0.49126806927779143       0.28371700807389238     
  0.59572494009765697       0.61760202305050527       0.57023589742012493       0.65523295354762989       0.61427568733207394       0.62217236074487636       0.65317634832408122       0.64937496211112644       0.57640216412788403       0.63034859442965807       0.59062668690161579       0.64310267754700412       0.63270009280765094     
  0.53827695345606530       0.51881922415229953       0.29898859805670019       0.29580442890506148       0.30496266661043375       0.29211156049540671       0.25505785593990060       0.29919502665895165       0.66170332032737911       0.49460353825697029       0.46351794176757422       0.50499057686995508       0.29798998044458169     
  0.65427081148003319       0.65863878225668626       0.62996611389673296       0.63599162619030436       0.60947475707898002       0.60428392497733197       0.60387514511773766       0.62998394502253718       0.62141483258999464       0.58200209003287906       0.60864752273236122       0.65472062860864821       0.58211960097165216     
  0.54961557762884516       0.53003565281246179       0.31781426788279110       0.31150931685720035       0.32072245549528489       0.30760318996241270       0.27121077930498172       0.31374663038777378       0.67234986036402178       0.50280662632838002       0.47960409717628522       0.51836582477765003       0.31238767363439074     
  0.58681890952460225       0.63753629506540421       0.59688624389651324       0.65917705684170302       0.61272802203618282       0.68960001528711912       0.64142406078429082       0.55699632955998457       0.59628537320746444       0.58614752520362823       0.58857367648763714       0.56851459535662141       0.58662686800853703     
  0.56072219731860984       0.54130644970568731       0.33713405770589711       0.32736979884573403       0.33632167458865042       0.32236683240463992       0.28836912144281673       0.32857310444515309       0.68298309803349688       0.51060131539839893       0.49538975228086829       0.53145429498693164       0.32782272841676985     
  0.57398757269260847       0.62633497916709202       0.68282963249284978       0.63745697312003624       0.64401740067670799       0.57015752503318229       0.64071688904022728       0.57722145450042284       0.66370203331896427       0.65919404258346048       0.56376011976501550       0.59206522081067114       0.63099427310399370     
  0.57185781799766233       0.55262237353732668       0.35623778968755010       0.34337003535314098       0.35186000982938281       0.33723247570498138       0.30550525650690286       0.34342358029738496       0.69291928885078702       0.51842129094608236       0.51081661088362407       0.54430282109130179       0.34318095744100813     
  0.65575608665616314       0.57286131787585159       0.64015034641641133       0.63556950370341259       0.66675130124171234       0.61960569711117996       0.58844860254045395       0.61680449678619709       0.61941069363353307       0.63742833860458015       0.60146336271706102       0.60084960044513125       0.63722476174108600     
  0.58291658544789038       0.56393736622559254       0.37553242856342472       0.35936890895249757       0.36725468773891629       0.35254785708974179       0.32290295176635159       0.35839272966619606       0.70257705797334413       0.52609461813870573       0.52604386546784010       0.55695760790420901       0.35777036703604276     
  0.61701893827482279       0.63061699481654743       0.60250843386714104       0.64710432587652611       0.58811132991324067       0.64520731516841390       0.64320047295056892       0.65988455463997986       0.57552265887899701       0.63715370721828268       0.66386305340724905       0.56508191261855767       0.60447510319061837     
  0.59391282063047168       0.57503367452439180       0.39510002681860096       0.37556452794907319       0.38266009621507280       0.36764981257174989       0.34038953323567389       0.37334879043583297       0.71213759146584177       0.53374809785968402       0.54134736124091731       0.56899131429452110       0.37258511706174491     
  0.59730010439899173       0.60821220608680571       0.69796701868986299       0.56588546074994950       0.63090454133002105       0.57892299219461019       0.58439658406104911       0.60252382904533675       0.66816572974601973       0.60491216431707329       0.63418132546820216       0.61877146774684399       0.57852298367919652     
  0.60476409330417669       0.58601052930108255       0.41530822019252239       0.39109661906539572       0.39826683773041205       0.38250695870490070       0.35815445825251613       0.38865256640396811       0.72180493221187636       0.54129929105310470       0.55665515233928420       0.58063463475116373       0.38846971683346904     
  0.57301161942307277       0.56291284039676459       0.65815995757360846       0.61295653165372466       0.58544014254508248       0.59349369515310124       0.64278442144099435       0.58806861947235212       0.68382429998121819       0.58096209266068166       0.66658994848273467       0.65317284912009421       0.61623432816685708     
  0.61563667182700421       0.59714337855781063       0.43570437024574565       0.40659588158677673       0.41381228803701664       0.39730507814349553       0.37625827367834530       0.40399070075165833       0.73070365450533115       0.54885580869342931       0.57144890466136866       0.59211305956692561       0.40392570030393071     
  0.59391621258633520       0.59487793021902124       0.65079054605756881       0.58770214915117591       0.62476847384107836       0.62361578968960196       0.61220126981106060       0.60259612034417942       0.59363346378337167       0.61183383935269819       0.67271444066412189       0.59570743972071738       0.61663366807198927     
  0.62688514790481209       0.60804297358809334       0.45625893460536215       0.42210857687045189       0.42956835361269352       0.41227172388873989       0.39437044093068474       0.41916168989611324       0.73930118367948772       0.55637274421218508       0.58624492650785287       0.60340005474241332       0.41815948050928131     
  0.66312337148543476       0.67637068392936561       0.58614050228654380       0.56066997200168334       0.62885087294461051       0.60205783094304932       0.60106194907273092       0.60914774995774557       0.59528616918682997       0.62952831524584574       0.73587973531810436       0.57978403173237980       0.60710262333067722     
  0.63807408077792893       0.61904183232767962       0.47642493197981733       0.43757317400344659       0.44526265412019839       0.42755104115362574       0.41240968906114306       0.43436183913463794       0.74765031894896050       0.56387289883262037       0.60057680521208079       0.61453797506834573       0.43258122010701605     
  0.62204075752790899       0.59510941593715183       0.62590234295005776       0.62490123851825197       0.59406177885761713       0.69825363112188688       0.68818860081003030       0.63252991929248681       0.59515716307994615       0.64740439832083596       0.63438567484417419       0.64031046953620263       0.65467590193277048     
  0.64935854320725250       0.63015186553528069       0.49584623926771820       0.45299688040258507       0.46115345135852870       0.44331207575696552       0.43113048402151549       0.45029604096851855       0.75593458916766010       0.57132464645263858       0.61483909867677311       0.62552748257359092       0.44825522020880515     
  0.58605473767913741       0.65859974442479940       0.58214377020986463       0.65212734814705386       0.65320057063129777       0.59097080010529202       0.63648548761890700       0.63484732529519927       0.56243537835231416       0.59962809741417100       0.61831954644137188       0.64060997061227687       0.61119255151652596     
  0.66063791221672763       0.64128980794091528       0.51491950939113040       0.46826610425073661       0.47702238797452839       0.45897774798423541       0.44971933427267347       0.46607138691676769       0.76388871127141855       0.57874399204215088       0.62868454906126403       0.63626030214165796       0.46432590495241421     
  0.57309814579561613       0.58220742065834852       0.72628464102405910       0.61949029117385546       0.58058800330909410       0.64005022588739235       0.72429594589253710       0.67260009803513865       0.58202864264321863       0.59530141538425341       0.58998142016501587       0.62728796939284337       0.61142309969450159     
  0.67183503011795964       0.65262333673851514       0.53371194511350040       0.48340596050659468       0.49250430467594020       0.47480676844653247       0.46852118679140142       0.48218233155062540       0.77172607448312380       0.58594126085934828       0.64237116940653349       0.64689842356485894       0.48060701613542350     
  0.60860479308926263       0.63053403863480861       0.56411595312065343       0.58823573472625579       0.67016391628812877       0.65125431885711738       0.56111355962067178       0.61301619257360429       0.58590602750576903       0.65140514613510425       0.59395447489049835       0.61484049722173240       0.64960784260629356     
  0.68300483791710198       0.66362640858863864       0.55251376793820761       0.49869230040051038       0.50817988031343519       0.49066017278438789       0.48745501961220367       0.49810219748786005       0.77940300987846578       0.59322905587408059       0.65562341177448447       0.65736755205431507       0.49712636678722649     
  0.62976712459783857       0.59763832623413737       0.66048894169114403       0.65047853796494282       0.61464342565814467       0.68834465796490474       0.65271942703672592       0.64362549547914127       0.61073882533836987       0.65408249847336075       0.60809062772235145       0.61773116101140380       0.64923582608998109     
  0.69385890510960790       0.67392020302021671       0.57121835922296715       0.51446785656351357       0.52345562475674545       0.50641233011581599       0.50610752639192680       0.51363013481567799       0.78707919260950820       0.60008845623438112       0.66886874957125364       0.66756170568024853       0.51257588463699144     
  0.58929744328733513       0.60624667391111942       0.63915709213903926       0.65330904598014894       0.63918684201163456       0.59628060845963837       0.60232156347156618       0.63441724811932609       0.62963511255584115       0.70476354954107179       0.61035015321032904       0.57365617623300980       0.68830854371856798     
  0.70476280961678306       0.68429753619114930       0.58962321321740652       0.53018687393150243       0.53885335503727760       0.52195575955955165       0.52500123468554361       0.52928045522745293       0.79422654780156610       0.60684773576390627       0.68177143046926336       0.67757272204092722       0.52814904225881065     
  0.60065973981829412       0.58222440411871978       0.71521644814379692       0.71650312489022339       0.61648579450862973       0.58751367859524350       0.65415881418707900       0.62406080847377909       0.59829495267506627       0.55778118234238849       0.59436180082104295       0.61067636012742998       0.62742019589881382     
  0.71574463885228579       0.69503048089054686       0.60783796266549561       0.54590106296381191       0.55440300988534741       0.53802033539426852       0.54371998555619505       0.54522048211223662       0.80118563161057832       0.61400338782314967       0.69459807987949262       0.68734874965305381       0.54330717472773371     
  0.55876344080058993       0.62869638029002628       0.61204271546748645       0.66258186842065903       0.60320742446574105       0.61571013509152051       0.62004487493682670       0.67297245806208039       0.57912769062670699       0.59390469759696374       0.59067382701473203       0.63008173999249173       0.60029788022558661     
  0.72648664879654223       0.70576956938972590       0.62568565497854600       0.56172138620491741       0.56991121314647952       0.55425789750140086       0.56247085810899033       0.56094515010732615       0.80819152844797626       0.62112847367100488       0.70678132185923637       0.69720085616168637       0.55865190790891150     
  0.58025316965077378       0.59647083112999721       0.60321262509030571       0.67343339235086230       0.61934792375467673       0.60825123635599865       0.59266766892295641       0.67534293817259539       0.60572037650619914       0.65659020463118223       0.63558805391147921       0.69463667289747388       0.60322818020992353     
  0.73717415768885153       0.71654224882848816       0.64323828182808473       0.57749495364678682       0.58514413100854645       0.57050614044118542       0.58119197390736210       0.57693019316809668       0.81521783211788179       0.62809535709125741       0.71877916499173811       0.70735543206508589       0.57460016783977275     
  0.57908664297059431       0.55989909920748626       0.66225963057021808       0.61908051838126998       0.67050887407180382       0.68001340745737116       0.65963357488908769       0.65459445922668680       0.60147216449113894       0.59507624150596083       0.77060160936940780       0.57322624880441142       0.63601355109989977     
  0.74785841172479361       0.72733973069908775       0.66042720283358380       0.59322671166438634       0.60020340845695885       0.58673422943621178       0.59987990533628488       0.59276633254297106       0.82216901376911067       0.63507422019100901       0.73000936152856588       0.71810558641834787       0.59027389757827986     
  0.59112735682814466       0.61423425868774195       0.72642248143799060       0.67216312812545298       0.63218680238267488       0.66949061038176838       0.62051221853170058       0.62596626057617977       0.63978632922986078       0.63605853291752334       0.68364815424385539       0.57823918872086111       0.64596057314832733     
  0.75897562037109156       0.73854346718214181       0.67724554524851932       0.60892984694646335       0.61510383797994450       0.60284278938486902       0.61826908684318838       0.60789654809422511       0.82906773095515307       0.64217772272368712       0.74107546677152258       0.72952114317660233       0.60613155940608976     
  0.61376747842745394       0.63721750889695361       0.60761483083325529       0.63909498617957450       0.67900353946817849       0.58725888322416608       0.65104795807129845       0.65080478959261956       0.61706785329101155       0.59650198631456952       0.64259303994898664       0.59682385351166911       0.68337650589599419     
  0.77007379522080954       0.74979156211399722       0.69379963871233385       0.62466534887732772       0.63039504994364237       0.61900070117859751       0.63681302353245317       0.62309995614320712       0.83583445071538065       0.64923689076278368       0.75179711498227497       0.74082888090731802       0.62191007624576200     
  0.61650237355962001       0.62280924930656778       0.56486322345945783       0.61201530548677696       0.65594185658030368       0.62866318159498225       0.58567168466836861       0.60096488059150255       0.70943590962201597       0.64188128214408025       0.56163648018209233       0.58306979833415140       0.62446623375332877     
  0.78088261175457441       0.76097902166356779       0.71021591085470037       0.64040662227622347       0.64623463525360036       0.63512189693767096       0.65541043331155446       0.63795247595764826       0.84252861792441491       0.65631783301119306       0.76234941357602271       0.75205746637019866       0.63783921739551996     
  0.64176486552580758       0.59022070622608303       0.62453017785813025       0.61604458458611921       0.66798381286507669       0.62271308539657588       0.64891094299361785       0.61513492748297194       0.66736676033349884       0.63213899873657275       0.59794211617689919       0.62976489013593595       0.70931445056821085     
  0.79168899696335371       0.77213109250147149       0.72605054070190511       0.65605956548311462       0.66207905803932932       0.65150132598017541       0.67386329557141733       0.65298204688591865       0.84907598738648149       0.66326036978771097       0.77313168728790882       0.76305162682598227       0.65353498131039556     
  0.63518119803478335       0.62706889600693017       0.65625061224634573       0.61800176192007883       0.61790726679584840       0.65651861815015722       0.64137897462104332       0.60024525412390095       0.66389010105522261       0.61131266183430066       0.68356369819237928       0.64739421967293354       0.66202713294705740     
  0.80266885514528585       0.78316535347496630       0.74117406167355881       0.67184115126811372       0.67738508826958499       0.66797815651471804       0.69207512760553913       0.66815468125676880       0.85554351687878782       0.67010873261619253       0.78390824140417392       0.77380345132755901       0.66888894588924630     
  0.58672969340829695       0.56172338137826738       0.63906217567377521       0.61589301635696059       0.59331008328135004       0.66827329458308049       0.68119426459815624       0.57767069544159444       0.61897154839412993       0.62866074983571518       0.64505863986526235       0.67101811135535883       0.61286948381313844     
  0.81364187043226044       0.79418988761694409       0.75560822634305558       0.68746409363718375       0.69252941710808502       0.68443290620964004       0.70961915291332600       0.68332181773510337       0.86189248510684491       0.67690870395950598       0.79489127053144593       0.78471604007736340       0.68440507609110901     
  0.70853570048221404       0.58506405881946866       0.62899996275449233       0.63161235363826329       0.65975433490655966       0.56853590445184421       0.60916807327312572       0.58709328016393247       0.55845038167953487       0.62824116161239751       0.61351108527884435       0.62818117821424602       0.62460828489108022     
  0.82445906913032641       0.80473845399446997       0.76967782845720256       0.70277231172660370       0.70786903409474666       0.70066926400184826       0.72638958964562528       0.69891703354992507       0.86817216712690448       0.68389191362144919       0.80585686497477449       0.79594952379202832       0.70005305481947566     
  0.63323073726095180       0.62470985629646458       0.61458014452536702       0.64949302820127774       0.58628229886082361       0.65523617262772782       0.60108166971279786       0.60758824214051077       0.60560606390505289       0.70416632559862746       0.63340915832297928       0.58751511873737272       0.59830249404443137     
  0.83518271333425498       0.81534161373510239       0.78383372956648423       0.71833993425369014       0.72297199049279981       0.71697207402595819       0.74298833160046351       0.71432726071499153       0.87440109912018049       0.69100097843656660       0.81678726616354158       0.80751929050121007       0.71571083655186929     
  0.56678071216291870       0.61737737183622565       0.74175294895323640       0.65476690183803854       0.59966126785662366       0.62897662581470137       0.66221239922647346       0.60488513906905428       0.60722566390665356       0.64242560540964389       0.63913265451619206       0.61688385050119954       0.61930033600887868     
  0.84595933080546082       0.82564485943420285       0.79804610989591462       0.73451797268722929       0.73861947144719797       0.73257227365899236       0.75934402011671487       0.73000941931238117       0.88060629272883761       0.69819788946903416       0.82776873880050184       0.81941980267024672       0.73111841962999979     
  0.59082183428379420       0.63330804787012041       0.57392610926312282       0.60980043440289844       0.57513505102958296       0.60943542376152837       0.66364474774235549       0.62733839597469565       0.69071678690726745       0.58030061875499872       0.60432221070708170       0.59219885593917787       0.65070871363929395     
  0.85663719771769387       0.83599777879523385       0.81199892680263475       0.75071884364449104       0.75418002980899168       0.74839838888423471       0.77605765582137742       0.74586456937034429       0.88677004580719043       0.70541698714176349       0.83843176377731854       0.83119891193016926       0.74639978489566283     
  0.55907888875105372       0.56987476512794055       0.62491631358767408       0.64898541485516115       0.63963264237215189       0.58802055806541831       0.62428824821584772       0.57969898622090787       0.71936734661376900       0.62118805692858459       0.61269882571369538       0.59367319131122365       0.70627774975032898     
  0.86696838942280208       0.84667190318954200       0.82534294561179800       0.76700933675918681       0.76953026498591148       0.76457005226783947       0.79240331623136739       0.76257330669921286       0.89284857642988491       0.71300428032385121       0.84889758098141910       0.84268199423616819       0.76167617785196051     
  0.56965198346552148       0.65093457282596734       0.57310808991627471       0.64688665913078180       0.59622905409367188       0.61873679457449859       0.60970213883335256       0.63784158767293053       0.67366050705910596       0.67472887797332215       0.60162783896472660       0.60301461405477674       0.63506847720565685     
  0.87723602911082277       0.85733642563320567       0.83818639703488174       0.78301742136314889       0.78498601595489625       0.78059862540537484       0.80861529259802067       0.77886754116155710       0.89889453463008007       0.72077767050445840       0.85891919174458498       0.85419051469649210       0.77683150795966927     
  0.59684542138492291       0.65357507863380315       0.66764061586707979       0.57662092837256185       0.61158075704185644       0.61489146796671390       0.59225599355499681       0.59397967759686354       0.64507123996510918       0.65154253906696180       0.65838694544438192       0.56935899856385874       0.62501768094532073     
  0.88761514360412075       0.86820305322940017       0.85065910860898808       0.79825431784790080       0.80014537148544440       0.79728723165354975       0.82485131050787686       0.79481549443057475       0.90489380132603592       0.72893062239531770       0.86870364137558587       0.86560717179967883       0.79190718057491183     
  0.59262202247128326       0.59758326133657080       0.64036965129872914       0.60298161969391084       0.60272752101215743       0.66890358738123801       0.62776372533121838       0.65083480620670331       0.57509226643360623       0.57134814137435352       0.58417136780237100       0.61085721399418291       0.70986142293774412     
  0.89809193615795313       0.87894030990496685       0.86311045576268475       0.81344340459978215       0.81511943597234970       0.81373800058151924       0.84099007458197883       0.81074519735748252       0.91089254418206744       0.73717695016018880       0.87844994148647848       0.87684525049618811       0.80714787526492371     
  0.58176123660890189       0.58170308044792984       0.63200579830865233       0.59247428552119952       0.64861387177609786       0.68547500023840491       0.60356655084135824       0.61792350925043082       0.58006475002586655       0.66028652049756875       0.56840185938881005       0.64053803364005812       0.60566249244173775     
  0.90826691414452421       0.88951640780039476       0.87566985996253188       0.82891954627234543       0.82947499607688524       0.82959195964604338       0.85669884595628154       0.82713966268646077       0.91689303871923811       0.74588131154441961       0.88832219139618651       0.88801386951592554       0.82258438027142577     
  0.65170258873932319       0.60216910468511120       0.60941753227927431       0.56401290174115926       0.55913645510408783       0.61931029822943473       0.62806117481329338       0.64807085876502479       0.67824413848533027       0.64097695073095695       0.62878882889410226       0.64033663212810288       0.64696598251794746     
  0.91849857538786539       0.90011644117471379       0.88812938593786306       0.84500360449080647       0.84420648639725371       0.84552527459656890       0.87212826567838797       0.84347687448444197       0.92288818575538534       0.75473558521373951       0.89843421256737610       0.89913243080830396       0.83814712063946484     
  0.58371781311991333       0.60707690758755117       0.57610389932276451       0.68436420260036102       0.64934495696768701       0.67719135152077281       0.58894721371368597       0.73764469542263988       0.65588057773695529       0.62053891570532815       0.62563878442302256       0.60264685952595942       0.58547509486232396     
  0.92860190604944648       0.91112283908529923       0.90023537057999203       0.86095421415721629       0.85942364653731962       0.86164836240574560       0.88651908139136948       0.85947341426680768       0.92897370575282157       0.76415079737630509       0.90847817338426162       0.91030407085918086       0.85439101417088292     
  0.60417200992444486       0.61450414356530403       0.61914001901411120       0.59866890897769998       0.62574060426707734       0.68275990199775871       0.65095501320214844       0.66129195801127805       0.62143483408799971       0.62942635328314400       0.61946116162415144       0.65724549160705681       0.65242517834805314     
  0.93849637940953667       0.92207672112358374       0.91236483281115421       0.87690795424269175       0.87474168572643485       0.87802880353123636       0.90082618516872137       0.87543524275999818       0.93500675290287161       0.77391828790085371       0.91858666266535982       0.92120620991910862       0.87046960714598398     
  0.65005514777650975       0.61190166320744155       0.58678943665310557       0.65620245743175110       0.60813972825839091       0.57407841528567360       0.61908889538297773       0.68379789607519914       0.81623412499619419       0.60048508248609977       0.59019192688274313       0.66430473745601704       0.59858459096986250     
  0.94761462000309493       0.93217415281948968       0.92384080120333723       0.89243135759308989       0.89087551119929453       0.89280385214990332       0.91395992581330265       0.89099205473578946       0.94075449745034756       0.78487543965304363       0.92864449378370750       0.93107564492267925       0.88577056330351012     
  0.56778711532274950       0.63483932543956656       0.62508260971479279       0.66762913813426839       0.60871305298455136       0.66354942532537098       0.55981520596064061       0.62035611645899214       0.65888019282273202       0.64530011110590590       0.65179166137755551       0.56633729903610086       0.64944466577613291     
  0.95676614826650741       0.94233853683428537       0.93516174932466389       0.90783316722288887       0.90668832876826788       0.90746895046516141       0.92711193793516455       0.90652516537452710       0.94655007168568994       0.79664202333785616       0.93876428413534185       0.94114270701468328       0.90136165825200032     
  0.56121688205058251       0.56961007010592257       0.66446171944892474       0.65262844341916093       0.62368249495185091       0.62404199328836063       0.63303594667781238       0.60035578033429027       0.63568421040050893       0.71701737262443033       0.58878598381338931       0.61227657474795205       0.57766240747305653     
  0.96590548472571747       0.95280650909667042       0.94648819230694947       0.92286491833339346       0.92223905268458972       0.92249144198360689       0.93989233444812581       0.92216043984747587       0.95258176558817687       0.81000092508234034       0.94929770403358649       0.95132882979495248       0.91706427862586004     
  0.58893205517219183       0.64347840781710042       0.61735895283138897       0.67969826730051464       0.60081557489143245       0.58229618166562647       0.67419779884471343       0.65646269580250594       0.68994101935532848       0.71254075675239470       0.59515597695553313       0.58964201170074515       0.60330855416774254     
  0.97465097350352814       0.96334351440322508       0.95781405398840247       0.93791803825298448       0.93776152123770984       0.93753410346151522       0.95274890749723962       0.93800172652941838       0.95846074798931147       0.82482216252055640       0.95974380445516450       0.96143518341506695       0.93282482526852362     
  0.63120555438698134       0.64053227439792615       0.68854865639689233       0.57642578038958736       0.62025537400998576       0.62832594495323735       0.63526548478545741       0.61967264969609825       0.60960848577073845       0.61323339731073234       0.58926104662497536       0.63709255209512805       0.58169629057353722     
  0.98252448981139151       0.97312143205503931       0.96810171381348142       0.95309103359545888       0.95372743816153804       0.95358698121803820       0.96473779872019827       0.95369018771697933       0.96594360729973661       0.84438949492393434       0.97002647681793119       0.97122461791826342       0.94955818768522082     
  0.56911061567603005       0.59363982829005346       0.61067064504391166       0.60184862975483955       0.58616309684210866       0.70478482617063087       0.63593427483503251       0.72526019215079129       0.69553818346769469       0.63922589209092096       0.65637471589203000       0.58541531660174040       0.63410963894168626     
  0.98947830144896232       0.98272345551484497       0.97859295048280159       0.96814138252456428       0.96993318673812723       0.96965422775034926       0.97691514641063804       0.96918165314922766       0.97384600013335421       0.86942294714582480       0.98033268273451812       0.98097575456961883       0.96603934001422764     
  0.55345865281721973       0.65543623199807766       0.66751265622000844       0.63094492189851858       0.74510404087578141       0.62910169683291184       0.62795542601576593       0.62659358232010431       0.67524122850311707       0.63460272235713622       0.61083418059639827       0.61407362772487739       0.62918778300625433     
  0.99489173086567595       0.99149320290674980       0.98932282262203253       0.98413831886386183       0.98494718950216287       0.98477435507326838       0.98839753643369932       0.98471609000323113       0.98595456069346188       0.92105546052893028       0.99023399022193381       0.99049410531743109       0.98310754771094377     
  0.62600592854492765       0.55992797759856328       0.59212483746687461       0.62181343770530983       0.64986073308574033       0.63011721948283839       0.64727307849277949       0.60966233554483684       0.68521611428131290       0.59608949815423551       0.58173036980878778       0.71450338523937384       0.61727391078742333     
   1.0000000000000000        1.0000000000000000        1.0000000000000000        1.0000000000000000        1.0000000000000000        1.0000000000000000        1.0000000000000000        1.0000000000000000        1.0000000000000000        1.0000000000000000        1.0000000000000000        1.0000000000000000        1.0000000000000000     
   2.1700783107232819        1.1423781414199803       0.60146472541540086       0.58360849072516441       0.62795985607528704       0.62024252001995406       0.68455994892282024       0.65667363735155260       0.55180826879138467       0.55180826879138467       0.60575352682396344       0.64641026761732689       0.64458523853926664     
   5.4317703464267657        5.0117205275503292        5.1640204851108118        4.9579969635414320        3.9825994793450361        5.3346537635949707        2.6382873195628318        5.2906953210486236        5.4698276642270240        3.5500995752613385        4.9568236194540374        5.4103124129291302        4.9041999089126769     
   5.2113322503948165        5.1051819271480161        5.3536250263453509        4.4078907922058441        4.7943016404846901        4.8636439301575374        5.6706554708910941        5.0242974629356683        5.5484877534449284        5.3859427245395475        5.1216684683815910        5.3084712127802991        4.7523396881023769     
   4.8131623315616068        5.0041223857323338        4.7867455313231941        4.2945176326928634        5.1390555829464910        4.5421270203929973        5.9494930121841039        3.8190858249044899        5.3793150560878251        4.7749873599915604        4.7506002484075953        5.0319115314571539        4.1847419797440839     
   4.3085769708645021        4.7752070247618859        4.9729659510349533        5.4869414891077630        5.3794815393266919        5.1914481296504063        5.9625164842781180        5.2308114527494416        5.6278755663676217        5.2581685233087612        5.0782852123571596        4.7534080298218271        5.3459872252817684     
   5.3870489295074888        5.3217160474652996        4.9521354072297710        5.1685245196615046        5.2619154655930975        5.2426307235900502        5.9746986954385557        5.2654380186936161        5.6456691340846579        5.3138683527846977        5.0294912166512633        4.6531585976537055        4.5949181568167292     
   5.0139501460029878        4.2156601754203367        5.0962844391519289        5.0514820553270541        5.0749921212653701        3.8495537864576690        5.9590223455737972        5.2954700770652474        5.6427115503757612        4.4993162650716885        4.5370409734804502        5.2471789246077272        5.3015003617832361     
   5.2630152516814750        4.9695701249732709        4.8362192230913301        5.0739154656316305        5.1754707736693408        5.0999375874716950        5.7130441909254710        5.0317892934854598        4.6597542143343507        4.5825080250629746        5.0508805392745559        5.0481256428610903        5.2801360696101947     
   4.7992319953802740        5.1405979650207412        4.2916728556499253        5.0522176179494647        4.4686568805551286        5.2320748232756982        3.8343351386949447        5.0487503892481547        4.0309807472352519        5.1179184777448805        4.9324313386728837        4.6836379685937004        5.5025000245249629     
   1.0531976314113359E-004
           1           1           1           1           1           1           1           1           1           1           1           1           1
   4.3803811626171100E-004   4.0651414431049971E-004   3.6777319692173804E-007   5.0705595438266622        2.9049293250872574E-006   2.5601961353011080E-008
   1.6219913449918669E-006   1.7150315932864570E-006   3.2474537492987610E-007   4.6957549870527727E-002   3.2452656220137380E-007   1.8917738944070162E-009
   5.0000000000000001E-003   4.8824003828343860     
