 -0.00000001674700220  0.00000047193513303  0.00000105591822124  0.00000200017068417
  0.00000322363476437  0.00000482805692109  0.00000670757959892  0.00000814179391587
  0.00000956006851801  0.00001080593819483  0.00001206672173485  0.00001337086071827
  0.00001433435932236  0.00001500575034901  0.00001572338094423  0.00001653024733612
  0.00001722501779324  0.00001791101423476  0.00001862039586040  0.00001941100329458
  0.00002048032483827  0.00002220675330794  0.00002358966486006  0.00002476550804283
  0.00002574541856323  0.00002660493904693  0.00002747016465943  0.00002846334869239
  0.00002937962906808  0.00003012200414908  0.00003073706241253  0.00003126154951879
  0.00003174252471871  0.00003220464577501  0.00003267295749649  0.00003319887557874
  0.00003380119851630  0.00003433358585396  0.00003479769459804  0.00003519077594281
  0.00003556503510422  0.00003594318267614  0.00003634624141017  0.00003694280978764
  0.00003772366738503  0.00006287632052011  0.00006433752705691  0.00006539241144125
  0.00006620754715753  0.00006684152137165  0.00006743860267616  0.00006801908359417
  0.00006863630226443  0.00006918731396558  0.00006978846861317  0.00007033617661391
  0.00007098184920880  0.00007160532506087  0.00007225347328248  0.00007297865212329
  0.00007378621939940  0.00007492828892851  0.00007621028202378  0.00007778997450024
  0.00007941043242045  0.00008109735990197  0.00008284613250364  0.00008470937753680
  0.00008666254739381  0.00008870930152947  0.00009104195258255  0.00009362316372683
  0.00009643304335087  0.00009940170820158  0.00010256490751198  0.00010617569850407
  0.00011055571365431  0.00011600670703057  0.00012354526326557  0.00013371409152659
  0.00014382839812456  0.00015697986576433  0.00017279694833742  0.00018925566577878
  0.00021332552493247  0.00025313425871049  0.00033009930666044  0.00041559667588614
  0.00051471813075925  0.00062542743821394  0.00075099528657106  0.00086701474696597
  0.00107851580837464  0.00142022399552889  0.00223530828405143  1.00000000000000000
 -0.00000001298817094  0.00000027943997446  0.00000083797387183  0.00000170386907472
  0.00000278825614289  0.00000379436858975  0.00000492692707039  0.00000615271162453
  0.00000774756452181  0.00000963903564486  0.00001126770490044  0.00001266656262593
  0.00001404468755085  0.00001544930093360  0.00001694345757641  0.00001850600940161
  0.00001995294119224  0.00002134434005114  0.00002250267062307  0.00002356728816271
  0.00002465415379646  0.00002584698859297  0.00002704044955378  0.00002805306796029
  0.00002891085208901  0.00002962579741072  0.00003016435355272  0.00003066028516505
  0.00003121485596757  0.00003175323982208  0.00003226117627723  0.00003276093909846
  0.00003324707815340  0.00003368474658986  0.00003411574841497  0.00003454261211168
  0.00003495901228604  0.00003534180803206  0.00003566371261194  0.00003595783896386
  0.00003635384011852  0.00003682809126484  0.00003741332851359  0.00005682586629696
  0.00006333780371172  0.00006440799663001  0.00006527509157552  0.00006609710493821
  0.00006686180103988  0.00006762752028950  0.00006847610755980  0.00006939122112272
  0.00007037415132715  0.00007143801283323  0.00007262925687492  0.00007388338375264
  0.00007520970291049  0.00007661079662578  0.00007785120258243  0.00007942392853407
  0.00008097892880256  0.00008246164405405  0.00008385691382756  0.00008525063791512
  0.00008668591332511  0.00008830093856040  0.00009019115528537  0.00009213971227575
  0.00009399032419180  0.00009615925427131  0.00009851229495595  0.00010129959144553
  0.00010454579769938  0.00010827179157821  0.00011223789479302  0.00011608838190799
  0.00012148140232786  0.00012751256563693  0.00013511685542765  0.00014465422304836
  0.00015651726619230  0.00017125911864501  0.00019043612558645  0.00022025229266344
  0.00025831176672678  0.00029607387479176  0.00034050661246902  0.00042016025496726
  0.00050755799312093  0.00057789402498764  0.00069272573055207  0.00082745773981103
  0.00096635819779765  0.00131870863160989  0.00219321710258471  1.00000000000000000
  0.00823520062686477  0.01778309058292372  0.02957948034925386  0.04130111039875744
  0.05253000141570609  0.06443810485506224  0.07827831948462707  0.08791185280095849
  0.09485690933240168  0.10068971436762995  0.10375854075912751  0.10690774327720806
  0.11000807804245907  0.11450447007992631  0.12279273513597962  0.13194344282472348
  0.13980572823540593  0.14728003188050462  0.15631161924333231  0.16651198069160278
  0.17430992550786531  0.18409603620451173  0.19245740791562668  0.20170353159824711
  0.21037540531416934  0.21857583765945673  0.22765920554818347  0.23821383538061311
  0.24811609075824068  0.25451931507787029  0.26013018306702324  0.26712246380005006
  0.27609087940116284  0.28600252778337337  0.29439010407643668  0.30160074438141327
  0.30836426910658532  0.31678483584235556  0.32849607272070291  0.34278944234501380
  0.35596291547599040  0.36954740208402675  0.38338346189864431  0.39671816508428098
  0.40813629984874089  0.41657033346320693  0.42341635578414949  0.43217531143900234
  0.44325480925831084  0.45249756104679212  0.46086860013543290  0.46964423058544252
  0.47864804217559070  0.48768426928199998  0.49759636338016061  0.50977978281547276
  0.52277657059377569  0.53573507698562572  0.54991738730595463  0.56258591773655964
  0.57187773013164389  0.57773937497686667  0.58328096034415522  0.58902037653939199
  0.59721673781237239  0.60693968855112945  0.61794070913853827  0.62940347539086972
  0.64103672641540421  0.65550668288171943  0.66766472931867571  0.67997836215336649
  0.69404769809182132  0.70755494441420652  0.72043842050412876  0.73460319790318762
  0.74958289803112543  0.76416784121724113  0.77879482191819505  0.79353047813326216
  0.80699840355925900  0.82005909049399428  0.83374526638215940  0.84873990693905221
  0.86490123696876331  0.88127549565333563  0.89661507918339656  0.90840053195910397
  0.91726350785147759  0.92420532285367896  0.93092713539592276  0.94017455446085230
  0.95367124017180993  0.96521121100078777  0.97673555933962697  1.00000000000000000
 -0.00058940508726160  0.02068224644719191  0.03567476283902152  0.04706214148522748
  0.05573193737899233  0.06364257708614635  0.07237515705375058  0.08192449552925546
  0.09162053940502077  0.10246425651113227  0.11497626041456549  0.12753566484668727
  0.13899783443738012  0.15025873927188854  0.16265420824837273  0.17733444034394519
  0.19540140400428110  0.21405106300816815  0.22855636415373720  0.24024067757837772
  0.25185051779345580  0.26449051055932998  0.28043299709247754  0.29786704720815094
  0.31184929448328996  0.32332809711810245  0.33245710315346744  0.34244186923679421
  0.35280270797397906  0.36463683528586599  0.37541606833748298  0.38231498538654130
  0.38785202902551341  0.39469631556819951  0.40112373180162891  0.40623129406139230
  0.40977663400877179  0.41317480085024333  0.41681947744055559  0.42249491382099180
  0.43069849681209715  0.44037361929419050  0.45097623162247574  0.46009980349670954
  0.46843178819884124  0.47722632436133133  0.48583107627430011  0.49485869803141080
  0.50543473890422230  0.51743032718023396  0.52968833533504722  0.54053160040366344
  0.55141513974593481  0.56515017204169571  0.57695744229338397  0.58820228756605131
  0.59681408954218174  0.60676802980366540  0.61742093854266267  0.62873240049443568
  0.64125564289653370  0.65506366450416209  0.67004378345122895  0.68392904371808494
  0.69289685475699592  0.70011099688997314  0.70779866254966239  0.71828132378337017
  0.72885551433091500  0.73786019109467949  0.74616238973898585  0.75845146355062854
  0.77677070625333600  0.79363229000625723  0.80864701171630105  0.82202371019305842
  0.83359003557218603  0.84311966890613665  0.85215550511473748  0.86194454891371530
  0.87066118642816170  0.87893331887139003  0.88879068290388075  0.90176062197674112
  0.91727709840401583  0.93026781164867300  0.94055412624596479  0.94729383771638387
  0.95606837505452358  0.96347368796422206  0.96852187498100895  0.97373567795005445
  0.97872689566789695  0.98405186789080068  0.99254297110943035  1.00000000000000000
 -0.00038952016678131  0.00193776660185991  0.00392118870226261  0.00670074858033636
  0.01016466243487899  0.01462093887720167  0.01917509477690489  0.02186739310020342
  0.02487633471199681  0.03078102139518061  0.03971475562104936  0.04946616033664479
  0.05531837066667748  0.05976261621611461  0.06348515324946952  0.06725414592832404
  0.07299965653411222  0.08078003439673645  0.08922232445814945  0.09717931710015577
  0.10643054800365259  0.11422785182318559  0.12226278534098668  0.13002315049744931
  0.13731830079539606  0.14516369553924560  0.15376428396004699  0.16212109980843306
  0.17078967041246026  0.17983078514384440  0.19079106503759352  0.20595148152828982
  0.22055189317110083  0.23052051616170541  0.23948570026608723  0.24942103334078314
  0.25843047240876676  0.26748177714959870  0.27754761266227224  0.28851640010519608
  0.30045024773890749  0.31275649040506037  0.32701954999063504  0.34890960119037612
  0.36834543658412461  0.38675779218825546  0.40368371059901886  0.41822536396632259
  0.43183200308030978  0.44095049081760479  0.44982037803905239  0.45879011524199287
  0.46905493991792507  0.48042487109342369  0.49155694729460325  0.50117932284319822
  0.51039124817243409  0.51963279525481199  0.52988422390905854  0.54179267346638649
  0.55454222726730507  0.56728580934974704  0.58075381926180047  0.59383963612898139
  0.60603955322874803  0.61700166683823643  0.62689683371038696  0.63619688555498766
  0.64493490428850664  0.65522162413164076  0.66768781638356389  0.68195533632786098
  0.69705689838601959  0.71171230878472702  0.72501435116105917  0.73822505705496078
  0.75173454178991050  0.76291862825213697  0.77393963301261648  0.78831862154375665
  0.80404044148292109  0.82096126052504348  0.84166326127884539  0.86156385064085839
  0.87649499871109715  0.88771168415232460  0.89721301134051068  0.90587437291074502
  0.91559534712307300  0.92693523573879033  0.93919641130506570  0.95167248076748745
  0.96551984276334679  0.97767751084411325  0.98918083684060643  1.00000000000000000
 -0.00456696908835950  0.01499578856941415  0.03167710075810650  0.04622472316142773
  0.05617120596678163  0.06418654825973311  0.06960868797674509  0.07460471531255372
  0.08028659890827432  0.08526658331099922  0.09130933623417009  0.09852438363903622
  0.10491948763050996  0.11100917943835661  0.11789230981035421  0.12524085304734825
  0.13212516346064093  0.13829110713704248  0.14547739254477354  0.15236592995841577
  0.15757004601692998  0.16261380996038011  0.16810907465986136  0.17352821874787697
  0.17851105305004961  0.18410130897344859  0.19287456396039504  0.20500402026627532
  0.21447369222521384  0.22138534314250158  0.22885229083839709  0.23597836840390060
  0.24335838535349447  0.25283906501512921  0.26819744897310183  0.28646997514101114
  0.30354617770219561  0.31762936147484744  0.33013501395690659  0.33971265094229852
  0.34841931792496150  0.35984253469870553  0.37167259964153115  0.38337131927494722
  0.39675803266279502  0.41144172420272657  0.42762387285821024  0.44159283180261261
  0.45400814682469609  0.46474994994420393  0.47569900445344337  0.48803240751548826
  0.50219948527664959  0.51611897763347769  0.52775997501761940  0.53860950979656952
  0.54837214796869893  0.55755720649196894  0.56644358903950631  0.57436274534460674
  0.58111870971252710  0.58673984894866027  0.59190790882505495  0.59769256839798768
  0.60510922882634977  0.61522053413897593  0.62842689309172717  0.64329187624361861
  0.65900658791334543  0.67371706102810935  0.68851558294567339  0.70358765881195429
  0.71456529013557490  0.72705225555236275  0.74068912461710945  0.75457281408837473
  0.76886279129840551  0.78300096461235102  0.79783243345368948  0.81531403672827241
  0.82887456531426418  0.84053073625232111  0.85114010584302557  0.86274727319720557
  0.87689520489538131  0.89394819281114413  0.91081548663566347  0.92596421114576533
  0.93705495765285329  0.94369227865960958  0.94979232537249902  0.95888245420532625
  0.97209791404302981  0.98169109732252258  0.99090651585621181  1.00000000000000000
 -0.00470030030510875  0.01237268558458653  0.02735073738182848  0.04112563482898270
  0.05507030311427769  0.06954774890476229  0.08378126595143992  0.09874996273353177
  0.10913418006627085  0.11883481437921013  0.12906751671043079  0.13892998924706376
  0.14602334319849830  0.15243666361951394  0.15919500933724348  0.16505695150274544
  0.16955312152189131  0.17364072646315887  0.17811069121325546  0.18406544497870928
  0.19033530556204087  0.19908690602612344  0.21028464333607308  0.22696770086064583
  0.24017595252255089  0.25181152983840693  0.26168307095049442  0.27005369698833404
  0.27845016706854464  0.28926132307238206  0.29992882404896087  0.30634325995109452
  0.31129582473523348  0.31667112250845580  0.32273344060219461  0.33011053459848910
  0.33903071221389286  0.35146858119040059  0.36435697459140498  0.37772867996813286
  0.39170033297589685  0.40414991136962786  0.41494104607853766  0.42484301180831996
  0.43417079372989564  0.44370608431939390  0.45364969283186701  0.46486247598255775
  0.47802969711446697  0.49248433772906819  0.50706921518997794  0.51753579304131891
  0.52592824787857184  0.53441266046281821  0.54391152940608911  0.55377948332632565
  0.56338958956555341  0.57175507515527890  0.57846514207407829  0.58642275037028901
  0.59559483138415603  0.60536674028681214  0.61391973332951510  0.62229062851091488
  0.63322486604190087  0.64647817037805055  0.66207226566211808  0.67541484876180558
  0.68703645920943057  0.69844535363014049  0.71041593856775953  0.71995917444641522
  0.73117146479846118  0.74078842201750472  0.74844832323263077  0.75527860455948492
  0.76324136875410376  0.77155884637780492  0.77978199465214859  0.78808720934496945
  0.79964505858953805  0.81093707491719624  0.82210639830616372  0.83626021310756982
  0.85223796982803190  0.86832872624833202  0.88402792068129299  0.89929424267070190
  0.91339725238262570  0.92930775306764268  0.94536664454700603  0.95854177136160046
  0.96763871914260047  0.97872377450851822  0.98952246946005118  1.00000000000000000
 -0.00406637322199149  0.01341429805605699  0.02909924783300138  0.04459480263915012
  0.05915018285068597  0.07352689857866741  0.08826738649072154  0.10283606509924922
  0.11659946182317901  0.12980442074795562  0.14430334594562119  0.15835211375859831
  0.17020088422778698  0.17780500699559718  0.18590288275718087  0.19556583851219614
  0.20294839464633987  0.20783670447734831  0.21278803321944689  0.21800281433034135
  0.22633392638249086  0.23741235923658571  0.24650963605677395  0.25567151609428090
  0.26582335841985699  0.27721831200707586  0.28910821345403109  0.29587224085108760
  0.30421903283659618  0.31240999713592438  0.32034195298580881  0.32931004178460338
  0.33975450303286109  0.34988541556040320  0.35686117842001180  0.36153590000440072
  0.36691758076669301  0.37350481083730941  0.38497569546039412  0.39946640338486022
  0.41221145639140389  0.41912228568132476  0.42589618083346775  0.43195776719812690
  0.43762749073268137  0.44470166725203975  0.45295099832733349  0.46178366269905025
  0.47131581309187287  0.48253964525578136  0.49666496628105594  0.51049938028716635
  0.52885553192268386  0.54230198451669365  0.55050870372025495  0.55894563119010987
  0.57012636845649722  0.58137379285886426  0.59057067276191333  0.59670634987744686
  0.60189094877293059  0.61302507929369732  0.62521193481425208  0.63497858036327781
  0.64296608901603913  0.65197097694232364  0.66058366723992512  0.66923715333473899
  0.67777128010464538  0.68670443620341404  0.69717762672921291  0.70854094181311567
  0.72034516911491575  0.73290716329276251  0.74427502219850739  0.75527042932621524
  0.76461934785635621  0.77500528954442260  0.78608513114594680  0.79712258901721622
  0.80859911079442992  0.82202001513357548  0.83679901654350575  0.85269019155968340
  0.86820924720337533  0.88239569752875335  0.89516297377059406  0.90682776406584331
  0.91725011272263435  0.92679766220054793  0.93712559735049883  0.94890992801383955
  0.96198902396984542  0.97494772794590501  0.98775070973028090  1.00000000000000000
 -0.00154862313336106  0.00649853154120186  0.01345215244376612  0.02168359807740603
  0.03063661235317004  0.04077453068864086  0.04805943645163927  0.05522646780970901
  0.06212862086316912  0.07192408979489967  0.07931322220776821  0.08931419202598810
  0.09960341024799874  0.11138925438701425  0.12249430714819790  0.13529818487917605
  0.14315416011815585  0.14828942687806951  0.15188058661163195  0.15515535825540178
  0.15856090425024166  0.16218164964701420  0.17127808303644107  0.18293475679095486
  0.19588355421371778  0.21035855827869482  0.22479801811680752  0.23824573791833104
  0.24936987056337651  0.25712424080867857  0.26618197867818966  0.27686403307254132
  0.28758758937915696  0.29628422473402971  0.30367000976468428  0.31024937518079532
  0.31923711342330363  0.33046000389068064  0.34257309366634719  0.35516249497490843
  0.36808678326643113  0.38194637110006641  0.39774127658976427  0.41339098926909162
  0.42962988281039444  0.44659540944264892  0.46290986339155304  0.47753906976103405
  0.49152630456892404  0.50638331844322526  0.52213626685519965  0.53787410079777409
  0.55091468498273599  0.56230595175511144  0.57242505337672600  0.58335812586010993
  0.59472502027109231  0.60572662463610849  0.61433856307298895  0.62365852371268737
  0.63365942802522546  0.64292725573733378  0.65098511015320060  0.65954877111718313
  0.67221962172765026  0.68278714050336697  0.69204913308339144  0.70085528424257382
  0.71060916895615722  0.72068462437384628  0.73105498529209412  0.74091260017676075
  0.74979226230255158  0.75971371013156808  0.77063942503124927  0.78265812165666682
  0.79469855167757608  0.80581132878613060  0.81881171593212632  0.83128340735415895
  0.84401385199621459  0.85639648353428166  0.86848137439573925  0.88109524242855541
  0.89380801299739476  0.90464759955122009  0.91446470674514568  0.92457159625842156
  0.93787885396688631  0.95055616165871548  0.95906897576703953  0.96754224107600995
  0.97498536166915239  0.98447818840708901  0.99297009788524127  1.00000000000000000
 -0.00616006383061071  0.01854089255602843  0.03328179293576113  0.04228371813146386
  0.04781108109895846  0.05290562934891187  0.05767578555838104  0.06208434467982331
  0.06805437055994876  0.07787815722980213  0.08842978943995475  0.10027907493778926
  0.11439834453059747  0.13173191255719113  0.14685185971420578  0.15537132942669549
  0.16500186708704889  0.17474759639678303  0.18254606753486188  0.19030801485454305
  0.19972135526262377  0.20857490646704380  0.21959278306905150  0.23198942247257828
  0.24591746089376734  0.26244191789677668  0.27657739523832198  0.28677680940707378
  0.29600237295192106  0.30374503858566576  0.31105034671821136  0.31825281248128318
  0.32550813675792023  0.33254697378422327  0.34219966489568221  0.35343209157521704
  0.36496102107155654  0.37504524706691977  0.38263349521813750  0.38859831350427348
  0.39463617526332950  0.40179297083775201  0.41165249059889103  0.42205291026717945
  0.43089151402957820  0.43774912902840746  0.44349178897964581  0.44933947449938566
  0.45651724401431032  0.46498438264104397  0.47396149388217340  0.48283655048616675
  0.49403268239566689  0.50870002108894463  0.52411972104216675  0.53795483063749505
  0.54937040709386853  0.56009974300316456  0.57157593496045644  0.57869455301144079
  0.58689746811729759  0.59718170304908968  0.60944804752338877  0.61820654992580859
  0.63166616354631722  0.64645332408297496  0.66094768857544728  0.67809375573549280
  0.69662756458730080  0.71485590102718011  0.73323856991715219  0.74710143643904148
  0.75801571859791228  0.76644320009082656  0.77337450246326589  0.78047015889367299
  0.78898944667074722  0.79607073599992328  0.80232424900536059  0.80911803263917126
  0.81655560594407028  0.82980173494842491  0.84309071684897996  0.85652936608410579
  0.87095006323283730  0.88389204118583720  0.89706742843307052  0.91123327916018237
  0.92570150333324375  0.93911956812522279  0.94992765072419283  0.95933836250112858
  0.96822175561204671  0.97726628823970174  0.98745304982340976  1.00000000000000000
 -0.00189258365178911  0.00833575503648320  0.01719335648255699  0.02610019187285112
  0.03319171154759518  0.03847229976833640  0.04385583514526054  0.04933246855563303
  0.05573520919175482  0.06613715542869822  0.08007699388930697  0.09418982381340368
  0.10637940205539498  0.11735698009817519  0.12551633580143312  0.13476012126564998
  0.14404147779515369  0.15336275056196128  0.16309230773556455  0.17384856658010622
  0.18516986471676464  0.19639685099222925  0.20634676484379005  0.21634502911229489
  0.22647589314119917  0.23707897783416582  0.24802215568650587  0.26010404786104691
  0.27493712183109159  0.29057365680020325  0.30400802964431534  0.31426509237838418
  0.32116220451606092  0.32660085685520091  0.33296803696423061  0.34003100263065278
  0.35395228691131836  0.36501019838315096  0.37324094266872637  0.38089429233635547
  0.38901610497919942  0.39667765564290725  0.40373348765399547  0.41126875853525441
  0.42140277556275801  0.43483423187279885  0.45025798335929756  0.46566292363354084
  0.48179358699027519  0.49600164519553086  0.50600380075790474  0.51686650910888954
  0.52835720990605228  0.54004035469371292  0.54967944093665333  0.55735213984491483
  0.56570170961600941  0.57669585448834471  0.58778622152363391  0.59914729307796910
  0.60453765826436212  0.60935975904772532  0.61492808038818747  0.62179107287934487
  0.62893335477902157  0.63508934532266648  0.64176700110350349  0.64915757399559548
  0.65667812149248006  0.66231384459348086  0.66917411217019007  0.67916478498435406
  0.68987381213648535  0.70039182506869679  0.70970079283438958  0.71894949281111220
  0.72697979395814216  0.73376632937551955  0.74262973800296461  0.75374665659310536
  0.76588683218306119  0.77849396404274251  0.79542649888260564  0.81598064506200663
  0.83521435669243627  0.85167895168993824  0.86768692769174960  0.88498986078991781
  0.90388112799690512  0.92392281272921617  0.94109518535335990  0.95504551626051570
  0.96560457464560179  0.97740454024149948  0.98897274880997377  1.00000000000000000
 -0.00119313880073113  0.00719025502885511  0.01543029522644559  0.02269138691892103
  0.03081139858963828  0.03937553772644026  0.04798784966275540  0.05334936099438078
  0.05881258482527951  0.06437489785323322  0.07133817513331944  0.07821256852779034
  0.08520972974295182  0.09343267793827878  0.10231452866424538  0.11149164799457305
  0.12339254736002481  0.13536919494011404  0.14603902730729584  0.15671468430059873
  0.16779001898932713  0.17951156345909119  0.19238279338564013  0.20724954222883735
  0.22302355673009797  0.23592481186915398  0.24747066175040511  0.25803120859300616
  0.26753309389170776  0.27762691609074963  0.28846734870553692  0.30020970430102828
  0.31328812212500640  0.32124529969147636  0.32909570760565349  0.33693866404862793
  0.34519928897202512  0.35334991848612418  0.36300775791314455  0.37822430026597559
  0.39030841521745213  0.39973572887693254  0.40605109604048745  0.41448433448396960
  0.42455737155051343  0.43387874610016491  0.44290167719066942  0.45295679958602364
  0.46511341481043533  0.47537038692637112  0.48399097692476228  0.49210761496623517
  0.50073934570658241  0.50844261074339914  0.51569986298407078  0.52362824839398481
  0.53499683756337457  0.54680162121875919  0.55794650778351573  0.57092670452358751
  0.58501854363944350  0.59391137915339587  0.60190599473973672  0.60774875105115012
  0.61327062021861545  0.62000610719363802  0.62781946940532263  0.63829596817884016
  0.64892622653630505  0.66003774401989679  0.67295690376005879  0.68671932409279635
  0.70156697307571281  0.71632053152094710  0.72731730813868822  0.73860159072948217
  0.75000487694568962  0.76189371984706433  0.77507847056485768  0.79222809688505880
  0.81143854842990493  0.82979721952957985  0.84657681628528214  0.86037061291808425
  0.87227332266560509  0.88519109354499204  0.89984039017394923  0.91299467129611245
  0.92366745060247601  0.93430975315820997  0.94596952780914845  0.95635625423495885
  0.96645115756577016  0.97767068851537109  0.98929991064437794  1.00000000000000000
 -0.01257123234533092  0.05481918956836733  0.07810421178227364  0.10017638987644384
  0.12298644350182518  0.14204776117754880  0.15524750210059446  0.16618198151706909
  0.17812684295238532  0.18781354768133293  0.19811396840383205  0.20874399703946500
  0.21986757997254017  0.23337936629208988  0.24679710345334874  0.26039892973212087
  0.27423010587800650  0.28807918058267551  0.30092949098552219  0.31163283250875540
  0.32049174552469484  0.32869552159023890  0.33656390557074228  0.34409956468651198
  0.35141034698744728  0.35869100081688055  0.36601698803295746  0.37359122276957490
  0.38166901568867567  0.38941817303282866  0.39601026395295724  0.40144007658699637
  0.40650855325619734  0.41034883802409106  0.41440807352293874  0.41920992117204031
  0.42521803104983069  0.43415376942631140  0.44666040923458333  0.46098585177482704
  0.47396044575168728  0.48660402067420888  0.49777740728841496  0.50564384403317408
  0.51046974305604187  0.51561468600141025  0.52063194647276401  0.52583222324737944
  0.53103910650289066  0.53553678391703263  0.54034332618682801  0.54497782051279997
  0.54996103391315099  0.55486914905039353  0.56004271638343317  0.57122535931670460
  0.58385713753996404  0.59596588399175665  0.60787451184526764  0.62040993553802415
  0.63174962924814215  0.64333127641232801  0.65508791086395723  0.66578630372540248
  0.67093561955275149  0.67733520063577668  0.68262057893773764  0.68750912220899518
  0.69298356351672241  0.69894425899940604  0.70522075487445490  0.71180390004989003
  0.71913733209437924  0.72777141336195184  0.73971667872687197  0.75431527814020782
  0.76730150633350547  0.77597476696925061  0.78408899139391874  0.79142503199649428
  0.79979823610213829  0.80685063702645243  0.81407701486163264  0.81928798669475522
  0.82485740877878444  0.83128758630502431  0.83790140053825601  0.84403005584508017
  0.85161428538247430  0.86532726085226275  0.87955432941381184  0.89202050608514483
  0.90949519950708602  0.93178001683649592  0.96186507759465467  1.00000000000000000
 -0.00116529677017678  0.00597470226111165  0.01597261440217958  0.02511760145815343
  0.03193507601368342  0.03807484374418665  0.04520116268409574  0.05316635513821386
  0.06078284877466740  0.07353462562470606  0.08395084824905377  0.09232917084442989
  0.10063222667561508  0.10888169680073032  0.11686769123109314  0.12552882156513426
  0.13484805874626543  0.14291101276171167  0.15447140419474109  0.16573178525390475
  0.17650583790039914  0.18600912813079062  0.19445955991015845  0.20329978990789924
  0.21073018690791745  0.21844921108153720  0.22707688514062918  0.23699945684961424
  0.24585740946728427  0.25177983698473638  0.25679921389962734  0.26253939805400067
  0.27180536413343998  0.28550125650133718  0.29909005546434453  0.31115544452058880
  0.32360234703705859  0.33573442331565212  0.34432322573066221  0.34892785975630958
  0.35457708671953941  0.36157035040733349  0.36751337962221914  0.37440921295918095
  0.38302158238232764  0.39287859940232517  0.40364314828092934  0.41482731217562169
  0.42388364701876330  0.43302503436766443  0.44158133909222019  0.44791655669208724
  0.46068292948533657  0.47317057684604363  0.48580328969498626  0.49931761588806772
  0.51480202152160492  0.53345356503281482  0.55311426354067905  0.56960920362745637
  0.58658099002663933  0.60395646828285188  0.62127114331544531  0.63465742805787706
  0.65134125806652987  0.66586017263537656  0.67841211250722455  0.68815303674424888
  0.69516459338952874  0.70172754138839699  0.70911333761890660  0.71679759382131769
  0.72500669492798098  0.73221445970789112  0.73751535459001072  0.74145399606144746
  0.74583413820994027  0.75327154858875245  0.76364130594059643  0.77799761640505083
  0.79190630622954805  0.80668927768725163  0.82013448826807778  0.83341968116344090
  0.84767907654158181  0.86324136736474200  0.87766930330602067  0.89106564307265335
  0.90344261769343837  0.91434572871169539  0.92671381303705802  0.93695844089834868
  0.94662727635317967  0.95931510524608499  0.97785542514111812  1.00000000000000000
 -0.01988637327723647  0.21340742926937151  0.29055591543248205  0.35551481182799216
  0.39875316772002056  0.44342670734710327  0.47768888858164849  0.50021599870158651
  0.51807472573371849  0.53131300242577950  0.54424424383966363  0.55875251763146716
  0.57097861949685158  0.57987395705870370  0.58976366865614083  0.60248582498215886
  0.61379410643904253  0.62466115784091580  0.64198755235637439  0.65393923439149781
  0.66068147437943037  0.66777715196331677  0.67406175242483013  0.67947173588842380
  0.68515947582266001  0.69129805141723899  0.69816947483206349  0.70530346652849318
  0.71497634811698851  0.72562804143385240  0.73358844700674575  0.74073038751800746
  0.74758027056531606  0.75439272556785886  0.76146626482835911  0.76896399392179182
  0.77643677337573280  0.78348806109154190  0.78996586670701296  0.79569220214068415
  0.80029975431350020  0.80461265985308683  0.80875929682049730  0.81282899618779769
  0.81717255675008249  0.82217585535375370  0.82819878573275163  0.83406013603300899
  0.83974705659413518  0.84447113085241599  0.84802257546406257  0.85124558262890249
  0.85428579299367469  0.85732283570044432  0.86046056917813518  0.86359534279031047
  0.86709396626383983  0.87019893572299811  0.87338792777636265  0.87646704531421993
  0.87955123960871784  0.88295081575629830  0.88653816657031759  0.89015350414207361
  0.89350861016798144  0.89671351808638278  0.90003097826350209  0.90354251471426505
  0.90701371886962379  0.90979854812718608  0.91203443472925627  0.91437912883356731
  0.91628706673777227  0.91793467161367592  0.91948308766719589  0.92141510682356575
  0.92392948273762920  0.92695187518826283  0.92995081060094809  0.93275504748425275
  0.93548809696952906  0.93908360005288460  0.94297740482241155  0.94718411852944695
  0.95119901969153120  0.95495384518951165  0.95857449835501629  0.96185288086769904
  0.96495231752404620  0.96790324410222828  0.97075077072178917  0.97393574185071741
  0.97736194090800743  0.98188372120445533  0.98931067850639720  1.00000000000000000
 -0.02651140085817637  0.12719937304537082  0.19935556309946953  0.24350951844468638
  0.27094618200672943  0.29164325352399223  0.30868803221418645  0.32567790644437977
  0.34227417929373993  0.35616429740934596  0.36615126883857252  0.37387284538134224
  0.38038046674267206  0.38679343374446190  0.39384662745624116  0.40209555196857949
  0.41040376153717023  0.41687207493809103  0.42287979066134679  0.42956305453949462
  0.43520273951007632  0.43951588839927691  0.44399775573124178  0.44951516188191670
  0.45508104892414081  0.46008102755462249  0.46533829035920726  0.47199090869544286
  0.47722360524585583  0.48263728964897845  0.48815470532539612  0.49359021864019637
  0.49871901935515395  0.50368026090608164  0.50820065628401057  0.51208146441908020
  0.51578771197656448  0.52014327564664886  0.52578537490142352  0.53152916862777067
  0.53698263772318733  0.54265886404299124  0.54899877559594634  0.55584172195276293
  0.56186788914669084  0.56643035295040045  0.57046345034577584  0.57450860937185622
  0.57834011143404607  0.58162657375560134  0.58468842609036598  0.58792774986758578
  0.59259687393319593  0.59797266822072637  0.60312820543180112  0.60829320119218999
  0.61395622186740839  0.61954253076982524  0.62421617626328185  0.62870210070605781
  0.63333209469646290  0.63815875190852611  0.64392240384699351  0.65002346867161143
  0.65707620119570220  0.66326672906823048  0.66814731549167083  0.67345339912982094
  0.67832144425452234  0.68266246479320747  0.68675439773642033  0.69156685512076443
  0.69647530157680004  0.70126599285688429  0.70619749024620737  0.71130203612608056
  0.71671085519723832  0.72220253427312198  0.72688889932381229  0.73092174773677054
  0.73529078001533854  0.74021211758709482  0.74624553906142121  0.75402774928659178
  0.76246536061459458  0.77084448329225241  0.77948678907564251  0.78888716899648581
  0.79967054545985949  0.81456939012474028  0.83604993635801317  0.85709417736635907
  0.87671105509450131  0.90097861538519597  0.92563191108302834  1.00000000000000000
   1.0723090735789095E-012  -1.0000000000000000     
 F F F F F F F F F F F F F F F F F F F F F F F F F F F F F F F F F F F F F F F F F F F F F F F F F F F F F F F F F F F F F F F F F F F F F F F F F F F F F F F F F F F F F F F F F F F F F F F F F F F F F F F F F F F F F F F F F F F F F F F F F F F F F F F F F F F F F F F F F F F F F F F F F F F F F F F F F F F F F F F F F F F F F F F F F F F F F F F F F F F F F F F F F F F F F F F F T F F T F F F F F F F F T F F T F F F F F F F F F F F F F F F F F F F F F F F F F F F F F F F F F F F F F F F F F F F F F F F F F F F F F F F F F F F F F F F F F F F F F F F F F F F F F F F F F F F F F F F F F F F F F F F F F F F F F F F F F F F F F F F F F F F F F F F F F F F F F F F F F F F F F F F F F F F F F F F F F F F F F F F F F F F F F F F F F F F F F F F F F F F F F F F F F F F F F F F F F F F F F F F F F F F F F F F F F F F F F F F F F F F F F F F F F F F F F F F F F F F F F F F F F F F F F F F F T F F T F F F F F F F F T F F T F F F F F F F F F F F F F F F F F F F F F F F F F F F F F F F F F F F F F F F F F F F F F F F F
  <DiscreteSampler_grid>
  grouped_processes
  1 # 1 for a reference and 2 for a running grid.
  10 # Attribute 'min_bin_probing_points' of the grid.
  1 # Attribute 'grid_mode' of the grid. 1=='default',2=='initialization'
  0.0000000000000000 # Attribute 'small_contrib_threshold' of the grid.
  0.5000000000000000 # Attribute 'damping_power' of the grid.
 # binID   n_entries weight   weight_sqr   abs_weight
    199   10   4.980710434483236E-008   2.022812010636464E-014   4.980710434483236E-008
    200   10   4.980710434483221E-008   2.022812010636451E-014   4.980710434483221E-008
    202   10   4.980710434483236E-008   2.022812010636464E-014   4.980710434483236E-008
    203   10   4.980710434483221E-008   2.022812010636451E-014   4.980710434483221E-008
    205   10   6.508230287602486E-008   3.465825184596603E-014   6.508230287602486E-008
    206   10   6.508230287602471E-008   3.465825184596587E-014   6.508230287602471E-008
    208   10   6.508230287602486E-008   3.465825184596603E-014   6.508230287602486E-008
    209   10   6.508230287602471E-008   3.465825184596587E-014   6.508230287602471E-008
    211   10   2.675193224313178E-009   5.835569527108008E-017   2.675193224313178E-009
    212   10   2.675193224313169E-009   5.835569527107966E-017   2.675193224313169E-009
    214   10   2.675193224313178E-009   5.835569527108008E-017   2.675193224313178E-009
    215   10   2.675193224313169E-009   5.835569527107966E-017   2.675193224313169E-009
    217   10   3.495640591174096E-009   9.998489096943683E-017   3.495640591174096E-009
    218   10   3.495640591174090E-009   9.998489096943646E-017   3.495640591174090E-009
    220   10   3.495640591174096E-009   9.998489096943683E-017   3.495640591174096E-009
    221   10   3.495640591174090E-009   9.998489096943646E-017   3.495640591174090E-009
    223   10   2.675193224313178E-009   5.835569527108008E-017   2.675193224313178E-009
    224   10   2.675193224313169E-009   5.835569527107966E-017   2.675193224313169E-009
    226   10   2.675193224313178E-009   5.835569527108008E-017   2.675193224313178E-009
    227   10   2.675193224313169E-009   5.835569527107966E-017   2.675193224313169E-009
    229   10   3.495640591174096E-009   9.998489096943683E-017   3.495640591174096E-009
    230   10   3.495640591174090E-009   9.998489096943646E-017   3.495640591174090E-009
    232   10   3.495640591174096E-009   9.998489096943683E-017   3.495640591174096E-009
    233   10   3.495640591174090E-009   9.998489096943646E-017   3.495640591174090E-009
    235   10   4.980710434483236E-008   2.022812010636464E-014   4.980710434483236E-008
    236   10   4.980710434483221E-008   2.022812010636451E-014   4.980710434483221E-008
    238   10   4.980710434483236E-008   2.022812010636464E-014   4.980710434483236E-008
    239   10   4.980710434483221E-008   2.022812010636451E-014   4.980710434483221E-008
    241   10   6.508230287602486E-008   3.465825184596603E-014   6.508230287602486E-008
    242   10   6.508230287602471E-008   3.465825184596587E-014   6.508230287602471E-008
    244   10   6.508230287602486E-008   3.465825184596603E-014   6.508230287602486E-008
    245   10   6.508230287602471E-008   3.465825184596587E-014   6.508230287602471E-008
    247   10   2.675193224313176E-009   5.835569527108001E-017   2.675193224313176E-009
    248   10   2.675193224313168E-009   5.835569527107966E-017   2.675193224313168E-009
    250   10   2.675193224313176E-009   5.835569527108001E-017   2.675193224313176E-009
    251   10   2.675193224313168E-009   5.835569527107966E-017   2.675193224313168E-009
    253   10   3.495640591174096E-009   9.998489096943676E-017   3.495640591174096E-009
    254   10   3.495640591174089E-009   9.998489096943644E-017   3.495640591174089E-009
    256   10   3.495640591174096E-009   9.998489096943676E-017   3.495640591174096E-009
    257   10   3.495640591174089E-009   9.998489096943644E-017   3.495640591174089E-009
    259   10   1.436875096745844E-010   1.683491670340474E-019   1.436875096745844E-010
    260   10   1.436875096745839E-010   1.683491670340462E-019   1.436875096745839E-010
    262   10   1.436875096745844E-010   1.683491670340474E-019   1.436875096745844E-010
    263   10   1.436875096745839E-010   1.683491670340462E-019   1.436875096745839E-010
    265   10   1.877546214973507E-010   2.884443931736778E-019   1.877546214973507E-010
    266   10   1.877546214973502E-010   2.884443931736763E-019   1.877546214973502E-010
    268   10   1.877546214973507E-010   2.884443931736778E-019   1.877546214973507E-010
    269   10   1.877546214973502E-010   2.884443931736763E-019   1.877546214973502E-010
    271   10   1.436875096745844E-010   1.683491670340474E-019   1.436875096745844E-010
    272   10   1.436875096745839E-010   1.683491670340462E-019   1.436875096745839E-010
    274   10   1.436875096745844E-010   1.683491670340474E-019   1.436875096745844E-010
    275   10   1.436875096745839E-010   1.683491670340462E-019   1.436875096745839E-010
    277   10   1.877546214973507E-010   2.884443931736778E-019   1.877546214973507E-010
    278   10   1.877546214973502E-010   2.884443931736763E-019   1.877546214973502E-010
    280   10   1.877546214973507E-010   2.884443931736778E-019   1.877546214973507E-010
    281   10   1.877546214973502E-010   2.884443931736763E-019   1.877546214973502E-010
    283   10   2.675193224313176E-009   5.835569527108001E-017   2.675193224313176E-009
    284   10   2.675193224313168E-009   5.835569527107966E-017   2.675193224313168E-009
    286   10   2.675193224313176E-009   5.835569527108001E-017   2.675193224313176E-009
    287   10   2.675193224313168E-009   5.835569527107966E-017   2.675193224313168E-009
    289   10   3.495640591174096E-009   9.998489096943676E-017   3.495640591174096E-009
    290   10   3.495640591174089E-009   9.998489096943644E-017   3.495640591174089E-009
    292   10   3.495640591174096E-009   9.998489096943676E-017   3.495640591174096E-009
    293   10   3.495640591174089E-009   9.998489096943644E-017   3.495640591174089E-009
    295   10   2.675193224313176E-009   5.835569527108001E-017   2.675193224313176E-009
    296   10   2.675193224313168E-009   5.835569527107966E-017   2.675193224313168E-009
    298   10   2.675193224313176E-009   5.835569527108001E-017   2.675193224313176E-009
    299   10   2.675193224313168E-009   5.835569527107966E-017   2.675193224313168E-009
    301   10   3.495640591174096E-009   9.998489096943676E-017   3.495640591174096E-009
    302   10   3.495640591174089E-009   9.998489096943644E-017   3.495640591174089E-009
    304   10   3.495640591174096E-009   9.998489096943676E-017   3.495640591174096E-009
    305   10   3.495640591174089E-009   9.998489096943644E-017   3.495640591174089E-009
    307   10   1.436875096745844E-010   1.683491670340474E-019   1.436875096745844E-010
    308   10   1.436875096745839E-010   1.683491670340462E-019   1.436875096745839E-010
    310   10   1.436875096745844E-010   1.683491670340474E-019   1.436875096745844E-010
    311   10   1.436875096745839E-010   1.683491670340462E-019   1.436875096745839E-010
    313   10   1.877546214973507E-010   2.884443931736778E-019   1.877546214973507E-010
    314   10   1.877546214973502E-010   2.884443931736763E-019   1.877546214973502E-010
    316   10   1.877546214973507E-010   2.884443931736778E-019   1.877546214973507E-010
    317   10   1.877546214973502E-010   2.884443931736763E-019   1.877546214973502E-010
    319   10   1.436875096745844E-010   1.683491670340474E-019   1.436875096745844E-010
    320   10   1.436875096745839E-010   1.683491670340462E-019   1.436875096745839E-010
    322   10   1.436875096745844E-010   1.683491670340474E-019   1.436875096745844E-010
    323   10   1.436875096745839E-010   1.683491670340462E-019   1.436875096745839E-010
    325   10   1.877546214973507E-010   2.884443931736778E-019   1.877546214973507E-010
    326   10   1.877546214973502E-010   2.884443931736763E-019   1.877546214973502E-010
    328   10   1.877546214973507E-010   2.884443931736778E-019   1.877546214973507E-010
    329   10   1.877546214973502E-010   2.884443931736763E-019   1.877546214973502E-010
    331   10   2.675193224313176E-009   5.835569527108001E-017   2.675193224313176E-009
    332   10   2.675193224313168E-009   5.835569527107966E-017   2.675193224313168E-009
    334   10   2.675193224313176E-009   5.835569527108001E-017   2.675193224313176E-009
    335   10   2.675193224313168E-009   5.835569527107966E-017   2.675193224313168E-009
    337   10   3.495640591174096E-009   9.998489096943676E-017   3.495640591174096E-009
    338   10   3.495640591174089E-009   9.998489096943644E-017   3.495640591174089E-009
    340   10   3.495640591174096E-009   9.998489096943676E-017   3.495640591174096E-009
    341   10   3.495640591174089E-009   9.998489096943644E-017   3.495640591174089E-009
    343   10   4.980710434483236E-008   2.022812010636464E-014   4.980710434483236E-008
    344   10   4.980710434483221E-008   2.022812010636451E-014   4.980710434483221E-008
    346   10   4.980710434483236E-008   2.022812010636464E-014   4.980710434483236E-008
    347   10   4.980710434483221E-008   2.022812010636451E-014   4.980710434483221E-008
    349   10   6.508230287602486E-008   3.465825184596603E-014   6.508230287602486E-008
    350   10   6.508230287602471E-008   3.465825184596587E-014   6.508230287602471E-008
    352   10   6.508230287602486E-008   3.465825184596603E-014   6.508230287602486E-008
    353   10   6.508230287602471E-008   3.465825184596587E-014   6.508230287602471E-008
    355   10   2.675193224313178E-009   5.835569527108008E-017   2.675193224313178E-009
    356   10   2.675193224313169E-009   5.835569527107966E-017   2.675193224313169E-009
    358   10   2.675193224313178E-009   5.835569527108008E-017   2.675193224313178E-009
    359   10   2.675193224313169E-009   5.835569527107966E-017   2.675193224313169E-009
    361   10   3.495640591174096E-009   9.998489096943683E-017   3.495640591174096E-009
    362   10   3.495640591174090E-009   9.998489096943646E-017   3.495640591174090E-009
    364   10   3.495640591174096E-009   9.998489096943683E-017   3.495640591174096E-009
    365   10   3.495640591174090E-009   9.998489096943646E-017   3.495640591174090E-009
    367   10   2.675193224313178E-009   5.835569527108008E-017   2.675193224313178E-009
    368   10   2.675193224313169E-009   5.835569527107966E-017   2.675193224313169E-009
    370   10   2.675193224313178E-009   5.835569527108008E-017   2.675193224313178E-009
    371   10   2.675193224313169E-009   5.835569527107966E-017   2.675193224313169E-009
    373   10   3.495640591174096E-009   9.998489096943683E-017   3.495640591174096E-009
    374   10   3.495640591174090E-009   9.998489096943646E-017   3.495640591174090E-009
    376   10   3.495640591174096E-009   9.998489096943683E-017   3.495640591174096E-009
    377   10   3.495640591174090E-009   9.998489096943646E-017   3.495640591174090E-009
    379   10   4.980710434483236E-008   2.022812010636464E-014   4.980710434483236E-008
    380   10   4.980710434483221E-008   2.022812010636451E-014   4.980710434483221E-008
    382   10   4.980710434483236E-008   2.022812010636464E-014   4.980710434483236E-008
    383   10   4.980710434483221E-008   2.022812010636451E-014   4.980710434483221E-008
    385   10   6.508230287602486E-008   3.465825184596603E-014   6.508230287602486E-008
    386   10   6.508230287602471E-008   3.465825184596587E-014   6.508230287602471E-008
    388   10   6.508230287602486E-008   3.465825184596603E-014   6.508230287602486E-008
    389   10   6.508230287602471E-008   3.465825184596587E-014   6.508230287602471E-008
  </DiscreteSampler_grid>
