     
 Collinear #          37
 
 part:           1
 comp:           0
   1.0000000272328677        276.25000752307972        276.25000000000000     
   1.0000000026094469        276.25000072085970        276.25000000000000     
   1.0000000002598581        276.25000007178579        276.25000000000000     
   1.0000000000259750        276.25000000717557        276.25000000000000     
   1.0000000000025975        276.25000000071753        276.25000000000000     
   1.0000000000002596        276.25000000007174        276.25000000000000     
   1.0000000000000260        276.25000000000716        276.25000000000000     
   1.0000000000000024        276.25000000000068        276.25000000000000     
   1.0000000000000002        276.25000000000006        276.25000000000000     
   1.0000000000000000        276.25000000000000        276.25000000000000     
 comp:           1
   0.0000000000000000        0.0000000000000000     
   0.0000000000000000        0.0000000000000000     
   0.0000000000000000        0.0000000000000000     
   0.0000000000000000        0.0000000000000000     
   0.0000000000000000        0.0000000000000000     
   0.0000000000000000        0.0000000000000000     
   0.0000000000000000        0.0000000000000000     
   0.0000000000000000        0.0000000000000000     
   0.0000000000000000        0.0000000000000000     
   0.0000000000000000        0.0000000000000000     
 comp:           2
   0.0000000000000000        0.0000000000000000     
   0.0000000000000000        0.0000000000000000     
   0.0000000000000000        0.0000000000000000     
   0.0000000000000000        0.0000000000000000     
   0.0000000000000000        0.0000000000000000     
   0.0000000000000000        0.0000000000000000     
   0.0000000000000000        0.0000000000000000     
   0.0000000000000000        0.0000000000000000     
   0.0000000000000000        0.0000000000000000     
   0.0000000000000000        0.0000000000000000     
 comp:           3
   1.0000000272328677        276.25000752307972        276.25000000000000     
   1.0000000026094469        276.25000072085970        276.25000000000000     
   1.0000000002598581        276.25000007178579        276.25000000000000     
   1.0000000000259750        276.25000000717557        276.25000000000000     
   1.0000000000025975        276.25000000071753        276.25000000000000     
   1.0000000000002596        276.25000000007174        276.25000000000000     
   1.0000000000000260        276.25000000000716        276.25000000000000     
   1.0000000000000024        276.25000000000068        276.25000000000000     
   1.0000000000000002        276.25000000000006        276.25000000000000     
   1.0000000000000000        276.25000000000000        276.25000000000000     
 
 part:           2
 comp:           0
  0.99999999794876782        276.25014293855020        276.25014350520337     
  0.99999999980421206        276.25014345111691        276.25014350520337     
  0.99999999998050981        276.25014349981922        276.25014350520337     
  0.99999999999805200        276.25014350466523        276.25014350520337     
  0.99999999999980538        276.25014350514959        276.25014350520337     
  0.99999999999998046        276.25014350519797        276.25014350520337     
  0.99999999999999789        276.25014350520280        276.25014350520337     
   1.0000000000000000        276.25014350520337        276.25014350520337     
   1.0000000000000000        276.25014350520337        276.25014350520337     
   1.0000000000000000        276.25014350520337        276.25014350520337     
 comp:           1
   0.0000000000000000        0.0000000000000000     
   0.0000000000000000        0.0000000000000000     
   0.0000000000000000        0.0000000000000000     
   0.0000000000000000        0.0000000000000000     
   0.0000000000000000        0.0000000000000000     
   0.0000000000000000        0.0000000000000000     
   0.0000000000000000        0.0000000000000000     
   0.0000000000000000        0.0000000000000000     
   0.0000000000000000        0.0000000000000000     
   0.0000000000000000        0.0000000000000000     
 comp:           2
   0.0000000000000000        0.0000000000000000     
   0.0000000000000000        0.0000000000000000     
   0.0000000000000000        0.0000000000000000     
   0.0000000000000000        0.0000000000000000     
   0.0000000000000000        0.0000000000000000     
   0.0000000000000000        0.0000000000000000     
   0.0000000000000000        0.0000000000000000     
   0.0000000000000000        0.0000000000000000     
   0.0000000000000000        0.0000000000000000     
   0.0000000000000000        0.0000000000000000     
 comp:           3
  0.99999999794876782       -276.25014293855020       -276.25014350520337     
  0.99999999980421206       -276.25014345111691       -276.25014350520337     
  0.99999999998050981       -276.25014349981922       -276.25014350520337     
  0.99999999999805200       -276.25014350466523       -276.25014350520337     
  0.99999999999980538       -276.25014350514959       -276.25014350520337     
  0.99999999999998046       -276.25014350519797       -276.25014350520337     
  0.99999999999999789       -276.25014350520280       -276.25014350520337     
   1.0000000000000000       -276.25014350520337       -276.25014350520337     
   1.0000000000000000       -276.25014350520337       -276.25014350520337     
   1.0000000000000000       -276.25014350520337       -276.25014350520337     
 
 part:           3
 comp:           0
   1.0000000406492351        201.49210707369943        201.49209888319973     
   1.0000000126054152        201.49210142309127        201.49209888319973     
   1.0000000039785488        201.49209968484587        201.49209888319973     
   1.0000000012578869        201.49209913665402        201.49209888319973     
   1.0000000003977714        201.49209896334753        201.49209888319973     
   1.0000000001257858        201.49209890854459        201.49209888319973     
   1.0000000000397768        201.49209889121445        201.49209888319973     
   1.0000000000125786        201.49209888573421        201.49209888319973     
   1.0000000000039777        201.49209888400119        201.49209888319973     
   1.0000000000012579        201.49209888345317        201.49209888319973     
 comp:           1
   1.0000004092423791        18.688080935908882        18.688073287957309     
   1.0000001269069532        18.688075659603751        18.688073287957309     
   1.0000000400546531        18.688074036501604        18.688073287957309     
   1.0000000126639708        18.688073524622521        18.688073287957309     
   1.0000000040046229        18.688073362795993        18.688073287957309     
   1.0000000012663703        18.688073311623331        18.688073287957309     
   1.0000000004004612        18.688073295441157        18.688073287957309     
   1.0000000001266369        18.688073290323910        18.688073287957309     
   1.0000000000400462        18.688073288705695        18.688073287957309     
   1.0000000000126636        18.688073288193969        18.688073287957309     
 comp:           2
   1.0000003407124753       -66.515016041672610       -66.514993379184574     
   1.0000001056556806       -66.515000406871479       -66.514993379184574     
   1.0000000333472796       -66.514995597278656       -66.514993379184574     
   1.0000000105433187       -66.514994080473343       -66.514993379184574     
   1.0000000033340266       -66.514993600947335       -66.514993379184574     
   1.0000000010543098       -66.514993449311973       -66.514993379184574     
   1.0000000003334020       -66.514993401360798       -66.514993379184574     
   1.0000000001054310       -66.514993386197318       -66.514993379184574     
   1.0000000000333402       -66.514993381402192       -66.514993379184574     
   1.0000000000105431       -66.514993379885851       -66.514993379184574     
 comp:           3
   1.0000000000000000        171.34281873057176        171.34281873057176     
   1.0000000000000000        171.34281873057176        171.34281873057176     
   1.0000000000000000        171.34281873057176        171.34281873057176     
   1.0000000000000000        171.34281873057176        171.34281873057176     
   1.0000000000000000        171.34281873057176        171.34281873057176     
   1.0000000000000000        171.34281873057176        171.34281873057176     
   1.0000000000000000        171.34281873057176        171.34281873057176     
   1.0000000000000000        171.34281873057176        171.34281873057176     
   1.0000000000000000        171.34281873057176        171.34281873057176     
   1.0000000000000000        171.34281873057176        171.34281873057176     
 
 part:           4
 comp:           0
   1.0000000798179813        25.283759826152728        25.283757808054222     
   1.0000000247517287        25.283758433870936        25.283757808054222     
   1.0000000078121951        25.283758005575873        25.283757808054222     
   1.0000000024699605        25.283757870504104        25.283757808054222     
   1.0000000007810554        25.283757827802237        25.283757808054222     
   1.0000000002469907        25.283757814299076        25.283757808054222     
   1.0000000000781053        25.283757810029016        25.283757808054222     
   1.0000000000246991        25.283757808678708        25.283757808054222     
   1.0000000000078106        25.283757808251703        25.283757808054222     
   1.0000000000024700        25.283757808116672        25.283757808054222     
 comp:           1
   1.0000002252832143        4.2599058684025151        4.2599049087174450     
   1.0000000698608147        4.2599052063178720        4.2599049087174450     
   1.0000000220496246        4.2599050026467493        4.2599049087174450     
   1.0000000069713699        4.2599049384148175        4.2599049087174450     
   1.0000000022044988        4.2599049181084006        4.2599049087174450     
   1.0000000006971221        4.2599049116871193        4.2599049087174450     
   1.0000000002204494        4.2599049096565382        4.2599049087174450     
   1.0000000000697122        4.2599049090144128        4.2599049087174450     
   1.0000000000220450        4.2599049088113548        4.2599049087174450     
   1.0000000000069713        4.2599049087471421        4.2599049087174450     
 comp:           2
   1.0000001722929801       -16.505310149412090       -16.505307305663507     
   1.0000000534284277       -16.505308187516125       -16.505307305663507     
   1.0000000168631984       -16.505307583995780       -16.505307305663507     
   1.0000000053315914       -16.505307393663063       -16.505307305663507     
   1.0000000016859654       -16.505307333490883       -16.505307305663507     
   1.0000000005331480       -16.505307314463277       -16.505307305663507     
   1.0000000001685960       -16.505307308446238       -16.505307305663507     
   1.0000000000533147       -16.505307306543482       -16.505307305663507     
   1.0000000000168596       -16.505307305941781       -16.505307305663507     
   1.0000000000053315       -16.505307305751504       -16.505307305663507     
 comp:           3
   1.0000000000000000       -18.673415590369068       -18.673415590369068     
   1.0000000000000000       -18.673415590369068       -18.673415590369068     
   1.0000000000000000       -18.673415590369068       -18.673415590369068     
   1.0000000000000000       -18.673415590369068       -18.673415590369068     
   1.0000000000000000       -18.673415590369068       -18.673415590369068     
   1.0000000000000000       -18.673415590369068       -18.673415590369068     
   1.0000000000000000       -18.673415590369068       -18.673415590369068     
   1.0000000000000000       -18.673415590369068       -18.673415590369068     
   1.0000000000000000       -18.673415590369068       -18.673415590369068     
   1.0000000000000000       -18.673415590369068       -18.673415590369068     
 
 part:           5
 comp:           0
  0.99999993150908340        177.72134913100797        177.72136130330691     
  0.99999997876081581        177.72135752865017        177.72136130330691     
  0.99999999329644140        177.72136011194135        177.72136130330691     
  0.99999999788055405        177.72136092663609        177.72136130330691     
  0.99999999932978534        177.72136118419544        177.72136130330691     
  0.99999999978805965        177.72136126564058        177.72136130330691     
  0.99999999993297861        177.72136129139577        177.72136130330691     
  0.99999999997880606        177.72136129954029        177.72136130330691     
  0.99999999999329781        177.72136130211578        177.72136130330691     
  0.99999999999788058        177.72136130293023        177.72136130330691     
 comp:           1
  0.99999994939132519       -133.29127696734187       -133.29128371303710     
  0.99999998430613912       -133.29128162118224       -133.29128371303710     
  0.99999999504666892       -133.29128305280125       -133.29128371303710     
  0.99999999843391874       -133.29128350429212       -133.29128371303710     
  0.99999999950477125       -133.29128364702743       -133.29128371303710     
  0.99999999984339505       -133.29128369216303       -133.29128371303710     
  0.99999999995047706       -133.29128370643613       -133.29128371303710     
  0.99999999998433953       -133.29128371094970       -133.29128371303710     
  0.99999999999504774       -133.29128371237701       -133.29128371303710     
  0.99999999999843403       -133.29128371282837       -133.29128371303710     
 comp:           2
  0.99999968392890060        63.241804016718710        63.241824005631550     
  0.99999990198565991        63.241817807025903        63.241824005631550     
  0.99999996906449673        63.241822049213894        63.241824005631550     
  0.99999999021920605        63.241823387076302        63.241824005631550     
  0.99999999690710084        63.241823810030965        63.241824005631550     
  0.99999999902194092        63.241823943777312        63.241824005631550     
  0.99999999969071063        63.241823986071523        63.241824005631550     
  0.99999999990219413        63.241823999446126        63.241824005631550     
  0.99999999996907107        63.241824003675546        63.241824005631550     
  0.99999999999021938        63.241824005013008        63.241824005631550     
 comp:           3
   1.0000000000000000       -99.089795872591907       -99.089795872591907     
   1.0000000000000000       -99.089795872591907       -99.089795872591907     
   1.0000000000000000       -99.089795872591907       -99.089795872591907     
   1.0000000000000000       -99.089795872591907       -99.089795872591907     
   1.0000000000000000       -99.089795872591907       -99.089795872591907     
   1.0000000000000000       -99.089795872591907       -99.089795872591907     
   1.0000000000000000       -99.089795872591907       -99.089795872591907     
   1.0000000000000000       -99.089795872591907       -99.089795872591907     
   1.0000000000000000       -99.089795872591907       -99.089795872591907     
   1.0000000000000000       -99.089795872591907       -99.089795872591907     
 
 part:           6
 comp:           0
   1.0000000132680253        148.00278396914379        148.00278200543914     
   1.0000000041144419        148.00278261438800        148.00278200543914     
   1.0000000012986090        148.00278219763689        148.00278200543914     
   1.0000000004105776        148.00278206620578        148.00278200543914     
   1.0000000001298337        148.00278202465489        148.00278200543914     
   1.0000000000410567        148.00278201151565        148.00278200543914     
   1.0000000000129832        148.00278200736068        148.00278200543914     
   1.0000000000041056        148.00278200604680        148.00278200543914     
   1.0000000000012983        148.00278200563130        148.00278200543914     
   1.0000000000004106        148.00278200549991        148.00278200543914     
 comp:           1
   1.0000000509109255        110.34331113404214        110.34330551636234     
   1.0000000157875890        110.34330725841710        110.34330551636234     
   1.0000000049829136        110.34330606619351        110.34330551636234     
   1.0000000015754342        110.34330569020096        110.34330551636234     
   1.0000000004981866        110.34330557133389        110.34330551636234     
   1.0000000001575402        110.34330553374583        110.34330551636234     
   1.0000000000498186        110.34330552185948        110.34330551636234     
   1.0000000000157538        110.34330551810068        110.34330551636234     
   1.0000000000049818        110.34330551691205        110.34330551636234     
   1.0000000000015754        110.34330551653618        110.34330551636234     
 comp:           2
  0.99999915835954900        19.778460032850493        19.778476679216524     
  0.99999973900546058        19.778471517142112        19.778476679216524     
  0.99999991762432594        19.778475049951176        19.778476679216524     
  0.99999997395550710        19.778476164096130        19.778476679216524     
  0.99999999176416554        19.778476516324265        19.778476679216524     
  0.99999999739560552        19.778476627705569        19.778476679216524     
  0.99999999917641846        19.778476662927336        19.778476679216524     
  0.99999999973956066        19.778476674065431        19.778476679216524     
  0.99999999991764188        19.778476677587605        19.778476679216524     
  0.99999999997395617        19.778476678701416        19.778476679216524     
 comp:           3
   1.0000000000000000       -53.579607267610797       -53.579607267610797     
   1.0000000000000000       -53.579607267610797       -53.579607267610797     
   1.0000000000000000       -53.579607267610797       -53.579607267610797     
   1.0000000000000000       -53.579607267610797       -53.579607267610797     
   1.0000000000000000       -53.579607267610797       -53.579607267610797     
   1.0000000000000000       -53.579607267610797       -53.579607267610797     
   1.0000000000000000       -53.579607267610797       -53.579607267610797     
   1.0000000000000000       -53.579607267610797       -53.579607267610797     
   1.0000000000000000       -53.579607267610797       -53.579607267610797     
   1.0000000000000000       -53.579607267610797       -53.579607267610797     
 
 part:           7
 comp:           0
   1.0484750554467641        1.5046162609261396E-004   1.4350520340085821E-004
   1.0046463319896248        1.4417197621809723E-004   1.4350520340085821E-004
   1.0004627121934973        1.4357160500830208E-004   1.4350520340085821E-004
   1.0000462520959341        1.4351184081729296E-004   1.4350520340085821E-004
   1.0000046250184464        1.4350586711507109E-004   1.4350520340085821E-004
   1.0000004624999332        1.4350526977200521E-004   1.4350520340085821E-004
   1.0000000462499743        1.4350521003797019E-004   1.4350520340085821E-004
   1.0000000046249975        1.4350520406456943E-004   1.4350520340085821E-004
   1.0000000004624994        1.4350520346722927E-004   1.4350520340085821E-004
   1.0000000000462497        1.4350520340749529E-004   1.4350520340085821E-004
 comp:           1
  -2.0971011672206597E-005  -0.0000000000000000     
  -6.5031564901078055E-006  -0.0000000000000000     
  -2.0525406458985607E-006  -0.0000000000000000     
  -6.4894619262449537E-007  -0.0000000000000000     
  -2.0521087997327123E-007  -0.0000000000000000     
  -6.4893254028937033E-008  -0.0000000000000000     
  -2.0521044821081475E-008  -0.0000000000000000     
  -6.4893240520872415E-009  -0.0000000000000000     
  -2.0521044109303242E-009  -0.0000000000000000     
  -6.4893242925466169E-010  -0.0000000000000000     
 comp:           2
   6.2141515493495885E-005   0.0000000000000000     
   1.9270219582312636E-005   0.0000000000000000     
   6.0821093584711486E-006   0.0000000000000000     
   1.9229639711118921E-006   0.0000000000000000     
   6.0808297075117508E-007   0.0000000000000000     
   1.9229235163733249E-007   0.0000000000000000     
   6.0808169134826418E-008   0.0000000000000000     
   1.9229231161009774E-008   0.0000000000000000     
   6.0808167025677898E-009   0.0000000000000000     
   1.9229231873541447E-009   0.0000000000000000     
 comp:           3
  0.94362759872767665       -1.3541547049007865E-004  -1.4350520340085821E-004
  0.99459987383448445       -1.4273025719708561E-004  -1.4350520340085821E-004
  0.99946225000048028       -1.4342803347779833E-004  -1.4350520340085821E-004
  0.99994624752266914       -1.4349748964066555E-004  -1.4350520340085821E-004
  0.99999462497739089       -1.4350443205714541E-004  -1.4350520340085821E-004
  0.99999946249999005       -1.4350512626680996E-004  -1.4350520340085821E-004
  0.99999994625002198       -1.4350519568745668E-004  -1.4350520340085821E-004
  0.99999999462500277       -1.4350520262951813E-004  -1.4350520340085821E-004
  0.99999999946249996       -1.4350520332372417E-004  -1.4350520340085821E-004
  0.99999999994624988       -1.4350520339314479E-004  -1.4350520340085821E-004
 
 part: i_fks+j_fks
 comp:           0
   1.0000000231303634        276.25029340017630        276.25028701040679     
   1.0000000022178668        276.25028762309313        276.25028701040679     
   1.0000000002208773        276.25028707142422        276.25028701040679     
   1.0000000000220788        276.25028701650604        276.25028701040679     
   1.0000000000022078        276.25028701101672        276.25028701040679     
   1.0000000000002205        276.25028701046773        276.25028701040679     
   1.0000000000000218        276.25028701041282        276.25028701040679     
   1.0000000000000022        276.25028701040742        276.25028701040679     
   1.0000000000000002        276.25028701040685        276.25028701040679     
   1.0000000000000000        276.25028701040679        276.25028701040679     
 comp:           1
  -2.0971011672206597E-005   0.0000000000000000     
  -6.5031564901078055E-006   0.0000000000000000     
  -2.0525406458985607E-006   0.0000000000000000     
  -6.4894619262449537E-007   0.0000000000000000     
  -2.0521087997327123E-007   0.0000000000000000     
  -6.4893254028937033E-008   0.0000000000000000     
  -2.0521044821081475E-008   0.0000000000000000     
  -6.4893240520872415E-009   0.0000000000000000     
  -2.0521044109303242E-009   0.0000000000000000     
  -6.4893242925466169E-010   0.0000000000000000     
 comp:           2
   6.2141515493495885E-005   0.0000000000000000     
   1.9270219582312636E-005   0.0000000000000000     
   6.0821093584711486E-006   0.0000000000000000     
   1.9229639711118921E-006   0.0000000000000000     
   6.0808297075117508E-007   0.0000000000000000     
   1.9229235163733249E-007   0.0000000000000000     
   6.0808169134826418E-008   0.0000000000000000     
   1.9229231161009774E-008   0.0000000000000000     
   6.0808167025677898E-009   0.0000000000000000     
   1.9229231873541447E-009   0.0000000000000000     
 comp:           3
  0.99999996866469820       -276.25027835402068       -276.25028701040679     
  0.99999999699897990       -276.25028618137412       -276.25028701040679     
  0.99999999970116193       -276.25028692785270       -276.25028701040679     
  0.99999999997012889       -276.25028700215489       -276.25028701040679     
  0.99999999999701306       -276.25028700958165       -276.25028701040679     
  0.99999999999970124       -276.25028701032426       -276.25028701040679     
  0.99999999999996991       -276.25028701039849       -276.25028701040679     
  0.99999999999999711       -276.25028701040600       -276.25028701040679     
  0.99999999999999956       -276.25028701040668       -276.25028701040679     
  0.99999999999999978       -276.25028701040674       -276.25028701040679     
