     
 Collinear #          37
 ME*wgt:
   0.0000000000000000        0.0000000000000000        2.2218655055427671E-022
   0.0000000000000000        0.0000000000000000        2.2218655055427671E-022
   0.0000000000000000        0.0000000000000000        2.2218655055427671E-022
   0.0000000000000000        0.0000000000000000        2.2218655055427671E-022
   0.0000000000000000        0.0000000000000000        2.2218655055427671E-022
   0.0000000000000000        0.0000000000000000        2.2218655055427671E-022
   0.0000000000000000        0.0000000000000000        2.2218655055427671E-022
   0.0000000000000000        0.0000000000000000        2.2218655055427671E-022
   0.0000000000000000        0.0000000000000000        2.2218655055427671E-022
   0.0000000000000000        0.0000000000000000        2.2218655055427671E-022
 wgt:
   1.0000000251816354        1.4810623873294851E-004   1.4810623500339129E-004
   1.0000000024136584        1.4810623536086915E-004   1.4810623500339129E-004
   1.0000000002403679        1.4810623503899129E-004   1.4810623500339129E-004
   1.0000000000240270        1.4810623500694983E-004   1.4810623500339129E-004
   1.0000000000024025        1.4810623500374713E-004   1.4810623500339129E-004
   1.0000000000002403        1.4810623500342688E-004   1.4810623500339129E-004
   1.0000000000000240        1.4810623500339484E-004   1.4810623500339129E-004
   1.0000000000000024        1.4810623500339165E-004   1.4810623500339129E-004
   1.0000000000000000        1.4810623500339129E-004   1.4810623500339129E-004
   1.0000000000000000        1.4810623500339129E-004   1.4810623500339129E-004
