  0.02430911943284569  0.03067199300249392  0.03942570308615714  0.04926482851121252
  0.05987880689270068  0.07051313303902912  0.08126875675334624  0.09220980805918118
  0.10293966210638890  0.11416404972060945  0.12494403684924271  0.13596480028512911
  0.14689564321724766  0.15676983699957744  0.16611419625943732  0.17546764317161451
  0.18379891426938233  0.19189654141069457  0.20055670364366418  0.20864472763678571
  0.21681868149437461  0.22579411638365246  0.23515655208312058  0.24446670712218824
  0.25520651573063757  0.26643051429206982  0.27732883589763840  0.28717002850524254
  0.29631389511493866  0.30601572879261568  0.31552227453198917  0.32606683692470589
  0.33745814875489760  0.34568004111163492  0.35322457682375580  0.36078656921676705
  0.36869855325982342  0.37887339215421345  0.39014467876294201  0.40112556137226829
  0.41225750831780361  0.42354189216626059  0.43471518929161335  0.44587671333716011
  0.45765136759568931  0.47002788150316754  0.48161736470709809  0.48971306689079064
  0.49705039025180664  0.50498183685142639  0.51418410914994472  0.52867085759117505
  0.54224942101481133  0.55353816940991318  0.56309669278006647  0.57141310564632086
  0.57942478793229513  0.58913637538394104  0.59884164342021662  0.61011531448308698
  0.62404592782167856  0.63824609968979162  0.65232337860357292  0.66531933530002385
  0.67639363427844446  0.68796262229821770  0.70063873677838617  0.71177628086904854
  0.72009555508239853  0.72846612895571028  0.73789545973128690  0.75260208126845052
  0.76660275617321993  0.77856826004803570  0.78720040733853069  0.79531149261918110
  0.80266561757480237  0.81156531578215974  0.82007164311593972  0.82605261293137966
  0.83162788272402488  0.83846458891608033  0.84724339810720861  0.85846423469823130
  0.87408432203053144  0.89019477463978836  0.90635258225632176  0.91829938260183597
  0.92658860738215509  0.93585812463537255  0.94462441980069933  0.95331738091117368
  0.95999285443828886  0.96498145209995034  0.97095026622928371  1.00000000000000000
  0.00000005779258188  0.00000027483443568  0.00000061568372053  0.00000110645065609
  0.00000177256050096  0.00000255808014077  0.00000342855293590  0.00000426827009837
  0.00000518069428789  0.00000612763512607  0.00000716974239169  0.00000782416122492
  0.00000843398238238  0.00000916113700266  0.00001004265529229  0.00001088707235981
  0.00001177072856251  0.00001255091772851  0.00001364230247980  0.00001472418012756
  0.00001571660655001  0.00001667100758419  0.00001756222408009  0.00001847670062232
  0.00001935691368447  0.00002017274746574  0.00002099724304245  0.00002194074251392
  0.00002301423180992  0.00002402871510199  0.00002488820954478  0.00002560948753764
  0.00002622701240223  0.00002678658579743  0.00002729732464431  0.00002777021466571
  0.00002829337963046  0.00002879455808159  0.00002929034026668  0.00002978987384130
  0.00003030642115264  0.00003085837603901  0.00003146055859757  0.00003204038227463
  0.00003258849888133  0.00003314492811019  0.00003376956838079  0.00003440559136175
  0.00003506613128629  0.00003576357664711  0.00003656620099065  0.00003764882858822
  0.00006069067769291  0.00006183718301950  0.00006282764574779  0.00006375140594734
  0.00006465700776573  0.00006553771828288  0.00006643777927808  0.00006765601124370
  0.00006895967449855  0.00007034915962304  0.00007165309218671  0.00007298070322722
  0.00007435201146266  0.00007594529423491  0.00007778175576782  0.00007979743386021
  0.00008188511634174  0.00008425651751088  0.00008757504413348  0.00009185073971213
  0.00009662135062103  0.00010113508924376  0.00010680161543484  0.00011389231933916
  0.00012167405836250  0.00013153442070843  0.00014188367928451  0.00015369138100038
  0.00017076457978637  0.00019262144048430  0.00021945995996855  0.00025515947270404
  0.00029915054706183  0.00035054207421370  0.00040538131703496  0.00048664718406795
  0.00056740093899311  0.00065148328680440  0.00075450790375476  0.00088830510160152
  0.00107381492767567  0.00138130405721736  0.00154832649488322  1.00000000000000000
  0.00910786074383912  0.01496533454534520  0.02173638503635708  0.02948414359713740
  0.03695336106689282  0.04705107917572557  0.05814261156064630  0.07027976147243672
  0.08224088116295608  0.09438636577263002  0.10826247255281797  0.12294806986657981
  0.13297972253763424  0.14199423637917097  0.15122542265116901  0.15829803416829996
  0.16457668996262514  0.17134556501643128  0.17999244037968842  0.19033319216786845
  0.20330917937196072  0.21600854801255379  0.22722427737111847  0.23667588804722589
  0.24260399716781259  0.24925786568366337  0.25638058078347536  0.26508878221600374
  0.27880243157302859  0.29215407586601916  0.30389873983192950  0.31447781663580221
  0.32478340408804829  0.33489401903518329  0.34521834915785143  0.35420946638664530
  0.36722027265349538  0.38124226321942761  0.39461186762611716  0.40752896540558492
  0.42028343895205394  0.43295765711413658  0.44568602006894448  0.46114311015288967
  0.47602496213395468  0.48759592092971954  0.49694153443949035  0.50563705135878023
  0.51359344714783539  0.52236182792090025  0.53286927711322662  0.54180873668355378
  0.55012205375583600  0.55928115031356374  0.56765656087546312  0.57504862220315289
  0.58218676183511031  0.58944991081778420  0.59809622404182894  0.60819378171080352
  0.61863473870314412  0.62914559491043054  0.64064934884446223  0.65482170899198433
  0.66981488769385433  0.68202309010156237  0.69313207828588730  0.70372105837541310
  0.71356061371941071  0.72309151223034018  0.73306567126605748  0.74430860450379654
  0.75512694638497901  0.76684996025910201  0.77900283755467348  0.79176478846106757
  0.80448879070177437  0.81557169025871767  0.82632222071625017  0.83606691887194673
  0.84434783356213783  0.85217377986684029  0.86054767645165942  0.86906747647757410
  0.87862937947618125  0.88812918765147086  0.89681305665982591  0.90612960362527761
  0.91460500442116854  0.92282557732144899  0.93197358751891823  0.94284990706893324
  0.95535596869552075  0.96786919043534270  0.98027200419690796  1.00000000000000000
  0.00212604674138766  0.01254712798840194  0.02415283875919026  0.03416557188217271
  0.04313648343351134  0.05137686466398016  0.05993078172123047  0.06968544107614148
  0.08003621137808600  0.09157730647351454  0.10484130982473368  0.12153356364306105
  0.13529133906667642  0.14772558210310596  0.15979207390579209  0.17299498623971499
  0.18619164242699326  0.19715322074460889  0.20741373735947219  0.21630237746839456
  0.22410173401074407  0.23343643772252079  0.24327265922248228  0.25386441731603249
  0.26511949395215345  0.27491194748439213  0.28376487170430670  0.29211524626850377
  0.29916644945353243  0.30594813764702411  0.31307609771109751  0.32141173826071451
  0.33129044781830269  0.34241494192256566  0.35267503493516450  0.36243023264288632
  0.37303555669502053  0.38304629248943617  0.39280939459691799  0.40199952444762627
  0.41025274147074614  0.41879264858237281  0.42700754775014832  0.43570018839414398
  0.44453707989482677  0.45334661725056374  0.46087940741289857  0.46919780115637000
  0.47785677024131706  0.49127851132952433  0.50605592540479616  0.52102833713332808
  0.53606612706696444  0.55072972698914480  0.56677898997919285  0.58320810118649469
  0.60334975027557514  0.61463660152935518  0.62544781210401912  0.63478182182645904
  0.64269061678653583  0.65023825417784842  0.65823745631498809  0.66665540046011884
  0.67542599076167986  0.68641534399865167  0.69952744786207743  0.71451429420043711
  0.72898473922658391  0.74232941310605427  0.75359377694145657  0.76292943043172134
  0.77261553074068390  0.78248094656441425  0.79224646776747343  0.80126876986207174
  0.80996685187694006  0.81842649339145257  0.82501100905475833  0.83127515077748693
  0.83706291799948762  0.84408291007693004  0.85165159820140979  0.86076426690298447
  0.87094311869115482  0.88153276231354361  0.89372972302116427  0.90733129770801535
  0.92271850962055102  0.93609720630608739  0.94581274409975780  0.95447635121999164
  0.96306675735740632  0.97210711073113809  0.98328185833400450  1.00000000000000000
 -0.00031599702310743  0.00224300275387556  0.00388254802811117  0.00580176189543709
  0.00773637216002899  0.00971103745653302  0.01294521936300439  0.01609827581208198
  0.02021231226407684  0.02517349231963262  0.02909147392139341  0.03335458210238410
  0.03927677802292289  0.04514503018026361  0.05088286194838714  0.05778489494882857
  0.06499863189704487  0.07151042434090772  0.07753991776224992  0.08313872190076314
  0.08774217016399244  0.09320700116277990  0.09913048731719917  0.10605041862845432
  0.11262369569201371  0.11867594386459478  0.12507580760598822  0.13236519159794907
  0.14001546488802130  0.14723782129145127  0.15432000310789892  0.16106221732029147
  0.16808066244916617  0.17473141017246879  0.18262521879585711  0.19033673069872226
  0.19617112833025474  0.20206547683185552  0.20900773871720810  0.21539164899101776
  0.22273872277929302  0.23150815976380226  0.24069408180867038  0.25095180446682974
  0.26020693147960233  0.26918306818387117  0.27947307567490060  0.29025249106780654
  0.30278295679476114  0.31619221440896844  0.32778676296588322  0.33928608878919553
  0.35125323889189825  0.36437613294646498  0.37962651952075926  0.39602600015308931
  0.41095313305202058  0.42458110019933981  0.43727379759573948  0.45350876061682860
  0.47043800228991484  0.48427288266038576  0.49774893398798892  0.51057964621615048
  0.52211331487391244  0.53334683645407843  0.54557265048190207  0.55950349189344495
  0.57597483179251219  0.59307610592266158  0.61018268409500842  0.62731594776681554
  0.64470276246126001  0.66213829221778886  0.67871424325254348  0.69486813704534678
  0.71146049300396397  0.72521076001617890  0.73799019886367623  0.74930623078991343
  0.76104956497757847  0.77361433198214269  0.78703939020389280  0.80289191718345054
  0.81832338436279595  0.83319546333038186  0.84845463561360623  0.86295808131148133
  0.87865473891102741  0.89478848189513271  0.91104255626972286  0.92635122072118314
  0.94187156637294234  0.95967564575411879  0.97907412307129893  1.00000000000000000
 -0.00370066324682305  0.01317336534536880  0.02724013204187708  0.03825116306715848
  0.04825276014704077  0.05822712325073358  0.06847661765356930  0.08072671925094173
  0.09565247487840244  0.10970084000186116  0.12216914154531441  0.13415835913046936
  0.14585294754735331  0.15981680832784503  0.17491002595238186  0.19091993451342151
  0.20691452401331298  0.22212923759627190  0.23642626615438558  0.25039676632926783
  0.26440890314141574  0.27531199075404755  0.28393992272889140  0.29116372141233765
  0.29731137124948948  0.30153648152847545  0.30550983251015279  0.31011070891661413
  0.31478805400655696  0.32035460797902182  0.32932465879669170  0.34093668618311829
  0.35229242342505479  0.36177025102496374  0.37053941551555952  0.38054254129159443
  0.39114681222758474  0.40079146129213228  0.41073893447467047  0.42244016419719826
  0.43523230218239384  0.44756846200589323  0.45954628156822858  0.46838407795681736
  0.47692401134207058  0.48345539195360981  0.49017787123168088  0.49767117836922287
  0.50668336171651618  0.51643422514890203  0.52685591924637165  0.54047968330217988
  0.55206934975205257  0.56292438172481085  0.57136826194535417  0.58120265430036044
  0.59178368923266667  0.60163107867814847  0.61110313590751741  0.62064184889114515
  0.63338784360578682  0.64820500609931109  0.66305642448750224  0.67628648166424310
  0.68760593344447918  0.69844292791709961  0.70908556948522683  0.72192348348825319
  0.73754835627757298  0.75345244097224329  0.76680210708115781  0.77931852568539162
  0.79000124649423709  0.79876425992954914  0.80725510135846024  0.81783326256096778
  0.82909508598858139  0.83987458323682829  0.85138193132857343  0.86237963204347423
  0.87331413588187634  0.88446351578942761  0.89630342856672585  0.90645569435254336
  0.91603927481820158  0.92561035264874381  0.93324826003724692  0.94100760771578229
  0.94879254981852945  0.95794137994962092  0.96644301621648188  0.97454711300633190
  0.98132807356389795  0.98703452814116932  0.99302928149702463  1.00000000000000000
 -0.00331213502547344  0.01173470361888904  0.02407562293437950  0.03597011900174038
  0.04694154803087966  0.05825344588841600  0.06989907812343830  0.08113848612530257
  0.09344870785915833  0.10592563143836406  0.11811496545708110  0.13332580937836649
  0.15102260970074452  0.16677368824771244  0.17869524042691368  0.18936616882843621
  0.19997196979617590  0.21097180595703358  0.22155531518583213  0.23044479057125397
  0.23999427630063841  0.24941997036409025  0.25848297088507066  0.26813763854848255
  0.27821476105057630  0.28853490416197264  0.29867437565526789  0.30862732136265880
  0.31752334138393734  0.32679243702675564  0.33609841410716967  0.34547010036526449
  0.35552048809847259  0.36372279219319092  0.37176651398680255  0.38025695489762523
  0.38835716033079515  0.39639228643799163  0.40153043621938012  0.40692365826209026
  0.41456398352631457  0.42576724110843722  0.43631249299586494  0.44544475677111911
  0.45427343999216585  0.46392079411212156  0.47407004335635827  0.48470274420193787
  0.49599409547519419  0.50867383953931933  0.52108682981324528  0.53206949839034434
  0.54318805062097686  0.55518035137839628  0.56802061634013823  0.58148577734459039
  0.59523821757534467  0.61005460691579749  0.62327699987173280  0.63636722461640549
  0.64952627445139699  0.66238346841654960  0.67374393471762628  0.68455811482570916
  0.69570468728550827  0.70760991872377110  0.71976294541650732  0.72945036929290907
  0.74067683804213957  0.75201275017745395  0.76356661974138862  0.77798775315574586
  0.79031297044351922  0.79693646898009096  0.80410004071718444  0.81257972578347681
  0.82422671009545356  0.83386732927035156  0.84069616248193924  0.84753857721921155
  0.85402142970008665  0.86176078158983360  0.86973038920915724  0.87647581683251541
  0.88285005483699297  0.88946169650896700  0.89903921632463180  0.91076863491911353
  0.92156615262434172  0.93172948728027483  0.94135766614653826  0.95035344791097731
  0.96009156571757515  0.97110491087014350  0.98382404990431394  1.00000000000000000
 -0.00312676251675454  0.00692748838998257  0.01561417437039051  0.02210631827461251
  0.02953456425410673  0.03923211012762508  0.05029915471553508  0.06058043341746006
  0.07034509357975126  0.08028306713862367  0.09428950650110957  0.10882950845497177
  0.12278491231114809  0.13654260352995085  0.14982197534532005  0.16332231968478100
  0.17887516299744888  0.19496838591393251  0.20920241100345319  0.22234558999781354
  0.23283643322511094  0.24184041778486429  0.24993741282108625  0.26000643973798609
  0.27358537445533854  0.29141011233904052  0.30904681578861110  0.32336412519798641
  0.33572504472883258  0.34429268331265245  0.35230359293291830  0.35959374938926719
  0.36823592555306978  0.37752668189023880  0.38625125849421477  0.39462134823088491
  0.40307005705825505  0.41266147370643436  0.42201521979706663  0.43272844105024522
  0.44481724976621861  0.45889093929888580  0.47583190098206946  0.49101036965466982
  0.50271784768044769  0.51289430297649696  0.52241762666846392  0.53204982310998572
  0.54409286634121201  0.55598157168649065  0.56689054689831386  0.57771536449145988
  0.58646381767894906  0.59275138720589193  0.60001249427721892  0.60806559421573636
  0.61562013232913204  0.62274949261643653  0.62960403728042369  0.63690562274288720
  0.64686028262311723  0.66021500454822568  0.67415244711156630  0.68710538853239034
  0.69895162171604430  0.70968235317504347  0.71844173619088392  0.72664639066691283
  0.73454442824144761  0.74316738479903832  0.75060296149827643  0.75805564492831812
  0.76660650894134319  0.77567982893844500  0.78477164294073964  0.79273784472912145
  0.80025192916087762  0.80763106902587201  0.81957739810852803  0.83590656814084063
  0.85051980132415850  0.86248526173188822  0.87398947139880945  0.88696942475248985
  0.90013460438568527  0.91108353457112767  0.91875254962639319  0.92870773223143110
  0.93806101651421359  0.94647450650365805  0.95720441093573927  0.96679963353029008
  0.97599730424546760  0.98370856396954753  0.99163042335305951  1.00000000000000000
 -0.00237373235865462  0.01121205590668715  0.02100590361611452  0.02984821680538757
  0.03840486562177865  0.04719037120096721  0.05673178075869954  0.06713251139400557
  0.07821406350053375  0.09052817183139199  0.10343982488358608  0.11383151028345564
  0.12229957446297601  0.12948422875028923  0.13632347740979653  0.14297024740431660
  0.14965356731672422  0.15690601399150420  0.16568410004226142  0.17950988188477629
  0.19351194990099624  0.20457219028166798  0.21686543889583573  0.22989381172495760
  0.24528044131749724  0.25781098887777038  0.26845076327662415  0.27839167469620690
  0.28922538000768078  0.29920303546159061  0.30898827516732208  0.31963233211700820
  0.32998757803328305  0.34243088147320910  0.35627601660740160  0.36953674327183517
  0.38189775157675609  0.39436544153982983  0.40737506187439421  0.42053650834593964
  0.43417255284538292  0.44998858235924255  0.46445276820908815  0.47626677085473068
  0.48480836705362379  0.49308714520853664  0.50255582422621214  0.51027203452359893
  0.51689344173641261  0.52282292587626444  0.52899114302609862  0.53535904330871520
  0.54237795426411162  0.55023382033149604  0.55769391114615530  0.56569265710694561
  0.57269057069371099  0.58120553006783215  0.59261569203339826  0.60652133465768321
  0.62371561534778808  0.64050506478524227  0.65560010666106783  0.66772562658002776
  0.67583481663683109  0.68334165085677290  0.69128262578595390  0.70107614062946699
  0.71144329776972837  0.72095913566979475  0.72916678598735574  0.73930543502380208
  0.75162590597412793  0.76572569223849507  0.77886763510615442  0.78982774982409665
  0.79981932088307739  0.81011450190881884  0.81838773937924347  0.82789472011045329
  0.83819735805384188  0.84921513301371021  0.85932376585817472  0.86607396889499155
  0.87265457593453255  0.87970478132209295  0.88766283680569980  0.89683022669209733
  0.90614420823858621  0.91509823357489339  0.92932637022744413  0.94488584821388344
  0.95751558192814867  0.96953135720245720  0.98236157959393344  1.00000000000000000
 -0.00264380393463415  0.00941252889090630  0.01829826273107166  0.02772343370190773
  0.03678963453224474  0.04686803387899786  0.05671023027678070  0.06832762216775046
  0.08125396954981061  0.09210479742791330  0.10206152481537363  0.11042478968164494
  0.11715634741187540  0.12362821583058038  0.12983636787952563  0.13760412696023308
  0.14537729989834455  0.15491898499235485  0.16702973694521278  0.17833441102737127
  0.19040050608082890  0.20297808320547681  0.21423987258741745  0.22454300646883296
  0.23309887598396117  0.24234974643624804  0.25131165674878447  0.26060732922705582
  0.27125886539059813  0.28269190954434220  0.29279216398003188  0.30255443770840701
  0.31314319426784759  0.32445353526317583  0.33630737147234468  0.34675011317397891
  0.35607132402785063  0.36657597594058117  0.37911873118856865  0.39265999455379841
  0.40395934083788382  0.41418618430137766  0.42477491849141480  0.43578537568922043
  0.44590082956323268  0.45486654293921269  0.46381854560980601  0.47230116218765350
  0.48060489798522066  0.48882881918304405  0.49809130278079466  0.51311525787378898
  0.52526472349989251  0.53806976476075241  0.55181947981706558  0.56427282040772220
  0.57358204987039407  0.58166054421471480  0.58928497561291582  0.59775113845044381
  0.60782615041107035  0.61748510199485773  0.62955726050835370  0.64305227541962995
  0.65628003139607627  0.66879631008287277  0.68022082495946756  0.69213172015972046
  0.70552504296864482  0.71913304172443560  0.73312539398309717  0.74647606608523298
  0.75734635816461904  0.76653269533125934  0.77607513496283909  0.78669955139191527
  0.79631929802645585  0.80414816844584402  0.81182367991596216  0.82037805594352931
  0.83048513290192838  0.83972928010578096  0.84924229607264334  0.85825996728755205
  0.86732925233721614  0.87705930481655514  0.88688726098351589  0.89844806473509176
  0.90920959309489113  0.92097410493835485  0.93398989570931368  0.94735610380477153
  0.95977120360302848  0.97215164075250304  0.98515576480748701  1.00000000000000000
 -0.00372361143486505  0.01375085536914162  0.02757915786100030  0.04229726804527806
  0.05733324451074218  0.07084925780243317  0.08269473623623724  0.08981744158202558
  0.09556188822355052  0.10084785002031613  0.10645563167046837  0.11369929085755097
  0.12204458170012447  0.13042894359972099  0.13844170487331414  0.14783271267360842
  0.15873307374012466  0.16956662982902634  0.18119368749484252  0.19169708985969428
  0.20234822659092142  0.21311158314971135  0.22431458436092205  0.23661729983848015
  0.25107406063366827  0.26391313583821197  0.27572458909123854  0.28470652551540782
  0.29296658061949032  0.30082447871496321  0.30908822695847715  0.31742101563722042
  0.32730024039882233  0.33854478655577719  0.34893405137383021  0.35821240408061134
  0.36794759892212886  0.37947195712313253  0.39312740466049539  0.40688848163174701
  0.41990854475493761  0.43184269767130429  0.44340355416574512  0.45260481546046266
  0.46221928531680451  0.47210699274667939  0.48199478537025076  0.49026538060639430
  0.49881226441833482  0.50861622391796002  0.51945092118038927  0.52978971495938443
  0.53844922528639327  0.54875415129314475  0.56150993173667274  0.57274612712792594
  0.58162269913063114  0.59030435164874584  0.59872282671629007  0.60709157003976411
  0.61558349422934344  0.62398573379583100  0.63124591991933032  0.63948610398452144
  0.64974955404997758  0.66621503457363040  0.68074680713407765  0.69457825897261383
  0.70644985405928984  0.71901942301899191  0.72987008981887103  0.74059774177697646
  0.75121778601774913  0.76521350059352022  0.77873308580744915  0.79044208911347658
  0.79860333107742765  0.80555441483228418  0.81410029829931119  0.82270718242923679
  0.83055445083711987  0.83720823398858490  0.84430262387946664  0.85385836844736840
  0.86565766147866274  0.87748347829996498  0.88794744715536700  0.90099576581824325
  0.91417047597382228  0.92743796103416631  0.94126746142533624  0.95506927985712742
  0.96735635917439311  0.97818034117584207  0.98890219459570339  1.00000000000000000
 -0.00150341510578306  0.00675021846111557  0.01673949003842601  0.02694064579410842
  0.03650436808277874  0.04771786721561177  0.06028440664970133  0.07335254415490336
  0.08786347463490311  0.10128409369069771  0.11150919128083829  0.12039712732427951
  0.12911914561661456  0.13739572587592885  0.14550605340928033  0.15282088128034796
  0.16027664226796776  0.16733271695186924  0.17706084825082063  0.18642686232764411
  0.19405976382789661  0.20335661300709182  0.21415978105863587  0.22441576826403617
  0.23256872623935138  0.24076322458785995  0.24838510788415930  0.25701543343406835
  0.26563169093700828  0.27438181312624110  0.28214715768560655  0.29011540415083370
  0.29804848105953691  0.30707533180425844  0.31516758444557547  0.32429739935566565
  0.33305131006285615  0.34394331922753540  0.35390126353599416  0.36392459477439720
  0.37440259698824618  0.38598531573802242  0.39856149137553243  0.40939752037667804
  0.42014603820676150  0.43031726750685079  0.43984760007838797  0.44915889987237650
  0.46067226962100233  0.47364146729428463  0.48658462721924256  0.49957189508688787
  0.51376489628227584  0.52863722597659479  0.54226119193848854  0.55532066081298992
  0.57060224816281901  0.58856072261513470  0.60558366571125466  0.61647924988183411
  0.62653351098353083  0.63573306903456883  0.64569088963562926  0.65548665920485971
  0.66388112819071932  0.67268320116329738  0.68255089216855391  0.69295117636357073
  0.70646980784027458  0.72500238230001957  0.73544489976202154  0.74419706006952413
  0.75287072097719354  0.76220475243807151  0.77171284355712966  0.78082031507933969
  0.79055858379423882  0.80354077768152965  0.81471081347054841  0.82470645977791490
  0.83386886708410479  0.84327722212364731  0.85282797386788312  0.86356163440224998
  0.87189244009987543  0.88055890449369778  0.88939022671335821  0.89971172378840114
  0.91082789153894816  0.92201206665807922  0.93324581728443756  0.94410299271543818
  0.95432694477039581  0.96493480167070922  0.97842163353113576  1.00000000000000000
 -0.00551446974257762  0.03185494437043546  0.04701676005802705  0.06103529474038447
  0.07664896645209920  0.09598349406427500  0.11438017279586447  0.13097241362401682
  0.14524954912016330  0.15793762875429848  0.17160188186847999  0.18603851094147120
  0.19934625556113317  0.21155408236619547  0.22070508118873633  0.23169991963322650
  0.24432214136276476  0.25327367571255643  0.26172819174280570  0.27043319252051340
  0.27898318913673326  0.28693313875248982  0.29353609950937470  0.29995840378965882
  0.30653880848446957  0.31676880511587285  0.32747432712311547  0.33754298111961534
  0.34707292239621573  0.35711167497476098  0.36798459303181591  0.37783004079016208
  0.38418849703572677  0.39024523414166284  0.39580082965802088  0.40125927632172503
  0.40752827450738310  0.41387359385110900  0.41976239941846882  0.42594900697143956
  0.43270470782060655  0.43979494317768980  0.44706653177739825  0.45373293084201838
  0.46136619590389094  0.47065682889443444  0.48120905915609574  0.49113536725881834
  0.50025944482753715  0.50885905602531800  0.51819628855177702  0.52710605039429892
  0.53648517508223259  0.54837911696630581  0.56223894612601721  0.57581940952683708
  0.58662643949091842  0.59536088103134432  0.60327026397753114  0.61123502544364650
  0.62028683465161250  0.63088234838570878  0.64027795026216205  0.64724678902376120
  0.65284260938497285  0.65823559246620589  0.66441482986915967  0.67157198058802603
  0.68161115013823415  0.69042618832966540  0.69759047484698844  0.70398563319064156
  0.71162198575608948  0.72171036288911028  0.73124189345770874  0.74109997190166621
  0.75100223706452851  0.76209182200555037  0.77406181552120390  0.78653290441205470
  0.79659269180930348  0.80531154869711430  0.81424724216788913  0.82238281630677046
  0.82921693460671508  0.83561866970547682  0.84200021286971349  0.85157936976056037
  0.86919462624551258  0.88768489825541963  0.90372242376502987  0.91710928320524743
  0.93279480472657139  0.94904201770176444  0.97034497001008990  1.00000000000000000
 -0.00184574377847550  0.00752671729730239  0.01731473846976557  0.02653570741948424
  0.03581739882849982  0.04481110379749411  0.05480587423786060  0.06679796000561676
  0.07806216682274197  0.08955881743427821  0.10113816134779162  0.11271341118162626
  0.12556738258758463  0.13936616925108747  0.15137071374435504  0.16064411408906840
  0.17231518448808356  0.18404256450610942  0.19580297893789439  0.20892483344811263
  0.22562284961389534  0.24164670790185458  0.25675684521596559  0.26862294953134219
  0.27790081913165393  0.28673207727029737  0.29547154621478977  0.30367282440248944
  0.31473284747352237  0.33035871584907156  0.34599017551771272  0.35933146775602476
  0.37041614274942425  0.38063120957338015  0.39087348475625266  0.40146819387335797
  0.40984171897375821  0.41731027995323344  0.42499185356157937  0.43401798583511203
  0.44265936324871141  0.45179905893182976  0.46065331415199418  0.46904217048278984
  0.47729452634716363  0.48580700731863824  0.49388544053401534  0.50253476582857470
  0.51220522869719287  0.52338025427205503  0.53393898937353379  0.54417528414342353
  0.55489928081673845  0.56603808396856659  0.57745327979540972  0.58919296678087607
  0.59930437382613877  0.61065610559428274  0.62161816307473061  0.63541676533913771
  0.64882143516154955  0.65979876852647990  0.67092242505983724  0.68144091004428609
  0.69360374076569187  0.70534602784768119  0.71667185262830779  0.72770492730271186
  0.73914276293377845  0.74903346859470588  0.75827867157939699  0.76714967774324261
  0.77919380072542377  0.79096858896915856  0.80124256814625505  0.81089873402358781
  0.82019703999897819  0.82849722281655580  0.83692621694084035  0.84512045018115656
  0.85158174378030882  0.86012697701509544  0.87061952898356787  0.88104458298162480
  0.89314348665874266  0.90672044439341826  0.91754698261810819  0.92905021129049614
  0.93926074106588597  0.94648213736431064  0.95779735801513088  0.96856342114641369
  0.97906347975919339  0.98800850522063821  0.99458949404843433  1.00000000000000000
 -0.01131238084671241  0.15960897298547125  0.21474287290329619  0.26475539239429252
  0.30098571645542227  0.32591416417686242  0.34949742821396368  0.37670748374260526
  0.39987336448441990  0.41723422263635285  0.43188735319686389  0.44594478659263920
  0.46369624519805724  0.48329350611604999  0.50093181932926290  0.51696163353975866
  0.53311145591984510  0.54940987908187955  0.56177333954138997  0.56994733264084829
  0.57761224264361466  0.58533966031179308  0.59477349551896252  0.60584394528224339
  0.61588884337257144  0.62479939322939038  0.63278624053697352  0.64011392250932841
  0.64691434796680303  0.65400775544868661  0.66122138099565730  0.66745299184044926
  0.67323135546448354  0.67882056361778598  0.68427836808949083  0.68922555217942827
  0.69366962219466977  0.69820432261284437  0.70320013771156775  0.70873899464073442
  0.71439508491799597  0.72043466095243458  0.72662482166659403  0.73255834136342279
  0.73734108315811331  0.74203823969014049  0.74638010607085470  0.75137544741994655
  0.75617307682242407  0.76098199494385321  0.76602813201640285  0.77078554793275966
  0.77522498774470316  0.77977864044234302  0.78449022668503698  0.78880002671458060
  0.79475059645468549  0.80134350089828388  0.80726651432992558  0.81224936108837886
  0.81611072017331032  0.81975916744518496  0.82312599011747078  0.82653833010399469
  0.83061734244194685  0.83459786607177777  0.83884174185156801  0.84311111148946327
  0.84732613091362818  0.85145620179432246  0.85544638153511043  0.85945844122419457
  0.86398755851812459  0.86935255049983151  0.87443049189244404  0.87977434139984301
  0.88539181451632598  0.89024445132910246  0.89443349501670188  0.89832445271128802
  0.90220540963711526  0.90610232536983004  0.91001971147388139  0.91394901029120135
  0.91756147174996039  0.92183846479674492  0.92645456807515403  0.93122278981735052
  0.93576430656451282  0.94009493966766577  0.94451511179218184  0.94954243671460092
  0.95598152990007501  0.96528832707650181  0.97966644837969497  1.00000000000000000
 -0.02071194846938793  0.11852864739611951  0.16185472171707718  0.18191120588186796
  0.19668810815247154  0.20874238042452686  0.21965918644107049  0.23317927741006053
  0.24889670032416922  0.25919734770594299  0.26709017334174928  0.27488157929053092
  0.28357281318823918  0.29318456880855531  0.30064455638486248  0.30730927171254219
  0.31387173690815251  0.32279961086990955  0.33211897672304808  0.33955566514389945
  0.34681520421750994  0.35389214953079928  0.36128045524794383  0.36874562942923839
  0.37621806274185587  0.38181450770461045  0.38704183276486087  0.39222043745235236
  0.39765404238997049  0.40369582338797572  0.41084510948225478  0.41755565256662075
  0.42443112692469515  0.43166343194180529  0.43920014461054152  0.44620807046720673
  0.45160203332066945  0.45699188635319338  0.46214636929375991  0.46693192666076583
  0.47217654422738581  0.47920972061269224  0.48606879953237464  0.49311503860891992
  0.49929249651581870  0.50458354329613664  0.50961626604141996  0.51475831772428582
  0.51905709379297105  0.52294953509205422  0.52656505816520516  0.52990696194803089
  0.53385293336212714  0.53817783930096685  0.54275061159931293  0.54704472688375783
  0.55125053557849901  0.55537581323172813  0.55977815072683756  0.56489794746618238
  0.57094526850098881  0.57738363630973466  0.58222123721251506  0.58776403762913820
  0.59301260170543335  0.59763301892706677  0.60189916416444600  0.60626395658121512
  0.61137258665298966  0.61658247676488553  0.62191754303742952  0.62743880050338008
  0.63309723688523667  0.63889023693031932  0.64468824187922114  0.65007428635952746
  0.65598802811045054  0.66283152972214354  0.66937646440063547  0.67611178594314880
  0.68251621095733517  0.68913256410374524  0.69625702811446366  0.70306360075018925
  0.71130289530759527  0.72037891593927350  0.73176610288276189  0.74382279427532016
  0.75426441326303295  0.76399525006335656  0.77420748719201804  0.78637633173440580
  0.80446156350458564  0.83299613416623242  0.86981397365285329  1.00000000000000000
   5.2524107164190641E-015  -1.0000000000000000     
 T T T T T T T T T T T T T T T T T T T T T T T T T T T T T T T T T T T T T T T T T T T T T T T T T T T T T T T T T T T T T T T T T T T T T T T T T T T T T T T T T T T T T T T T T T T T T T T T T T T T T T T T T T T T T T T T T T T T T T T T T T T T T T T T T T T T T T T T T T T T T T T T T T T T T T T T T T T T T T T T T T T T T T T T T T T T T T T T T T T T T T T T T T T T T T T T T T T T T T T T T T T T T T T T T T T T T T T T T T T T T T T T T T T T T T T T T T T T T T T T T T T T T T T T T T T T T T T T T T T T T T T T T T T T T T T T T T T T T T T T T T T T T T T T T T T T T T T T T T T T T T T T T T T T T T T T T T T T T T T T T T T T T T T T T T T T T T T T T T T T T T T T T T T T T T T T T T T T T T T T T T T T T T T T T T T T T T T T T T T T T T T T T T T T T T T T T T T T T T T T T T T T T T T T T T T T T T T T T T T T T T T T T T T T T T T T T T T T T T T T T T T T T T T T T T T T T T T T T T T T T T T T T T T T T T T T T T T T T T T T T T T T T T T T T T T T T T T T T T T T T T T T T T T T T T T T
  <DiscreteSampler_grid>
  grouped_processes
  1 # 1 for a reference and 2 for a running grid.
  10 # Attribute 'min_bin_probing_points' of the grid.
  1 # Attribute 'grid_mode' of the grid. 1=='default',2=='initialization'
  0.0000000000000000 # Attribute 'small_contrib_threshold' of the grid.
  0.5000000000000000 # Attribute 'damping_power' of the grid.
 # binID   n_entries weight   weight_sqr   abs_weight
    10   10   3.007429992739696E-004   4.910557375743932E-007   3.007429992739696E-004
    11   10   3.007429992739711E-004   4.910557375743980E-007   3.007429992739711E-004
  </DiscreteSampler_grid>
