     
 Soft #          28
 
 part:           1
 comp:           0
   1.1111110353433677        306.94442351360533        276.25000000000000     
   1.0101010035426015        279.04040222864364        276.25000000000000     
   1.0010010003540111        276.52652634779554        276.25000000000000     
   1.0001000099363884        276.27762774492726        276.25000000000000     
   1.0000100000935404        276.25276252584052        276.25000000000000     
   1.0000010000003539        276.25027625009773        276.25000000000000     
   1.0000000999999457        276.25002762498497        276.25000000000000     
   1.0000000099999937        276.25000276249824        276.25000000000000     
   1.0000000009999992        276.25000027624981        276.25000000000000     
   1.0000000001000000        276.25000002762499        276.25000000000000     
 comp:           1
   0.0000000000000000        0.0000000000000000     
   0.0000000000000000        0.0000000000000000     
   0.0000000000000000        0.0000000000000000     
   0.0000000000000000        0.0000000000000000     
   0.0000000000000000        0.0000000000000000     
   0.0000000000000000        0.0000000000000000     
   0.0000000000000000        0.0000000000000000     
   0.0000000000000000        0.0000000000000000     
   0.0000000000000000        0.0000000000000000     
   0.0000000000000000        0.0000000000000000     
 comp:           2
   0.0000000000000000        0.0000000000000000     
   0.0000000000000000        0.0000000000000000     
   0.0000000000000000        0.0000000000000000     
   0.0000000000000000        0.0000000000000000     
   0.0000000000000000        0.0000000000000000     
   0.0000000000000000        0.0000000000000000     
   0.0000000000000000        0.0000000000000000     
   0.0000000000000000        0.0000000000000000     
   0.0000000000000000        0.0000000000000000     
   0.0000000000000000        0.0000000000000000     
 comp:           3
   1.1111110353433677        306.94442351360533        276.25000000000000     
   1.0101010035426015        279.04040222864364        276.25000000000000     
   1.0010010003540111        276.52652634779554        276.25000000000000     
   1.0001000099363884        276.27762774492726        276.25000000000000     
   1.0000100000935404        276.25276252584052        276.25000000000000     
   1.0000010000003539        276.25027625009773        276.25000000000000     
   1.0000000999999457        276.25002762498497        276.25000000000000     
   1.0000000099999937        276.25000276249824        276.25000000000000     
   1.0000000009999992        276.25000027624981        276.25000000000000     
   1.0000000001000000        276.25000002762499        276.25000000000000     
 
 part:           2
 comp:           0
   1.0000000681909735        276.25001883775644        276.25000000000000     
   1.0000000064928247        276.25000179364281        276.25000000000000     
   1.0000000006463432        276.25000017855228        276.25000000000000     
   1.0000000000646052        276.25000001784719        276.25000000000000     
   1.0000000000064602        276.25000000178460        276.25000000000000     
   1.0000000000006459        276.25000000017843        276.25000000000000     
   1.0000000000000648        276.25000000001791        276.25000000000000     
   1.0000000000000064        276.25000000000176        276.25000000000000     
   1.0000000000000004        276.25000000000011        276.25000000000000     
   1.0000000000000000        276.25000000000000        276.25000000000000     
 comp:           1
   0.0000000000000000        0.0000000000000000     
   0.0000000000000000        0.0000000000000000     
   0.0000000000000000        0.0000000000000000     
   0.0000000000000000        0.0000000000000000     
   0.0000000000000000        0.0000000000000000     
   0.0000000000000000        0.0000000000000000     
   0.0000000000000000        0.0000000000000000     
   0.0000000000000000        0.0000000000000000     
   0.0000000000000000        0.0000000000000000     
   0.0000000000000000        0.0000000000000000     
 comp:           2
   0.0000000000000000        0.0000000000000000     
   0.0000000000000000        0.0000000000000000     
   0.0000000000000000        0.0000000000000000     
   0.0000000000000000        0.0000000000000000     
   0.0000000000000000        0.0000000000000000     
   0.0000000000000000        0.0000000000000000     
   0.0000000000000000        0.0000000000000000     
   0.0000000000000000        0.0000000000000000     
   0.0000000000000000        0.0000000000000000     
   0.0000000000000000        0.0000000000000000     
 comp:           3
   1.0000000681909735       -276.25001883775644       -276.25000000000000     
   1.0000000064928247       -276.25000179364281       -276.25000000000000     
   1.0000000006463432       -276.25000017855228       -276.25000000000000     
   1.0000000000646052       -276.25000001784719       -276.25000000000000     
   1.0000000000064602       -276.25000000178460       -276.25000000000000     
   1.0000000000006459       -276.25000000017843       -276.25000000000000     
   1.0000000000000648       -276.25000000001791       -276.25000000000000     
   1.0000000000000064       -276.25000000000176       -276.25000000000000     
   1.0000000000000004       -276.25000000000011       -276.25000000000000     
   1.0000000000000000       -276.25000000000000       -276.25000000000000     
 
 part:           3
 comp:           0
  0.99993337697833917        191.66235572508103        191.67512570113246     
  0.99999364743455621        191.67390807235250        191.67512570113246     
  0.99999936760852082        191.67500448741620        191.67512570113246     
  0.99999993678928989        191.67511358521165        191.67512570113246     
  0.99999999367921322        191.67512448959485        191.67512570113246     
  0.99999999936792416        191.67512557997924        191.67512570113246     
  0.99999999993679245        191.67512568901714        191.67512570113246     
  0.99999999999367939        191.67512569992095        191.67512570113246     
  0.99999999999936784        191.67512570101130        191.67512570113246     
  0.99999999999993683        191.67512570112035        191.67512570113246     
 comp:           1
  0.99994861072845176       -103.05342301324242       -103.05871912574499     
  0.99999510007753967       -103.05821414601240       -103.05871912574499     
  0.99999951221852479       -103.05866885561093       -103.05871912574499     
  0.99999995124379593       -103.05871410099304       -103.05871912574499     
  0.99999999512459892       -103.05871862329239       -103.05871912574499     
  0.99999999951246210       -103.05871907549995       -103.05871912574499     
  0.99999999995124622       -103.05871912072048       -103.05871912574499     
  0.99999999999512468       -103.05871912524255       -103.05871912574499     
  0.99999999999951239       -103.05871912569474       -103.05871912574499     
  0.99999999999995115       -103.05871912573996       -103.05871912574499     
 comp:           2
  0.99987610014212902       -123.88184052514455       -123.89719136954585     
  0.99998818625603869       -123.89572767984949       -123.89719136954585     
  0.99999882395578621       -123.89704566097083       -123.89719136954585     
  0.99999988244848448       -123.89717680524323       -123.89719136954585     
  0.99999998824537706       -123.89718991318108       -123.89719136954585     
  0.99999999882454293       -123.89719122391003       -123.89719136954585     
  0.99999999988245425       -123.89719135498227       -123.89719136954585     
  0.99999999998824562       -123.89719136808952       -123.89719136954585     
  0.99999999999882461       -123.89719136940022       -123.89719136954585     
  0.99999999999988243       -123.89719136953128       -123.89719136954585     
 comp:           3
   1.0000000000000000        65.578382421902759        65.578382421902759     
   1.0000000000000000        65.578382421902759        65.578382421902759     
   1.0000000000000000        65.578382421902759        65.578382421902759     
   1.0000000000000000        65.578382421902759        65.578382421902759     
   1.0000000000000000        65.578382421902759        65.578382421902759     
   1.0000000000000000        65.578382421902759        65.578382421902759     
   1.0000000000000000        65.578382421902759        65.578382421902759     
   1.0000000000000000        65.578382421902759        65.578382421902759     
   1.0000000000000000        65.578382421902759        65.578382421902759     
   1.0000000000000000        65.578382421902759        65.578382421902759     
 
 part:           4
 comp:           0
   1.0000632824508664        131.88955479461603        131.88120902848547     
   1.0000060334353758        131.88200472523741        131.88120902848547     
   1.0000006006167004        131.88128823854208        131.88120902848547     
   1.0000000600346044        131.88121694592169        131.88120902848547     
   1.0000000060031899        131.88120982019342        131.88120902848547     
   1.0000000006003162        131.88120910765591        131.88120902848547     
   1.0000000000600315        131.88120903640251        131.88120902848547     
   1.0000000000060034        131.88120902927722        131.88120902848547     
   1.0000000000006004        131.88120902856465        131.88120902848547     
   1.0000000000000602        131.88120902849340        131.88120902848547     
 comp:           1
   1.0000325131140457        112.08774355813939        112.08409935503434     
   1.0000030999150624        112.08444680622219        112.08409935503434     
   1.0000003085911506        112.08413394319552        112.08409935503434     
   1.0000000308452157        112.08410281229256        112.08409935503434     
   1.0000000030843825        112.08409970074459        112.08409935503434     
   1.0000000003084368        112.08409938960521        112.08409935503434     
   1.0000000000308438        112.08409935849143        112.08409935503434     
   1.0000000000030844        112.08409935538006        112.08409935503434     
   1.0000000000003084        112.08409935506891        112.08409935503434     
   1.0000000000000309        112.08409935503779        112.08409935503434     
 comp:           2
   1.0001611928254512        65.539320308674476        65.528757543097797     
   1.0000153686929796        65.529764634453812        65.528757543097797     
   1.0000015299266447        65.528857797289959        65.528757543097797     
   1.0000001529237543        65.528767564001413        65.528757543097797     
   1.0000000152916868        65.528758545143035        65.528757543097797     
   1.0000000015291619        65.528757643301873        65.528757543097797     
   1.0000000001529161        65.528757553118197        65.528757543097797     
   1.0000000000152920        65.528757544099861        65.528757543097797     
   1.0000000000015292        65.528757543197997        65.528757543097797     
   1.0000000000001530        65.528757543107815        65.528757543097797     
 comp:           3
   1.0000000000000000        23.147135923128225        23.147135923128225     
   1.0000000000000000        23.147135923128225        23.147135923128225     
   1.0000000000000000        23.147135923128225        23.147135923128225     
   1.0000000000000000        23.147135923128225        23.147135923128225     
   1.0000000000000000        23.147135923128225        23.147135923128225     
   1.0000000000000000        23.147135923128225        23.147135923128225     
   1.0000000000000000        23.147135923128225        23.147135923128225     
   1.0000000000000000        23.147135923128225        23.147135923128225     
   1.0000000000000000        23.147135923128225        23.147135923128225     
   1.0000000000000000        23.147135923128225        23.147135923128225     
 
 part:           5
 comp:           0
   1.0000377809271122        64.266771379525025        64.264343413050625     
   1.0000036019604888        64.264574890676428        64.264343413050625     
   1.0000003585669486        64.264366456120143        64.264343413050625     
   1.0000000358405252        64.264345716318445        64.264343413050625     
   1.0000000035838907        64.264343643367013        64.264343413050625     
   1.0000000003583873        64.264343436082157        64.264343413050625     
   1.0000000000358387        64.264343415353778        64.264343413050625     
   1.0000000000035840        64.264343413280955        64.264343413050625     
   1.0000000000003584        64.264343413073661        64.264343413050625     
   1.0000000000000357        64.264343413052927        64.264343413050625     
 comp:           1
   1.0000321554296678        55.226031821647759        55.224256061966003     
   1.0000030658475347        55.224425371115309        55.224256061966003     
   1.0000003052001216        55.224272916415671        55.224256061966003     
   1.0000000305062688        55.224257746652000        55.224256061966003     
   1.0000000030504894        55.224256230427017        55.224256061966003     
   1.0000000003050475        55.224256078812026        55.224256061966003     
   1.0000000000305047        55.224256063650607        55.224256061966003     
   1.0000000000030504        55.224256062134465        55.224256061966003     
   1.0000000000003051        55.224256061982850        55.224256061966003     
   1.0000000000000304        55.224256061967687        55.224256061966003     
 comp:           2
   1.0004571189138158        11.264931276432359        11.259784216101693     
   1.0000435838335695        11.260274960662997        11.259784216101693     
   1.0000043386995461        11.259833068922360        11.259784216101693     
   1.0000004336745798        11.259789099183882        11.259784216101693     
   1.0000000433655054        11.259784704387927        11.259784216101693     
   1.0000000043365311        11.259784264930097        11.259784216101693     
   1.0000000004336529        11.259784220984532        11.259784216101693     
   1.0000000000433658        11.259784216589983        11.259784216101693     
   1.0000000000043365        11.259784216150521        11.259784216101693     
   1.0000000000004337        11.259784216106576        11.259784216101693     
 comp:           3
   1.0000000000000000        30.877251110157836        30.877251110157836     
   1.0000000000000000        30.877251110157836        30.877251110157836     
   1.0000000000000000        30.877251110157836        30.877251110157836     
   1.0000000000000000        30.877251110157836        30.877251110157836     
   1.0000000000000000        30.877251110157836        30.877251110157836     
   1.0000000000000000        30.877251110157836        30.877251110157836     
   1.0000000000000000        30.877251110157836        30.877251110157836     
   1.0000000000000000        30.877251110157836        30.877251110157836     
   1.0000000000000000        30.877251110157836        30.877251110157836     
   1.0000000000000000        30.877251110157836        30.877251110157836     
 
 part:           6
 comp:           0
   1.0000121340453940        164.68132008369832        164.67932185733144     
   1.0000011566262639        164.67951232976023        164.67932185733144     
   1.0000001151375202        164.67934081810017        164.67932185733144     
   1.0000000115085401        164.67932375255003        164.67932185733144     
   1.0000000011508019        164.67932204684473        164.67932185733144     
   1.0000000001150797        164.67932187628270        164.67932185733144     
   1.0000000000115079        164.67932185922658        164.67932185733144     
   1.0000000000011511        164.67932185752099        164.67932185733144     
   1.0000000000001150        164.67932185735040        164.67932185733144     
   1.0000000000000115        164.67932185733335        164.67932185733144     
 comp:           1
  0.99992917657198188       -64.245085911764278       -64.249636291255342     
  0.99999324728814587       -64.249202431974737       -64.249636291255342     
  0.99999932777780853       -64.249593101224036       -64.249636291255342     
  0.99999993280804411       -64.249631974196618       -64.249636291255342     
  0.99999999328110678       -64.249635859568897       -64.249636291255342     
  0.99999999932811368       -64.249636248086887       -64.249636291255342     
  0.99999999993281141       -64.249636286938497       -64.249636291255342     
  0.99999999999328115       -64.249636290823659       -64.249636291255342     
  0.99999999999932809       -64.249636291212170       -64.249636291255342     
  0.99999999999993272       -64.249636291251022       -64.249636291255342     
 comp:           2
   1.0002799767898773        47.121838938839730        47.108649610346369     
   1.0000266945930292        47.109907156575872        47.108649610346369     
   1.0000026574061227        47.108774797160272        47.108649610346369     
   1.0000002656209763        47.108662123391873        47.108649610346369     
   1.0000000265609021        47.108650861594604        47.108649610346369     
   1.0000000026560782        47.108649735470628        47.108649610346369     
   1.0000000002656078        47.108649622858792        47.108649610346369     
   1.0000000000265608        47.108649611597613        47.108649610346369     
   1.0000000000026561        47.108649610471495        47.108649610346369     
   1.0000000000002656        47.108649610358881        47.108649610346369     
 comp:           3
   1.0000000000000000       -119.60276945518882       -119.60276945518882     
   1.0000000000000000       -119.60276945518882       -119.60276945518882     
   1.0000000000000000       -119.60276945518882       -119.60276945518882     
   1.0000000000000000       -119.60276945518882       -119.60276945518882     
   1.0000000000000000       -119.60276945518882       -119.60276945518882     
   1.0000000000000000       -119.60276945518882       -119.60276945518882     
   1.0000000000000000       -119.60276945518882       -119.60276945518882     
   1.0000000000000000       -119.60276945518882       -119.60276945518882     
   1.0000000000000000       -119.60276945518882       -119.60276945518882     
   1.0000000000000000       -119.60276945518882       -119.60276945518882     
 
 part:           7
 comp:           0
   30.694440368441427        0.0000000000000000     
   2.7904040042598988        0.0000000000000000     
  0.27652652616915419        0.0000000000000000     
   2.7627762772707926E-002   0.0000000000000000     
   2.7625276252405593E-003   0.0000000000000000     
   2.7625027624991934E-004   0.0000000000000000     
   2.7625002762496717E-005   0.0000000000000000     
   2.7625000276249646E-006   0.0000000000000000     
   2.7625000027624969E-007   0.0000000000000000     
   2.7625000002762500E-008   0.0000000000000000     
 comp:           1
  -1.5266454780423834E-002  -0.0000000000000000     
  -1.4555993503543661E-003  -0.0000000000000000     
  -1.4490277621633248E-004  -0.0000000000000000     
  -1.4483754876480940E-005  -0.0000000000000000     
  -1.4483103086327987E-006  -0.0000000000000000     
  -1.4483037912152284E-007  -0.0000000000000000     
  -1.4483031394783107E-008  -0.0000000000000000     
  -1.4483030743046672E-009  -0.0000000000000000     
  -1.4483030677873033E-010  -0.0000000000000000     
  -1.4483030671355672E-011  -0.0000000000000000     
 comp:           2
  -4.4249998801999361E-002  -0.0000000000000000     
  -4.2190718431868671E-003  -0.0000000000000000     
  -4.2000240174956205E-004  -0.0000000000000000     
  -4.1981333921387398E-005  -0.0000000000000000     
  -4.1979444699960289E-006  -0.0000000000000000     
  -4.1979255791845184E-007  -0.0000000000000000     
  -4.1979236901173947E-008  -0.0000000000000000     
  -4.1979235012108222E-009  -0.0000000000000000     
  -4.1979234823201666E-010  -0.0000000000000000     
  -4.1979234804311011E-011  -0.0000000000000000     
 comp:           3
   30.694404675848837        0.0000000000000000     
   2.7904004350008611        0.0000000000000000     
  0.27652616924325246        0.0000000000000000     
   2.7627727080117768E-002   0.0000000000000000     
   2.7625240559815438E-003   0.0000000000000000     
   2.7624991932401779E-004   0.0000000000000000     
   2.7624967069906561E-005   0.0000000000000000     
   2.7624964583659495E-006   0.0000000000000000     
   2.7624964335034816E-007   0.0000000000000000     
   2.7624964310172351E-008   0.0000000000000000     
 
 part: i_fks reduced
 comp:           0
   1.1111109635634906        306.94440368441428        276.25000000000000     
   1.0101009970171579        279.04040042598990        276.25000000000000     
   1.0010009997073452        276.52652616915412        276.25000000000000     
   1.0001000098717800        276.27762772707922        276.25000000000000     
   1.0000100000870802        276.25276252405592        276.25000000000000     
   1.0000009999997079        276.25027624991930        276.25000000000000     
   1.0000000999998810        276.25002762496712        276.25000000000000     
   1.0000000099999871        276.25000276249642        276.25000000000000     
   1.0000000009999985        276.25000027624958        276.25000000000000     
   1.0000000000999998        276.25000002762494        276.25000000000000     
 comp:           1
   1.0540925533894596      -0.15266454780423833      -0.14483030670631517     
   1.0050378152592121      -0.14555993503543660      -0.14483030670631517     
   1.0005003753127737      -0.14490277621633246      -0.14483030670631517     
   1.0000500037503126      -0.14483754876480939      -0.14483030670631517     
   1.0000050000375003      -0.14483103086327986      -0.14483030670631517     
   1.0000005000003749      -0.14483037912152280      -0.14483030670631517     
   1.0000000500000039      -0.14483031394783105      -0.14483030670631517     
   1.0000000050000000      -0.14483030743046671      -0.14483030670631517     
   1.0000000004999998      -0.14483030677873029      -0.14483030670631517     
   1.0000000000500000      -0.14483030671355668      -0.14483030670631517     
 comp:           2
   1.0540925533894596      -0.44249998801999357      -0.41979234802212040     
   1.0050378152592121      -0.42190718431868668      -0.41979234802212040     
   1.0005003753127739      -0.42000240174956205      -0.41979234802212040     
   1.0000500037503124      -0.41981333921387398      -0.41979234802212040     
   1.0000050000375003      -0.41979444699960283      -0.41979234802212040     
   1.0000005000003749      -0.41979255791845177      -0.41979234802212040     
   1.0000000500000037      -0.41979236901173939      -0.41979234802212040     
   1.0000000050000002      -0.41979235012108218      -0.41979234802212040     
   1.0000000005000000      -0.41979234823201655      -0.41979234802212040     
   1.0000000000500000      -0.41979234804311005      -0.41979234802212040     
 comp:           3
   1.1111111071233375        306.94404675848835        276.24964307409846     
   1.0101010100680534        279.04004350008609        276.24964307409846     
   1.0010010010006773        276.52616924325241        276.24964307409846     
   1.0001000100009969        276.27727080117768        276.24964307409846     
   1.0000100001000007        276.25240559815438        276.24964307409846     
   1.0000010000010000        276.24991932401775        276.24964307409846     
   1.0000001000000103        276.24967069906558        276.24964307409846     
   1.0000000100000002        276.24964583659494        276.24964307409846     
   1.0000000010000001        276.24964335034809        276.24964307409846     
   1.0000000001000000        276.24964310172345        276.24964307409846     
 
 part: i_fks full/reduced
 comp:           0
   9.9999999999999992E-002   30.694440368441427        306.94440368441428     
   9.9999999999999985E-003   2.7904040042598988        279.04040042598990     
   1.0000000000000002E-003  0.27652652616915419        276.52652616915412     
   1.0000000000000002E-004   2.7627762772707926E-002   276.27762772707922     
   1.0000000000000001E-005   2.7625276252405593E-003   276.25276252405592     
   1.0000000000000002E-006   2.7625027624991934E-004   276.25027624991930     
   1.0000000000000002E-007   2.7625002762496717E-005   276.25002762496712     
   1.0000000000000002E-008   2.7625000276249646E-006   276.25000276249642     
   1.0000000000000005E-009   2.7625000027624969E-007   276.25000027624958     
   1.0000000000000002E-010   2.7625000002762500E-008   276.25000002762494     
 comp:           1
  0.10000000000000001       -1.5266454780423834E-002 -0.15266454780423833     
   1.0000000000000000E-002  -1.4555993503543661E-003 -0.14555993503543660     
   1.0000000000000000E-003  -1.4490277621633248E-004 -0.14490277621633246     
   1.0000000000000000E-004  -1.4483754876480940E-005 -0.14483754876480939     
   1.0000000000000001E-005  -1.4483103086327987E-006 -0.14483103086327986     
   1.0000000000000004E-006  -1.4483037912152284E-007 -0.14483037912152280     
   1.0000000000000001E-007  -1.4483031394783107E-008 -0.14483031394783105     
   1.0000000000000000E-008  -1.4483030743046672E-009 -0.14483030743046671     
   1.0000000000000003E-009  -1.4483030677873033E-010 -0.14483030677873029     
   1.0000000000000003E-010  -1.4483030671355672E-011 -0.14483030671355668     
 comp:           2
  0.10000000000000001       -4.4249998801999361E-002 -0.44249998801999357     
   1.0000000000000000E-002  -4.2190718431868671E-003 -0.42190718431868668     
   1.0000000000000000E-003  -4.2000240174956205E-004 -0.42000240174956205     
   1.0000000000000000E-004  -4.1981333921387398E-005 -0.41981333921387398     
   1.0000000000000001E-005  -4.1979444699960289E-006 -0.41979444699960283     
   1.0000000000000002E-006  -4.1979255791845184E-007 -0.41979255791845177     
   1.0000000000000002E-007  -4.1979236901173947E-008 -0.41979236901173939     
   1.0000000000000000E-008  -4.1979235012108222E-009 -0.41979235012108218     
   1.0000000000000003E-009  -4.1979234823201666E-010 -0.41979234823201655     
   1.0000000000000002E-010  -4.1979234804311011E-011 -0.41979234804311005     
 comp:           3
  0.10000000000000001        30.694404675848837        306.94404675848835     
   1.0000000000000000E-002   2.7904004350008611        279.04004350008609     
   1.0000000000000002E-003  0.27652616924325246        276.52616924325241     
   1.0000000000000000E-004   2.7627727080117768E-002   276.27727080117768     
   9.9999999999999991E-006   2.7625240559815438E-003   276.25240559815438     
   1.0000000000000002E-006   2.7624991932401779E-004   276.24991932401775     
   1.0000000000000001E-007   2.7624967069906561E-005   276.24967069906558     
   1.0000000000000000E-008   2.7624964583659495E-006   276.24964583659494     
   1.0000000000000003E-009   2.7624964335034816E-007   276.24964335034809     
   1.0000000000000002E-010   2.7624964310172351E-008   276.24964310172345     
