     
 Soft #          28
 ME*wgt:
   1.0055603160037854        2.1679198692818731E-019   2.1559322049396707E-019
   1.0000505166068210        2.1560411153192001E-019   2.1559322049396707E-019
   1.0000003842632523        2.1559330333851915E-019   2.1559322049396707E-019
   1.0000034507326150        2.1559396444852458E-019   2.1559322049396707E-019
   1.0000034789844665        2.1559397053943225E-019   2.1559322049396707E-019
   1.0000887934569880        2.1561236376131789E-019   2.1559322049396707E-019
  0.99875988560775220        2.1532586023836145E-019   2.1559322049396707E-019
   1.0227530621775376        2.2049862644492186E-019   2.1559322049396707E-019
   1.0000000005000003        2.1559322060176373E-019   2.1559322049396707E-019
   1.0000000000499998        2.1559322050474669E-019   2.1559322049396707E-019
 wgt:
   1.1111111111111109        3.5421282422774463E-005   3.1879154180497021E-005
   1.0101010101010099        3.2201165838885876E-005   3.1879154180497021E-005
   1.0010010010010009        3.1911065245742762E-005   3.1879154180497021E-005
   1.0001000100010002        3.1882342414738501E-005   3.1879154180497021E-005
   1.0000100001000010        3.1879472975226771E-005   3.1879154180497021E-005
   1.0000010000010002        3.1879186059683086E-005   3.1879154180497021E-005
   1.0000001000000098        3.1879157368412752E-005   3.1879154180497021E-005
   1.0000000099999999        3.1879154499288564E-005   3.1879154180497021E-005
   1.0000000010000001        3.1879154212376177E-005   3.1879154180497021E-005
   1.0000000001000000        3.1879154183684935E-005   3.1879154180497021E-005
