  0.02390613911542434  0.03352227378856747  0.04462085866962337  0.05460995488688934
  0.06379029125179324  0.07319083541394712  0.08307448515435092  0.09325621110264858
  0.10332060092169577  0.11331193355685637  0.12320170831140916  0.13290510211075598
  0.14244401714438815  0.15197402003848787  0.16176966838092804  0.17200956148128713
  0.18269098702515582  0.19356712493936296  0.20451523261508253  0.21541423129890094
  0.22626194621217957  0.23735709274097261  0.24843831883406500  0.25878592493556135
  0.26875043445353286  0.27838751799406380  0.28783992086225152  0.29739989582042686
  0.30691092587766067  0.31702751722127198  0.32803662929062644  0.33901335905785496
  0.35009201527384498  0.36090459677189923  0.37184040225396198  0.38215644891355049
  0.39225556302350623  0.40237918820655910  0.41250050978096575  0.42272736907465785
  0.43291403395133682  0.44307623926383516  0.45335806627260622  0.46368651020412266
  0.47384431323641518  0.48386453322145651  0.49379259292815414  0.50421331754336218
  0.51499745655626294  0.52583076843844467  0.53626731975660225  0.54673975131003638
  0.55748503876543309  0.56830432808209630  0.57855484262410595  0.58847362559827998
  0.59842242181475291  0.60799462950370964  0.61783869450207318  0.62787276086427546
  0.63832408548761332  0.64872985278492423  0.65876392059852906  0.66836338821875652
  0.67859209859073588  0.68872808634415306  0.69838394403764981  0.70799381651701832
  0.71770941129299637  0.72776859200704624  0.73756558968868802  0.74701346266344948
  0.75639830925094498  0.76589525066931419  0.77585724962414082  0.78586495973531822
  0.79578537163176466  0.80557062423172665  0.81557290653178804  0.82596682614050854
  0.83599214831652058  0.84621088738246131  0.85617996518990835  0.86617408729074907
  0.87661583442006430  0.88797008844099579  0.89903966975823379  0.90928993454029383
  0.91903163040987446  0.92868992034959119  0.93830417625038098  0.94788897727599908
  0.95737108641829383  0.96582067594819465  0.97082079194480109  1.00000000000000000
  0.02333061025589955  0.03406366123118751  0.04490402682976537  0.05656456496521056
  0.06825989157780740  0.07991620543347404  0.09100795467524259  0.10196257570128217
  0.11182108613433417  0.12169925428612641  0.13151539260907921  0.14124138549073068
  0.15120184560306035  0.16131267709143843  0.17153411313716105  0.18205930369675574
  0.19234565335633519  0.20222040688361428  0.21214658723616459  0.22167808767270508
  0.23136929599368183  0.24146549255899666  0.25178466179196468  0.26194197774368727
  0.27198495584300925  0.28188573304403020  0.29152921494196921  0.30087670997270100
  0.31051034735476435  0.32086352791516587  0.33148185181664058  0.34205830877304361
  0.35252250585676426  0.36274412418774671  0.37276218933088184  0.38287967964468789
  0.39323142298731267  0.40339409385317621  0.41349113512019608  0.42388711142980984
  0.43405974565553301  0.44368689462741384  0.45302662906756963  0.46284374206393381
  0.47316939489589549  0.48362360152618966  0.49373842695968301  0.50343838791894369
  0.51302861530537547  0.52331185140906122  0.53468699380697460  0.54665947907110346
  0.55872841917872784  0.57051615354974716  0.58212011224125759  0.59334209295146501
  0.60418385731268953  0.61499681192757372  0.62555937042924314  0.63564171269030190
  0.64542136146238693  0.65506080605291694  0.66470968252694518  0.67419638055895026
  0.68345319540426019  0.69279755976761204  0.70236741477031328  0.71220816109933782
  0.72245720016936366  0.73263453557513702  0.74309019548632116  0.75387701156901299
  0.76521455864676902  0.77652146680037470  0.78700725509394565  0.79679247894288530
  0.80624765182127534  0.81574539005868385  0.82499660644549411  0.83403648400173713
  0.84313649216900177  0.85259565326900377  0.86221356073584088  0.87172175950334918
  0.88084381765525843  0.88988902797505787  0.89898019210576652  0.90842329334124361
  0.91846004838673478  0.92802564009830113  0.93739463872418272  0.94676586961513354
  0.95650224994934985  0.96566016522022080  0.97104315641752115  1.00000000000000000
  0.00854296731894575  0.01715160099450622  0.02803499438473984  0.03894151868832937
  0.04886392946908862  0.05913802499994230  0.06908139035511331  0.07950956210681773
  0.08902207393079130  0.09837184941211627  0.10738813244105769  0.11657984114869155
  0.12592013143729394  0.13578183315353859  0.14587476618057171  0.15618664610627611
  0.16610947090639971  0.17615836351519709  0.18638031681063011  0.19652247729996108
  0.20647320654605478  0.21652485813920036  0.22658588154974521  0.23661707709544447
  0.24689703021649381  0.25727955226592958  0.26747128689614336  0.27769179482416578
  0.28807490486649495  0.29817902073740787  0.30764054081622272  0.31685236742479383
  0.32640564850696624  0.33620799961596592  0.34611007860795207  0.35596479441142281
  0.36599522928168293  0.37624256864086802  0.38632108015668293  0.39585917007957772
  0.40504395470605564  0.41484171340276504  0.42591180914823312  0.43766631403609224
  0.44920275127501169  0.46046409345730266  0.47161327388013025  0.48204008530438958
  0.49138687677919085  0.50077554642805389  0.51064076394691682  0.52075302607686180
  0.53075561215189537  0.54066362957743230  0.55089061051261479  0.56157605677420752
  0.57203691132059697  0.58246833731589387  0.59250110925703869  0.60241738774316145
  0.61248620607060522  0.62284423643632170  0.63370433183928676  0.64489935467478809
  0.65622529165111609  0.66735220598674705  0.67807188856675749  0.68884427625597922
  0.69960609883257485  0.71046470476999979  0.72146294939979583  0.73251926404135526
  0.74381687618317649  0.75542434066639808  0.76707304125135689  0.77835823600739973
  0.78939939572170148  0.80041294463628843  0.81137837714235395  0.82187110056724277
  0.83211201704514048  0.84207893229029385  0.85183850261941696  0.86208986762432105
  0.87246498287214047  0.88272694694857601  0.89282933556583832  0.90321988562549260
  0.91387710256054977  0.92456460785441552  0.93518937808186087  0.94631028849251675
  0.95804622724568300  0.96950399144919075  0.98128119163942817  1.00000000000000000
  0.00209717273571080  0.01658851689731183  0.02987118801833988  0.04113656751953260
  0.05213167270935002  0.06343850021337701  0.07320846773218791  0.08408689212575689
  0.09466166672506929  0.10545612799226720  0.11549198765584007  0.12593851749992080
  0.13669547097578796  0.14765799698375828  0.15883862662474996  0.16995444416292119
  0.18115174864146208  0.19164759232333670  0.20238694567578869  0.21286540509088486
  0.22356097962683996  0.23426034251272804  0.24483636405754011  0.25546768511903306
  0.26554170501773816  0.27579336667647675  0.28582977765835066  0.29559742866738292
  0.30505803799918696  0.31456664959155684  0.32439641884534492  0.33421612099431658
  0.34436155371005511  0.35447202966522784  0.36429770268620648  0.37416191785846659
  0.38467442282779324  0.39572940098120590  0.40692848172075624  0.41863708715143433
  0.43083358689625784  0.44241658019414648  0.45328096105545562  0.46393012915332571
  0.47462185805187929  0.48576459420832263  0.49741267510489723  0.50843457169824668
  0.51880496273581844  0.52872353812723738  0.53889496037587747  0.54920503407470711
  0.55941504339634718  0.57014251935454430  0.58111721966961871  0.59196126654140069
  0.60240726899412678  0.61246375497159489  0.62235433580073563  0.63256074825195596
  0.64322479028791013  0.65403809370382060  0.66436704295306714  0.67492255389655476
  0.68584887899800717  0.69727237623578153  0.70863266415392001  0.71904782816164770
  0.72960717777522022  0.73952634839625919  0.74969754050407500  0.75997169382344953
  0.77071405012930794  0.78112260017940793  0.79132396036386121  0.80164484835957495
  0.81194150178007440  0.82158096097185074  0.83093930797997728  0.84037393941132099
  0.84964868913139002  0.85883513968669289  0.86823909386184595  0.87804210396368354
  0.88835104739788950  0.89891183047618273  0.90977581439496047  0.92074086482116679
  0.93181074869500335  0.94296981007344804  0.95378881999640330  0.96419217588127515
  0.97403720430824670  0.98346038030151639  0.99258790038643741  1.00000000000000000
 -0.00073591245650702  0.00404943700714700  0.00730940393832111  0.01127972477366128
  0.01598874035139697  0.02130874693911880  0.02670294113465034  0.03187717511191515
  0.03808239054882461  0.04491076253901465  0.05173866436865868  0.05891247672486335
  0.06644792911111851  0.07419102351534720  0.08195769910135473  0.08918449955617841
  0.09678043897093488  0.10513325391642472  0.11344068529826433  0.12171023746856836
  0.13018137028457713  0.13894680278259608  0.14799627409309613  0.15756508193169019
  0.16762315770904818  0.17780999428806338  0.18791847316802154  0.19777061478756705
  0.20734686380484224  0.21690700701578525  0.22669652801099091  0.23641582457299370
  0.24601820857909351  0.25562917107001876  0.26534582294371489  0.27528053349851250
  0.28539948208661586  0.29565550028194759  0.30573166123755069  0.31556943515299957
  0.32514316896832179  0.33469678462756591  0.34456591432445294  0.35484575927502215
  0.36565959349523730  0.37667144866174923  0.38785785035416442  0.39890890773968185
  0.40966031871156611  0.42053646018480234  0.43170198191347281  0.44308582500542920
  0.45445388054307617  0.46570468853486613  0.47681601273573265  0.48826304411714527
  0.49983908561480911  0.51118373280143126  0.52251057865838946  0.53366728568021116
  0.54531597282003275  0.55746268239719876  0.57027067593799352  0.58259968744587320
  0.59482431310726158  0.60690865124984206  0.61895642781729532  0.63128461865034735
  0.64400285816351455  0.65690778044455356  0.66977947082581069  0.68248201067712289
  0.69525243539716741  0.70875840896631370  0.72191158006282730  0.73464650571765133
  0.74705919696847267  0.75924453852110263  0.77140523077695067  0.78376006251991515
  0.79583015616253161  0.80798246877183799  0.82031730298303918  0.83265136220288172
  0.84511072590051750  0.85770346030752176  0.87004207061618632  0.88292798322689581
  0.89731532827956062  0.91241378461105072  0.92743655844251405  0.94226443696709650
  0.95678367746864834  0.97117449875163153  0.98558333610440796  1.00000000000000000
 -0.00213717358418156  0.00856710418558824  0.01817762015270147  0.02856618763374293
  0.03875865871646197  0.04906946668939009  0.05984148368205324  0.07053527305246501
  0.08126267894416013  0.09205001281286637  0.10299723365898601  0.11455668171568555
  0.12642742129094076  0.13820862375334397  0.14959262816987509  0.16073275212571023
  0.17146559799674022  0.18186646719595256  0.19202347597694744  0.20237391422590503
  0.21285038608500126  0.22318632352391399  0.23300573914387390  0.24318415700034671
  0.25331426434743415  0.26352601437055539  0.27394859660453308  0.28429274783862862
  0.29476273169312944  0.30508997926316545  0.31511007793322304  0.32499502549225706
  0.33502443164384327  0.34539171333510310  0.35597773572194041  0.36660925541273581
  0.37750778914147665  0.38878470816677257  0.39969508848995433  0.41024978406771068
  0.42076880870723965  0.43161433063694921  0.44273631099444710  0.45338064512077347
  0.46338152729633214  0.47255328877303682  0.48247272770679311  0.49287901567652914
  0.50304291908593457  0.51302161187146256  0.52313690141019342  0.53356834464841629
  0.54369455851927695  0.55346102491772464  0.56345587927014196  0.57344711949525473
  0.58338683147946579  0.59332892055388975  0.60339668152041270  0.61333501705668714
  0.62316770355453643  0.63304860826218901  0.64282595143902144  0.65267602284771919
  0.66258806620343380  0.67266506267032788  0.68323032236774106  0.69447824924949020
  0.70632690638966777  0.71855363898332869  0.73061073247866692  0.74199749904868550
  0.75321702310881644  0.76300991410895036  0.77354430807598329  0.78348674644965199
  0.79326926532037845  0.80341693515260582  0.81372341290708827  0.82580324251290671
  0.83690692307758174  0.85017545464379829  0.86196120372816321  0.87365418259535621
  0.88405564989268792  0.89405722466204296  0.90380292722317424  0.91401909219249389
  0.92451107842228164  0.93430145061261849  0.94428941736204430  0.95449174880950527
  0.96468478129084845  0.97574432665434974  0.98720406827211460  1.00000000000000000
 -0.00212723014641987  0.00904496724658201  0.01848838818992508  0.02822214562008372
  0.03842002080662012  0.04941669884302431  0.06013600041435669  0.07047876181415873
  0.08088840086782932  0.09153500883659829  0.10298473249475835  0.11484463886971824
  0.12698942955938275  0.13866954606521176  0.15041073268166580  0.16194435881566371
  0.17294749333811618  0.18392968866213275  0.19405320732795336  0.20415887983390746
  0.21415192612028350  0.22469447860340658  0.23509287002827051  0.24553112444471945
  0.25699536806701656  0.26857322755190682  0.27950349114419565  0.29012808071232116
  0.30142369189280938  0.31290336437920135  0.32402400831050449  0.33494247921152015
  0.34577793839195242  0.35646309658300496  0.36678044701511925  0.37668414881886492
  0.38679282472036319  0.39699744804806614  0.40719728455091092  0.41679852671696194
  0.42629081242225209  0.43580483751212740  0.44585185683273604  0.45678344454316111
  0.46713594595166680  0.47700193639536664  0.48647664489733239  0.49640122898622646
  0.50665024329897856  0.51698683119170818  0.52740178830681139  0.53794703294567425
  0.54806854798003246  0.55773479069800846  0.56723859980206304  0.57706307808907165
  0.58726252123997025  0.59777634264782353  0.60838884346839972  0.61901970304747089
  0.62963634731463392  0.64026657201173143  0.65070064716839970  0.66098563147214295
  0.67116666606209774  0.68119811310363798  0.69113205389283006  0.70113674777223811
  0.71151425420800818  0.72213997361933968  0.73306332611459901  0.74402901293141821
  0.75498511387008627  0.76558071619306545  0.77649137400050161  0.78748966966400835
  0.79837272999359943  0.80878011544441342  0.81940025824112761  0.82984607153165846
  0.84020902828953159  0.85070644672784235  0.86139342408056996  0.87248534927466148
  0.88278715624495807  0.89287039113783961  0.90304736027605081  0.91376259662541170
  0.92491093112155476  0.93617762737514121  0.94726441147489271  0.95907679665885825
  0.96909681442552398  0.97976873303024836  0.98974513486687199  1.00000000000000000
 -0.00275938680110356  0.00986072606702800  0.02084439666866528  0.03129652063410232
  0.04177648527867430  0.05219946404344819  0.06271763650762599  0.07272095528876502
  0.08250349173394202  0.09219154611696324  0.10237619419539574  0.11275618088524250
  0.12350207412599622  0.13429792959549372  0.14537836753849251  0.15624024533728520
  0.16673869232308922  0.17738020646157718  0.18738393364019879  0.19757721890217009
  0.20748664955403867  0.21770362492517084  0.22780556149334200  0.23782827798525633
  0.24834156497857518  0.25900701536593362  0.26884964297184594  0.27833967399918219
  0.28802424253257586  0.29834042866206228  0.30887164653484817  0.31919136797109915
  0.32952708753502274  0.33988558104948879  0.35025558946387125  0.36056511557412446
  0.37075229713058289  0.38101519494173236  0.39146406937391132  0.40186007071025875
  0.41221755633995338  0.42270965897868223  0.43305292388441224  0.44306214624328649
  0.45308595037329447  0.46408464193009563  0.47598175937893467  0.48781502362796558
  0.49929036933280302  0.51033238736814956  0.52113902857380556  0.53216892829301587
  0.54335783456863163  0.55500857388638081  0.56687783611269227  0.57831033080524563
  0.58892647173206913  0.59894324615299144  0.60883529115848178  0.61884820354716963
  0.62859972203176917  0.63795612831853321  0.64746581127396807  0.65768513872102941
  0.66843460338083516  0.67863204819987222  0.68941283309535695  0.70096889078394120
  0.71251682161134144  0.72346587158145326  0.73411339397829234  0.74464439748209987
  0.75466247831495359  0.76447473461620719  0.77472400373358141  0.78558460077337300
  0.79649413378449185  0.80707220511954436  0.81825552431053750  0.83012528960123178
  0.84191641242421500  0.85270165816208399  0.86286054271233026  0.87280286422818987
  0.88330681338208972  0.89394371450114996  0.90380468983934614  0.91417833736344933
  0.92497899156592711  0.93539668290159639  0.94490268510840636  0.95422313118251201
  0.96534222541710302  0.97721957234404699  0.98872074614892957  1.00000000000000000
 -0.00259948130185016  0.00995842948725113  0.02113377172553882  0.03195523698396422
  0.04333971303727402  0.05503304258132956  0.06593698322575935  0.07604511125476082
  0.08620533956351718  0.09642714105477448  0.10655693464219516  0.11604282287216661
  0.12566849720307091  0.13514407524335154  0.14496810496865634  0.15421045698492714
  0.16333813445225975  0.17254084854748264  0.18230448438894806  0.19223590347383809
  0.20213835072337630  0.21213693225277319  0.22258100520880195  0.23262183286793378
  0.24264379476151704  0.25200055226504925  0.26248282390590033  0.27261761330877082
  0.28327347376768219  0.29387248076642442  0.30443339838820405  0.31524111716764458
  0.32645416754114626  0.33819224466516146  0.34953130318729425  0.36040472744225061
  0.37120072935569481  0.38191951194604340  0.39310794446618219  0.40483294851271828
  0.41676667003327972  0.42733295997172888  0.43762074083033420  0.44748980134375410
  0.45758922237266308  0.46826107230411723  0.47912235147140181  0.48974463015278830
  0.49979488442106718  0.50979143889008249  0.51985132583174876  0.53015660622984528
  0.54038028582525821  0.55110770170336554  0.56186560192939161  0.57296058629891611
  0.58422786809066696  0.59600722410789775  0.60759081107335944  0.61857435783184567
  0.62953896344932103  0.64100643621748110  0.65241366938040402  0.66419882729230550
  0.67603316045511552  0.68779100719799913  0.69946345623012907  0.71099021866894940
  0.72256954922057604  0.73411587585131088  0.74530338579419164  0.75596780206954073
  0.76627097117768139  0.77653111732432845  0.78677648466981587  0.79668156967092518
  0.80594763623525145  0.81483519897759882  0.82377985050433622  0.83292966729496798
  0.84262485331719850  0.85241089537370873  0.86238539443604179  0.87310080913239907
  0.88468587375077901  0.89670312121062912  0.90803206852410157  0.91846583257240177
  0.92810848940915991  0.93751861865242270  0.94728559393545597  0.95735025703660870
  0.96769667216499311  0.97733853003541027  0.98851255133683424  1.00000000000000000
 -0.00198994103055575  0.00815084635851910  0.01751366512960892  0.02797786207780402
  0.03855472885513731  0.04906969460999461  0.05992354922601867  0.07119935343723276
  0.08307322513238971  0.09503037125337385  0.10653547888262910  0.11724533016299346
  0.12733802034877031  0.13697443286046748  0.14650437588245510  0.15589891823596522
  0.16531777908793785  0.17501210036843892  0.18482206070605350  0.19574081597824908
  0.20721268200270326  0.21825154819688136  0.22896286332259466  0.23931233713381858
  0.24990273970145779  0.26081299829374549  0.27173537920540153  0.28288999644575441
  0.29381164826299688  0.30438749290760125  0.31488754325968510  0.32556282240956924
  0.33671034868949595  0.34798648895476908  0.35894233805376402  0.36952057706755098
  0.37994555211422704  0.39030923449993760  0.40058109084467608  0.41088978967893452
  0.42151988700113596  0.43269793540656432  0.44370884435284469  0.45433599461235719
  0.46438274150611503  0.47472371304581590  0.48510301480804274  0.49584579409943458
  0.50675274066097764  0.51830966000569800  0.52975316732591082  0.54110168903619416
  0.55204845062615238  0.56258755121468884  0.57248923456493561  0.58220693251343070
  0.59224196411764363  0.60272709830361482  0.61335820524816254  0.62392787627570212
  0.63454883366430626  0.64486390327528686  0.65519692872835888  0.66546569752826845
  0.67623549132583582  0.68653543864932964  0.69625476152362709  0.70593305913819826
  0.71645140309558619  0.72763597447737227  0.73832550471402314  0.74882914575765069
  0.75906600030477489  0.76923699318026983  0.77926649348552834  0.78968519600113440
  0.80002484631661475  0.81042657095186810  0.82167833131645374  0.83276832987863592
  0.84374073346715650  0.85418292875078783  0.86458210255146462  0.87455403066190240
  0.88477411709131071  0.89507697385790463  0.90576256897707053  0.91647780230317832
  0.92743847698496817  0.93800883861716788  0.94822919896943270  0.95794007362529177
  0.96808227259717405  0.97847480470427806  0.98926816906044868  1.00000000000000000
 -0.00103068385064756  0.00388619585065747  0.00871534724433895  0.01355050517670316
  0.01849159279235927  0.02349817690611136  0.02848571062759362  0.03346865809851202
  0.03857741983193232  0.04408062614215812  0.04998529549413291  0.05593402145454254
  0.06178200462992711  0.06761966519999925  0.07337791533031113  0.07912934340712240
  0.08489470609043506  0.09062394502252931  0.09629951553435563  0.10208613356597010
  0.10776935732318378  0.11358608588836815  0.11929580588627785  0.12523762845813027
  0.13144601910634587  0.13773424164472597  0.14405958501374586  0.15055724839172185
  0.15727643313913628  0.16415261841381643  0.17124727641818785  0.17874714005574324
  0.18616554278420394  0.19315254108230709  0.19994218326299076  0.20710723818054200
  0.21482643977017785  0.22255929190946069  0.22998517685294942  0.23730595503196425
  0.24459191440815309  0.25185432451969741  0.25925450235367364  0.26673890864431571
  0.27416458065983307  0.28162858590119427  0.28930929419125545  0.29726170197641799
  0.30542262683936361  0.31353933956692370  0.32171735762259052  0.33024484016596889
  0.33921724745323867  0.34880798026232485  0.35832421125394065  0.36750853756840685
  0.37652956051925551  0.38585475219069792  0.39564393832856254  0.40546420595315863
  0.41492604929258003  0.42432434712141021  0.43384955723890684  0.44369812415504772
  0.45421106604297173  0.46618640848564263  0.47893955852885373  0.49128926594870714
  0.50383576046092782  0.51690740519837586  0.53001579221063266  0.54361391349861199
  0.55803542924075411  0.57246567305289575  0.58672763617561119  0.60101672213622592
  0.61603517788274365  0.63210822876224282  0.64875257804254760  0.66584713000405815
  0.68414648926165322  0.70324558171024876  0.72287313056916747  0.74285838909409396
  0.76386816454814344  0.78625712884909771  0.80741139038078547  0.82773606432352120
  0.84837344398545211  0.86983039608818924  0.89015015375428341  0.91155365951073375
  0.93474580900844717  0.95886105983532122  0.98045875088327938  1.00000000000000000
 -0.00248878002192210  0.00929110285999175  0.01967355959597281  0.03072179608700266
  0.04137181445092893  0.05195209153726753  0.06201098686687586  0.07199217220937346
  0.08192326436687733  0.09241633085410593  0.10260892733999481  0.11371760984040785
  0.12457838158306915  0.13526918144901487  0.14567281319831715  0.15533406760202734
  0.16546557430967834  0.17546062014046337  0.18481655608007250  0.19512039213925969
  0.20583198406097603  0.21721371060928216  0.22861450255989699  0.23968149561750948
  0.25044166761322689  0.26109749295397633  0.27178104162784467  0.28230573718290919
  0.29228416723849410  0.30233911652462658  0.31287216033822729  0.32365147107762726
  0.33404603230987517  0.34427039278813748  0.35451950326964871  0.36467923135337904
  0.37518130500072239  0.38632430286268754  0.39803937548067436  0.40982544466508913
  0.42136156235247768  0.43265839237992337  0.44377850729702867  0.45497294262826410
  0.46660686377321331  0.47839354257773054  0.48990314451515782  0.50103683694033152
  0.51171314877334539  0.52194535140401122  0.53196106633332052  0.54225746362977623
  0.55271438720528365  0.56275397338723887  0.57248538396915061  0.58243834528428395
  0.59299070786457009  0.60362891397531326  0.61432780660942843  0.62478906508332577
  0.63473028369955498  0.64423059028224472  0.65353959576221188  0.66287288517927800
  0.67236929011495405  0.68194480152896830  0.69259493052247967  0.70402875518991936
  0.71624033310631874  0.72819578804029672  0.73942015184156751  0.75003586845516612
  0.76037054799641968  0.77056717136379893  0.78053051513272276  0.79092168919524541
  0.80224257520156506  0.81330855497468812  0.82306454254281902  0.83280656537285092
  0.84316133238289248  0.85367149226762173  0.86370490699896774  0.87375835639255650
  0.88397906217414313  0.89384220381725543  0.90351713856295868  0.91348345647731166
  0.92379591597367394  0.93459174437176429  0.94543129915353774  0.95634957480070903
  0.96659179932177575  0.97681689771593472  0.98782093454024555  1.00000000000000000
 -0.00427969566017585  0.01911338572462412  0.03778495859417705  0.05528133743663469
  0.07149682282674587  0.08739614189858574  0.10309966673362411  0.11763447442190866
  0.13089955325473154  0.14352887754159147  0.15587891246805985  0.16781530724786112
  0.17889504744193779  0.18960770114732348  0.20038539637668309  0.21117416015644322
  0.22158643094206293  0.23154141929418506  0.24116885851273717  0.25073818968578088
  0.26036520928998597  0.26996069883910739  0.27940688868558528  0.28859604887673534
  0.29756579683950013  0.30626707830880756  0.31462671176938761  0.32311283649985795
  0.33179591751246601  0.34085430179555609  0.34965618599050169  0.35826727582634260
  0.36707436740137794  0.37587227422564945  0.38448226411964426  0.39279925694340573
  0.40102166301974790  0.40941317216758044  0.41780980787406108  0.42638115892664863
  0.43495071547082059  0.44382468920583706  0.45289890359733187  0.46192104135338258
  0.47111760861565494  0.48028107406448806  0.48894663598884014  0.49713405038854630
  0.50514160210070369  0.51336290779825611  0.52194128713753685  0.53020378393877621
  0.53837638311574232  0.54697962945008993  0.55533799181713517  0.56358846058986745
  0.57158782443198763  0.57930910628984544  0.58764403367094331  0.59635593690960154
  0.60557894213844221  0.61515435882046232  0.62490031913097321  0.63481988045358728
  0.64459533728502671  0.65385283896902313  0.66263457324163899  0.67113565352703264
  0.67959890540164392  0.68839913573138412  0.69778564110440178  0.70757776502051184
  0.71725175887313741  0.72655808243877640  0.73597937149223702  0.74567520644283203
  0.75585566952539485  0.76618063352302879  0.77683354058912801  0.78742969315809352
  0.79780653582777095  0.80818859674464671  0.81863723883645911  0.82926453953679213
  0.84024585802532292  0.85153734507511802  0.86340750400411959  0.87560322302784610
  0.88806814611097873  0.90109432259261535  0.91464580978843046  0.92815427506994108
  0.94277361040589258  0.95922270444972102  0.97884132461400064  1.00000000000000000
 -0.00216414885638195  0.00909032333202025  0.01859196058607253  0.02866954668080283
  0.03810590278462334  0.04710831992959198  0.05631295188049484  0.06585153475510359
  0.07570154337141115  0.08563572865454100  0.09575451304978441  0.10612455604569014
  0.11672953356568985  0.12750318029121366  0.13843051251844476  0.14967695415372984
  0.16164381504824243  0.17393695828486708  0.18572183915019103  0.19678930381009319
  0.20738908836886971  0.21796506488679324  0.22836718235023301  0.23890037555699886
  0.24938123540813090  0.26000174380574320  0.27062065329598328  0.28144998206909999
  0.29180111493892835  0.30194413828019495  0.31192839808167033  0.32227186589117351
  0.33255201088732222  0.34230323567102394  0.35159712123895803  0.36083726070858491
  0.37034395046659135  0.38040197191446562  0.39111750359788666  0.40207709950808179
  0.41330682915780087  0.42450874800580052  0.43534601561364988  0.44517808282081295
  0.45435847336066182  0.46388858830095886  0.47410507783046474  0.48489208758353503
  0.49594308771286166  0.50703608596779826  0.51819839140295665  0.52942921397188525
  0.54050085202123410  0.55147004862318216  0.56236017462690979  0.57322584209275174
  0.58429780439185841  0.59551424714524859  0.60638387971821761  0.61696027608746817
  0.62732172096844729  0.63788837970785228  0.64867116401679958  0.65944816353535463
  0.67041579774666227  0.68149258460014517  0.69238364045270706  0.70265566727717899
  0.71242952197910592  0.72215984292203472  0.73257910301913420  0.74358324253675123
  0.75398205868520651  0.76424865540666931  0.77464813933884658  0.78591970652473264
  0.79679871439910022  0.80796742884924067  0.81911223856758397  0.83058351028309785
  0.84176341416649847  0.85289943958828063  0.86378495692018065  0.87484821461064954
  0.88603367036720559  0.89688870323644543  0.90770496810772650  0.91819157810987651
  0.92835391659249156  0.93848657258269230  0.94907957497567907  0.95932387829131260
  0.96911803655397288  0.97878152528921236  0.98921850350820151  1.00000000000000000
  0.02030369019802847  0.17672680439812469  0.24507222242185780  0.28840673769525194
  0.32439066617652285  0.35558473604491109  0.38221411499796482  0.40526870781261115
  0.42587269622795099  0.44414867370612149  0.46079524430053415  0.47701672352246860
  0.49266008273790840  0.50697899345234598  0.52039366390054431  0.53375582732476989
  0.54652839382128460  0.55862399329689749  0.57040859318806303  0.58173711492129709
  0.59174764345664599  0.60089191289132715  0.60959786800846683  0.61801281914838646
  0.62641213045098498  0.63503555951144419  0.64364906871228778  0.65229389585966213
  0.66068815579643025  0.66888551238556926  0.67673278682845561  0.68441405904759034
  0.69181965817056124  0.69823781851062705  0.70482056945013505  0.71081607232712773
  0.71684963708428917  0.72292723542988158  0.72879069744225422  0.73441985864029535
  0.74001433372690539  0.74568950363956921  0.75121449397203277  0.75641295809840814
  0.76132914027665888  0.76608103027287622  0.77077847068444294  0.77554385307401097
  0.78041239406988416  0.78528710036341565  0.79002884049856559  0.79461474526170051
  0.79917700193938990  0.80377630023188917  0.80833321486136578  0.81293770163657686
  0.81734715482058473  0.82169414962470122  0.82606855850314298  0.83041448914982463
  0.83483018554628852  0.83920145100002375  0.84343858623266532  0.84753782356948193
  0.85162505731024396  0.85566663636341644  0.85961547884692935  0.86352245125713545
  0.86738250754286572  0.87118837473345778  0.87500753584664070  0.87877631230871789
  0.88241289663764499  0.88609759738895855  0.88983487924068461  0.89355799595447372
  0.89725354417972847  0.90090816017932140  0.90451949882608618  0.90814362277361538
  0.91181443508584648  0.91552810068759716  0.91932011267188352  0.92319493090929783
  0.92707151811100308  0.93087078916979848  0.93471706238284658  0.93860051665470234
  0.94271215833372313  0.94689478416530548  0.95132469622800331  0.95602910564061749
  0.96172668019090157  0.96887737092853343  0.97988452295703532  1.00000000000000000
 -0.03231297090971488  0.17582777097930744  0.23505571322000612  0.27059678392712100
  0.29715927012558702  0.31768230544380383  0.33463485817879196  0.34931734688103971
  0.36207063833244563  0.37364935323706672  0.38496891057214616  0.39564037412934738
  0.40551639449976634  0.41488634920728640  0.42366214979150579  0.43180066588320287
  0.43950025451343278  0.44677184667994257  0.45412137650735229  0.46102322191986672
  0.46752730308167878  0.47389812529665637  0.47987255829311565  0.48562735011057140
  0.49132687818653897  0.49695792603113842  0.50248792074929749  0.50784756271901499
  0.51315019521807903  0.51845685980018386  0.52384563486574509  0.52929630629730062
  0.53462181718184676  0.53979262016900564  0.54491562556314366  0.54998079059983429
  0.55490657615304095  0.55976825076698333  0.56463041149621995  0.56951798151354116
  0.57454995753706384  0.57955478689943074  0.58431568424472424  0.58895617790088239
  0.59365723959326333  0.59833932320705674  0.60300569063246046  0.60757600469356632
  0.61211105382882103  0.61647932097358749  0.62094912078000719  0.62549714896005615
  0.62999301850046807  0.63442443358016287  0.63878357592997370  0.64309157614966739
  0.64740796084233565  0.65170640192085216  0.65602807750600756  0.66051667324005758
  0.66502870526093927  0.66954318615291364  0.67412070525539369  0.67856875469927191
  0.68314672119248809  0.68781807126384975  0.69249027954913445  0.69721518205235389
  0.70192038701127346  0.70668792891057886  0.71151847977725524  0.71644199285125110
  0.72143358594715179  0.72658894444566569  0.73185183000590792  0.73725866640360815
  0.74273402405206634  0.74825467808307045  0.75394777579298577  0.75977061766680687
  0.76572399671771285  0.77182285546134799  0.77819448313005035  0.78470165896911537
  0.79150941392527130  0.79903061234954487  0.80709332491280850  0.81550030938830220
  0.82422976780319535  0.83365512520199181  0.84410918427652259  0.85580917528886258
  0.86940533894065153  0.88696380811856423  0.91526204735636019  1.00000000000000000
   8.2631318683010258E-011  -1.0000000000000000     
 F F F F F F F F F F F F F F F F F F F F F F F F F F F F F F F F F F F F F F F F F F F F F F F F F F F F F F F F F F F F F F F F F F F F F F F F F F F F F F F F F F F F F F F F F F F F F F F F F F F F F F F F F F F F F F F F F F F F F F F F F F F F F F F F F F F F F F F F F F F F F F F F F F F F F F F F F F F F F F F F F F F F F F F F F F F F F F F F F F F F F F F F F F F F F F F F T F F T F F F F F F F F T F F T F F F F F F F F F F F F F F F F F F F F F F F F F F F F F F F F F F F F F F F F F F F F F F F F F F F F F F F F F F F F F F F F F F F F F F F F F F F F F F F F F F F F F F F F F F F F F F F F F F F F F F F F F F F F F F F F F F F F F F F F F F F F F F F F F F F F F F F F F F F F F F F F F F F F F F F F F F F F F F F F F F F F F F F F F F F F F F F F F F F F F F F F F F F F F F F F F F F F F F F F F F F F F F F F F F F F F F F F F F F F F F F F F F F F F F F F F F F F F F F F T F F T F F F F F F F F T F F T F F F F F F F F F F F F F F F F F F F F F F F F F F F F F F F F F F F F F F F F F F F F F F F F
  <DiscreteSampler_grid>
  grouped_processes
  1 # 1 for a reference and 2 for a running grid.
  10 # Attribute 'min_bin_probing_points' of the grid.
  1 # Attribute 'grid_mode' of the grid. 1=='default',2=='initialization'
  0.0000000000000000 # Attribute 'small_contrib_threshold' of the grid.
  0.5000000000000000 # Attribute 'damping_power' of the grid.
 # binID   n_entries weight   weight_sqr   abs_weight
    199   10   3.646453520259867E-002   7.316492311147732E-003   3.646453520259867E-002
    200   10   3.646453520260037E-002   7.316492311148530E-003   3.646453520260037E-002
    202   10   3.646453520259867E-002   7.316492311147732E-003   3.646453520259867E-002
    203   10   3.646453520260037E-002   7.316492311148530E-003   3.646453520260037E-002
    205   10   4.613967162652900E-002   1.150846216089069E-002   4.613967162652900E-002
    206   10   4.613967162653117E-002   1.150846216089193E-002   4.613967162653117E-002
    208   10   4.613967162652900E-002   1.150846216089069E-002   4.613967162652900E-002
    209   10   4.613967162653117E-002   1.150846216089193E-002   4.613967162653117E-002
    211   10   1.958549463673898E-003   2.110720094193021E-005   1.958549463673898E-003
    212   10   1.958549463673991E-003   2.110720094193255E-005   1.958549463673991E-003
    214   10   1.958549463673898E-003   2.110720094193021E-005   1.958549463673898E-003
    215   10   1.958549463673991E-003   2.110720094193255E-005   1.958549463673991E-003
    217   10   2.478211462621029E-003   3.320053012184664E-005   2.478211462621029E-003
    218   10   2.478211462621149E-003   3.320053012185033E-005   2.478211462621149E-003
    220   10   2.478211462621029E-003   3.320053012184664E-005   2.478211462621029E-003
    221   10   2.478211462621149E-003   3.320053012185033E-005   2.478211462621149E-003
    223   10   1.958549463673898E-003   2.110720094193021E-005   1.958549463673898E-003
    224   10   1.958549463673991E-003   2.110720094193255E-005   1.958549463673991E-003
    226   10   1.958549463673898E-003   2.110720094193021E-005   1.958549463673898E-003
    227   10   1.958549463673991E-003   2.110720094193255E-005   1.958549463673991E-003
    229   10   2.478211462621029E-003   3.320053012184664E-005   2.478211462621029E-003
    230   10   2.478211462621149E-003   3.320053012185033E-005   2.478211462621149E-003
    232   10   2.478211462621029E-003   3.320053012184664E-005   2.478211462621029E-003
    233   10   2.478211462621149E-003   3.320053012185033E-005   2.478211462621149E-003
    235   10   3.646453520259867E-002   7.316492311147732E-003   3.646453520259867E-002
    236   10   3.646453520260037E-002   7.316492311148530E-003   3.646453520260037E-002
    238   10   3.646453520259867E-002   7.316492311147732E-003   3.646453520259867E-002
    239   10   3.646453520260037E-002   7.316492311148530E-003   3.646453520260037E-002
    241   10   4.613967162652900E-002   1.150846216089069E-002   4.613967162652900E-002
    242   10   4.613967162653117E-002   1.150846216089193E-002   4.613967162653117E-002
    244   10   4.613967162652900E-002   1.150846216089069E-002   4.613967162652900E-002
    245   10   4.613967162653117E-002   1.150846216089193E-002   4.613967162653117E-002
    247   10   1.958549463673899E-003   2.110720094193025E-005   1.958549463673899E-003
    248   10   1.958549463673991E-003   2.110720094193256E-005   1.958549463673991E-003
    250   10   1.958549463673899E-003   2.110720094193025E-005   1.958549463673899E-003
    251   10   1.958549463673991E-003   2.110720094193256E-005   1.958549463673991E-003
    253   10   2.478211462621031E-003   3.320053012184670E-005   2.478211462621031E-003
    254   10   2.478211462621150E-003   3.320053012185035E-005   2.478211462621150E-003
    256   10   2.478211462621031E-003   3.320053012184670E-005   2.478211462621031E-003
    257   10   2.478211462621150E-003   3.320053012185035E-005   2.478211462621150E-003
    259   10   1.051958013545157E-004   6.089173782417772E-008   1.051958013545157E-004
    260   10   1.051958013545207E-004   6.089173782418451E-008   1.051958013545207E-004
    262   10   1.051958013545157E-004   6.089173782417772E-008   1.051958013545157E-004
    263   10   1.051958013545207E-004   6.089173782418451E-008   1.051958013545207E-004
    265   10   1.331074070742858E-004   9.577953900022555E-008   1.331074070742858E-004
    266   10   1.331074070742923E-004   9.577953900023625E-008   1.331074070742923E-004
    268   10   1.331074070742858E-004   9.577953900022555E-008   1.331074070742858E-004
    269   10   1.331074070742923E-004   9.577953900023625E-008   1.331074070742923E-004
    271   10   1.051958013545157E-004   6.089173782417772E-008   1.051958013545157E-004
    272   10   1.051958013545207E-004   6.089173782418451E-008   1.051958013545207E-004
    274   10   1.051958013545157E-004   6.089173782417772E-008   1.051958013545157E-004
    275   10   1.051958013545207E-004   6.089173782418451E-008   1.051958013545207E-004
    277   10   1.331074070742858E-004   9.577953900022555E-008   1.331074070742858E-004
    278   10   1.331074070742923E-004   9.577953900023625E-008   1.331074070742923E-004
    280   10   1.331074070742858E-004   9.577953900022555E-008   1.331074070742858E-004
    281   10   1.331074070742923E-004   9.577953900023625E-008   1.331074070742923E-004
    283   10   1.958549463673899E-003   2.110720094193025E-005   1.958549463673899E-003
    284   10   1.958549463673991E-003   2.110720094193256E-005   1.958549463673991E-003
    286   10   1.958549463673899E-003   2.110720094193025E-005   1.958549463673899E-003
    287   10   1.958549463673991E-003   2.110720094193256E-005   1.958549463673991E-003
    289   10   2.478211462621031E-003   3.320053012184670E-005   2.478211462621031E-003
    290   10   2.478211462621150E-003   3.320053012185035E-005   2.478211462621150E-003
    292   10   2.478211462621031E-003   3.320053012184670E-005   2.478211462621031E-003
    293   10   2.478211462621150E-003   3.320053012185035E-005   2.478211462621150E-003
    295   10   1.958549463673899E-003   2.110720094193025E-005   1.958549463673899E-003
    296   10   1.958549463673991E-003   2.110720094193256E-005   1.958549463673991E-003
    298   10   1.958549463673899E-003   2.110720094193025E-005   1.958549463673899E-003
    299   10   1.958549463673991E-003   2.110720094193256E-005   1.958549463673991E-003
    301   10   2.478211462621031E-003   3.320053012184670E-005   2.478211462621031E-003
    302   10   2.478211462621150E-003   3.320053012185035E-005   2.478211462621150E-003
    304   10   2.478211462621031E-003   3.320053012184670E-005   2.478211462621031E-003
    305   10   2.478211462621150E-003   3.320053012185035E-005   2.478211462621150E-003
    307   10   1.051958013545157E-004   6.089173782417772E-008   1.051958013545157E-004
    308   10   1.051958013545207E-004   6.089173782418451E-008   1.051958013545207E-004
    310   10   1.051958013545157E-004   6.089173782417772E-008   1.051958013545157E-004
    311   10   1.051958013545207E-004   6.089173782418451E-008   1.051958013545207E-004
    313   10   1.331074070742858E-004   9.577953900022555E-008   1.331074070742858E-004
    314   10   1.331074070742923E-004   9.577953900023625E-008   1.331074070742923E-004
    316   10   1.331074070742858E-004   9.577953900022555E-008   1.331074070742858E-004
    317   10   1.331074070742923E-004   9.577953900023625E-008   1.331074070742923E-004
    319   10   1.051958013545157E-004   6.089173782417772E-008   1.051958013545157E-004
    320   10   1.051958013545207E-004   6.089173782418451E-008   1.051958013545207E-004
    322   10   1.051958013545157E-004   6.089173782417772E-008   1.051958013545157E-004
    323   10   1.051958013545207E-004   6.089173782418451E-008   1.051958013545207E-004
    325   10   1.331074070742858E-004   9.577953900022555E-008   1.331074070742858E-004
    326   10   1.331074070742923E-004   9.577953900023625E-008   1.331074070742923E-004
    328   10   1.331074070742858E-004   9.577953900022555E-008   1.331074070742858E-004
    329   10   1.331074070742923E-004   9.577953900023625E-008   1.331074070742923E-004
    331   10   1.958549463673899E-003   2.110720094193025E-005   1.958549463673899E-003
    332   10   1.958549463673991E-003   2.110720094193256E-005   1.958549463673991E-003
    334   10   1.958549463673899E-003   2.110720094193025E-005   1.958549463673899E-003
    335   10   1.958549463673991E-003   2.110720094193256E-005   1.958549463673991E-003
    337   10   2.478211462621031E-003   3.320053012184670E-005   2.478211462621031E-003
    338   10   2.478211462621150E-003   3.320053012185035E-005   2.478211462621150E-003
    340   10   2.478211462621031E-003   3.320053012184670E-005   2.478211462621031E-003
    341   10   2.478211462621150E-003   3.320053012185035E-005   2.478211462621150E-003
    343   10   3.646453520259867E-002   7.316492311147732E-003   3.646453520259867E-002
    344   10   3.646453520260037E-002   7.316492311148530E-003   3.646453520260037E-002
    346   10   3.646453520259867E-002   7.316492311147732E-003   3.646453520259867E-002
    347   10   3.646453520260037E-002   7.316492311148530E-003   3.646453520260037E-002
    349   10   4.613967162652900E-002   1.150846216089069E-002   4.613967162652900E-002
    350   10   4.613967162653117E-002   1.150846216089193E-002   4.613967162653117E-002
    352   10   4.613967162652900E-002   1.150846216089069E-002   4.613967162652900E-002
    353   10   4.613967162653117E-002   1.150846216089193E-002   4.613967162653117E-002
    355   10   1.958549463673898E-003   2.110720094193021E-005   1.958549463673898E-003
    356   10   1.958549463673991E-003   2.110720094193255E-005   1.958549463673991E-003
    358   10   1.958549463673898E-003   2.110720094193021E-005   1.958549463673898E-003
    359   10   1.958549463673991E-003   2.110720094193255E-005   1.958549463673991E-003
    361   10   2.478211462621029E-003   3.320053012184664E-005   2.478211462621029E-003
    362   10   2.478211462621149E-003   3.320053012185033E-005   2.478211462621149E-003
    364   10   2.478211462621029E-003   3.320053012184664E-005   2.478211462621029E-003
    365   10   2.478211462621149E-003   3.320053012185033E-005   2.478211462621149E-003
    367   10   1.958549463673898E-003   2.110720094193021E-005   1.958549463673898E-003
    368   10   1.958549463673991E-003   2.110720094193255E-005   1.958549463673991E-003
    370   10   1.958549463673898E-003   2.110720094193021E-005   1.958549463673898E-003
    371   10   1.958549463673991E-003   2.110720094193255E-005   1.958549463673991E-003
    373   10   2.478211462621029E-003   3.320053012184664E-005   2.478211462621029E-003
    374   10   2.478211462621149E-003   3.320053012185033E-005   2.478211462621149E-003
    376   10   2.478211462621029E-003   3.320053012184664E-005   2.478211462621029E-003
    377   10   2.478211462621149E-003   3.320053012185033E-005   2.478211462621149E-003
    379   10   3.646453520259867E-002   7.316492311147732E-003   3.646453520259867E-002
    380   10   3.646453520260037E-002   7.316492311148530E-003   3.646453520260037E-002
    382   10   3.646453520259867E-002   7.316492311147732E-003   3.646453520259867E-002
    383   10   3.646453520260037E-002   7.316492311148530E-003   3.646453520260037E-002
    385   10   4.613967162652900E-002   1.150846216089069E-002   4.613967162652900E-002
    386   10   4.613967162653117E-002   1.150846216089193E-002   4.613967162653117E-002
    388   10   4.613967162652900E-002   1.150846216089069E-002   4.613967162652900E-002
    389   10   4.613967162653117E-002   1.150846216089193E-002   4.613967162653117E-002
  </DiscreteSampler_grid>
