   0.0000000000000000        0.0000000000000000        0.0000000000000000        0.0000000000000000        0.0000000000000000        0.0000000000000000        0.0000000000000000        0.0000000000000000        0.0000000000000000        0.0000000000000000        0.0000000000000000        0.0000000000000000        0.0000000000000000     
  0.28061372353015440       0.24184955380612960        1.5783924450984487E-002   1.5090230758868162E-002   1.6120752072112682E-002   1.5751878035116493E-002   1.1262206566419540E-002   1.4876817145258058E-002  0.20347645435620665       0.15170792284265322        6.7878866076654970E-002   7.9076863232801581E-002   1.5792795025610696E-002
  0.63189795961573525       0.63189795961573525       0.64807364298354597       0.73365304004753606       0.69907254999203594       0.76986665403905863       0.78955673501811530       0.65125320682592658       0.63189795961573525       0.63189795961573525       0.67927703917531024       0.66565137627665905       0.71784270520803495     
  0.31209766011421514       0.31538792364506735        3.1507020790752974E-002   3.0127957624042415E-002   3.2123111369146695E-002   3.1531530715084209E-002   2.2667884307328339E-002   2.9779767234891463E-002  0.35268063368166269       0.25105267316532892       0.12111332275876602       0.14138516148116811        3.1600693865854554E-002
  0.81270294942879440        1.9935738753879970       0.74144592867508219       0.74593270268567646       0.71867584811705787       0.68744464056859889       0.72416927317150126       0.69569257823983432        1.0688584450887659       0.79135648253359525       0.71228702445687941       0.91768847573707724       0.69475314228097762     
  0.34022788108874036       0.33525172902616962        4.7202438731048325E-002   4.5590846127201178E-002   4.8194143358443547E-002   4.7586770505371696E-002   3.4377232203401963E-002   4.4841310719861437E-002  0.39583388034709183       0.28988246808601054       0.15822416994699470       0.18310584857621354        4.7380995466602460E-002
   1.1522651735285545       0.92206030290260821       0.76160903936599478       0.68763754371672348       0.70810984911994501       0.73515810532557535       0.73651802441955405       0.71483835206280333       0.71441838534295710       0.69482223349425776       0.79510169456723678       0.80082268688675995       0.70243048446349210     
  0.35382574116609661       0.35189777653301041        6.2961406996190419E-002   6.0886790456441332E-002   6.4193546315875552E-002   6.3863846744399502E-002   4.6196444798067296E-002   6.0012018385515634E-002  0.43483924227374909       0.32035183243223209       0.18767842825959091       0.21838769350521692        6.3304080254321646E-002
  0.70069792327525116       0.84033427002535666       0.67684526371732323       0.65591235609704734       0.71709105096189807       0.68998811117403203       0.69024215272006095       0.67104838520505317       0.75232425551392601       0.79438670806453759       0.85353587415160714       0.87850420134671792       0.71477703057077846     
  0.36632141168425059       0.36360894263198190        7.8442729562409136E-002   7.6374865547441051E-002   7.9783519325997032E-002   7.9631154535946588E-002   5.8459225321307276E-002   7.5433678660231526E-002  0.45789435255116906       0.34078161669847634       0.21069649525338255       0.24723268767837342        7.8581722828781037E-002
  0.70784138321677414       0.73105038114798881       0.66498159185557737       0.70948728897872571       0.69869883089498164       0.68877083727275112       0.70580772703382599       0.68516105857996312       0.65617278982906246       0.63189795961573525       0.79506475187695824       0.79090630407074369       0.68336140026851588     
  0.37887289695608795       0.37607797332913012        9.4029402711184346E-002   9.1922890181361239E-002   9.5505748318619632E-002   9.5366977730030417E-002   7.0782581133518152E-002   9.0556668926987133E-002  0.48059827149346507       0.35917366728380218       0.23219762679864309       0.27364190569656821        9.3916648714399975E-002
  0.73078028291115671       0.66877567608543531       0.65240667771010763       0.66765104862910141       0.70763527702961848       0.77839558075860704       0.68674212423605352       0.65934915097649727       0.70391636390649792       0.70488677156567692       0.85531634735855966       0.76979579343168636       0.70671160822598156     
  0.39129864502642642       0.38774306595624042       0.10942483758990072       0.10741219429203588       0.11102788681407483       0.11119309588177317        8.3289124045012292E-002  0.10502041352454244       0.50033211632308505       0.37465558073204308       0.25199108494233219       0.29726139018763514       0.10926225634688581     
  0.66549659085020652       0.64971393353532403       0.74125755198352228       0.72080897299811009       0.71671943632241641       0.68111891137106206       0.78710982041263555       0.68803105962899835       0.72870364668284382       0.66857441878304436       0.68459009220368583       0.73630775931881509       0.75071289028361965     
  0.40320847270562366       0.39953950628201368       0.12476541881554920       0.12295991356012051       0.12668123506497000       0.12668313325963271        9.5644241083623335E-002  0.11933680997543582       0.51925554621227332       0.38922737348574965       0.27189454820405207       0.31946007277861421       0.12475179428821694     
  0.67374727276239277       0.67869868134818512       0.67458574888094225       0.74125357116672508       0.67432920159439569       0.69201667730475003       0.65354221715742278       0.68419048391617732       0.64788553563627338       0.67048562814885149       0.80624533044654734       0.68183065513245900       0.69383261796560647     
  0.41455062609972670       0.41051640844717396       0.14131846331599632       0.13829082407987045       0.14187373718156887       0.14363901234021340       0.11026434198901988       0.13396654592595378       0.53692846948440576       0.40303284928844063       0.29181293595566099       0.34033752527321304       0.13927107754135187     
  0.70414268853937845       0.70261863060558227       0.75913667995755219       0.72872866827226779       0.68179054796501004       0.66764389937300439       0.72913744692876237       0.67957019279106845       0.69152908162709692       0.73067308323122171       0.68602849585901304       0.66787063193592078       0.64025353406497088     
  0.42593316400945830       0.42155206982600690       0.15771101344765590       0.15365792711690707       0.15692498970349816       0.16078585022700539       0.12465725072993875       0.14903062554929630       0.55335299746673094       0.41550618230807806       0.31133453271416267       0.36005804216144066       0.15396564384443667     
  0.67217067620793636       0.69770499761916926       0.72313208634084225       0.67503055869108153       0.67551292844773903       0.75760793703692209       0.69859708815472732       0.66754305577043316       0.64944826214813622       0.67766267006304759       0.66635373467722336       0.68395190283471496       0.72217037252613592     
  0.43713526972756400       0.43221277343949127       0.17450026044604078       0.16950559487685354       0.17165580734447605       0.17692088111669146       0.13885878529667259       0.16469117662307611       0.56806746799966346       0.42701267255244918       0.33050978961680799       0.37891248422687296       0.16889231747429004     
  0.70181543129055712       0.71491988376913274       0.68631772192814400       0.68946215596099358       0.68414203127178252       0.74266495484196182       0.67372521272106922       0.70119465118168478       0.65342737321284561       0.65729604693027988       0.72527093226703465       0.71838309223856545       0.74597834030626087     
  0.44826739867800353       0.44287879631166005       0.19141325441088738       0.18510023973054682       0.18648291996712871       0.19295023647628340       0.15313672445946810       0.18019443787316849       0.58251813295219457       0.43792955217912805       0.34921645288023534       0.39700694744050857       0.18377516497157126     
  0.71690623248324370       0.67517730324082237       0.69259696866316356       0.65025575872960339       0.69987845537486326       0.71011346674595555       0.75213818026227197       0.71377713435704293       0.64229509245529059       0.68877216572486621       0.70470734070621766       0.68095379767510411       0.65421882070568060     
  0.45917618393202941       0.45366269684819144       0.20783558253157702       0.19996341286971275       0.20201323897974677       0.20888807640928891       0.16857091514696784       0.19306322693525532       0.59660983578711857       0.44835113665485310       0.36731758620181987       0.41472953755633235       0.19860373865079775     
  0.68172771296946977       0.66500059539153611       0.73458049118567903       0.69251511063793969       0.69980322776862025       0.74474748295046822       0.74042979035929291       0.66335791271398170       0.70165859225739924       0.73570533467613364       0.73660330468174950       0.77701175752719587       0.67198484099895361     
  0.47035969416695966       0.46447036580786966       0.22428186859988189       0.21497039493141920       0.21781160289038207       0.22470270273749055       0.18403379700182260       0.20651362610827065       0.61015815642251003       0.45846294555705724       0.38537918303560681       0.43139626683613858       0.21342303371395122     
  0.70960650765515076       0.68138866989339819       0.74603711934717420       0.73314648770768254       0.75248171804579855       0.66507139991810638       0.73496392097890950       0.69893712932288243       0.66222947487085837       0.69926855063108739       0.69596472859845826       0.69740749863309837       0.69492621856887282     
  0.48198646712581605       0.47542723751449456       0.24039011797210560       0.23026327334413793       0.23404791225550800       0.24034282760538500       0.20009520437889075       0.22170846422455273       0.62319844195284868       0.46841612266320698       0.40363656251082297       0.44731180622892569       0.22929307835406823     
  0.71801953420825326       0.68035180163382836       0.72165502278044935       0.63522649392059405       0.67717900440073864       0.74863539630237586       0.69175850680137108       0.70243141540530007       0.66158177006086050       0.74229599235333776       0.72735437200627495       0.66508745396994962       0.65441892611572006     
  0.49331876514085810       0.48620176049943470       0.25629640895025729       0.24542958121731956       0.25023210110264860       0.25627073876753159       0.21635577092233266       0.23681561241334437       0.63586789482002959       0.47828678109949258       0.42079728681721928       0.46280283476959899       0.24506348477568612     
  0.71090589783522851       0.70400070762644951       0.72914599671136315       0.63725658737803925       0.65285181706402839       0.69743741115587798       0.70052930291839099       0.69972329499021291       0.63491944699420400       0.67612757070927754       0.69392698015002063       0.68318835302057535       0.81962851571926376     
  0.50435448188001608       0.49699429210756946       0.27168280924625887       0.26033079938963594       0.26630666748606524       0.27061868939171729       0.23254243568795030       0.25254435666120750       0.64806614531205364       0.48800481276331609       0.43714886389857771       0.47806041593151866       0.26211066974528169     
  0.71415070787161961       0.67919101941681781       0.69786308587645141       0.72600981456667357       0.71232694940865171       0.73947382262239303       0.67302239969361899       0.67203855920325717       0.67695121146466408       0.70766872848202811       0.66114733081847965       0.67646187375466438       0.71229949545865101     
  0.51554225056692460       0.50770824374360202       0.28707999036897802       0.27535126574684493       0.28237365936908959       0.28457425228456812       0.24874716457939200       0.26822363016546108       0.65937301886551281       0.49723436199717869       0.45336431560333690       0.49258862599019665       0.27911986547853851     
  0.67918658218973726       0.66099480670364241       0.74402018298342520       0.63603110774193783       0.68932002033494466       0.64945101167521258       0.72305685886929405       0.71045109710278709       0.67395025250005880       0.69687580911972735       0.63189795961573525       0.69745337786950934       0.72614316933722067     
  0.52674008809438910       0.51877200835587578       0.30227062133730570       0.29063580207328649       0.29776757593181341       0.29958751616785823       0.26576332884986315       0.28380213117586656       0.66982316026097011       0.50568918490473513       0.46942267414935052       0.50679004573825659       0.29585907225415969     
  0.72086006690827897       0.67015550722124539       0.67710116594147118       0.75454226282354753       0.74939190074590412       0.67440775060228642       0.68302897008487906       0.76711306188339390       0.67667879708161982       0.72545293628273622       0.67948024234570703       0.68147034149319474       0.70630690873087432     
  0.53790309823417115       0.52973488809620384       0.31782788397141493       0.30600853518461107       0.31312174448006530       0.31439993104736413       0.28328501224536640       0.29933848802809415       0.68012362774343871       0.51400040379895229       0.48506936524491645       0.52053431348395884       0.31297380483312298     
  0.69237572824661342       0.66327600611991666       0.72335034487410543       0.80851656509720859       0.68330304466690472       0.67175158797220413       0.69244483240676868       0.68597080324712245       0.68419579149833432       0.67264171026704289       0.66820311617651129       0.71450876346792269       0.69198394902959615     
  0.54885661792852558       0.54096218864579504       0.33374832718165004       0.32162413444283289       0.32838085173879794       0.33042589739043376       0.30101876841652703       0.31479649456916092       0.69021864384377396       0.52205732460489951       0.50038402475571719       0.53402820960670871       0.32761014803133420     
  0.68700009414310659       0.67728697509091362       0.68121437653097783       0.78021932907448965       0.72271626570263858       0.68753679177989580       0.74834913864046149       0.75970268656954809       0.68507911740910143       0.67277065495238364       0.65321785261691856       0.66761245441325967       0.69735627840199133     
  0.55991163301765878       0.55211556229154113       0.34970883053044732       0.33709250237529531       0.34355326921060730       0.34644174982863385       0.31885079787542248       0.33035519394968971       0.69992499858790103       0.53001728750532384       0.51551314471817145       0.54684690373244405       0.34216930140911811     
  0.68251392732174099       0.71820376200584779       0.75174027203130622       0.74885037931840281       0.69867793980878046       0.69948522900970711       0.68755762163989698       0.74917751596532500       0.73980356923555024       0.76282247958871263       0.68042007720892517       0.66258147073018725       0.68143780650668662     
  0.57122014268783117       0.56323838876290444       0.36544892809307594       0.35247106281943907       0.35904638911273323       0.36229771276162759       0.33673394628801001       0.34613572941973691       0.70926533570837902       0.53777539854614953       0.53058020767729630       0.55928918315542064       0.35870840927062431     
  0.75884569718840500       0.66720459474734350       0.75553708078384996       0.64672750242465515       0.68171907620876027       0.66319236237644386       0.76351008073864379       0.71167994122463729       0.66439916140629207       0.68751904628112692       0.68781162432109078       0.74462030039714955       0.69318606768216173     
  0.58235035901471222       0.57440086976255056       0.38112092768834871       0.36783360232217599       0.37436464010517650       0.37801283711857164       0.35477836768083509       0.36205793977849660       0.71849095784722472       0.54522983847968098       0.54511128393937480       0.57162603284084246       0.37527678121621716     
  0.66960490322807176       0.71994425941869067       0.69517608371486572       0.68532111553221031       0.71709081008791808       0.73034085666129434       0.65571050429815469       0.72837005146440870       0.71911641055212294       0.68844581370269975       0.66980879635353718       0.71356140538295265       0.78315051733020269     
  0.59330813110465175       0.58540453374170021       0.39637880580065410       0.38334527925246409       0.39099148573819265       0.39346451940759219       0.37289474696677927       0.37809142728719430       0.72755096694091470       0.55232163592745653       0.55956972737434918       0.58394586968572859       0.39142491530606860     
  0.70578034087216701       0.67467013151145960       0.70303443473415828       0.77518340283161558       0.67257795212309623       0.67178388528628774       0.72604750117587125       0.66404674326949775       0.69274604850918675       0.69389815449074510       0.66829069192090484       0.74827963324106184       0.77288012327358691     
  0.60428089812645636       0.59651872336379808       0.41153803197049127       0.39897587214526892       0.40758261962430753       0.40830738727340377       0.39114165325466838       0.39404433416360241       0.73621982515082274       0.55941838784122466       0.57395730348614682       0.59547414024883327       0.40761899584019884     
  0.76307585138169975       0.68124770121122757       0.69495556300477712       0.68511671854659451       0.75935308339713481       0.69413396003330319       0.63718657928911726       0.74429695129238360       0.69140144717134211       0.73876251998449627       0.66017768596835769       0.67350309427760613       0.74144558844160657     
  0.61516229244652565       0.60738832581899205       0.42658691597855358       0.41450455926940266       0.42429158991581001       0.42340687447900460       0.40973377567635605       0.40988164547997991       0.74447068849590059       0.56650659225881228       0.58825655166381741       0.60664578434397798       0.42367490244257278     
  0.66215123731689773       0.73295537897280738       0.68366767637965642       0.71691232749025147       0.69294895496272202       0.65545342010803731       0.77920971476819190       0.71400155171300883       0.73369612414559426       0.74566587571533238       0.65813452853245824       0.69285471852357150       0.73615534460891163     
  0.62606774975744350       0.61822156218710955       0.44153015789697275       0.43009036264303901       0.44100232656167887       0.43870627325851291       0.42847918852619449       0.42555460739579315       0.75272641128126316       0.57358983913556105       0.60221946050752440       0.61772020349788881       0.43956493079963072     
  0.66597454639110232       0.66748343562696599       0.70007855811784914       0.70256387400732945       0.70880575945607327       0.66650453160064704       0.66614724395021252       0.71162901786191990       0.64653521694041649       0.71275791960635027       0.72410304912706192       0.67648321168490488       0.67276444350362097     
  0.63701036701169000       0.62896054578889105       0.45663434680096010       0.44575876167704087       0.45682319772475299       0.45446888361888554       0.44644379317746602       0.44109362886141235       0.76101824905982096       0.58066985738340071       0.61603583102824400       0.62875133997879606       0.45497093684828727     
  0.74577933244263472       0.66316791444441148       0.72256736985762782       0.66135804864221248       0.69157975594266896       0.73832547428941253       0.67740984076548361       0.69587732718044215       0.70500437511984493       0.70777688680691875       0.70616227879902638       0.70995196951073070       0.66272654688257060     
  0.64802272721083454       0.63973914775129348       0.47174981320720422       0.46134208238217733       0.47265779337345637       0.47037883028569777       0.46443972135604811       0.45668819777034148       0.76903516001202499       0.58758278093112348       0.62968919145964775       0.63947888680293730       0.47036369626459568     
  0.70807274602434667       0.71855418059399145       0.75214228572727482       0.66886676729537387       0.69018536498955330       0.71634787491113305       0.67697918059117734       0.75205263274477552       0.64238813184906052       0.67508012508002757       0.68849101515543254       0.72795359863198850       0.68429825097841845     
  0.65904836444487991       0.65058185670585300       0.48700028837428133       0.47693597826102963       0.48861297340515986       0.48600212289030437       0.48256131359082000       0.47239077368614091       0.77672114961520122       0.59436940438366803       0.64320950760695839       0.64997761904576601       0.48611565282162383     
  0.67000665332046772       0.63535695683077609       0.68442105613082560       0.71366527089230958       0.69292735813094242       0.81224615658509869       0.64732904707762207       0.69627924414569220       0.64033864000822915       0.70334431396904762       0.71416713655794584       0.71946787922332489       0.74656994720986514     
  0.66986733602121429       0.66149074041278477       0.50239089977556384       0.49292728938671754       0.50459149485962063       0.50154680617706282       0.50058054978691269       0.48806154789981449       0.78450951780229738       0.60091057447651153       0.65651085810652698       0.66019059048943163       0.50191084757854709     
  0.72684931943622744       0.68874419144842869       0.66591970237852371       0.66279217064872675       0.68923625584064352       0.66009656689036078       0.77452034441884299       0.71293250560233667       0.69327726827609004       0.65124181699762396       0.72876497348557900       0.70046562406671953       0.66650453160064704     
  0.68034305937845607       0.67222211852346880       0.51775527906006813       0.50941399151293365       0.52015350155463536       0.51779892757779744       0.51948463408617274       0.50362802402431683       0.79236892402939951       0.60720866618413150       0.66979660486384551       0.67031118934057798       0.51750278366016988     
  0.74180787605876974       0.68248724158964347       0.68139747943289797       0.66525435803355326       0.73480155920773282       0.75252605345185342       0.68785753405130490       0.70554883035210614       0.70104227193887458       0.66620410503483063       0.65506593398229851       0.67144821104897712       0.69273388374025147     
  0.69096282521538765       0.68298766067647820       0.53302696327465637       0.52569242011196882       0.53570189769020715       0.53418309352521587       0.53832077698859637       0.51923983212924141       0.79986789429598337       0.61347028517817903       0.68280845369053578       0.68036330527005429       0.53307731172869899     
  0.66264327861426309       0.67220369403559554       0.68542363197337774       0.71405962422384217       0.65584892776917203       0.73465839993836557       0.64291979637375507       0.71105888120381300       0.67267950406023724       0.68272001728670972       0.64269770063793075       0.68793854382347486       0.66420087251090598     
  0.70159937091607094       0.69369335755469075       0.54822242315476033       0.54162095381731268       0.55091941883514839       0.55050931697924710       0.55658462099013517       0.53482766063812903       0.80682690748049890       0.61958973246582161       0.69560055294816914       0.69028385189257024       0.54884248819784465     
  0.69295326994704243       0.72004537240409072       0.70802874842590380       0.68664360974070893       0.64539113306621898       0.75780671144304323       0.68916199901308817       0.68537563660154910       0.67536252678662489       0.69377126221134966       0.65641595144508469       0.67760413276399867       0.77404707989086952     
  0.71229137211263605       0.70432588171818944       0.56344903087647391       0.55758394292167401       0.56609257228895804       0.56661749885009105       0.57484235490813140       0.55024980027076231       0.81378057659389313       0.62615060917387710       0.70799471015362092       0.70038942536658477       0.56448995848437022     
  0.71789944698845765       0.67569103522952678       0.63645053970213405       0.69555243972018099       0.68100115453811272       0.68738907211226685       0.71723906937337700       0.71356000139111897       0.73078208563645630       0.74716576830856973       0.67267377929920780       0.69611047307180596       0.66749529992376311     
  0.72296783062941505       0.71514093182311478       0.57822147545524094       0.57399714525389889       0.58151906727592595       0.58253238713790900       0.59366499370026349       0.56546344398235049       0.82065943478196124       0.63303268161368564       0.72010551089299546       0.71078026439787589       0.58023071664056591     
  0.70508799483911411       0.68574711339255523       0.70300636975365216       0.79598026629911234       0.73699624027514499       0.68594149228421564       0.70231248787016853       0.64725301539578362       0.66364359536121320       0.65639763362529790       0.79177783583636596       0.68277297607216192       0.75189866134685945     
  0.73375667640380282       0.72592750269905992       0.59323221986109542       0.59030439172718707       0.59760001188939693       0.59843054926948147       0.61233941860284147       0.58059419125892298       0.82749005916563445       0.63990288343270796       0.73177312060271238       0.72162996195183127       0.59601522576271793     
  0.75693173494423960       0.67886499186394422       0.73443554774004460       0.74906863220311992       0.68701485818619035       0.67542296022995030       0.64790652407603511       0.70426479448139878       0.67162633793028759       0.67752755922201380       0.80246464313179533       0.73970220896836003       0.68790781185929573     
  0.74459355338284483       0.73671974909553095       0.60683711931141093       0.60653476308194887       0.61215810910444834       0.61429334585166073       0.63059592679701626       0.59541210437932168       0.83419718834604961       0.64679360985154688       0.74321986125212014       0.73279614465480458       0.61151797228465410     
  0.67075616176820663       0.70879056182368205       0.66068187435862835       0.71780607216126613       0.67989604007030546       0.76322387506251421       0.68752088470401995       0.69333256292099543       0.65975709313830955       0.69498649416513536       0.69202734983390746       0.68331200694634120       0.79301423931011661     
  0.75547816664084444       0.74747833981761913       0.61994757927086286       0.62283576759780201       0.62610822507384056       0.63012540605075651       0.64886009377470866       0.61059697732223261       0.84081336834635378       0.65387962895377516       0.75423854505121091       0.74339864282761847       0.62694003615244864     
  0.70184333123026132       0.64783558592891155       0.68636684739913467       0.68221212816631904       0.66650453160064704       0.81687794276122738       0.69877844580331128       0.74925021338096720       0.75527108340348503       0.73569138609987406       0.68918080932319803       0.65366492316001723       0.69023755513419416     
  0.76576510019913202       0.75831366340797768       0.63618441264664161       0.63837463172097975       0.64150817620344791       0.64579835022692389       0.66688007884863454       0.62660123040949534       0.84737412899462494       0.66119445905012664       0.76481701787875300       0.75368434636847392       0.64314635763117411     
  0.70384907581054523       0.68350806229003824       0.66939274694833972       0.72294392706229138       0.77438912499225010       0.73497851886120835       0.69355893978469663       0.68542055362368004       0.66188815449069216       0.68448512933896466       0.67765252087916306       0.72258292297922766       0.74583354020674164     
  0.77606602583883433       0.76917189296247579       0.65205856036568099       0.65413729009928567       0.65691043233369539       0.66148429679330711       0.68478543743757503       0.64241304570613478       0.85392011404408386       0.66845614538042186       0.77545536891038847       0.76395052055626245       0.65911301333678451     
  0.68751849691310241       0.68431950380069351       0.74614955396824567       0.74319626668855365       0.71264071474118196       0.68193920990209089       0.67802425982038483       0.71869846260245451       0.77351676406955161       0.65477223326369960       0.68218074388268746       0.68262921967455936       0.71989369389314983     
  0.78632288968313313       0.78006844992705004       0.66846627167331463       0.67019708245521215       0.67287432922275403       0.67748535029571666       0.70237393226446787       0.65767169222458255       0.86034067953434201       0.67566257905653337       0.78614166263062557       0.77411260469392806       0.67520647142992507     
  0.68176286317050239       0.70042075678293925       0.72127164737234195       0.69677356745987673       0.72118913129733742       0.79399308457084761       0.73418465408797151       0.67877560693619354       0.72976360845729615       0.70118402210923159       0.65176928575386006       0.69166657310060597       0.68796171542638307     
  0.79651031216254453       0.79100611790992248       0.68478713563751170       0.68624812684893655       0.68900082925603590       0.69346293619694299       0.71951485877145427       0.67304069172444214       0.86674817896559331       0.68277335672297701       0.79679150764853834       0.78505485849374601       0.69127986380782835     
  0.65237509753013001       0.67623093211210783       0.69415740051986841       0.73634658688972987       0.71541217644615396       0.69974793616239206       0.67196157429568060       0.72810925716551456       0.72073970694274381       0.71992792318818799       0.83500442884713222       0.71145430296625256       0.69106446062822913     
  0.80674498510206782       0.80199400883728200       0.70094397089917293       0.70205232569126563       0.70467174660676279       0.70919316732900439       0.73517754896041121       0.68872300166847877       0.87302224286139296       0.68960237325986229       0.80746851306881096       0.79640485634027480       0.70746955191783845     
  0.72147915190675038       0.64771499633442120       0.68004007689986001       0.73348688482706548       0.69401580050254541       0.74650026153966031       0.70344174501605028       0.66378694793661575       0.70941328899908640       0.66793447150015750       0.72916954333937245       0.73651513059027873       0.68898647209364150     
  0.81702995317614480       0.81309152519135275       0.71723801524861142       0.71788537870609925       0.72031818492543254       0.72492993949537476       0.75082376055678735       0.70450254714373606       0.87922297897503865       0.69655413569503311       0.81794114879598523       0.80796357103444472       0.72352544867476221     
  0.66672957171358416       0.65345543871650114       0.69328614734005800       0.65327233889721337       0.72599996448909598       0.67729983999920274       0.74859868561069898       0.66877372830089676       0.69688540951920441       0.68267963500487294       0.69395685109824834       0.67728098581767615       0.70879315831934409     
  0.82726641137851364       0.82404324867470602       0.73279395923222679       0.73379755418398007       0.73605123925290594       0.74069760545489849       0.76533537680391772       0.72038051187308172       0.88530332241381915       0.70367309087507313       0.82808333197094697       0.81969714189036624       0.73966730564448280     
  0.65974222472296984       0.65516690644889641       0.77800201453250439       0.71459323147868536       0.72889319200280400       0.71403737983328364       0.64844526564058991       0.76613749995370495       0.73756121176372047       0.75039922435193895       0.71650018682839767       0.69904933798770574       0.68339917267748629     
  0.83749254867196410       0.83501535900585955       0.74832212636305140       0.74983094415674090       0.75176786956176356       0.75655208149565989       0.78054604931655558       0.73627328257865843       0.89132822739326512       0.71083692435798385       0.83799637599575660       0.83140116423385912       0.75575693394872367     
  0.65532301854908004       0.69010777388398536       0.71525329097737267       0.69504936670502893       0.65255140214033336       0.70411183824101498       0.66731106526898942       0.65395450420098333       0.76592820462011524       0.70342792539440935       0.74871946254650301       0.69758426478464863       0.73420371839300413     
  0.84827767851732405       0.84581270424628929       0.76352151111985900       0.76547213140986081       0.76727375179537471       0.77200592681428837       0.79687118090248388       0.75265089502744542       0.89727327813357372       0.71863995120134472       0.84774760177213171       0.84304572359963548       0.77132321372651835     
  0.67586886000787161       0.65353174545697290       0.69657741292500652       0.71486130478675380       0.71345049308212050       0.69037107875374160       0.68068615718680503       0.71110245636117209       0.70108823172161983       0.73958410826614684       0.72282826453081406       0.68478543305778061       0.69915795230369349     
  0.85897710886664347       0.85654199904825690       0.77891479503517536       0.78112169254353536       0.78286441333119228       0.78748252620334047       0.81285333263192650       0.76916723108979101       0.90321507991081929       0.72626519062144657       0.85763144676925340       0.85439467906116051       0.78704069394616571     
  0.75651425866455679       0.73710359451622498       0.66640328381078606       0.70567268706491559       0.69558536275257388       0.73965603311997652       0.71048655215449541       0.70432641489947245       0.71760155445423601       0.74571298339967729       0.70211995491171308       0.64684941294667564       0.74879489579064729     
  0.86982071924265192       0.86727899774405337       0.79456118374718898       0.79704861524044768       0.79825643272978120       0.80269813005505108       0.82854349341980049       0.78599421880896414       0.90898145800220054       0.73432499737863788       0.86734292079623143       0.86544309190125124       0.80261900941871278     
  0.68985355585203723       0.67056788363062592       0.66802444300438024       0.68054840705678588       0.72257760541813132       0.69150186508595646       0.69777683903722665       0.73281141058905896       0.73604681660923921       0.70845847506292436       0.67418092406203745       0.69080540228304199       0.64379251781133173     
  0.88057329350244640       0.87802181341216234       0.81033444688847267       0.81281538790771724       0.81371702823604286       0.81789705279736713       0.84403355315877659       0.80273890298419948       0.91481329695643798       0.74233327122405524       0.87721369109323066       0.87633115059615108       0.81828055350529039     
  0.72644784677807395       0.67656746682323343       0.68939619297457411       0.74551417669226294       0.69255105112569193       0.63607038207376176       0.71036267877054071       0.67151908088922208       0.75644205419111521       0.68001038700827188       0.69164416304214749       0.68502670724017667       0.75318951614943408     
  0.89072924758454164       0.88861776672041304       0.82587322000003272       0.82900529638265386       0.82898693177241756       0.83294471452728613       0.85919588823634041       0.81912931573430170       0.92062552258103214       0.75104485225667839       0.88752216937810269       0.88718115058772684       0.83371603314380316     
  0.71030839460007178       0.64854178563871356       0.76154203744812266       0.74149974041800271       0.68773421021769665       0.64325088451569390       0.72449520149904700       0.72972342316787742       0.69225886394019442       0.68855996567764155       0.67771521103483523       0.68045434770062796       0.64464069788667411     
  0.90087917472267454       0.89919581729105669       0.84127702010614447       0.84498050715519479       0.84424532126414353       0.84809066808197253       0.87421479296481386       0.83543519532362998       0.92642977494447198       0.75980651466910587       0.89787558601424011       0.89820480569110439       0.84911461997247850     
  0.67450801648399128       0.70689530907611031       0.76095049144566107       0.72102072596062172       0.77229421445500146       0.71501104089628664       0.75313399387321167       0.76056944028249618       0.72269047315128832       0.70979512132894873       0.73828695245300890       0.74268114749541980       0.70464685405152472     
  0.91102782402281191       0.90966735276837318       0.85689221890921030       0.86103575559903534       0.85953987677475885       0.86351901767639294       0.88888651528961504       0.85161894159870566       0.93244038573889709       0.76911491140884369       0.90842198713050437       0.90936119930957238       0.86483106611018890     
  0.64204370906743935       0.66643126911229500       0.76674406574899512       0.71055277604859657       0.76237717561054086       0.75229279359014134       0.67097749145580510       0.74877563141729142       0.79148501447300046       0.64044904401008063       0.72267257715944244       0.65591013745253013       0.72512234414443333     
  0.92145197279510560       0.92009669150292639       0.87251931126635773       0.87703225873207780       0.87477794209850623       0.87882015491497045       0.90340613366874034       0.86788248482834773       0.93851207738812270       0.77856905323334691       0.91894834923538649       0.92027997811462436       0.88044767439114602     
  0.71695337483105359       0.69804455964236733       0.68669833211524633       0.67402545263090397       0.65623409998415250       0.67232870073988382       0.70230707793334490       0.68616922261422608       0.68170465678576453       0.72056891801495948       0.72033430316248570       0.68119264692086146       0.66818022633029250     
  0.93155101292904630       0.93079308536547622       0.88874689467001922       0.89249215861019704       0.89074726001426918       0.89473996631573294       0.91616660026785002       0.88391456903821619       0.94462764866276805       0.78947753182978786       0.92934599881609259       0.93092677981514149       0.89573763644447701     
  0.77922757967034595       0.65789093167011858       0.68029487695810786       0.70343709982407832       0.79038367695864831       0.69641225642810800       0.70655121749825156       0.72762106332806642       0.77772151300515646       0.72339901097211901       0.71426950328202587       0.75273132731260251       0.74729622819895780     
  0.94158734606878691       0.94148087368719868       0.90472617861919868       0.90787659081480998       0.90676176534696129       0.91071323235798562       0.92904694009060151       0.90000022164271820       0.95072314452231799       0.80103986242827996       0.93982306753954736       0.94126537490725859       0.91094240683275929     
  0.65303596854109625       0.66068980896878182       0.68517054782071785       0.68127019609048634       0.70095031247295536       0.68472452412918960       0.72303842398368945       0.74357763901390850       0.73173253609291200       0.66932031956114291       0.71397764985877243       0.68952329289703818       0.74532282062248278     
  0.95178302927618075       0.95210356372638749       0.92068051722189703       0.92341924580698376       0.92246197742015101       0.92616560238162726       0.94176881165917692       0.91622471645765113       0.95700394322609239       0.81471025008003595       0.95035978347260319       0.95110624161975676       0.92574262900722071     
  0.71323782614005893       0.66768840682273867       0.66356636998331286       0.72042720143581596       0.73176054169687876       0.66821090028379115       0.68078376055533441       0.76120111261013279       0.81452669309369452       0.73310888791804263       0.74136007411902771       0.64918801537743664       0.64172253112337840     
  0.96199727876166408       0.96292307820271417       0.93654947903897734       0.93951199971571564       0.93810104087967794       0.94144215274143761       0.95431912278271203       0.93237145209141425       0.96336311139295183       0.82929061190757469       0.96082020119872102       0.96090256122769591       0.94000868767738166     
  0.67792574706949205       0.66487602827617387       0.70242734073588109       0.70074921353057462       0.73438863683160094       0.66451980981754055       0.72453518710762843       0.70579768869176907       0.68721437493763904       0.76247472951151196       0.66346565151563952       0.69919381990279705       0.68379210445736072     
  0.97167647826639469       0.97307624088802258       0.95269378300968777       0.95561177396213992       0.95347130846284134       0.95599754798707315       0.96592292349324527       0.94914272472069561       0.97080689980380186       0.84900371973070188       0.97047081816164793       0.97066325942478360       0.95489903386068153     
  0.67519873325151758       0.71532787873001624       0.68824276942552809       0.70743232864662764       0.72190085382536817       0.68261602543141620       0.69483556879214137       0.73565818078001299       0.75952211630187905       0.82453738636328622       0.63934942080617496       0.67776434531342600       0.70168650566541502     
  0.98125167921532452       0.98341652775658805       0.96880040617577623       0.97204943010338052       0.96891067412830367       0.97065221061360274       0.97743013240161236       0.96576078863895976       0.97912123750787705       0.87249783853695773       0.98005883833027485       0.98058635682890394       0.96983553037610581     
  0.74089087765389816       0.70314228613522090       0.71776221168863386       0.69957207000940980       0.69634055267919870       0.65100086868297746       0.77853207653327750       0.72523637935842022       0.75093626956681103       0.80467135662278344       0.65843244677349466       0.69303410183904690       0.70598307947878269     
  0.99064171022473502       0.99178026522787377       0.98436079109899910       0.98602778205335151       0.98441481977478573       0.98535427994981850       0.98874897987901589       0.98289735397246114       0.98885040293951609       0.92329334253540840       0.99005433984067992       0.99030333496212741       0.98490980780020310     
  0.73439799177171317       0.66679220720179966       0.68546921063849109       0.64758376008393348       0.69978931804437405       0.67118124103196930       0.71072849720834985       0.66485411702029640       0.78463931618255223       0.81636909971153693       0.67526428322200172       0.68487958011423578       0.66700036171603250     
   1.0000000000000000        1.0000000000000000        1.0000000000000000        1.0000000000000000        1.0000000000000000        1.0000000000000000        1.0000000000000000        1.0000000000000000        1.0000000000000000        1.0000000000000000        1.0000000000000000        1.0000000000000000        1.0000000000000000     
  0.64386659210338570        1.2498138088897726       0.72500229986738129       0.70572672396224123       0.70774698762773691       0.67680681598112602       0.73962731346797894       0.68343586621195584       0.63189795961573525       0.63189795961573525       0.69209138207426157       0.72096200608375793       0.63796237860683003     
   0.0000000000000000        4.9986908757847992        4.8697967811818801        4.8796988293470704        4.9656499780776251        4.9604709751029699        3.2694784717754288        5.1472130329999564        5.5217373702876804        5.1316674988932727        4.8241741009402412        5.3071809525818381        4.9211134054796286     
   5.1921771243985431        5.2813769988918233        5.2514276727608014        5.1058080698431443        5.0455974105889290        5.1857590711489578        5.6695371283347260        5.1881830582886801        5.4649894860893404        5.1588885054358142        5.0234315552234756        4.9661417036945554        5.1437864619800058     
   5.0231762455688225        4.7396721220022462        4.7479870874119676        5.1058901110680086        4.6982916648297355        5.2000777606132083        5.9106689028217803        4.9136954433364588        5.4009719435072894        4.6056750453559347        5.2260525042219212        4.2239630839332802        5.2545925273113703     
   4.8113739883989224        4.8562046964564987        4.8500091165168540        4.5543693305762094        5.1101501100018210        5.0604568490502206        5.8774945294459346        4.9196711394344028        5.6022971447687127        5.3590416357461939        5.1682574256709666        4.9463559812062101        4.8109087556719548     
   4.6266468645942682        5.0712050920364691        5.1069227156441945        4.8739684324832853        5.3291777494864228        5.0584573674994946        5.8947072542899956        5.1526403106962650        5.5167008384695571        4.8275023074880776        4.6751568079140524        4.6762975471839150        5.0090405900182233     
   5.3316834826728652        4.9383388757540088        5.1594306083516184        5.1351529493278179        4.7984355627410391        4.9956146947699480        5.8629696216651768        4.5745738813086021        5.4307541788035030        5.0236773639137189        5.0872550721781646        4.7336743831740904        4.8731462826592455     
   5.0087356385457085        5.0363072338228951        4.9331280495131686        4.8937076061545612        5.3523493715356025        4.8282572881190706        5.6152801828732306        5.2231083119234967        4.7678330150162340        4.8426184566996975        4.6874113887538220        5.2363057652062865        4.7557588968069755     
   4.8496694174143666        4.8299229320095378        4.7410116031497305        5.0401737994846352        4.5141707534641480        4.5338024662599219        3.3868037615242987        4.6470976234444930        4.1786584516117333        5.3004155964958946        5.1105727629712376        5.1709249106846213        4.9425431649677130     
   6.1797116792169709E-004
           1           1           1           1           1           1           1           1           1           1           1           1           1
   2.5477695368263218E-003   2.3615847039148946E-003   2.3451786154033292E-006   5.1326692984930302        1.4884123144777719E-005   2.1168327289368677E-007
   8.8247714625856951E-006   8.7041919124186468E-006   1.3463820534475491E-006   3.3925491486411059E-002   1.3458872020977733E-006   1.1956467070348574E-008
   7.0645534350293471E-003   4.9800234285527694     
