  0.02392798862238486  0.03215909696087953  0.04252934772286805  0.05244148831769315
  0.06237605185486733  0.07187968768060640  0.08155807592406412  0.09072390564075146
  0.09971766331644895  0.10842596587167058  0.11692339949813654  0.12559127121281627
  0.13479178812434822  0.14437455034114585  0.15378454396618313  0.16300930752134271
  0.17261453843782421  0.18273878555775655  0.19285526189028224  0.20273144882971184
  0.21269894832527039  0.22318936619002558  0.23397698137923853  0.24471021118692696
  0.25529179372375660  0.26587069389880669  0.27657778728765431  0.28723645516720764
  0.29754944925731946  0.30769699876392875  0.31768083481637865  0.32710447736989834
  0.33668596111637100  0.34671382254643274  0.35730753122365033  0.36809329380124417
  0.37906288625569801  0.39031534937336093  0.40115260018068144  0.41140790102118807
  0.42137569602134839  0.43127078555123322  0.44100052544569779  0.45049585276565396
  0.46038028660745550  0.47068506239431429  0.48096834821394702  0.49093312779722081
  0.50054317963319361  0.50987995105007133  0.51922284689171372  0.52876617561259631
  0.53854151283420792  0.54848957383909203  0.55834748889479169  0.56822948329331235
  0.57839581439584342  0.58896741415766563  0.60015396761319029  0.61170934901842977
  0.62329309405629696  0.63463265217187426  0.64613442033532720  0.65763378202245293
  0.66900035332392238  0.67975855728494572  0.69002850107956260  0.70019032246307888
  0.71033138856637612  0.72049734807487442  0.73059808926557845  0.74093755412332807
  0.75169751302566234  0.76307694504412271  0.77436122533263119  0.78575160599421179
  0.79569340266740163  0.80506001674067196  0.81446092865170661  0.82389776553549332
  0.83313101778513787  0.84236000501597674  0.85149424541912322  0.86123196226291088
  0.87133390319728532  0.88154941326594782  0.89183868814814504  0.90180162202289715
  0.91166817073421968  0.92175869383267284  0.93235248531994341  0.94297192364560667
  0.95412084738563907  0.96496831892860024  0.97140283742507871  1.00000000000000000
  0.02446671971812318  0.02981391540949439  0.03793276422132091  0.04575296473204572
  0.05403486464920276  0.06274341102021666  0.07228953697786145  0.08209732273398970
  0.09198081662086396  0.10195913365831691  0.11210702191499848  0.12231129259767848
  0.13199156209786306  0.14175371962384506  0.15184598128957180  0.16302257005967125
  0.17389861146336705  0.18435895152144169  0.19423451265811575  0.20418492625664894
  0.21417638013443760  0.22437617130069087  0.23435801787170554  0.24408836903376704
  0.25384519486286383  0.26385328751959519  0.27424831973325792  0.28472638536167283
  0.29454320814280077  0.30471682711328046  0.31506844134141249  0.32554571395595100
  0.33573785301108089  0.34582975779210678  0.35606789001084344  0.36637806426733249
  0.37648140398206331  0.38642245850609014  0.39647945570657211  0.40670652720319084
  0.41687922638266656  0.42714041243792089  0.43732745569186954  0.44771898188278253
  0.45807135889839240  0.46788710791652227  0.47723896511210023  0.48640621344760748
  0.49579287241548209  0.50543797577141658  0.51523650534436094  0.52496455878512616
  0.53446600989573623  0.54392342737274668  0.55337866781471390  0.56289196770730976
  0.57251615742410999  0.58216224963059449  0.59233435139426049  0.60320935175632029
  0.61439467935039005  0.62598136704878538  0.63762355298314921  0.64924925337800576
  0.66101676459307823  0.67281699609438561  0.68454059598823280  0.69552120377775162
  0.70559500510003992  0.71579552580260730  0.72606472798837796  0.73575446942070077
  0.74522646384232161  0.75541155849898123  0.76637216357072369  0.77745483652218583
  0.78834548817544903  0.79953028615806720  0.81043920146293968  0.82124552361499281
  0.83180706808003346  0.84242544454381607  0.85312491056128625  0.86381889325314420
  0.87436386192364557  0.88460333017285320  0.89479335785703240  0.90504791420779618
  0.91544848563505610  0.92625514202485448  0.93703774068567858  0.94722891938550036
  0.95691738043608709  0.96598450219977905  0.97091340954768146  1.00000000000000000
  0.00937916222780813  0.01603161895583421  0.02456088173189763  0.03422305889772530
  0.04383864956063047  0.05334398272220206  0.06308184153311293  0.07230566096171129
  0.08187248068286641  0.09147964896936447  0.10123930950561742  0.11202392966063834
  0.12302643761979701  0.13400165225187746  0.14461418528813952  0.15514813955772369
  0.16556245033914424  0.17591168805392024  0.18645134361369220  0.19709490528877455
  0.20797102035955986  0.21932669842721969  0.23025528687102656  0.24089628459240947
  0.25169962954588176  0.26301527422914239  0.27449505726393963  0.28553304393369000
  0.29644602598473513  0.30748583255706063  0.31849011664276605  0.32974816624197362
  0.34115731424631840  0.35228376431463310  0.36213454320296729  0.37124660393057080
  0.38065268265045993  0.39031096165060064  0.40003758051758725  0.40982105800578356
  0.42007288363725487  0.43105226423450099  0.44239118511508108  0.45358259755570751
  0.46422865061439011  0.47421865216513942  0.48386363866570253  0.49342819976081714
  0.50280962584786471  0.51186289273516916  0.52104641163874399  0.53041041435317404
  0.53958895173859944  0.54906315883459933  0.55873516012360591  0.57004626031143468
  0.58207697121530699  0.59360845869891643  0.60455069966883435  0.61499411385848080
  0.62519589066972403  0.63533088217764333  0.64548914852146277  0.65539989269591725
  0.66538440390521092  0.67581922846752585  0.68657434214988311  0.69682868328579894
  0.70682068369340212  0.71716610195831532  0.72770115614095232  0.73821849515628979
  0.74887123552641011  0.75991502078892625  0.77098637765105738  0.78172446396299589
  0.79226730876295459  0.80279677145071882  0.81343732070200203  0.82427196429670879
  0.83475667369759043  0.84452510537612147  0.85466615442981786  0.86489452242551523
  0.87558502138436389  0.88588012452223452  0.89603218212362612  0.90626473067204827
  0.91659487224135849  0.92707452468948848  0.93764862062182841  0.94853363925959822
  0.95924826786990358  0.96938855500322707  0.97999975195278444  1.00000000000000000
  0.00244554682639591  0.01329756005810356  0.02513541264933727  0.03704666181568356
  0.04828309659617471  0.05979418434084899  0.07149887658319475  0.08327465576670304
  0.09482809674021464  0.10559792623417408  0.11603374219166063  0.12631039675689351
  0.13665410963719871  0.14683597343116761  0.15634572358113519  0.16546277486406627
  0.17487492631015308  0.18442367534248433  0.19443668104297673  0.20461667218200322
  0.21531998688948270  0.22658067703275617  0.23727483898322962  0.24749212125265524
  0.25720114164624963  0.26635049998931015  0.27529342549888802  0.28393520755047985
  0.29265504716914459  0.30143807011292795  0.31032078761923326  0.31970417612150409
  0.32977497608505835  0.34007805253326101  0.34998372852656484  0.35937025650488463
  0.36910928113261321  0.37881364659341843  0.38927661621064980  0.39985994039190981
  0.41108498275124183  0.42207035425269790  0.43270841482854983  0.44334467348196005
  0.45435916950330962  0.46547828805533553  0.47655311609150808  0.48697538019089859
  0.49707313941030062  0.50727465487504653  0.51736108834389372  0.52808520834333172
  0.53875005863908298  0.54971115014109384  0.56057808106482465  0.57204795651060147
  0.58374376634297676  0.59534844382652219  0.60644144071164652  0.61700190931939525
  0.62728610285193220  0.63775646744970227  0.64827211564522369  0.65846618992433192
  0.66833216417910357  0.67816460580440663  0.68824395165439534  0.69822400410329033
  0.70784441521613417  0.71759668237068019  0.72765442415077330  0.73800588809244549
  0.74847753150821894  0.75869144503440644  0.76893780739696616  0.77940490320771139
  0.78992260564020678  0.80030521494864693  0.81068901769174884  0.82110554510600409
  0.83196373036508053  0.84279799110716225  0.85369038450682655  0.86522109262811930
  0.87721976921799982  0.88867300223337642  0.89929911659479611  0.90974810374866710
  0.91970531092440289  0.93000187284797853  0.94050129528077664  0.95108331408044455
  0.96126537738595075  0.97148057534178933  0.98181680285300188  1.00000000000000000
 -0.00029653591356754  0.00197887877558001  0.00354197948934819  0.00546106680406478
  0.00786190976590982  0.01069187707091463  0.01391651898652430  0.01758470352853802
  0.02163499453584722  0.02630493400044345  0.03114602626453631  0.03613173685325646
  0.04113919631044218  0.04635078284066895  0.05170817692034702  0.05741472778214236
  0.06355156359286269  0.07014456609704484  0.07716279924527841  0.08441053554686127
  0.09167991781296768  0.09885466982641194  0.10625690116448236  0.11397661804341670
  0.12203054598993023  0.13002039807231189  0.13810012157463047  0.14663545704860512
  0.15544784780846396  0.16489601012272803  0.17437096391560408  0.18387660452096671
  0.19333352034175616  0.20270835090790473  0.21237948607131080  0.22217860665466746
  0.23253012451486360  0.24325169488758752  0.25405580392551669  0.26465751589264297
  0.27518915541002481  0.28600932533922252  0.29745515458909760  0.30961261584854194
  0.32179950105522759  0.33323145565195833  0.34418036234727006  0.35511852022685170
  0.36626717021495386  0.37807114607965697  0.38970544906713306  0.40128090424692769
  0.41379517424802192  0.42689417148850123  0.43974653911822692  0.45236655924013791
  0.46450290753191115  0.47625933090389772  0.48818930559334822  0.50044691028374211
  0.51304540062713078  0.52560593530090560  0.53868388573495019  0.55204854363395606
  0.56551140048453752  0.57918872098982643  0.59346864826841017  0.60805483205096478
  0.62273632247443844  0.63758893715862586  0.65216140354169971  0.66639620933913957
  0.68025207078737937  0.69330106851018392  0.70684823016191733  0.72059405782694586
  0.73469478215477257  0.74915926340960404  0.76386245491221128  0.77891392578844332
  0.79395054206047522  0.80869291202449056  0.82312771287350706  0.83733409074650944
  0.85100124366902197  0.86484733545248893  0.87858061930668296  0.89222162912638792
  0.90583885692655752  0.91947059303994205  0.93321786449812139  0.94688205826862326
  0.96045669572129910  0.97384106260078218  0.98698206212325235  1.00000000000000000
 -0.00265241099977759  0.00991543665848720  0.02045213984050019  0.03129699909391651
  0.04210523195237954  0.05261852509552403  0.06301978828620472  0.07289627369174982
  0.08293394657996349  0.09280200734675081  0.10305734560140771  0.11309628898993046
  0.12288440090988616  0.13242969098951285  0.14150007051592231  0.15089058521094145
  0.16122829404277417  0.17222394227359414  0.18464432935364353  0.19649389599248027
  0.20899311216396146  0.22017088024300480  0.23121361747848657  0.24099215105878921
  0.25100536652943028  0.26007349500971710  0.26870025055700769  0.27751459497226738
  0.28669243808025802  0.29673997633231874  0.30783596497318499  0.31954114358810520
  0.33215688198666932  0.34484516414783684  0.35739088430838573  0.37019542441872549
  0.38152377072813215  0.39207925442287545  0.40262577004170719  0.41307495668746635
  0.42358964446410319  0.43369342854777326  0.44374031535892156  0.45353578733499578
  0.46345965295914204  0.47413150582893648  0.48484076847810292  0.49561077297444078
  0.50659766920057003  0.51788136756810521  0.52867179364090611  0.53905625953638459
  0.54921520059826923  0.55934928562395025  0.56973684139668113  0.58019973564763994
  0.59047282248243571  0.60087485107522964  0.61119016261318926  0.62138859777614563
  0.63089753108072810  0.64039980776432115  0.64994237549591583  0.65964469557763161
  0.66931411353526693  0.67887818151358215  0.68875782236628558  0.69939347397419693
  0.71044182665008182  0.72155066128145084  0.73274420271955809  0.74413526239805994
  0.75532946693863767  0.76627474351030200  0.77649887828829267  0.78626123193194863
  0.79622486326820707  0.80648337313482577  0.81720876689559907  0.82815874756774310
  0.83929235147170400  0.85058340837243207  0.86191045549418654  0.87349838313829364
  0.88536122464108802  0.89700219493067423  0.90799763246985854  0.91866203189233542
  0.92898627037044579  0.93895033691428187  0.94837865720151204  0.95787923846600098
  0.96830671408975777  0.97868282248583882  0.98956598095109716  1.00000000000000000
 -0.00270829979462007  0.00981029120979427  0.02097399553902727  0.03211209656194224
  0.04292063351206345  0.05340271017545889  0.06374514310338017  0.07380888269647312
  0.08382899906113844  0.09374262519444726  0.10364023872280487  0.11317618123124507
  0.12287231983641754  0.13279977231607465  0.14262826974923007  0.15287624592878507
  0.16314219471735678  0.17359419903452131  0.18430152076305406  0.19411940836953245
  0.20404736085525105  0.21438340163027489  0.22450545209895997  0.23427814756319085
  0.24395845265251820  0.25377617321671331  0.26359868883714788  0.27324563381908507
  0.28322170842728067  0.29355726289780676  0.30457929190055033  0.31578101531490316
  0.32707182789799288  0.33805307202956020  0.34882480997362969  0.35923290523703200
  0.36912634103115444  0.37904355027240066  0.38906151309671333  0.39958245988989327
  0.41059206927199327  0.42156938807346656  0.43235326640843691  0.44307066533400957
  0.45392409818040930  0.46482941178802811  0.47548880701016316  0.48598319185944938
  0.49656344312661099  0.50740543781196901  0.51836163194809193  0.52882021827274117
  0.53884355421351260  0.54927391418617266  0.56015251763525875  0.57093443807061872
  0.58174211586152280  0.59297600334532785  0.60455081347528439  0.61570332419574303
  0.62703010955222127  0.63781485563629992  0.64843061664238411  0.65954209995338642
  0.67101927809606610  0.68257012623602320  0.69412537167053623  0.70576528458722065
  0.71619722231785254  0.72656709728846813  0.73683778381344178  0.74685657886525414
  0.75665192786494562  0.76647351317685464  0.77700027778192482  0.78814263375493776
  0.79864102435341910  0.80878949160837410  0.81866092941030855  0.82880750652883783
  0.83897544731223206  0.84898670141862520  0.85906888976859508  0.86980329110171872
  0.88093576378489058  0.89243460502175032  0.90363533208876945  0.91490391016684403
  0.92643887351851928  0.93842969347027272  0.95009586936488899  0.96108745716013610
  0.97094395735660843  0.98086460789534224  0.99042557808995557  1.00000000000000000
 -0.00296878369046841  0.01022956347751048  0.02250656453143774  0.03479384054304429
  0.04640255733466277  0.05660074902880078  0.06692838237102436  0.07717595917933265
  0.08749456108693224  0.09755990933890846  0.10801475336139608  0.11959976528319410
  0.13143775791977291  0.14322772250588367  0.15358376535425350  0.16325791277664820
  0.17305806012439046  0.18275717825441529  0.19262437882710315  0.20235003980616986
  0.21262443016083404  0.22341183736972564  0.23390195327223959  0.24395281841401878
  0.25392020846842700  0.26434533951879463  0.27469404728756486  0.28471108245064447
  0.29461990042076958  0.30510183778766792  0.31553215660159717  0.32631995422165028
  0.33732679348635930  0.34860721718556553  0.35957963913211649  0.37094463621800244
  0.38260707508279734  0.39449165572412420  0.40693691889882344  0.41862130059330405
  0.42908094787423595  0.43924874413751636  0.44923165404497883  0.45884917475463888
  0.46790731057327212  0.47720724709122347  0.48751221937384975  0.49832329973577527
  0.50839950326086747  0.51810350096427682  0.52760276727354860  0.53691520542941384
  0.54640766069019353  0.55613757703915723  0.56641109647467380  0.57677030791164507
  0.58709524391887635  0.59845840359449853  0.60958701469124277  0.62096697247812016
  0.63188837822731458  0.64295143870634330  0.65428684173726170  0.66587045827229718
  0.67719946579868573  0.68840942623496026  0.69916371222645313  0.70965352161377171
  0.72001361957891186  0.73023030717515380  0.73968413514873710  0.74931428789572763
  0.75915405610825049  0.76952722310631849  0.77957272522478316  0.78906642835403729
  0.79939254241984270  0.80965066291834986  0.82024079106884984  0.83058330242634182
  0.84183371837257892  0.85273468410025488  0.86336940962562880  0.87412915847456807
  0.88441818329844168  0.89466546496031873  0.90431987240675205  0.91391375953765086
  0.92381030615307513  0.93378616224321664  0.94397642010842697  0.95462824887901221
  0.96537255389951226  0.97660987747866501  0.98805294257243048  1.00000000000000000
 -0.00219458035501509  0.00868228164500236  0.01727379169104289  0.02662802585229697
  0.03580724373352780  0.04626154104682464  0.05731248390422032  0.06791649556569675
  0.07793617199730989  0.08802501837557104  0.09859878570258201  0.10883157593589722
  0.11856666478337555  0.12868063552538772  0.13943356587930586  0.15024636827033655
  0.16055043052552528  0.17101514149735619  0.18171131894210998  0.19314498305637542
  0.20400039463017439  0.21467310091457215  0.22516761240500038  0.23576012360013016
  0.24629608402013370  0.25680511822326774  0.26756015595609389  0.27863898804409132
  0.28935716572575693  0.29943668209510754  0.30944572783301416  0.31964801287594413
  0.33014395690853215  0.34024980536131832  0.35015126312623035  0.36008781597197714
  0.37029245174190395  0.38067956935646968  0.39101228349662570  0.40112466940669111
  0.41123131644801081  0.42139008650244814  0.43144524012895352  0.44155958183094995
  0.45178588369794076  0.46297032149075062  0.47474223192437121  0.48571364314935112
  0.49667736023218317  0.50769216425757735  0.51916420386671369  0.53000989680979993
  0.54050857269749353  0.55018082863424977  0.56000628857358759  0.57083468226354817
  0.58158225256676288  0.59189793189449680  0.60204988809685844  0.61257812836622760
  0.62301139038278464  0.63267690868976523  0.64220531194358621  0.65235958740561995
  0.66304804546873519  0.67369418160477446  0.68443081096900482  0.69524434595108264
  0.70576146023388742  0.71576965247057134  0.72592559541783974  0.73512391113671338
  0.74427819494864456  0.75388974850876267  0.76369563099840621  0.77332486728095551
  0.78272916255876945  0.79274751671580734  0.80405484850509168  0.81578808281246362
  0.82721761218920176  0.83849297183655125  0.84978728566122985  0.86094122095955150
  0.87209198068788341  0.88362281521202302  0.89561238108240826  0.90739435207353647
  0.91914501589827247  0.93180244988963556  0.94415893097213066  0.95632138324218308
  0.96732300168096208  0.97859751933621952  0.98937858105634924  1.00000000000000000
 -0.00235432583582344  0.00869767104608479  0.01844471058756720  0.02835678520745179
  0.03898642734177604  0.04965901480724482  0.06056814790250721  0.07113701418727710
  0.08154453987198880  0.09178236471106550  0.10249056373175715  0.11303186639934509
  0.12294352616735921  0.13282927131422098  0.14315797555837062  0.15494619968907766
  0.16634287662534303  0.17583231921760914  0.18465497983524806  0.19410192898019168
  0.20412757256521208  0.21442319679323155  0.22475590528625425  0.23572837667943117
  0.24833333931037244  0.25823593225003960  0.26815089453672730  0.27807151282892811
  0.28814335768656169  0.29839150687656574  0.30882134109840165  0.31965902704946170
  0.33034291975709756  0.34077257146252360  0.35093096636165683  0.36098154001208937
  0.37121183581071815  0.38168935911432433  0.39208126537017696  0.40208741363515177
  0.41192194391868631  0.42183200374383539  0.43163595076371414  0.44150137415150575
  0.45188253009795387  0.46245530661300149  0.47326029097005290  0.48366447103594734
  0.49395872141099628  0.50455535125323170  0.51536002704436323  0.52608159462553938
  0.53658941423086448  0.54750775315052091  0.55922001347390871  0.57080468803347761
  0.58207574692161546  0.59314573231428702  0.60356271645631743  0.61356198363848646
  0.62315519865764613  0.63328266864275862  0.64354099404764753  0.65407587797814370
  0.66516034952853942  0.67657104037783578  0.68810829037662224  0.69887464731519455
  0.70932066648627545  0.71984448250790434  0.73052085351438989  0.74130062549463838
  0.75241925565872603  0.76346543886124874  0.77447061890301272  0.78507229318273308
  0.79593643873055653  0.80702467536873035  0.81812217400591192  0.82912927489598076
  0.84021552669032440  0.85122783156593973  0.86223216262430158  0.87310418683998792
  0.88370451153093488  0.89383142138529548  0.90395452302844692  0.91424238387251822
  0.92500068440222183  0.93544544890583348  0.94632429856360611  0.95686016444400579
  0.96728714258617488  0.97792351649491216  0.98875565742163374  1.00000000000000000
 -0.00288258433488983  0.00953051242697367  0.02036830272509814  0.03133794432088190
  0.04254986833624209  0.05399789511802425  0.06503164945462642  0.07488026930550344
  0.08442758390139414  0.09346580575989766  0.10255473401984463  0.11153729883459435
  0.12000677935363185  0.12849580759142956  0.13736746414830264  0.14661611011106507
  0.15633124730071296  0.16637084676285344  0.17649902829471731  0.18672141550961338
  0.19719745900577271  0.20768583296540016  0.21734500859078232  0.22668486079402139
  0.23616261659695975  0.24573016614734289  0.25543937825294571  0.26534047842601954
  0.27577938837869620  0.28653983855268528  0.29711111603722323  0.30798939200173303
  0.31893062020858420  0.32971253525415478  0.34036140614926297  0.35117832469554050
  0.36176324860717401  0.37217553633470007  0.38199506457370064  0.39186712654347944
  0.40238251671928899  0.41307963217659965  0.42404440318269843  0.43544946537588919
  0.44695292324099128  0.45889938030388688  0.47033009983094032  0.48216677699840438
  0.49340438105968332  0.50442586935552314  0.51600908990715444  0.52702423897778405
  0.53811831022994949  0.54909344075690525  0.56029091283126164  0.57063372806073409
  0.58107242730444397  0.59175875398218203  0.60277873710587682  0.61367199785976434
  0.62471381148392968  0.63574683217615569  0.64695634379462430  0.65850110334686762
  0.67065944300235958  0.68314148892643578  0.69569339750830395  0.70756129908163956
  0.71876299624222084  0.72974551454190284  0.74053986762739799  0.75177073834476038
  0.76327654711730020  0.77517836639409121  0.78668829777346982  0.79793700231989217
  0.80873860745619663  0.81971182310169466  0.83077604996847265  0.84164976273435632
  0.85204065566087828  0.86254151139454116  0.87315480361042963  0.88275485945963716
  0.89150709306108589  0.90046001134259812  0.90982656507635207  0.91948310245762976
  0.92878524948416097  0.93814530310165889  0.94778388286414095  0.95781313126870271
  0.96802997262118817  0.97858620703741639  0.98947735718208141  1.00000000000000000
 -0.00336815882192137  0.01113301801767541  0.02233373587718953  0.03244518814752725
  0.04262598765803965  0.05290866342356305  0.06296885486154469  0.07279356567545249
  0.08250460072101731  0.09412944481485128  0.10546789119233568  0.11636989014865573
  0.12703666910854891  0.13753714462828148  0.14808750430328238  0.15840389461803281
  0.16860782618044784  0.17901189633659959  0.18948621314048619  0.20020622052502499
  0.21060448539365217  0.22051832000109597  0.23047402418968890  0.23975195886573250
  0.24982573888117143  0.25946000926968044  0.26944913495137052  0.27964929441187431
  0.28992122015149524  0.29991511145246141  0.30972732933334157  0.32000319618476269
  0.33102596149671365  0.34181306179039667  0.35226517242314104  0.36283106399462917
  0.37349888400946180  0.38424775504461367  0.39514043962197370  0.40639011584090395
  0.41748657889723456  0.42816505945351468  0.43906416270122123  0.45030956398132554
  0.46166029503271233  0.47231151169026753  0.48275471548392396  0.49305850432610415
  0.50328768520092604  0.51327426540713650  0.52312720416648084  0.53326774088777718
  0.54350886144037247  0.55366956755497676  0.56379593210943757  0.57426683215651420
  0.58489051098976386  0.59533313970258095  0.60570496201013979  0.61623887239633135
  0.62700039448770561  0.63785451919556235  0.64875874769574748  0.65962139810974318
  0.67055451479351780  0.68149655217932281  0.69215119328122243  0.70239560040605520
  0.71219795584831647  0.72195952881366177  0.73199108562116288  0.74218259336145387
  0.75225754227771879  0.76234358052560169  0.77272828133483484  0.78339682003554034
  0.79427324639860664  0.80529884009895270  0.81618142862258747  0.82683920108813036
  0.83796296435442885  0.84984301076205127  0.86108039967595584  0.87301675991430250
  0.88380995930835016  0.89453992641849511  0.90484089534922529  0.91493336080463561
  0.92513071175110528  0.93523795882937510  0.94564059328623296  0.95658816722850259
  0.96708317568135516  0.97820816931308641  0.98873397009000652  1.00000000000000000
 -0.00694411706905661  0.03470083109874019  0.05937607559384377  0.07848926076852469
  0.09592649130584820  0.11191420100832696  0.12624123840437412  0.13895722267736846
  0.15080925576579529  0.16258165663655086  0.17494018123975233  0.18713416960854923
  0.19846700302888634  0.20941507728770087  0.22065796181582870  0.23155311408434651
  0.24176514652479950  0.25186177325433518  0.26185391430262606  0.27168486203246489
  0.28137565469763026  0.29129499646820234  0.30154102408973960  0.31157500468704957
  0.32075628959703034  0.32933714894315158  0.33785021809308735  0.34599465476022445
  0.35385177101562570  0.36164545533492654  0.36952563649623776  0.37777170614980699
  0.38620225014616288  0.39422423194218725  0.40204160365040681  0.41005400935277225
  0.41827692376463188  0.42646117345854812  0.43454026077456043  0.44186664977459622
  0.44908309889788794  0.45626857494716166  0.46331730200213633  0.47034770455474534
  0.47765790673897851  0.48543286939069374  0.49333382149239474  0.50053952886019260
  0.50750679799182274  0.51439616757433793  0.52146833301711182  0.52924219674648953
  0.53722865211838577  0.54479100121826196  0.55269037655416053  0.56048559180284596
  0.56875364545313645  0.57711694241769451  0.58540188341086408  0.59362633629357575
  0.60203046006597494  0.61043921104323273  0.61880271177765134  0.62715999525781485
  0.63548040707217679  0.64394173440988678  0.65222178514567841  0.66072307438353417
  0.66886766057405689  0.67696006928189478  0.68537201513410340  0.69398793655612545
  0.70290337269241099  0.71200437141811201  0.72112526923979647  0.73053369440964666
  0.74042432049239448  0.75034722348173544  0.75964084490257999  0.76869513970038672
  0.77787827512128593  0.78719932141910032  0.79685306363963315  0.80677767660099309
  0.81735132516109121  0.82863259540265977  0.83996553383568329  0.85130026187215224
  0.86311479216338471  0.87575023496469706  0.88880571858938362  0.90427101000146470
  0.92305274028479212  0.94291859990146343  0.96738012460408562  1.00000000000000000
 -0.00237709216082639  0.00901752583216638  0.01950255683193506  0.03089579927842263
  0.04217374769504444  0.05215636797716960  0.06154532283635262  0.07058520363340116
  0.07977253743036596  0.08929843141355846  0.09896998770861988  0.10920190795112823
  0.11970125593210711  0.13020511130630708  0.14044893008701509  0.15073217034931904
  0.16120067465162552  0.17194772695691854  0.18299411676688301  0.19447642576142715
  0.20632586810418169  0.21805153626566479  0.22920396175361762  0.23985988802953798
  0.25016190672344446  0.26043061573014309  0.27071683718752471  0.28107203509921680
  0.29202852363343845  0.30337711391920941  0.31483562544083898  0.32568354861364557
  0.33657602287105948  0.34780770119999460  0.35939857468068359  0.37047444185612077
  0.38081453138708232  0.39089360866093303  0.40075793067982846  0.41070870594869630
  0.42085161903364710  0.43138417882145480  0.44229799597867209  0.45414493040779197
  0.46566533225366052  0.47675534129590158  0.48679697275602479  0.49675794723578787
  0.50676538352150347  0.51702018294640861  0.52676215564290763  0.53605962662745799
  0.54562597810235003  0.55573791394779282  0.56603563115405287  0.57626484269874978
  0.58706038824651563  0.59918462492251667  0.61115493430967693  0.62255306896817875
  0.63350153449255620  0.64437431902756215  0.65494263288882404  0.66589655756248012
  0.67676428380547937  0.68803619422846451  0.69934328100207077  0.71081173614290571
  0.72168459688993036  0.73253063592718215  0.74313130641939740  0.75409094106042229
  0.76542110597744317  0.77666744675760102  0.78777240680947347  0.79844995820066478
  0.80944030228662756  0.82051342897931712  0.83111085148816854  0.84040286172207590
  0.84899256424776304  0.85773181192366232  0.86661819908226811  0.87613530991990851
  0.88532182121545011  0.89447916435628083  0.90359763614011213  0.91304697987999950
  0.92205769553480188  0.93156328148896983  0.94158150508932847  0.95273826127916494
  0.96379402439883521  0.97505798624504736  0.98707192314195347  1.00000000000000000
 -0.01691090282331351  0.18681247945752275  0.25753279454929162  0.31073652480272435
  0.35310859943518086  0.38820475762814038  0.41771885856355984  0.44605222795627186
  0.47234972606248382  0.49607882176811530  0.51657514184912401  0.53463210704213271
  0.55134405061561220  0.56719149840842720  0.58234834428121818  0.59663389812366219
  0.60956568306860193  0.62169185369637381  0.63327706821361651  0.64472650574283152
  0.65531891368932960  0.66561236734191298  0.67554013419606684  0.68506967791202245
  0.69386432316898405  0.70227520605649196  0.71037011075418166  0.71817455012092923
  0.72578710170671168  0.73321824096608013  0.74038780530355652  0.74730284387105295
  0.75391495540291775  0.76020077265863029  0.76623772517157696  0.77216027303410995
  0.77800780444586748  0.78372391492139637  0.78926655907409238  0.79446318333015054
  0.79959630981450636  0.80472543488634674  0.80991934815247824  0.81488240650293919
  0.81967504770581012  0.82438272537572854  0.82913684329317650  0.83377404737222349
  0.83827845549276681  0.84260632658386947  0.84678144434226865  0.85083966807722977
  0.85474243409778472  0.85862318316459840  0.86251078348535937  0.86641561098677755
  0.87032119111736461  0.87403459121631155  0.87749653836188812  0.88080186130304061
  0.88406587097001943  0.88728073739307090  0.89047185568984766  0.89362220897974964
  0.89676458627053479  0.89984504687495215  0.90290138380748064  0.90598151457074816
  0.90904955905486151  0.91205141647330057  0.91498785707186181  0.91786143364021322
  0.92069987509110141  0.92346971816601231  0.92619487039982951  0.92891942529688454
  0.93164474482438997  0.93432068282278291  0.93689627782859042  0.93966687590126385
  0.94239191312729254  0.94509741108674294  0.94781117716006325  0.95056120363785135
  0.95337251291809200  0.95632572165076013  0.95942691653847290  0.96266633510872712
  0.96595642589822883  0.96919185875381852  0.97245108142657610  0.97583418475487138
  0.97964192786720672  0.98417897219321848  0.99034949722171561  1.00000000000000000
 -0.01954621911594479  0.13005669191952679  0.18792394588044153  0.22628081564652189
  0.25378843837769210  0.27565664478184865  0.29403757711502881  0.30999697285441674
  0.32458684170342095  0.33743125409478292  0.34869334297634491  0.35902975300248979
  0.36879609896974186  0.37828088883474337  0.38719309323995710  0.39571184164290613
  0.40417686048084245  0.41270562086441992  0.42107841920987360  0.42912249436555372
  0.43694507119140069  0.44460850312250660  0.45229368470959352  0.45983908673035995
  0.46696917006539612  0.47372795328901707  0.48037579951642456  0.48706857139785076
  0.49383335483311580  0.50027975797962088  0.50623704287393290  0.51197158110658902
  0.51761267952539469  0.52313290012665836  0.52856548197934294  0.53383741585177236
  0.53898332502112256  0.54416403240842115  0.54925514914432871  0.55441675357207176
  0.55959955822269258  0.56480615532626866  0.57016506218889340  0.57549177532847873
  0.58080153310741600  0.58604721330118503  0.59120078733051096  0.59627483584931795
  0.60129093728009986  0.60658849332057030  0.61180471246913248  0.61693647103699945
  0.62200956973894950  0.62695285611669549  0.63182235725369706  0.63660471754765746
  0.64129524031231344  0.64604937666197304  0.65102048446407434  0.65621390304938243
  0.66156905888983375  0.66684033748192384  0.67164341371648151  0.67639399698924085
  0.68113538095601756  0.68588887922938613  0.69086044993054274  0.69605967724929074
  0.70142101162448722  0.70731455036091206  0.71242520599377757  0.71752574886670950
  0.72262684497042373  0.72785465623307810  0.73339792642533697  0.73903999952948396
  0.74485393574523651  0.75051407812498294  0.75597454843117717  0.76155016008958720
  0.76739793005286405  0.77378276009244118  0.78042671477265046  0.78707322342528574
  0.79399857609757063  0.80147292448136309  0.80935588572553641  0.81803107491658256
  0.82730113415925166  0.83755650573466045  0.84915539980374555  0.86202101077033966
  0.87667643317929633  0.89552983074512738  0.92626597892090712  1.00000000000000000
   7.7394830168324017E-011  -1.0000000000000000     
 T F F T F F F F F F F F T F F T F F F F F F F F F F F F F F F F F F F F F F F F F F F F F F F F T F F T F F F F F F F F T F F T F F F F F F F F F F F F F F F F F F F F F F F F F F F F F F F F F F F F F F F F F F F F F F F F F F F F F F F F F F F F F F F F F F F F F F F F F F F F F F F F F F F F F F F F F F F F F F F F F F F F F F F F F F F F F F F F F F F F F F F F F F F F F F F F T F F T F F F F F F F F T F F T F F F F F F F F F F F F F F F F F F F F F F F F F F F F F F F F T F F T F F F F F F F F T F F T T F F T F F F F F F F F T F F T F F F F F F F F F F F F F F F F F F F F F F F F F F F F F F F F T F F T F F F F F F F F T F F T F F F F F F F F F F F F F F F F F F F F F F F F F F F F F F F F F F F F F F F F F F F F F F F F F F F F F F F F F F F F F F F F F F F F F F F F F F F F F F F F F F F F F F F F F F F F F F F F F F F F F F F F F F F F F F F F F F F F F F F F F F F F F F F F T F F T F F F F F F F F T F F T F F F F F F F F F F F F F F F F F F F F F F F F F F F F F F F F T F F T F F F F F F F F T F F T
  <DiscreteSampler_grid>
  grouped_processes
  1 # 1 for a reference and 2 for a running grid.
  10 # Attribute 'min_bin_probing_points' of the grid.
  1 # Attribute 'grid_mode' of the grid. 1=='default',2=='initialization'
  0.0000000000000000 # Attribute 'small_contrib_threshold' of the grid.
  0.5000000000000000 # Attribute 'damping_power' of the grid.
 # binID   n_entries weight   weight_sqr   abs_weight
    43   10   1.170838537320909E-002   5.142348267803206E-004   1.170838537320909E-002
    44   10   1.170838537320900E-002   5.142348267803071E-004   1.170838537320900E-002
    46   10   1.170838537320909E-002   5.142348267803206E-004   1.170838537320909E-002
    47   10   1.170838537320900E-002   5.142348267803071E-004   1.170838537320900E-002
    49   10   1.513457036429619E-002   8.562584337528809E-004   1.513457036429619E-002
    50   10   1.513457036429606E-002   8.562584337528575E-004   1.513457036429606E-002
    52   10   1.517021733517520E-002   8.626222285774917E-004   1.517021733517520E-002
    53   10   1.517021733517509E-002   8.626222285774731E-004   1.517021733517509E-002
    55   10   1.960989227907462E-002   1.436329389439105E-003   1.960989227907462E-002
    56   10   1.960989227907449E-002   1.436329389439074E-003   1.960989227907449E-002
    58   10   1.960989227907462E-002   1.436329389439105E-003   1.960989227907462E-002
    59   10   1.960989227907449E-002   1.436329389439074E-003   1.960989227907449E-002
    61   10   1.513457036429619E-002   8.562584337528809E-004   1.513457036429619E-002
    62   10   1.513457036429607E-002   8.562584337528583E-004   1.513457036429607E-002
    64   10   1.513457036429619E-002   8.562584337528809E-004   1.513457036429619E-002
    65   10   1.513457036429607E-002   8.562584337528583E-004   1.513457036429607E-002
    67   10   1.957571579124485E-002   1.425658911453071E-003   1.957571579124485E-002
    68   10   1.957571579124470E-002   1.425658911453033E-003   1.957571579124470E-002
    70   10   1.960989227907461E-002   1.436329389439103E-003   1.960989227907461E-002
    71   10   1.960989227907449E-002   1.436329389439074E-003   1.960989227907449E-002
    73   10   2.536514281983607E-002   2.391399289935440E-003   2.536514281983607E-002
    74   10   2.536514281983591E-002   2.391399289935389E-003   2.536514281983591E-002
    76   10   2.536514281983607E-002   2.391399289935440E-003   2.536514281983607E-002
    77   10   2.536514281983591E-002   2.391399289935389E-003   2.536514281983591E-002
  </DiscreteSampler_grid>
