  0.00260129424490983  0.01321762278907379  0.02509378909136899  0.03740373422078920
  0.04956259291261847  0.06097587842174301  0.07168448165368842  0.08222128695377699
  0.09256908991179720  0.10262942705450918  0.11184576487256263  0.12081051995037791
  0.12995936361509872  0.13972188790302281  0.14955313779523122  0.15954838128318050
  0.16994247400265700  0.18151446271209173  0.19271733033791541  0.20380650950588727
  0.21386787491438553  0.22348523668142081  0.23337100405996691  0.24336928533143143
  0.25343225260483981  0.26349705219554431  0.27398870346709608  0.28519049427378007
  0.29602880061749087  0.30646771379238974  0.31698460943225271  0.32737832051450583
  0.33762292766299024  0.34801165417081859  0.35888979851393554  0.37042771571754857
  0.38204746749745339  0.39357480654555427  0.40460691102206625  0.41502556355241138
  0.42558132954984812  0.43642114171319152  0.44737430300003955  0.45802752631690147
  0.46849600081765091  0.47889708908823075  0.48962919060762877  0.50015350377705248
  0.51052182231373711  0.52067924433619039  0.53060891188860115  0.54014848560117279
  0.54948975821318746  0.55868289679922878  0.56780491232261621  0.57701279128072525
  0.58672475593324591  0.59700571252358436  0.60756721769204736  0.61771502101577425
  0.62746247466984317  0.63704353082347420  0.64680634632480971  0.65693300475866201
  0.66719750089108809  0.67761460825402009  0.68827934832751481  0.69944844921384186
  0.71068392743072306  0.72146501835997889  0.73176351733973222  0.74204571282165077
  0.75209776562383757  0.76137305595598526  0.77068756089413248  0.78014984458028014
  0.78987638578888886  0.79943421731522601  0.80944955626137216  0.82016255446958564
  0.83124680171131737  0.84198346543093905  0.85251892083787284  0.86353617092584323
  0.87421762997897945  0.88525709692952981  0.89631303878170798  0.90760817978089570
  0.91886490739735294  0.93020016656744198  0.94101161933321076  0.95112715876421206
  0.96211769375775835  0.97389907331924053  0.98666932599705259  1.00000000000000000
  0.00299149720241308  0.01219598152130913  0.02302489351465708  0.03385442321075149
  0.04461190590787614  0.05562645180685718  0.06690461906331323  0.07783794056699271
  0.08837420438208660  0.09878400576969103  0.10956277554090811  0.12089616408399863
  0.13220817464190404  0.14300927501192923  0.15314482150072478  0.16298530902768341
  0.17311057886933384  0.18329452674053898  0.19316266378623706  0.20275024354811716
  0.21248421859040076  0.22261155993425216  0.23304566243024682  0.24383937420903185
  0.25462660715745589  0.26523764012118439  0.27590194019295750  0.28631580043984989
  0.29631838741925448  0.30602078746569999  0.31582362839510097  0.32585951932550783
  0.33616180189850031  0.34661721051387634  0.35695581769055018  0.36725604712142418
  0.37805632349954610  0.38901185607550309  0.40008421442715703  0.41098564945290311
  0.42132074048036594  0.43138946091606095  0.44132630540026069  0.45111933514336300
  0.46089459974654473  0.47094337980070761  0.48102947378230826  0.49100606350000209
  0.50086500174686932  0.51065456369458617  0.52014880408604969  0.52961872717993741
  0.53886655395243033  0.54809232210087744  0.55705019569631231  0.56635812692253718
  0.57579343224673185  0.58505894575759798  0.59447646371094998  0.60436621083123687
  0.61520743561572355  0.62618885035467209  0.63704697584230829  0.64771693590454604
  0.65820919498850416  0.66838071259028098  0.67813846593979743  0.68780489241939502
  0.69777888566402224  0.70817506612965531  0.71911217910105085  0.72992068167375301
  0.74054844032996292  0.75138485015174694  0.76268678505679577  0.77423515001916998
  0.78580312619521642  0.79740773275178389  0.80881220911140406  0.82028031071005236
  0.83168556824870188  0.84282360246092891  0.85413471330116564  0.86570672029218454
  0.87754474510677782  0.88946472486940453  0.90107347703062113  0.91205670515831583
  0.92278263892189250  0.93292929525352530  0.94355038452239337  0.95393288979048174
  0.96481489874751192  0.97602361256577841  0.98801006212675457  1.00000000000000000
  0.03042069762594913  0.03683168278445391  0.04603905480530403  0.05599135700643984
  0.06612764597597241  0.07553735799906258  0.08480294046823297  0.09346740619250972
  0.10244526206161755  0.11184914987126746  0.12130765895601743  0.13080053608935202
  0.14046558128546657  0.15075520499998721  0.16067058375922627  0.17022465570937695
  0.17961505373889577  0.18929999789200244  0.19945726039243050  0.20918951505505476
  0.21885806202259153  0.22844704728091444  0.23828413076302210  0.24870189725002104
  0.25907329252618955  0.26963431935073850  0.28027583428594371  0.29122082183821918
  0.30224329305299369  0.31313071229473538  0.32369833302446005  0.33409584662306990
  0.34424714101762771  0.35442567073898679  0.36468757836817833  0.37516461912189891
  0.38566425995076764  0.39627730079431611  0.40736323206589625  0.41871491448912729
  0.42957011935641853  0.43979977882913368  0.44988641390534445  0.46011822937308128
  0.47054732271417332  0.48115571441523031  0.49171180193735220  0.50179536589278007
  0.51141987091016627  0.52104889491219708  0.53075178841883575  0.54049928130638347
  0.55029543318286911  0.55986921090817399  0.56980076667816215  0.57945918717034184
  0.58905366446492158  0.59860160095198856  0.60871516493535183  0.61903416360201391
  0.62934622782856608  0.64003547843784481  0.65029033264262193  0.66013114829639508
  0.66992502425737754  0.67982494589996845  0.68972609306348542  0.69951315664048297
  0.70948784828526423  0.72040810765851448  0.73152293890846354  0.74258841025065592
  0.75325152604739198  0.76362048767536639  0.77397574659906299  0.78430989776170856
  0.79459492506625040  0.80480115297094690  0.81509944971060344  0.82571213018024137
  0.83673277801664969  0.84789261917470515  0.85854358451179669  0.86855479804448565
  0.87808062273088916  0.88736950233006739  0.89658894738920325  0.90565325346807946
  0.91481626844354802  0.92469166954600712  0.93510199788257131  0.94567766438313738
  0.95605023873968964  0.96484980832263023  0.96915165552026139  1.00000000000000000
  0.00260034313523496  0.01429626075500983  0.02672390079746477  0.03825106802050043
  0.04940044058997358  0.06061100907899921  0.07065801253481070  0.08052770289470720
  0.09047838083376261  0.10073117342951760  0.11036432669255754  0.11938306708624738
  0.12860316238670078  0.13943498183911288  0.15050930024510542  0.16146428857482728
  0.17191008973885946  0.18270690718326379  0.19386774840190216  0.20521026766535133
  0.21612312515071344  0.22672986121945823  0.23717774677665529  0.24754559771316847
  0.25778468409103006  0.26779127933988889  0.27762023001534986  0.28733583362106818
  0.29778848061165364  0.30832147297839485  0.31874645373403476  0.32855529182573850
  0.33818739146649257  0.34791142539576997  0.35783992797712189  0.36760428944844609
  0.37733352644428469  0.38727153209408655  0.39765294425966324  0.40820938233576964
  0.41886795914388714  0.42949038259203792  0.44003287958690251  0.45034983341896023
  0.46057793356257393  0.47096601606950583  0.48128492637094450  0.49121509159500065
  0.50106322264419501  0.51093178944834705  0.52129040934376347  0.53146762677167636
  0.54219135096446303  0.55268131603679826  0.56323811057850959  0.57363248274991852
  0.58413189529406218  0.59466840179760561  0.60508431709482957  0.61559209727527830
  0.62668523701677059  0.63820411347800832  0.65011691007556882  0.66220610077824760
  0.67423839322560464  0.68643022742040760  0.69844848898033773  0.71008171947712118
  0.72138041839134348  0.73253835453859184  0.74320600462401898  0.75380766101554275
  0.76395051023437166  0.77354199199146501  0.78272194080265622  0.79169351449876413
  0.80111405981919614  0.81069289887165374  0.82083830170429872  0.83077089910533786
  0.84066912196562793  0.85049998436337371  0.86124712766745248  0.87209041072565541
  0.88255424313890651  0.89287527963101454  0.90324504119157867  0.91430418453044870
  0.92468916174975790  0.93547870719384640  0.94621224477455557  0.95708703791934013
  0.96773623876868264  0.97820141782988224  0.98907206891544286  1.00000000000000000
 -0.00029563368369640  0.00195625755787719  0.00353118135034401  0.00549036671807120
  0.00784858610434067  0.01053463698419165  0.01372480691139639  0.01736306850061104
  0.02158431142302755  0.02593024877145887  0.03020628987068923  0.03487877384630216
  0.04057870526533576  0.04641476157096000  0.05199915414092368  0.05815419542030504
  0.06475655374270302  0.07135481614931032  0.07784255564607259  0.08441952292952098
  0.09137402466274878  0.09875458212652480  0.10651875061922786  0.11468923626066851
  0.12320127386945195  0.13182682938003640  0.14056454417091940  0.14922112748184008
  0.15820488735152707  0.16715767273397586  0.17615808250771409  0.18537899439385039
  0.19447828791868954  0.20394434407664855  0.21380392058558853  0.22356356937122482
  0.23320361006419518  0.24292647262836770  0.25295398341504061  0.26335804078164049
  0.27387083529192929  0.28425577579141886  0.29470829422720046  0.30513401145306596
  0.31575687717962786  0.32675451653774851  0.33802568214540385  0.34945852123238330
  0.36072162471221281  0.37252105014461606  0.38503887220530431  0.39784417219883422
  0.41036628541236175  0.42254770617831139  0.43474513506952550  0.44728535889525489
  0.46005644508392785  0.47245700270528390  0.48405288871589353  0.49521362938062807
  0.50727849897683697  0.51958586229408055  0.53198927521390427  0.54403483031423572
  0.55604362805160457  0.56834956232461009  0.58109922675303038  0.59416734178366104
  0.60711195681197383  0.62015434549526682  0.63351809487133581  0.64721408374859113
  0.66147547815088681  0.67636428553035877  0.69170083050350362  0.70661800934978747
  0.72105804665186046  0.73528676064879683  0.74962001911497800  0.76439634160293446
  0.77952736594274707  0.79488535858006504  0.80975613305509375  0.82417381856786531
  0.83844746036825557  0.85262119091396826  0.86653277878877899  0.88088255624150136
  0.89562269291461394  0.91042080660220392  0.92496294943104329  0.93916318883049010
  0.95416161976893776  0.96940449789582284  0.98469404710515074  1.00000000000000000
 -0.00314754602525519  0.01214703027223414  0.02394036213344905  0.03495800713587896
  0.04570281652258720  0.05644038471157805  0.06663410204555907  0.07671354043897582
  0.08660223071602846  0.09684241658510186  0.10648700057547923  0.11594023878013189
  0.12553218037465891  0.13612307537951748  0.14724963851918443  0.15812656420987942
  0.16861237353736880  0.17917247336777167  0.18995984713005509  0.20097385375979868
  0.21225422671898461  0.22326409691199453  0.23366288496528625  0.24387066132978460
  0.25451298182911919  0.26554249621815479  0.27624604504041550  0.28599576105034991
  0.29598736660332653  0.30648426757465264  0.31690396105733759  0.32712411382415674
  0.33713155103825709  0.34706514941444078  0.35669339983505438  0.36658340023181313
  0.37618473482735854  0.38876073784345277  0.40019867925282032  0.41049783924726141
  0.42039666903739764  0.43026849985034943  0.44017075912492154  0.44986986437859450
  0.45977605941939720  0.47010830913299023  0.48037849581578584  0.49108452674560316
  0.50193378179243486  0.51444616452059999  0.52628921617599489  0.53793453828681492
  0.54918781399142491  0.56037857812956371  0.57033954852258706  0.57975295430540807
  0.58916908148526759  0.59898613341596985  0.60896365335664315  0.61874648036358526
  0.62809094945930066  0.63800174096483908  0.64843062277138008  0.65866601266845914
  0.66913168710309723  0.67935097484932250  0.68964274536286385  0.70023240271432197
  0.71166339374493703  0.72390475242511321  0.73525353446753583  0.74597124342350507
  0.75695767076034115  0.76814041089489704  0.77913341421413673  0.78990956771952348
  0.80075760967236542  0.81162597932237157  0.82225887399310560  0.83264918786434461
  0.84303318947993000  0.85325193654452869  0.86326814375180194  0.87308485804935343
  0.88314039029323177  0.89340275035419003  0.90408138483552558  0.91439845879695913
  0.92517039777607657  0.93602479584525999  0.94707425026890635  0.95789248289774920
  0.96799896971515897  0.97833363601629530  0.98916305257424830  1.00000000000000000
 -0.00250242138169430  0.00850234481010841  0.01854935487151166  0.02818856700623301
  0.03804854985463124  0.04791264604573556  0.05827102180637524  0.06835590452391782
  0.07768590845982619  0.08694947188391687  0.09666305631096427  0.10645237959312102
  0.11596131252135876  0.12533382956240899  0.13461225872225230  0.14403045663165043
  0.15353045744446639  0.16277335086930228  0.17225934156232892  0.18219106286806983
  0.19292858699656484  0.20428793365172587  0.21530974615834514  0.22605615812420682
  0.23687325880912302  0.24779357407105118  0.25874059258398452  0.27006542315725773
  0.28212427346047236  0.29372636419748016  0.30418509185867076  0.31417200987801336
  0.32404427121641721  0.33413837304055760  0.34416086513628680  0.35448710941818085
  0.36494327133823373  0.37543817302285065  0.38578732047403352  0.39620700873363207
  0.40647579915179871  0.41696278465992320  0.42774380694870046  0.43924064719937356
  0.45092108799391561  0.46162208298234275  0.47135359844674851  0.48111957987321025
  0.49142635190853001  0.50224978041523394  0.51278047571264151  0.52333892538790860
  0.53395414362387750  0.54486471852956353  0.55556607191399299  0.56652666094168636
  0.57762178345230886  0.58922718247936445  0.60048228453444008  0.61178260983213395
  0.62285921883015871  0.63402985886529761  0.64484906963050515  0.65501396070063178
  0.66475048113010105  0.67446372395141907  0.68446807123966569  0.69447691314546678
  0.70418153235446801  0.71450290854681642  0.72511018408245442  0.73626306707848477
  0.74789766043343808  0.75997747479239564  0.77231077102673440  0.78407889758650551
  0.79519789133206475  0.80601675356613434  0.81699283788006238  0.82821988718735329
  0.83948572663683518  0.85052905816764446  0.86127052256034853  0.87196830992146657
  0.88257596796516957  0.89316132983178986  0.90363295642598118  0.91399000890868898
  0.92419696574870647  0.93446336397933449  0.94512709907048964  0.95624576326936661
  0.96712997646479781  0.97795966801598921  0.98874506503469284  1.00000000000000000
 -0.00223638965892366  0.00826339586887035  0.01799335168497401  0.02849668707488997
  0.03940557586072790  0.05012108324233599  0.06053672565400391  0.07109813756770186
  0.08148692064985583  0.09184259474341085  0.10190901864667530  0.11263020092654810
  0.12383150572970505  0.13493624918428876  0.14552395913525673  0.15548768526233048
  0.16503638306737556  0.17470557455642111  0.18444185828990686  0.19523554585321226
  0.20591893099375064  0.21673016373483778  0.22743116925279128  0.23761577668218886
  0.24732387016705343  0.25666411884076956  0.26589702337032023  0.27563128527142233
  0.28539847533892060  0.29493037676116224  0.30443862905354030  0.31424379938370256
  0.32475993906178252  0.33544721664112159  0.34646430515160487  0.35773707346424566
  0.36925489047469595  0.38065263042814895  0.39195558819648824  0.40344339511721622
  0.41456348661183728  0.42501694062526418  0.43532612687758798  0.44593990847994691
  0.45697287192793101  0.46762336051209102  0.47811401411392390  0.48875345988419833
  0.49906837999206904  0.50874142914019038  0.51836314903325320  0.52876942606644006
  0.53985803484639050  0.55107824637949743  0.56225001877329905  0.57326892562634890
  0.58425287485357658  0.59453601849720461  0.60497287860182025  0.61576227361127400
  0.62623438257959441  0.63709019543018208  0.64783672215402810  0.65977678734007728
  0.67062060782264488  0.68099032677535887  0.69142313058415439  0.70241025913429778
  0.71289654048132700  0.72341660994587464  0.73366695744642518  0.74445517345620604
  0.75494228014947562  0.76514733664022838  0.77536703309894672  0.78575728006295409
  0.79589089939226521  0.80598033050466966  0.81645122963527061  0.82739549910280652
  0.83779663184536912  0.84817273940146465  0.85854037887739532  0.86903691494659263
  0.87944491904349786  0.88967809202126602  0.90018852767593094  0.91033352625620922
  0.92117984256501351  0.93331471422343060  0.94478777913736922  0.95560861466549074
  0.96715134020897853  0.97851328910705482  0.98942145736909293  1.00000000000000000
 -0.00257862391397852  0.00957726553853274  0.01973834344709162  0.02974929846166876
  0.03998096920754931  0.05052108446454782  0.06139334383676656  0.07226610567673150
  0.08292491791301297  0.09293101340145841  0.10256182806808228  0.11231039383522512
  0.12249774111112681  0.13294122627013924  0.14335730549055772  0.15399504658050889
  0.16486312632769712  0.17521440562662122  0.18470937770005871  0.19458310336743878
  0.20460909625042320  0.21552045436224632  0.22605246318765920  0.23655222841167167
  0.24691576048886610  0.25662877024575609  0.26584294162550004  0.27542286608723526
  0.28519263238341941  0.29493746663791115  0.30461787117510353  0.31468822991738266
  0.32489389828832521  0.33470994163262868  0.34460386739531629  0.35494769028664697
  0.36525049317168984  0.37574090094703450  0.38645963910889242  0.39726040568016302
  0.40831998370931227  0.41963345858633427  0.43150466760877038  0.44292175789336363
  0.45348128787204761  0.46365468892346756  0.47380750919913106  0.48428522728142365
  0.49557939160719983  0.50700513570381911  0.51836790738834237  0.52979731486335291
  0.54097574738226339  0.55199751096165184  0.56252547593161173  0.57300631172862793
  0.58341190433003798  0.59458980864276345  0.60638768782578734  0.61787976074586715
  0.62925269693311570  0.64036458767021731  0.65180551896308470  0.66336484884547608
  0.67509038530367449  0.68664196785713194  0.69739798005761455  0.70801655539764308
  0.71898426837129725  0.72944420493468509  0.73925768773514988  0.74926847349209358
  0.75988063089107849  0.77062251631656453  0.78096744461196610  0.79158992414382301
  0.80288755800989564  0.81446532888529022  0.82543045277365656  0.83599252499036947
  0.84650342898489173  0.85740550812995986  0.86851400960622449  0.87919631937780207
  0.88949180326845190  0.89991406558119136  0.91055924656311260  0.92133362754046999
  0.93229695493648301  0.94291794522266725  0.95345630457480346  0.96312690628658004
  0.97251533428175363  0.98182399360667449  0.99094152481731501  1.00000000000000000
 -0.00309525876638771  0.01100673144388808  0.02230662635450027  0.03370828868524935
  0.04488480331958263  0.05629088739960252  0.06731281451184394  0.07821544914556465
  0.08874253674699198  0.09959365482797176  0.11067189732135133  0.12169753642525273
  0.13212482075886772  0.14232994719483130  0.15267020339064194  0.16302605203915035
  0.17314277265951314  0.18287291555095081  0.19321841473062251  0.20428767105566836
  0.21556243368270847  0.22641149491469983  0.23632241588464778  0.24587499683597647
  0.25545515138350250  0.26563477797381968  0.27609672472707941  0.28709790515263522
  0.29822109638508532  0.30926202130382169  0.31994476003985278  0.33075160100385109
  0.34173947213121780  0.35279532163595567  0.36384405273765152  0.37491786976113223
  0.38619369721492569  0.39736126330196775  0.40842971396726307  0.41975023520966653
  0.43132736027115209  0.44280702078094319  0.45410819925660428  0.46512415762122139
  0.47611754157829494  0.48657885401262374  0.49708900521722837  0.50748990166109931
  0.51794264343800678  0.52816218843780494  0.53824155336648716  0.54842559989425355
  0.55887062744315064  0.56914672723276094  0.57925677263132735  0.58939164661902776
  0.59988516926268676  0.61016402401856851  0.62063936726823343  0.63126340012431137
  0.64192443489862372  0.65181144112066158  0.66123942952544756  0.67092087429303482
  0.68083534679850133  0.69094335499172521  0.70106554019088319  0.71142712423019816
  0.72215838552903966  0.73268664827783314  0.74301421564344505  0.75335815558524266
  0.76378151455032317  0.77425087032019924  0.78474310007591064  0.79524493882442981
  0.80563379159181503  0.81578651224145793  0.82616126319407612  0.83707359860472397
  0.84827367285258448  0.85877636468964469  0.86862555561926880  0.87861894932645535
  0.88894404753393752  0.89928765134213040  0.90965588242557571  0.92014238856920116
  0.93076502163152175  0.94085988799184761  0.95061302319860430  0.96058886691891354
  0.97053144223343191  0.98062713581271177  0.99028739392310616  1.00000000000000000
 -0.00234712318763475  0.00775991106516891  0.01702870416632388  0.02641031939921740
  0.03599581007157431  0.04583864580085956  0.05562158989661280  0.06524623614483545
  0.07429897794504219  0.08322512057610781  0.09219458014476506  0.10146171753515838
  0.11093051729875160  0.12010422640680084  0.12912499413923328  0.13814391810261248
  0.14788428621978053  0.15838654801456484  0.16904941266383300  0.17968129137726135
  0.19056499116570649  0.20173437571170186  0.21255349107947588  0.22295040887183282
  0.23364855103600218  0.24525810896823710  0.25771042355771501  0.27054687688551299
  0.28349606610056644  0.29595326091270791  0.30796296387321859  0.32029600804221120
  0.33282981503085057  0.34436811169852566  0.35525191555735885  0.36622498447215296
  0.37690794778684195  0.38758479574760041  0.39785121554115255  0.40800822857100288
  0.41793536530858466  0.42843675255249375  0.43850226275069482  0.44851853910985590
  0.45894772972323927  0.47004993882231061  0.48087037935578292  0.49143682548025219
  0.50244448969404365  0.51482422551858409  0.52645464051684010  0.53715123559572420
  0.54737099029097869  0.55729855406743189  0.56772118546423145  0.57831499119808794
  0.58910015910535829  0.59983604578183880  0.61090152813594978  0.62273849518415614
  0.63445425230817853  0.64566551335978573  0.65582578776439016  0.66545386317423283
  0.67523127415212325  0.68557182028265939  0.69688443698572300  0.70898186261799212
  0.72137206603167658  0.73279803943126010  0.74319684330411639  0.75311149436799751
  0.76297255078571358  0.77279019403126004  0.78293583101517961  0.79299737645421442
  0.80336709215822588  0.81394218638052107  0.82441548065729642  0.83465079850588186
  0.84452070568668447  0.85441504832889614  0.86462556027824544  0.87505263408369838
  0.88542951905189937  0.89597946671818285  0.90706028777112468  0.91849304698436018
  0.92978282314476068  0.94096387131657311  0.95206921500843067  0.96283205273695327
  0.97256996278040142  0.98210736629396989  0.99116228802342754  1.00000000000000000
 -0.00268234103943684  0.00981240110478828  0.01949602580351065  0.02924949740975347
  0.03899284212421764  0.04917088727071446  0.05993483500360080  0.07098088187606504
  0.08233188077947731  0.09371827736992018  0.10499056559739998  0.11599540437098516
  0.12713115131962321  0.13876323467643664  0.15075944869060257  0.16273614872509315
  0.17369725380041348  0.18383196089285289  0.19408243640845491  0.20447039029696737
  0.21502678314539664  0.22533787989845214  0.23554508113257422  0.24588551559536331
  0.25621986195253543  0.26660707407120204  0.27678984010119334  0.28707755535574231
  0.29840411714852966  0.31060657398573960  0.32288948231488734  0.33494300259814241
  0.34655187421392214  0.35756478395429242  0.36783840885768448  0.37833123681471892
  0.38941105023347633  0.40052132028232901  0.41178539086474847  0.42242515096506389
  0.43217871370657313  0.44229636589188270  0.45271023539226773  0.46322898633321302
  0.47305895479598603  0.48289405006973191  0.49298237088456426  0.50314493522340253
  0.51273860234845803  0.52205914512757512  0.53156918979493273  0.54140868754522165
  0.55135833518595134  0.56137804648171052  0.57139216023375150  0.58133468056249071
  0.59115153826856848  0.60077470849549885  0.61040188553227936  0.62029393473838468
  0.63055284745160078  0.64090650097455804  0.65086713786823258  0.66076050547062781
  0.67097230718701273  0.68141361623865471  0.69196208905791534  0.70256529912311150
  0.71339994015513764  0.72466065316172323  0.73583241676275868  0.74708154545974192
  0.75715029452227234  0.76728551908202924  0.77733224540744283  0.78768430925120436
  0.79738352380394106  0.80672181588993608  0.81643005360805265  0.82700113299881350
  0.83764724674005153  0.84791219967303622  0.85795918955949324  0.86841193877113032
  0.87919960303973510  0.89020352237090894  0.90199648940976840  0.91433744425152319
  0.92620569346837067  0.93781304607638560  0.94932014210820315  0.96053150180857749
  0.97091298519266245  0.98092273241157313  0.99040337725238281  1.00000000000000000
 -0.00648001121111425  0.03408152617546525  0.06010513407651370  0.07823957817546812
  0.09356026418280122  0.10776692130873890  0.12084654417764984  0.13359203466208250
  0.14663227514351063  0.15918181888336100  0.17108070378541707  0.18164582711718433
  0.19254770062503837  0.20369770946469418  0.21487644242760728  0.22581306480767085
  0.23611741765336744  0.24627013874361464  0.25583420752606689  0.26520613047656139
  0.27480064902602602  0.28446102848574484  0.29397049919436508  0.30338314177520337
  0.31259681394648448  0.32162498420391966  0.33032546185592188  0.33848928236241349
  0.34634192391353757  0.35439490565995829  0.36253452736517056  0.37052566067844889
  0.37850727072940465  0.38638897484079415  0.39417698025759107  0.40192175154522702
  0.40951251048338810  0.41702025973342582  0.42471456877779923  0.43235035229191932
  0.44006547356476999  0.44841084388307700  0.45699917564259113  0.46571427213436889
  0.47452477672143262  0.48327459036904175  0.49180188880309805  0.50020441617401701
  0.50830552488596581  0.51647423875367338  0.52479053637004824  0.53294012243443722
  0.54105093321599351  0.54915487673715579  0.55713123531309194  0.56488441159859892
  0.57234564623293560  0.57972909536891204  0.58753766620297487  0.59513387371150694
  0.60308047134855824  0.61035550478657852  0.61790646846643926  0.62541028888308525
  0.63336690043684585  0.64111660344325416  0.64928979923341745  0.65797306265241351
  0.66653935446959178  0.67515461579336000  0.68365722547248486  0.69244750642669217
  0.70149117830700802  0.71036995418802307  0.71879824040800755  0.72700552390550655
  0.73544272989776582  0.74394716567522845  0.75254192961086186  0.76151379450218892
  0.77065840468277380  0.78159474817213015  0.79306631664528204  0.80399057387040118
  0.81462291958835076  0.82538046751890715  0.83655498603021350  0.84886204545914690
  0.86194104387656278  0.87622347824117430  0.89060089990038827  0.90558729444007924
  0.92125088244514208  0.93912848119935599  0.96337800680952135  1.00000000000000000
 -0.00233467871517931  0.00888435921451244  0.01826626408482308  0.02833741709790433
  0.03819805451421544  0.04861691139833355  0.05877709821153888  0.06957837125919378
  0.08064898078342396  0.09197496821469493  0.10285847034061314  0.11369807006492531
  0.12453242368720457  0.13518536155254340  0.14643511635675033  0.15845270706559972
  0.17042402534666748  0.18190322181554125  0.19314740720862625  0.20419916628821147
  0.21429022884551036  0.22372756598082127  0.23359532887544293  0.24409135459684017
  0.25468681891126865  0.26496016668205036  0.27509955985938062  0.28538193662120925
  0.29572025549975667  0.30635360038225051  0.31713509442883209  0.32759100798101037
  0.33766569219453363  0.34771373618616835  0.35800164872351686  0.36825777103529195
  0.37882368935451977  0.38998080344466768  0.40150180344236985  0.41324844670069549
  0.42461931178495493  0.43570024526078782  0.44659447718540246  0.45770878068024490
  0.46918986263688356  0.48096297933863896  0.49313329156969971  0.50522964290454753
  0.51667902727629933  0.52769313341071189  0.53857237306163230  0.54946547128727508
  0.56021626042413575  0.57032624656196973  0.58003358824507356  0.58990205523765726
  0.60028862671892913  0.61097074359885262  0.62146242462406043  0.63161583321833603
  0.64160039714223283  0.65126649921053836  0.66065765448922043  0.67037115608743991
  0.68032422067532883  0.69093849584321609  0.70208165041842774  0.71281459944736536
  0.72355738105822387  0.73349887785712231  0.74323256062940457  0.75267198528513879
  0.76234644114320960  0.77194433783969718  0.78230584114938806  0.79251741628484729
  0.80390640262109525  0.81503009369089408  0.82563835397372309  0.83619024064556180
  0.84700799545099659  0.85786462912616235  0.86866954401112406  0.87921662140689327
  0.88943383296370737  0.89952183722802248  0.90928675882844190  0.91890245751963406
  0.92802149028177250  0.93757751244953236  0.94747557632312784  0.95802403685745841
  0.96830540363430329  0.97857638706277494  0.98927781830042838  1.00000000000000000
 -0.01700825273605588  0.16892599458838456  0.24162301008479453  0.29385129374719388
  0.33471809460790747  0.36941090916247360  0.39881012709466657  0.42508857111959708
  0.45072732513694658  0.47456352301535337  0.49627035486895382  0.51625822149204714
  0.53361931269051011  0.54904304448321262  0.56345261225235443  0.57726704849962307
  0.59066016106278729  0.60334777987250043  0.61555451954301421  0.62740854814085534
  0.63878951416630181  0.64904265016712692  0.65852502541146651  0.66755129545302661
  0.67633795315686118  0.68496202064653267  0.69332596580554373  0.70149792274643419
  0.70950583400277856  0.71733012872473845  0.72490179913792219  0.73209244498402115
  0.73888671662295224  0.74552071062255654  0.75206926082094561  0.75850570429646624
  0.76481515185940685  0.77095058657073612  0.77693791301560733  0.78289001010895842
  0.78870519317130106  0.79438495905070206  0.80015087795443962  0.80592151532531520
  0.81149995655554452  0.81663227436858343  0.82158472654728243  0.82649173605748794
  0.83120511826200072  0.83566929223188668  0.83992850302996336  0.84402810722695276
  0.84805949155120663  0.85217432744401345  0.85616309107058708  0.86007878992039122
  0.86407204578993613  0.86787655827772947  0.87166529030869278  0.87528295404451617
  0.87871476350111344  0.88216406511696654  0.88559221853740100  0.88899274019589158
  0.89237425680427729  0.89569714518987653  0.89897138435443669  0.90210296789493749
  0.90508823481379386  0.90801709835771827  0.91101821065378619  0.91395709774403633
  0.91685240646243471  0.91970785077073536  0.92253817211170985  0.92536680027263285
  0.92819762472431266  0.93100088488938681  0.93374249829312739  0.93652651523218411
  0.93939394013584443  0.94233181122164833  0.94537447379644102  0.94852682540240063
  0.95168164724212179  0.95483332541907395  0.95794908954682056  0.96107945870555100
  0.96426366597449531  0.96752239665108564  0.97096376400360951  0.97444696962773281
  0.97840032182200132  0.98303069904090357  0.98942431357191951  1.00000000000000000
 -0.01859022150408733  0.12581481618385840  0.18387207440731862  0.21879553608425814
  0.24415503998214952  0.26459543415877002  0.28238505119828028  0.29796234893833545
  0.31189126468104228  0.32404283334066619  0.33496524376994963  0.34495695566066048
  0.35450154136552098  0.36410494883718419  0.37408238577909048  0.38318438160198343
  0.39187722378344803  0.39985650218886187  0.40715868441114716  0.41449083169083284
  0.42157650969922567  0.42860787305674986  0.43553343834716779  0.44262086741415180
  0.44974020001973430  0.45647085244160462  0.46276804710998642  0.46888791891152598
  0.47508985310918228  0.48140074520978171  0.48756396159651927  0.49343752698074667
  0.49905382774021190  0.50445860644946017  0.50981384811386798  0.51506494177566609
  0.52024055092346744  0.52513169876887111  0.52995724506159481  0.53471640788285579
  0.53940243876675109  0.54411113143409628  0.54895498120627828  0.55387568719239588
  0.55882301478262242  0.56380885616699095  0.56873432644865840  0.57357429281453154
  0.57841421440616936  0.58323069799559191  0.58806587467524718  0.59286076110271291
  0.59767379374602159  0.60255088222307096  0.60742944886832972  0.61219975260354176
  0.61690852855644773  0.62171987398916673  0.62673076423177010  0.63185786730131122
  0.63690792167390731  0.64196287511064709  0.64686515491858865  0.65173095797418146
  0.65671583548146362  0.66162549777232227  0.66632690426274921  0.67096493956544634
  0.67573133370937133  0.68062592653930476  0.68578165208109398  0.69116837726822655
  0.69655292450035566  0.70201916230499806  0.70745013872156148  0.71311528513950839
  0.71897688120837344  0.72493303707518919  0.73112971677398386  0.73804182269015517
  0.74502677715881671  0.75221946348172963  0.75966956293583421  0.76745590592166757
  0.77580596598510365  0.78455065242945587  0.79322070081624452  0.80187988186384729
  0.81121509890006149  0.82197802159448463  0.83408299372108796  0.84757787399608353
  0.86442045616597796  0.88560854549919554  0.91975741623514895  1.00000000000000000
   1.0602790339998611E-010  -1.0000000000000000     
 F F F F F F F F F F F F F F F F F F F F F F F F F F F F F F F F F F F F F F F F F F F F F F F F F F F F F F F F F F F F F F F F F F F F F F F F F F F F F F F F F F F F F F F F F F F F F F F F F F F F F F F F F F F F F F F F F F F F F F F F F F F F F F F F F F F F F F F F F F F F F F F F F F F F F F F F F F F F F F F F F F F F F F F F F F F F F F F F F F F F F F F F F F F F F F F F T F F F F F F F F F F F F F F F F F F F F F F F F F F F F F F F F F F F F F F F F F F F F F F F F F F F F F F F F F F F F F F F F F F F F F F F F F F F F F F F F F F F F F F F F F F F F F F F F F F F F F F F F F F F F F F F F F F F F F F F F F F F F F F F F F F F F F F F F F F F F F F F F F F F F F F F F F F F F F F F F F F F F F F F F F F F F F F F F F F F F F F F F F F F F F F F F F F F F F F F F F F F F F F F F F F F F F F F F F F F F F F F F F F F F F F F F F F F F F F F F F F F F F F F F F F F F F F F T F F F F F F F F F F F F F F F F F F F F F F F F F F F F F F F F F F F F F F F F F F F F F F F F F F F F F F F F F F F F F F F
  <DiscreteSampler_grid>
  grouped_processes
  1 # 1 for a reference and 2 for a running grid.
  10 # Attribute 'min_bin_probing_points' of the grid.
  1 # Attribute 'grid_mode' of the grid. 1=='default',2=='initialization'
  0.0000000000000000 # Attribute 'small_contrib_threshold' of the grid.
  0.5000000000000000 # Attribute 'damping_power' of the grid.
 # binID   n_entries weight   weight_sqr   abs_weight
    103   10   1.521470267748254E-001   1.218295313704024E-001   1.521470267748254E-001
    104   10   1.521470267748256E-001   1.218295313704020E-001   1.521470267748256E-001
    106   10   8.171980693947669E-003   3.514635552036655E-004   8.171980693947669E-003
    107   10   8.171980693947716E-003   3.514635552036663E-004   8.171980693947716E-003
    109   10   8.171980693947669E-003   3.514635552036655E-004   8.171980693947669E-003
    110   10   8.171980693947716E-003   3.514635552036663E-004   8.171980693947716E-003
    112   10   1.521470267748254E-001   1.218295313704024E-001   1.521470267748254E-001
    113   10   1.521470267748256E-001   1.218295313704020E-001   1.521470267748256E-001
    115   10   3.042940535496509E-001   4.873181254816096E-001   3.042940535496509E-001
    116   10   3.042940535496511E-001   4.873181254816080E-001   3.042940535496511E-001
    118   10   1.634396138789534E-002   1.405854220814662E-003   1.634396138789534E-002
    119   10   1.634396138789543E-002   1.405854220814665E-003   1.634396138789543E-002
    121   10   1.634396138789534E-002   1.405854220814662E-003   1.634396138789534E-002
    122   10   1.634396138789543E-002   1.405854220814665E-003   1.634396138789543E-002
    124   10   3.042940535496509E-001   4.873181254816096E-001   3.042940535496509E-001
    125   10   3.042940535496511E-001   4.873181254816080E-001   3.042940535496511E-001
    127   10   8.171980693947698E-003   3.514635552036667E-004   8.171980693947698E-003
    128   10   8.171980693947702E-003   3.514635552036655E-004   8.171980693947702E-003
    130   10   4.389258855586357E-004   1.013930114044667E-006   4.389258855586357E-004
    131   10   4.389258855586378E-004   1.013930114044668E-006   4.389258855586378E-004
    133   10   4.389258855586357E-004   1.013930114044667E-006   4.389258855586357E-004
    134   10   4.389258855586378E-004   1.013930114044668E-006   4.389258855586378E-004
    136   10   8.171980693947698E-003   3.514635552036667E-004   8.171980693947698E-003
    137   10   8.171980693947702E-003   3.514635552036655E-004   8.171980693947702E-003
    139   10   1.634396138789540E-002   1.405854220814667E-003   1.634396138789540E-002
    140   10   1.634396138789540E-002   1.405854220814662E-003   1.634396138789540E-002
    142   10   8.778517711172714E-004   4.055720456178669E-006   8.778517711172714E-004
    143   10   8.778517711172755E-004   4.055720456178674E-006   8.778517711172755E-004
    145   10   8.778517711172714E-004   4.055720456178669E-006   8.778517711172714E-004
    146   10   8.778517711172755E-004   4.055720456178674E-006   8.778517711172755E-004
    148   10   1.634396138789540E-002   1.405854220814667E-003   1.634396138789540E-002
    149   10   1.634396138789540E-002   1.405854220814662E-003   1.634396138789540E-002
    151   10   8.171980693947698E-003   3.514635552036667E-004   8.171980693947698E-003
    152   10   8.171980693947702E-003   3.514635552036655E-004   8.171980693947702E-003
    154   10   4.389258855586357E-004   1.013930114044667E-006   4.389258855586357E-004
    155   10   4.389258855586378E-004   1.013930114044668E-006   4.389258855586378E-004
    157   10   4.389258855586357E-004   1.013930114044667E-006   4.389258855586357E-004
    158   10   4.389258855586378E-004   1.013930114044668E-006   4.389258855586378E-004
    160   10   8.171980693947698E-003   3.514635552036667E-004   8.171980693947698E-003
    161   10   8.171980693947702E-003   3.514635552036655E-004   8.171980693947702E-003
    163   10   1.634396138789540E-002   1.405854220814667E-003   1.634396138789540E-002
    164   10   1.634396138789540E-002   1.405854220814662E-003   1.634396138789540E-002
    166   10   8.778517711172714E-004   4.055720456178669E-006   8.778517711172714E-004
    167   10   8.778517711172755E-004   4.055720456178674E-006   8.778517711172755E-004
    169   10   8.778517711172714E-004   4.055720456178669E-006   8.778517711172714E-004
    170   10   8.778517711172755E-004   4.055720456178674E-006   8.778517711172755E-004
    172   10   1.634396138789540E-002   1.405854220814667E-003   1.634396138789540E-002
    173   10   1.634396138789540E-002   1.405854220814662E-003   1.634396138789540E-002
    175   10   1.521470267748254E-001   1.218295313704024E-001   1.521470267748254E-001
    176   10   1.521470267748256E-001   1.218295313704020E-001   1.521470267748256E-001
    178   10   8.171980693947669E-003   3.514635552036655E-004   8.171980693947669E-003
    179   10   8.171980693947716E-003   3.514635552036663E-004   8.171980693947716E-003
    181   10   8.171980693947669E-003   3.514635552036655E-004   8.171980693947669E-003
    182   10   8.171980693947716E-003   3.514635552036663E-004   8.171980693947716E-003
    184   10   1.521470267748254E-001   1.218295313704024E-001   1.521470267748254E-001
    185   10   1.521470267748256E-001   1.218295313704020E-001   1.521470267748256E-001
    187   10   3.042940535496509E-001   4.873181254816096E-001   3.042940535496509E-001
    188   10   3.042940535496511E-001   4.873181254816080E-001   3.042940535496511E-001
    190   10   1.634396138789534E-002   1.405854220814662E-003   1.634396138789534E-002
    191   10   1.634396138789543E-002   1.405854220814665E-003   1.634396138789543E-002
    193   10   1.634396138789534E-002   1.405854220814662E-003   1.634396138789534E-002
    194   10   1.634396138789543E-002   1.405854220814665E-003   1.634396138789543E-002
    196   10   3.042940535496509E-001   4.873181254816096E-001   3.042940535496509E-001
    197   10   3.042940535496511E-001   4.873181254816080E-001   3.042940535496511E-001
    202   10   1.521470267748254E-001   1.218295313704024E-001   1.521470267748254E-001
    203   10   1.521470267748256E-001   1.218295313704020E-001   1.521470267748256E-001
    205   10   8.171980693947674E-003   3.514635552036655E-004   8.171980693947674E-003
    206   10   8.171980693947716E-003   3.514635552036663E-004   8.171980693947716E-003
    208   10   8.171980693947674E-003   3.514635552036655E-004   8.171980693947674E-003
    209   10   8.171980693947716E-003   3.514635552036663E-004   8.171980693947716E-003
    211   10   1.521470267748254E-001   1.218295313704024E-001   1.521470267748254E-001
    212   10   1.521470267748256E-001   1.218295313704020E-001   1.521470267748256E-001
    214   10   3.042940535496509E-001   4.873181254816096E-001   3.042940535496509E-001
    215   10   3.042940535496511E-001   4.873181254816080E-001   3.042940535496511E-001
    217   10   1.634396138789535E-002   1.405854220814662E-003   1.634396138789535E-002
    218   10   1.634396138789543E-002   1.405854220814665E-003   1.634396138789543E-002
    220   10   1.634396138789535E-002   1.405854220814662E-003   1.634396138789535E-002
    221   10   1.634396138789543E-002   1.405854220814665E-003   1.634396138789543E-002
    223   10   3.042940535496509E-001   4.873181254816096E-001   3.042940535496509E-001
    224   10   3.042940535496511E-001   4.873181254816080E-001   3.042940535496511E-001
    226   10   8.171980693947698E-003   3.514635552036667E-004   8.171980693947698E-003
    227   10   8.171980693947702E-003   3.514635552036655E-004   8.171980693947702E-003
    229   10   4.389258855586356E-004   1.013930114044667E-006   4.389258855586356E-004
    230   10   4.389258855586378E-004   1.013930114044668E-006   4.389258855586378E-004
    232   10   4.389258855586356E-004   1.013930114044667E-006   4.389258855586356E-004
    233   10   4.389258855586378E-004   1.013930114044668E-006   4.389258855586378E-004
    235   10   8.171980693947698E-003   3.514635552036667E-004   8.171980693947698E-003
    236   10   8.171980693947702E-003   3.514635552036655E-004   8.171980693947702E-003
    238   10   1.634396138789540E-002   1.405854220814667E-003   1.634396138789540E-002
    239   10   1.634396138789540E-002   1.405854220814662E-003   1.634396138789540E-002
    241   10   8.778517711172712E-004   4.055720456178669E-006   8.778517711172712E-004
    242   10   8.778517711172755E-004   4.055720456178674E-006   8.778517711172755E-004
    244   10   8.778517711172712E-004   4.055720456178669E-006   8.778517711172712E-004
    245   10   8.778517711172755E-004   4.055720456178674E-006   8.778517711172755E-004
    247   10   1.634396138789540E-002   1.405854220814667E-003   1.634396138789540E-002
    248   10   1.634396138789540E-002   1.405854220814662E-003   1.634396138789540E-002
    250   10   8.171980693947698E-003   3.514635552036667E-004   8.171980693947698E-003
    251   10   8.171980693947702E-003   3.514635552036655E-004   8.171980693947702E-003
    253   10   4.389258855586356E-004   1.013930114044667E-006   4.389258855586356E-004
    254   10   4.389258855586378E-004   1.013930114044668E-006   4.389258855586378E-004
    256   10   4.389258855586356E-004   1.013930114044667E-006   4.389258855586356E-004
    257   10   4.389258855586378E-004   1.013930114044668E-006   4.389258855586378E-004
    259   10   8.171980693947698E-003   3.514635552036667E-004   8.171980693947698E-003
    260   10   8.171980693947702E-003   3.514635552036655E-004   8.171980693947702E-003
    262   10   1.634396138789540E-002   1.405854220814667E-003   1.634396138789540E-002
    263   10   1.634396138789540E-002   1.405854220814662E-003   1.634396138789540E-002
    265   10   8.778517711172712E-004   4.055720456178669E-006   8.778517711172712E-004
    266   10   8.778517711172755E-004   4.055720456178674E-006   8.778517711172755E-004
    268   10   8.778517711172712E-004   4.055720456178669E-006   8.778517711172712E-004
    269   10   8.778517711172755E-004   4.055720456178674E-006   8.778517711172755E-004
    271   10   1.634396138789540E-002   1.405854220814667E-003   1.634396138789540E-002
    272   10   1.634396138789540E-002   1.405854220814662E-003   1.634396138789540E-002
    274   10   1.521470267748254E-001   1.218295313704024E-001   1.521470267748254E-001
    275   10   1.521470267748256E-001   1.218295313704020E-001   1.521470267748256E-001
    277   10   8.171980693947674E-003   3.514635552036655E-004   8.171980693947674E-003
    278   10   8.171980693947716E-003   3.514635552036663E-004   8.171980693947716E-003
    280   10   8.171980693947674E-003   3.514635552036655E-004   8.171980693947674E-003
    281   10   8.171980693947716E-003   3.514635552036663E-004   8.171980693947716E-003
    283   10   1.521470267748254E-001   1.218295313704024E-001   1.521470267748254E-001
    284   10   1.521470267748256E-001   1.218295313704020E-001   1.521470267748256E-001
    286   10   3.042940535496509E-001   4.873181254816096E-001   3.042940535496509E-001
    287   10   3.042940535496511E-001   4.873181254816080E-001   3.042940535496511E-001
    289   10   1.634396138789535E-002   1.405854220814662E-003   1.634396138789535E-002
    290   10   1.634396138789543E-002   1.405854220814665E-003   1.634396138789543E-002
    292   10   1.634396138789535E-002   1.405854220814662E-003   1.634396138789535E-002
    293   10   1.634396138789543E-002   1.405854220814665E-003   1.634396138789543E-002
    295   10   3.042940535496509E-001   4.873181254816096E-001   3.042940535496509E-001
    296   10   3.042940535496511E-001   4.873181254816080E-001   3.042940535496511E-001
  </DiscreteSampler_grid>
