  0.02406019125720617  0.03110269096329680  0.03883869018395529  0.04847549112895148
  0.05827334505324166  0.06907210830568485  0.08179343714559670  0.09507234752734085
  0.10752630809509051  0.11896607179886572  0.13322503183782852  0.14661025253817059
  0.15757614550811397  0.16691684786880975  0.17653395222212354  0.18727910254260641
  0.19909161414229881  0.21074208756595222  0.22165588511854964  0.23312724070705512
  0.24480150175308660  0.25465628327708684  0.26297909173342021  0.27125072131540462
  0.27970989087679532  0.28827743695615549  0.29623993887602862  0.30431265989240180
  0.31329361464289207  0.32412645042594207  0.33587213398978155  0.34759505330095702
  0.36116423171674156  0.37593725295105446  0.38803138790717084  0.39869911670745212
  0.40916374465588012  0.41812170618629257  0.42608256809890177  0.43355521043862782
  0.44452029675529292  0.45851293877097604  0.47246913029238535  0.48420831763014660
  0.49408642539962866  0.50273889920926063  0.51046315435391765  0.51905610040357175
  0.52787895513636507  0.53700807909875514  0.54634236255790303  0.55520628216661538
  0.56789012974071995  0.58402860565592662  0.60122761221797882  0.61768209677583341
  0.63244451224364129  0.64560247611150134  0.65482119194797617  0.66421525215728572
  0.67396765514838786  0.68455935313892335  0.69460000564753399  0.70346436237962662
  0.71259989475637842  0.72044727501204908  0.72901110500132738  0.74082620418006906
  0.75343683090719982  0.76460892748305909  0.77440865573531925  0.78462269094938886
  0.79520765825379491  0.80424781597843931  0.81273807802655496  0.82162987444429936
  0.83062028540446653  0.84101130178743211  0.85152817736502417  0.85946958507819471
  0.86664119838127895  0.87418186178586055  0.88145743308996416  0.88892268319738876
  0.89738022094263981  0.90694662820804439  0.91647810491271553  0.92536334526900677
  0.93360731099440608  0.94122609881251840  0.94865728240256098  0.95727505330054152
  0.96435252330521148  0.96832415997519494  0.97073683480815243  1.00000000000000000
  0.00000005588935086  0.00000030371597313  0.00000067862613720  0.00000123790855648
  0.00000185099281110  0.00000260458935352  0.00000370425333482  0.00000492029948900
  0.00000574572429900  0.00000653476161467  0.00000731109614334  0.00000814803660313
  0.00000904503042333  0.00001021932153369  0.00001169995293491  0.00001310020439851
  0.00001436971957652  0.00001546441143642  0.00001652832475415  0.00001759554652394
  0.00001867531756663  0.00001969192776050  0.00002063527658074  0.00002156365155655
  0.00002249677524345  0.00002339056921461  0.00002421807093697  0.00002510623971190
  0.00002595237876495  0.00002677990668707  0.00002756992476515  0.00002826954018178
  0.00002896209325455  0.00002964014119349  0.00003033433328631  0.00003100801159229
  0.00003166144513095  0.00003231177956239  0.00003292710311609  0.00003357421610744
  0.00003424148666691  0.00003489403659790  0.00003560416837344  0.00003639125316183
  0.00003732949474373  0.00003853607535729  0.00006210333787067  0.00006312046373034
  0.00006394254539412  0.00006464030491220  0.00006521435049998  0.00006587563662042
  0.00006658664895793  0.00006734725891282  0.00006817455403783  0.00006900888629679
  0.00006988729722514  0.00007082380494829  0.00007176665010973  0.00007294955269663
  0.00007418748228277  0.00007544732621138  0.00007672089986143  0.00007801650677790
  0.00007933040690398  0.00008092633765407  0.00008279344759876  0.00008492179401384
  0.00008747053250841  0.00009050665885997  0.00009341351932752  0.00009630786780779
  0.00009926622904606  0.00010279064661289  0.00010789281948938  0.00011436000357491
  0.00012198033414805  0.00013121001174073  0.00014234248803588  0.00015492677694028
  0.00017030248802172  0.00019144661155150  0.00021989782827307  0.00026044831364623
  0.00030712790163617  0.00035739102292287  0.00041352733364352  0.00048375645776067
  0.00057434009058871  0.00068944979574136  0.00081494110390451  0.00097731130801725
  0.00120149935900424  0.00140584501356998  0.00158185760454024  1.00000000000000000
  0.00985962671234162  0.01461497743982978  0.01982378339511372  0.02593097838272102
  0.03263663376589351  0.03956214547586687  0.04784847560316419  0.05715598712345557
  0.06647129097620200  0.07709315651673143  0.08838426389729913  0.09810079840850558
  0.10679373115116277  0.11572187443134434  0.12515491267075249  0.13476526583645845
  0.14449391318235169  0.15343764669512183  0.16314327443066529  0.17360424809821043
  0.18451971364231201  0.19699469707769945  0.20900967686762326  0.22083223181919209
  0.23226425060567329  0.24430697708993651  0.25831242053298087  0.27094405825911672
  0.28055205887899642  0.28892137502369047  0.29798956807375465  0.30777154451826844
  0.31781259255663380  0.32691221376806379  0.33642741682513749  0.34591950023385676
  0.35470131893717821  0.36278061820894880  0.37175551149545372  0.37987393781491319
  0.38811820054423490  0.39725591741416744  0.40888300236534769  0.42007932038396306
  0.42696100334833886  0.43339116237392361  0.43972467327191778  0.44676384307494144
  0.45498886952932149  0.46379270812820228  0.47346384803859448  0.48420862730362435
  0.49529030968392329  0.50540439340624388  0.51459346641905057  0.52393920437292962
  0.53254254426396641  0.54152873380184952  0.54977658793165252  0.55707735021758720
  0.56462044531391864  0.57284553632046065  0.58235994879347619  0.59380484022104563
  0.60646554432607003  0.61986486128910667  0.63371327567386126  0.64662512748699552
  0.66018201867575232  0.67431954375573844  0.69017194094827305  0.70388752977046076
  0.71471434102870546  0.72493144721016256  0.73470864326976759  0.74451558270160678
  0.75649003268397375  0.76739022626303588  0.77704389774819937  0.78678368241449814
  0.79666955025296715  0.80879602789112004  0.82063778581205105  0.83259179453873844
  0.84497220443028287  0.85761643894424966  0.87166950828124157  0.88680334569651331
  0.90173994678043567  0.91413916471625112  0.92693738223601285  0.94130118763501136
  0.95787005669498926  0.97322096679659997  0.98698337134238534  1.00000000000000000
  0.00204192475842361  0.01573403783816564  0.02750502049937894  0.03751774994881861
  0.04696038020125748  0.05573870047932611  0.06539571927774721  0.07508741365827994
  0.08695208176772676  0.10195231389746719  0.11847955971625766  0.13360934660619073
  0.14541578879045328  0.15601811475861788  0.16649601302688266  0.17679756820764445
  0.18664719194415003  0.19579677481189403  0.20478524981326637  0.21457230146067904
  0.22400010127657125  0.23199367033712992  0.23843309593347120  0.24516466802119644
  0.25380950619591253  0.26308196818120416  0.27178842383790192  0.28005278011304419
  0.28930746328716611  0.30393258463932676  0.31680149162206139  0.32590588874547927
  0.33431232510099640  0.34291104143848211  0.35230915768918314  0.36284164479160036
  0.37421696682501243  0.38804033978795627  0.40086119812799437  0.41229822001828415
  0.42169477279542933  0.43035610362203036  0.43913455827494308  0.44841573864286161
  0.45900882677129795  0.47124281779271476  0.48588017222203278  0.50300176188049872
  0.51701209826875250  0.52782231165473048  0.53701462767191099  0.54609558792204016
  0.55431188292321210  0.56176976863156658  0.56892697673004466  0.57568459330113342
  0.58408505311766690  0.59546079770756311  0.60799712170070863  0.62049922816497494
  0.63153716818751371  0.64133118715994719  0.65019229461371575  0.66009657648283793
  0.67001308276029292  0.67974357682526709  0.68925011141895587  0.69917191104338006
  0.71022951592799455  0.72207163784545891  0.73379294776740056  0.74396747972074151
  0.75187099920144129  0.75826750518575714  0.76423239825390910  0.76945092506200041
  0.77461807488023959  0.77950124314160163  0.78428862716838343  0.79067288954241077
  0.80023072689845187  0.81051400984788191  0.81967844172402826  0.82966656155671148
  0.84006133675478978  0.85161171639206490  0.86348266245199268  0.87553505131923071
  0.88808381923984403  0.90145023675083391  0.91533853052703262  0.92987920323660378
  0.94606933323154618  0.96375628278505288  0.98141724592245683  1.00000000000000000
 -0.00031022078550085  0.00202005305569449  0.00337953923296432  0.00494124896753871
  0.00735069649568491  0.01008351942943033  0.01245931979397546  0.01543037885949450
  0.01921411487479777  0.02423851608951409  0.02852804731769780  0.03351097541157927
  0.03875241884171523  0.04376581370536239  0.04878662724515902  0.05301010127180232
  0.05819659264739983  0.06391737265039436  0.07025038911062573  0.07664564034292902
  0.08239108396436730  0.08716658703652917  0.09245607872854748  0.09830705992367535
  0.10605411617170660  0.11506591681365470  0.12427691880063797  0.13330358898309019
  0.14196718304888326  0.15034567891600439  0.15803146843211557  0.16510678186991454
  0.17161860265734141  0.17782422071099410  0.18417923606943840  0.19213317389559323
  0.20045842716017537  0.21004475749447435  0.22041737157199026  0.23059377829236133
  0.24033219692192520  0.25117634012266526  0.26195220329094343  0.27380667381497542
  0.28378233386862084  0.29393091740939814  0.30665491436382292  0.32052752206012641
  0.33229776914174597  0.33917308495087384  0.34874843475431677  0.35856428135567314
  0.36638604741176051  0.37454031313780622  0.38247763420548919  0.39088476479397105
  0.39959172149275085  0.40911081465681065  0.41856015550936748  0.42780665952020963
  0.43793770645786601  0.44990446850490984  0.46363517702905432  0.47887913172252217
  0.49306765449090112  0.50541155125467119  0.51967001279384228  0.53500267475080454
  0.55028061627317837  0.56706334502982425  0.58187630582107275  0.59565712829377038
  0.61009653012899046  0.62356854933542272  0.63584212961331232  0.64764089288519655
  0.65897707004834993  0.67011096785552038  0.68346386769964773  0.69607715239408807
  0.70967138283372044  0.72642948523062367  0.74533474442282910  0.76343645904239732
  0.78148109445668501  0.79947367717274509  0.82017161682645778  0.84144382822559083
  0.86336987436256341  0.88490471745169019  0.90602185984057126  0.92599668593781537
  0.94462524112219881  0.96287287030270519  0.98126424909679499  1.00000000000000000
 -0.00198471726917490  0.00885611999317619  0.01845335636946296  0.02685814072139474
  0.03395429566263304  0.04107974923564058  0.04940780138983835  0.05915715769759464
  0.07072546286870113  0.08396424943712630  0.09768408229071891  0.11022376355465720
  0.12220146510938051  0.13172758899635664  0.13983081667233324  0.14754341115133032
  0.15598840118029164  0.16651266762411196  0.17690045798549836  0.18645483840947938
  0.19643111354655821  0.20754971018142424  0.21940119315684078  0.22951414955790136
  0.23663221016144179  0.24463190004887764  0.25288782891677358  0.26059189067078714
  0.27305844199360441  0.28455329890560405  0.29639851925435201  0.30671804709379658
  0.31599409730120520  0.32474654007777881  0.33537348049678589  0.34658007627053045
  0.35637713679304728  0.36420537095599664  0.37150619715675187  0.38058616541696583
  0.39216422953341884  0.40438217929559883  0.41543587530102377  0.42788846762375327
  0.44306183628446139  0.45902956723182170  0.46980479116277285  0.47959266187768235
  0.49004436901154547  0.50148453385509739  0.51212349345637620  0.52214810073624240
  0.53328902407194267  0.54505692298808728  0.55688788109032139  0.56870196400994932
  0.57974707274310666  0.58903705494151459  0.59876890803149319  0.60814440722421803
  0.61582846982978812  0.62316462480120738  0.63186582907143274  0.63918039454774889
  0.64685492717986681  0.65510357645948003  0.66318495254476340  0.67424041914111754
  0.68781326360263728  0.70000095726865186  0.71153310855495000  0.72143773756735485
  0.73161710031214677  0.74197476235723681  0.75192306717446733  0.76332982187089304
  0.77599817022471707  0.78875282564453242  0.80063758354312875  0.81241305127812313
  0.82472215372824509  0.83599888733436700  0.84592624862630772  0.85497706306885912
  0.86401895447828281  0.87421330551197984  0.88411495092673520  0.89403795948127351
  0.90456868209590713  0.91645601851267233  0.92918626743276223  0.94212598099954714
  0.95551304486209054  0.96953618411710640  0.98446837676098820  1.00000000000000000
 -0.00461886574545283  0.01245980913104998  0.02840373023387211  0.04246482985771241
  0.05451591005484463  0.06566182993274487  0.07638285875500885  0.08720706636385761
  0.09689899671084058  0.10630001165468558  0.11482172397907066  0.12297798097938134
  0.13074279960960927  0.13865464850172776  0.14703675949785835  0.15661770996137647
  0.16463964652888333  0.17924346992998993  0.19167143403760853  0.20422386746817661
  0.21591901073694048  0.22780291475135539  0.24007882403601968  0.25122439660257767
  0.26197046629662585  0.27336296558949347  0.28614322892468896  0.29936484156790721
  0.31144484154018920  0.32129281835588563  0.33058796189102085  0.34011445687225678
  0.35077583729078871  0.36050217419239505  0.36929468816307681  0.37861936178834027
  0.38844946766874439  0.39817981565438093  0.40758688209832589  0.41745428004548146
  0.42884183748831073  0.44066752490708594  0.44988486550028178  0.45790897585791085
  0.46448799058676504  0.47073452520297487  0.47672070016723317  0.48572510815894016
  0.49711139962858802  0.51089457131534044  0.52488799269293396  0.53837905319755996
  0.55122762927736735  0.56367287311192082  0.57495743092575469  0.58692970644989229
  0.59834436202101016  0.60829613352946155  0.61854118646218781  0.62726657314059786
  0.63545573896837926  0.64383236196764260  0.65286299064021414  0.66281821279639075
  0.67449462281157424  0.68774761926510519  0.70034423730667339  0.71264801937014122
  0.72685092711708543  0.73995599077194230  0.75158228153791384  0.76199480372598660
  0.77106119745525492  0.77905124187051322  0.78620651385193330  0.79278872694991576
  0.79995199191143396  0.80736656547535735  0.81630832192357428  0.82619944426103675
  0.83561919166693455  0.84443072021361476  0.85334603400657494  0.86323833473844869
  0.87508448057133514  0.88678947392166174  0.89797266592036951  0.90819871319785050
  0.91751672100254378  0.92687831215322658  0.93722466501353519  0.95068696816547804
  0.96300126530277486  0.97431961085830532  0.98569120634698970  1.00000000000000000
 -0.00299174890405979  0.01166220833211225  0.02533122725123323  0.03995116288735985
  0.05273429241638037  0.06455619230848850  0.07669826366112877  0.08856580087387497
  0.09951061573447716  0.11319379876383773  0.12541175035782928  0.13545387064061579
  0.14484425185498037  0.15336868821018756  0.16228473857524983  0.17260186859756338
  0.18353260612556649  0.19567020320018283  0.20844233666958756  0.22148301611233623
  0.23450817415118039  0.24800554160992525  0.26160377535110274  0.27458181110440666
  0.28686926153401432  0.29947093766873373  0.31205219930091493  0.32371980665034711
  0.33432802981337595  0.34380785677195602  0.35261945819866547  0.36191324510021827
  0.37131522673735690  0.38138794856868413  0.39126884143412971  0.40263825679886867
  0.41529764198320063  0.42650947815052465  0.43765320918592343  0.44855671814634251
  0.45994644112232164  0.47117176688637147  0.48126004407318912  0.49102378633983096
  0.50015256317613399  0.50738492935939361  0.51426496033476232  0.52007684848936842
  0.52624325244557613  0.53443557557990473  0.54275746168352457  0.55033859426453913
  0.55803296944362946  0.56671536741558715  0.57842694430234631  0.59093799784580192
  0.60374302953155823  0.61553497320249606  0.62701818997009839  0.63902461711365566
  0.65126796789553709  0.66188127536085206  0.67082178462727216  0.67991578434686606
  0.68816195927671231  0.69792933937956669  0.71099548282072700  0.72231984550745876
  0.73314914336620696  0.74343956671628131  0.75368443925460982  0.76344179307852933
  0.77438597061475978  0.78682083603481390  0.79917609394771039  0.80876120175356092
  0.81717840043794265  0.82528256223872476  0.83362669185897154  0.84210432573502103
  0.85077917104570933  0.86424043612087631  0.87869044766214632  0.89064089099765842
  0.90202425205302783  0.91297596964588557  0.92300710151390186  0.93421530325639945
  0.94488924099480653  0.95489922058514065  0.96246654656519104  0.96917665880012061
  0.97565990314963180  0.98241098383865844  0.99047175400264920  1.00000000000000000
 -0.00256525498328272  0.01010000029431688  0.01959934306532467  0.02859410392561436
  0.03799563156482649  0.04643635587844050  0.05599959813992356  0.06706461983954114
  0.07571352657143705  0.08480987151451251  0.09395032118802030  0.10539567653387769
  0.11726193990482274  0.12773084118303257  0.13851475114943168  0.14865047249989122
  0.15985415443030540  0.17264113017257490  0.18602703049990255  0.19905369970862810
  0.21139606191378640  0.22284051675866484  0.23259297660743808  0.24111590283670783
  0.25029027379137564  0.26139373457930343  0.27118984296094101  0.28031764451994989
  0.29041693876466412  0.30464649755140472  0.31851873516745211  0.33041897642331691
  0.34247889546777760  0.35424712984223572  0.36573891352633736  0.37281683271929433
  0.37970871368633063  0.38622889820802886  0.39353118411875859  0.40300920220672543
  0.41344897712669293  0.42349147643830853  0.43312936031279764  0.44338216460682806
  0.45400895834121996  0.46541991064920513  0.47557968574991250  0.48849185819922653
  0.50116303042070476  0.51299858117069286  0.52409790204909013  0.53648039397410952
  0.54886847303529240  0.56065470380282612  0.57102613460105944  0.58035246819570097
  0.58986104841491094  0.60016046096384357  0.61136409765488975  0.62239290567400185
  0.63305285959545632  0.64464552671772002  0.65649706352242831  0.66897485829135661
  0.68004842996305170  0.69068849787639142  0.70049714299737154  0.71181653808303647
  0.72307842802902200  0.73348332302538777  0.74464496361398147  0.75608969815441363
  0.76981506090773988  0.78585009307429932  0.80338297567992822  0.81935671686546629
  0.83146544325714811  0.84268194301435695  0.85379843048030402  0.86149964716605332
  0.86970157406225745  0.87772131551062882  0.88632971947144301  0.89507147784228713
  0.90294156455809316  0.91055026839654296  0.91743844922241247  0.92536369979231292
  0.93296357180423450  0.94002197521149422  0.94736082906852148  0.95529749230154870
  0.96477166568257888  0.97615313683662563  0.98747535931711539  1.00000000000000000
 -0.00222183382981427  0.01034667827591297  0.02089415536705803  0.03022310652411642
  0.03917138172732783  0.04863266717090224  0.05898202261519508  0.07005758092974873
  0.08156409957842169  0.09548067172858732  0.10839522060096586  0.12118451433185611
  0.13396882489071260  0.14626015031401565  0.15755679431708855  0.16823552758729562
  0.18195719675084573  0.19284274462688705  0.19997151715004066  0.20711347365566976
  0.21521901609456631  0.22352036144092041  0.23252804843847033  0.24179755312298545
  0.24901946549637397  0.25979464199906960  0.27180825066076070  0.28426700431924518
  0.29697111743673471  0.30867940175707853  0.31938781106892639  0.32958041365555746
  0.33935001103805079  0.34935408944603935  0.35924374016825256  0.36901953754042655
  0.37939609145099851  0.39081460834579068  0.40296782120150837  0.41567916940834454
  0.43005991165414315  0.44589205992011849  0.46115622804856188  0.47448038457541075
  0.48568903199978170  0.49729590385240313  0.50879850560578577  0.52038700283732064
  0.53271761613803026  0.54170030795456880  0.55128994657544883  0.56087954661344408
  0.57091469837703168  0.58255389417691361  0.59332990489189474  0.60425106042216592
  0.61611721496358407  0.62710167193338562  0.63762090159353479  0.64831269675935888
  0.65979763651237622  0.67000300933551704  0.67880986329637383  0.68731839029809794
  0.69599840287824644  0.70579922706318032  0.71708146885452884  0.72815571171067028
  0.73686183827867091  0.74544569568144348  0.75556891689167105  0.76719084806923865
  0.77752485332920696  0.78537837313102576  0.79489775917675598  0.80468075708221387
  0.81437411042166497  0.82344680591745678  0.83256276600803869  0.84248528491264107
  0.85297937847482497  0.86413558797963086  0.87567488443719121  0.88652376641310482
  0.89643720371184066  0.90640590206257710  0.91637302393317210  0.92532806586218608
  0.93504659753003905  0.94425314112992886  0.95283478468304694  0.96147424962729400
  0.96989520826681275  0.97632074107715738  0.98710279786139199  1.00000000000000000
 -0.00227423482583422  0.00752581308668988  0.01753357982351469  0.02658222850892018
  0.03705439476418008  0.04730325749454360  0.05686318048091414  0.06633215883992766
  0.07467290565405725  0.08317674149886591  0.09252311017456909  0.10242290030686507
  0.11252559519093401  0.12292176211754489  0.13263550117211312  0.14280157623142356
  0.15336430712027335  0.16549585943008285  0.17429624043990263  0.18234129564035459
  0.19089887940819372  0.20029476559318440  0.20992322477155695  0.21986564211513401
  0.22955517782305918  0.24046891392631417  0.25317277715053177  0.26707960055111163
  0.28172180279731934  0.29627860804845441  0.31084526352166109  0.32204733581481154
  0.33109527475533840  0.33816351340871253  0.34490400484964390  0.35251039956640479
  0.36230452231905258  0.37162886696869235  0.38342791851632907  0.39781569335541245
  0.41254009310458500  0.42364519728357464  0.43427480681663738  0.44382513010767688
  0.45409644150146405  0.46370857111864167  0.47435649436271021  0.48723526852098670
  0.50284361652230314  0.51729523754151496  0.53142395223804673  0.54605898510702966
  0.56055847325049679  0.57411430360411386  0.58900005884750095  0.60489714065208389
  0.62133490363547472  0.63453092119097276  0.64736788773462717  0.65922381211463399
  0.66934017969332049  0.67803360227327047  0.68674688696951802  0.69537166149142826
  0.70326890566923117  0.71154713289435512  0.72098399108301559  0.72963118176727437
  0.73742573822050383  0.74556060287335879  0.75320818018155999  0.75976161239871010
  0.76763965085361441  0.77634681359904190  0.78507764705429828  0.79201680604959479
  0.79917949232345509  0.80618473720032180  0.81347102361501678  0.82237830921763821
  0.83193933681258403  0.84260391114401323  0.85397848299317003  0.86479114443620764
  0.87516007374019023  0.88332792697126861  0.89195019791033880  0.90020221471780615
  0.90887696242045346  0.91916076881529052  0.93024622754265429  0.94105367768475912
  0.95305071187006096  0.96639550269260344  0.98188567640914215  1.00000000000000000
 -0.00144143401337230  0.00702698916061291  0.01532471180100919  0.02349180645646891
  0.03381172367454031  0.04216520968336938  0.05029056805587404  0.05905185986942095
  0.06973416439853969  0.08271751755356968  0.09556789619966977  0.10744469878600149
  0.11753420374750112  0.12698999915922651  0.13671672187753647  0.14671592857739302
  0.15672223199604476  0.16697709785373069  0.17879490111776641  0.19265650170057966
  0.20669573423398771  0.22064381073674372  0.23324397693745194  0.24587588366190671
  0.25949716838596248  0.27288826768273139  0.28400118906175259  0.29429168534152061
  0.30533019918102189  0.31704373408663822  0.32971328090547292  0.34173865374567541
  0.35303950876680718  0.36420602834594457  0.37578764936295328  0.38938372829403006
  0.40497740738433169  0.42007882912297018  0.43405382289836075  0.44711549144182700
  0.46008930250143676  0.47335661218948433  0.48523109735576953  0.49402115476022257
  0.50206946581640188  0.51018533181209369  0.51938051066039248  0.53064526680495150
  0.54327066672381019  0.55168884877594293  0.56163837266770766  0.57070814244285717
  0.58020018631233017  0.58906436924645256  0.59690713126260886  0.60458133974338102
  0.61147780055529855  0.61767679469117864  0.62373561807669176  0.63062905968858807
  0.63842772405825710  0.64705755094582007  0.65689629949726214  0.66794836417619974
  0.68095882815569553  0.69476109233045313  0.70802610010371347  0.72229811976599767
  0.73545997465790125  0.74886302537894911  0.75914167796720189  0.76887346405350976
  0.77565829595806723  0.78146755469181317  0.78821279573920688  0.79800486941348048
  0.80798857708248117  0.81829339595519435  0.82790794879090379  0.83728603051335460
  0.84827133210256089  0.86018207907130617  0.87114981713330308  0.88242021985730401
  0.89342305239647923  0.90392208886335823  0.91632539370570643  0.92937178581494562
  0.94170429810205136  0.95142267184925344  0.96075999853724081  0.97034189149506045
  0.97835023978160218  0.98542069943812638  0.99168142422573036  1.00000000000000000
 -0.00638400892055927  0.03592168110930145  0.06658094802909983  0.08939691505440248
  0.10855193422642884  0.12594231406291403  0.14077034982928591  0.15359379775154794
  0.16493063564545823  0.17509127717709083  0.18466209829335994  0.19432087565280254
  0.20304220808856113  0.21208922286136223  0.22241848076492063  0.23279442033427089
  0.24229901181298996  0.25089333215414894  0.25846193857022970  0.26605737154353987
  0.27354479429011386  0.28086568242291876  0.28720343495990580  0.29249918152863752
  0.29797260232834577  0.30392880676705791  0.31050641369684667  0.31780865619856263
  0.32472770300832232  0.33243078176137553  0.34143506415846991  0.35126124540315645
  0.36177323409024570  0.37345999533741886  0.38498940306280538  0.39529923450611631
  0.40363608279280710  0.41223112651166016  0.42046749084174123  0.42778508709666579
  0.43407946831754141  0.43965926359194901  0.44524736763966066  0.45139080530596226
  0.45928043637515736  0.46934692594929012  0.47784578150042090  0.48421147853317575
  0.48973727173749554  0.49501010790454325  0.50007922215495293  0.50462282082567778
  0.50920405546062331  0.51384794773657727  0.51853967594818651  0.52545376387523968
  0.53328818448675985  0.54080866267504757  0.55200082630971126  0.56260497001367182
  0.57348486988525660  0.58331997696678772  0.59304277990198717  0.60301918358801565
  0.61430897000558649  0.62607289469217964  0.63822555368570277  0.64998193772099999
  0.66087125644110611  0.67010237341998524  0.67786043790290773  0.68543210926509279
  0.69312566993030122  0.70177770536450113  0.71084993450790657  0.72080575858373686
  0.73099064673050496  0.74125980401993885  0.75061768021629927  0.75950422605265988
  0.76966974096882046  0.77947820954925939  0.79078764173992222  0.80168069322488034
  0.81202205247852510  0.82240460051505626  0.83281982606284333  0.84358317857942622
  0.85395756813579171  0.86618425216340056  0.87956921754368134  0.89548092982991345
  0.91480051616581648  0.93849008123523470  0.96701774193542889  1.00000000000000000
 -0.00222647909743250  0.00865373047635633  0.01796592522468906  0.02915046064691222
  0.04067540494836762  0.05208451938286388  0.06246897977702955  0.07144119308925365
  0.07955982621900554  0.08783809303181261  0.09644821850763810  0.10598129678875552
  0.11755463928797413  0.13288699242534155  0.14870229873948404  0.16199868853958438
  0.17318374050195176  0.18523348925351377  0.19846566071035360  0.21259551894259174
  0.22574217820753714  0.23678595462229712  0.24683783139573975  0.25726524729111983
  0.26906104015807941  0.27953424967943086  0.28858126241440085  0.29658323548896320
  0.30585299817462019  0.31539169984321969  0.32367662307949990  0.33200048075209848
  0.34128064230686589  0.35018683368330361  0.35853221535925900  0.36819196044127667
  0.37973961569697251  0.39089959362902171  0.40127711100126545  0.41131749823829550
  0.42188427607659390  0.43108125921874718  0.44098436118803797  0.45247492217303148
  0.46347304565760244  0.47419319231363505  0.48472787684183105  0.49592396924162863
  0.50837955247620881  0.52119243226842238  0.53498471409126547  0.54890425692993317
  0.56290425452721016  0.57457308561938947  0.58426205717383795  0.59433286872347635
  0.60586233150899238  0.62284366778191724  0.63705764384857255  0.64949245145840373
  0.66065012479315088  0.66915091361808965  0.67743503370686120  0.68589271675437047
  0.69519071402747046  0.70534516803268532  0.71391564491480419  0.72130653323083682
  0.72872136795869347  0.73736103878257808  0.74586248502483299  0.75331264837508527
  0.76060720773298063  0.76814491945678809  0.77810631218228632  0.79008192052653814
  0.79913739427150710  0.80708931984765298  0.81491671653786824  0.82319317798139557
  0.83241449510205123  0.84141350074792143  0.85029166779233600  0.86489927184791371
  0.88261941913646491  0.89620226932956493  0.90868333224581244  0.91954774988369015
  0.92977771735375625  0.93962764486098960  0.94904801715204945  0.95938843495415760
  0.97108893056745049  0.98244027204995077  0.99151211095123215  1.00000000000000000
 -0.00384938377241006  0.16187033729574785  0.21802066540002948  0.25828054982018495
  0.29192300706893404  0.32014467483157377  0.34979050107959142  0.37768141497502467
  0.40085628192289086  0.41998816727847532  0.44040418698493422  0.45829728974853429
  0.47316109275741280  0.48775788139220821  0.50201020295571308  0.51614263754611878
  0.53113015947511610  0.54646576165124050  0.55957103463156055  0.57152899357189246
  0.58237873418028807  0.59142375120405211  0.59945786919772404  0.60708818419090227
  0.61423642589285832  0.62136506329885155  0.62759620320619547  0.63293523917031425
  0.63803488148141696  0.64375032189470427  0.65150848874410083  0.65991165613972236
  0.66667261216262064  0.67189157268609523  0.67726178077828592  0.68262102507500033
  0.68864410265478637  0.69410144165372900  0.69863981270002951  0.70253604961114546
  0.70639433446603350  0.71012726425116623  0.71373768612028443  0.71844581749344127
  0.72357017671528812  0.72797847422320205  0.73208517790228955  0.73592297714149169
  0.74020787172225000  0.74490743276277038  0.75075636507485133  0.75741886405518066
  0.76264937315448933  0.76757332687606272  0.77242168399027444  0.77752806620429615
  0.78304288122937948  0.78819029665467788  0.79331213794792588  0.79978051544547712
  0.80702510383751325  0.81449738111654513  0.82240569861158230  0.82860380407621026
  0.83380262902438884  0.83845436492819891  0.84279049927615857  0.84703515905217730
  0.85147828448238594  0.85582946612736999  0.85974310653398633  0.86391669977120555
  0.86814996695826185  0.87287238268078893  0.87734172208885464  0.88208328003850489
  0.88698393658094354  0.89244513147378546  0.89819393692145300  0.90366368867600211
  0.90912701003520413  0.91413253255930527  0.91872881366707460  0.92304907240623235
  0.92737894957382527  0.93168019582654782  0.93655849090458398  0.94152820467030385
  0.94647311835701464  0.95142313560663938  0.95657548136056303  0.96229585338785772
  0.96867809073477718  0.97568814344487642  0.98497648022910844  1.00000000000000000
 -0.02615133673265319  0.13501874283023521  0.17841976687000680  0.19919814657951582
  0.21599352986040959  0.23022304136492627  0.24481218108573641  0.25770681059577905
  0.26952380278981070  0.27995827749439223  0.28896937638738707  0.29718104575501764
  0.30538398771730374  0.31347272868253451  0.32156797487278810  0.32976740643664126
  0.33665812521134364  0.34226427582273761  0.34726532168429824  0.35166601485083904
  0.35594712763598002  0.36079212132619348  0.36560603933480113  0.37059975800461759
  0.37738999913285926  0.38460082290763564  0.39159412922243947  0.39805826680992407
  0.40381964753805205  0.40906404621962855  0.41437746883757048  0.41904010743208753
  0.42351812321048760  0.42794049494471981  0.43222091931547402  0.43642394176389038
  0.44081096685415494  0.44608738312030782  0.45117402908750687  0.45637825147573724
  0.46161341645846993  0.46692108681932398  0.47241656211063932  0.47787848180608911
  0.48284194550298176  0.48721021880224502  0.49166636541637060  0.49651645218544066
  0.50054957203543915  0.50382486023634787  0.50682614718628993  0.51046691610393791
  0.51486747722768289  0.51961212959525693  0.52456469377071524  0.52853532827107708
  0.53217957536435556  0.53559711957094502  0.53906259364446474  0.54279071746989305
  0.54683709401061598  0.55116769051165848  0.55598680288477453  0.56146253089687514
  0.56764300632248732  0.57410981023740593  0.58103199033790753  0.58758880282183268
  0.59336566290157866  0.59852208168751109  0.60290308548180382  0.60673964338884467
  0.61083338649442842  0.61515331310961363  0.62097157551212157  0.62852019383379654
  0.63574748327473762  0.64200771823597369  0.64962057443066346  0.65840451449080328
  0.66740876487304390  0.67646840291847965  0.68382894181041554  0.69177362707880474
  0.70035533461521404  0.71092118341847987  0.72294365721702625  0.73468426740904946
  0.74549358353850925  0.75634078010075678  0.76860694448503664  0.78350812997156516
  0.80170524742270277  0.82767992570996851  0.86874153656698416  1.00000000000000000
   6.7775781572087127E-014  -1.0000000000000000     
 T F F T T F F T T F F T T F F T F F F F F F F F F F F F F F F F F F F F F F F F F F F F F F F F T F F T T F F T T F F T T F F T T F F T T F F T T F F T T F F T F F F F F F F F F F F F F F F F F F F F F F F F F F F F F F F F T F F T T F F T T F F T T F F T T F F T T F F T T F F T T F F T F F F F F F F F F F F F F F F F F F F F F F F F F F F F F F F F T F F T T F F T T F F T T F F T T F F T T F F T T F F T T F F T F F F F F F F F F F F F F F F F F F F F F F F F F F F F F F F F T F F T T F F T T F F T T F F T T F F T T F F T T F F T T F F T F F F F F F F F F F F F F F F F F F F F F F F F F F F F F F F F T F F T T F F T T F F T T F F T T F F T T F F T T F F T T F F T F F F F F F F F F F F F F F F F F F F F F F F F F F F F F F F F T F F T T F F T T F F T T F F T T F F T T F F T T F F T T F F T F F F F F F F F F F F F F F F F F F F F F F F F F F F F F F F F T F F T T F F T T F F T T F F T T F F T T F F T T F F T T F F T F F F F F F F F F F F F F F F F F F F F F F F F F F F F F F F F T F F T T F F T T F F T T F F T
  <DiscreteSampler_grid>
  grouped_processes
  1 # 1 for a reference and 2 for a running grid.
  10 # Attribute 'min_bin_probing_points' of the grid.
  1 # Attribute 'grid_mode' of the grid. 1=='default',2=='initialization'
  0.0000000000000000 # Attribute 'small_contrib_threshold' of the grid.
  0.5000000000000000 # Attribute 'damping_power' of the grid.
 # binID   n_entries weight   weight_sqr   abs_weight
    25   10   4.087377201131401E-005   8.381274187797644E-009   4.087377201131401E-005
    26   10   4.087377201131378E-005   8.381274187797533E-009   4.087377201131378E-005
    28   10   4.087377201131401E-005   8.381274187797644E-009   4.087377201131401E-005
    29   10   4.087377201131378E-005   8.381274187797533E-009   4.087377201131378E-005
    31   10   5.469510147922477E-005   1.520816291540046E-008   5.469510147922477E-005
    32   10   5.469510147922450E-005   1.520816291540029E-008   5.469510147922450E-005
    34   10   5.313964233826942E-005   1.421444343753062E-008   5.313964233826942E-005
    35   10   5.313964233826914E-005   1.421444343753044E-008   5.313964233826914E-005
    37   10   7.111701833665688E-005   2.580026340680181E-008   7.111701833665688E-005
    38   10   7.111701833665654E-005   2.580026340680151E-008   7.111701833665654E-005
    40   10   7.111701833665688E-005   2.580026340680181E-008   7.111701833665688E-005
    41   10   7.111701833665654E-005   2.580026340680151E-008   7.111701833665654E-005
  </DiscreteSampler_grid>
