  0.00000046404210815  0.00000098243450846  0.00000147825589845  0.00000210502785882
  0.00000273510793997  0.00000344834760803  0.00000431183409055  0.00000526121824470
  0.00000623878756445  0.00000726167715073  0.00000843448443795  0.00000962062720192
  0.00001080124660758  0.00001204027673669  0.00001316133800322  0.00001415102527315
  0.00001508089046750  0.00001608267265028  0.00001704505649558  0.00001801010547334
  0.00001899544289943  0.00001996013772891  0.00002087822038084  0.00002172964661852
  0.00002252877815019  0.00002325991688574  0.00002397924137225  0.00002471523127102
  0.00002543800479236  0.00002613002275154  0.00002684573380266  0.00002753355076588
  0.00002814281183335  0.00002870127564312  0.00002924696206220  0.00002976085790272
  0.00003025699757123  0.00003071286476770  0.00003115542199198  0.00003158208274175
  0.00003198839927880  0.00003238747293986  0.00003284149128183  0.00003334460847942
  0.00003384617393153  0.00003434391104627  0.00003483637522865  0.00003528956924345
  0.00003567380220995  0.00003603804520822  0.00003639218303905  0.00003679478563358
  0.00003727754068477  0.00006175121434424  0.00006331189171362  0.00006444288189337
  0.00006548076326348  0.00006648875012985  0.00006751434846806  0.00006856698996685
  0.00006969439272793  0.00007089982701192  0.00007214642053229  0.00007400107554787
  0.00007607047454356  0.00007838590227399  0.00008139694106895  0.00008461815315083
  0.00008795303378690  0.00009140141987965  0.00009517204916095  0.00009946393026194
  0.00010491945089750  0.00010990384696648  0.00011474442910380  0.00011990259044974
  0.00012541548141826  0.00013132979412939  0.00014100218031650  0.00015291955216111
  0.00016644981190057  0.00018169292682974  0.00020112773378491  0.00022379592998123
  0.00025436561588874  0.00029348261182970  0.00035524827894354  0.00042575039184268
  0.00050867400621995  0.00061497290641016  0.00073656419331598  0.00086211569183074
  0.00102264146657190  0.00127038716137543  0.00158783407252184  1.00000000000000000
  0.02425842069741327  0.03206309195911163  0.04189530841199212  0.05121075725508195
  0.06017614198184210  0.06933668453254789  0.07892207387266925  0.09298269842230514
  0.10598033237684584  0.11530859098634021  0.12388562773827849  0.13231776355791694
  0.14112213958491213  0.14952641151332188  0.15667194275236757  0.16408917061358996
  0.17470655839543006  0.18881644746958895  0.20290408367499246  0.21480883979821663
  0.22491724370859198  0.23474218397654997  0.24483363635101979  0.25519286614180053
  0.26535510291090691  0.27650017688582479  0.28854374906699171  0.30151545123450935
  0.31354145646358766  0.32509039639959725  0.33630729460712921  0.34540529617848947
  0.35324424159396367  0.36125987915826835  0.36853067533546063  0.37649792809383043
  0.38669220518105646  0.39732295667347828  0.40744402927545453  0.41667774495443044
  0.42667892983343458  0.43772169085858964  0.44879384826815033  0.46127505500157651
  0.47496862553820368  0.48752209956084880  0.49927987821026870  0.51018937084036642
  0.52009975392830843  0.52897196605924945  0.53730067243553992  0.54638530214321646
  0.55651203860678711  0.56492169149242299  0.57522162538139154  0.58672042113692890
  0.60112533433159587  0.61733994740565312  0.63271282767344228  0.64516175701811329
  0.65513777003091811  0.66527162676635587  0.67630250826817118  0.68676303017604545
  0.69665392524617575  0.70679370360239735  0.71655936699430045  0.72461184594248040
  0.73166695040705410  0.73851807914393719  0.74632156531030369  0.75720632118860154
  0.76979072478018795  0.78170754405519827  0.79205506643433221  0.80093858726768619
  0.80965719232802280  0.81830581718833795  0.82710034164373780  0.83581047264847641
  0.84440200517655573  0.85357279086497295  0.86147546376314044  0.87061290395868540
  0.87981730776094058  0.88860790444467797  0.89784003125020617  0.90599288945167356
  0.91356376984072318  0.92184208101227971  0.93082276365191607  0.94254099114661893
  0.95438420241185662  0.96339445162045445  0.97141652130097966  1.00000000000000000
  0.00920749450821832  0.01561994886296193  0.02609637952028925  0.03782759606655135
  0.04732964428271436  0.05548907916397081  0.06390198157161359  0.07298836039364076
  0.08243622248916800  0.09201075843219500  0.10172889612789260  0.11226732206583531
  0.12400847768308379  0.13401870087767168  0.14448815447294322  0.15579662238146905
  0.16962235478418625  0.18372928400404245  0.19707330741798368  0.20885290712182067
  0.22159657830543261  0.23120123534645873  0.23924249995863506  0.24744375599160695
  0.25605542459890740  0.26459898127428749  0.27243308417381973  0.27847045764706313
  0.28428449632183606  0.29114745536941594  0.30175115969378741  0.31408624894689696
  0.32713852357857648  0.34110432933412188  0.35734685155517515  0.36914808541872174
  0.38078572145117706  0.38954650865056784  0.39868672983159598  0.40710686687710113
  0.41683830087500257  0.42715291944659411  0.43806102297837024  0.44938456180462827
  0.46142713514843364  0.47351112630530573  0.48489196150505653  0.49560179767083401
  0.50596121065116462  0.51575526463387600  0.52508979482284224  0.53373607597712136
  0.54102826207407617  0.54785693208614816  0.55411706345130729  0.56181596006679113
  0.56966901835450823  0.57760453796438127  0.58578352091037345  0.59531434247612469
  0.60558857030087709  0.61480905347928405  0.62626163730683948  0.63730225654841499
  0.65141548610144262  0.66260927286848614  0.67165220162392503  0.68031284952638149
  0.68901647785105546  0.69858763825999592  0.71074598319358184  0.72153773226803819
  0.73126273055031410  0.74089543007794267  0.75129300429571089  0.76219116155650746
  0.77270665175205500  0.78325378726582884  0.79349919154191384  0.80457853183136430
  0.81610759003038413  0.83097333816621521  0.84360973421444452  0.85623530351977040
  0.86854896027582063  0.88319382434019467  0.89826366017397330  0.90813788566684150
  0.91728753706919119  0.92684844684351064  0.93605504991919997  0.94463940644502720
  0.95657719792865836  0.97013469572973066  0.98466910363773941  1.00000000000000000
  0.00124897427023722  0.01841144119930325  0.03397018470122208  0.04856101919530222
  0.06415242212612507  0.08075027582264326  0.09344564854231116  0.10402988270586089
  0.11320923787586439  0.12349175662014424  0.13316399964292830  0.14220223355206951
  0.15115704636463617  0.16127870393749430  0.17507954253346339  0.19133042853831839
  0.20791814581384135  0.22262175672990750  0.23454811231590816  0.24440587992095827
  0.25337793320997642  0.26286340324027851  0.27265662281306541  0.28374304414540030
  0.29695812822938850  0.30980056351245933  0.32166496757140872  0.33266788331235653
  0.34298612466445866  0.35362839729618117  0.36030728400501993  0.36622004260777902
  0.37229729219451480  0.37863205323281424  0.38773798874070425  0.39531061956587543
  0.40499847810925194  0.41607558146373530  0.42871812531147702  0.43975312199057609
  0.44939476916777210  0.45896490358425462  0.46834545170029312  0.47884494878752087
  0.48985342357138389  0.50192633255808894  0.51359035738700309  0.52416681018595446
  0.53433531031638815  0.54405239071871592  0.55485733958222583  0.56723049230385880
  0.58102360465540537  0.59058820818908175  0.59750418588148912  0.60474333096205912
  0.61209814520430517  0.62035657553514689  0.62890924988241848  0.63705085613527845
  0.64605749554590330  0.65771939304592875  0.66966712670275674  0.68097952431736319
  0.69335877295608028  0.70696895781537128  0.71888837366212965  0.72916038124529137
  0.74136337155783416  0.74869353033626673  0.75462343669213927  0.75946719318409217
  0.76455427749547133  0.77091803952882232  0.77783164487850120  0.78547021342020473
  0.79280168900613268  0.80000424693401195  0.80820977352128487  0.81601659882360400
  0.82594237045250163  0.83661457252278815  0.84870372639542768  0.86125954101967173
  0.87447375008300443  0.88706213097970121  0.89843541691344431  0.90975831965110487
  0.92192600710984474  0.93484929620499968  0.94841384226727365  0.96204131265511239
  0.97462369915163649  0.98432966203092964  0.99245030870148054  1.00000000000000000
 -0.00024454053421620  0.00201642817987283  0.00353310147502708  0.00544133504861135
  0.00796352604952357  0.01077867825663869  0.01433646435867106  0.01754412106520995
  0.02176702146853570  0.02577518996350727  0.03043219334176071  0.03450501057571304
  0.03893012626229272  0.04434179177201394  0.05013251357108046  0.05566886208750853
  0.06097403969665738  0.06677058637338823  0.07481896773305116  0.08365689372615505
  0.09127946990028776  0.09833480966676530  0.10499798198801970  0.11278634247075141
  0.12096291310461232  0.12841872731802836  0.13689681380581742  0.14663742997216225
  0.15542440090312204  0.16208135217220696  0.16907336154820141  0.17597541183331128
  0.18270215774655871  0.18856814020728002  0.19742528287927544  0.20735656242118164
  0.22220180318300661  0.23538860092540045  0.24421259559970465  0.25220462587252968
  0.26002792528081098  0.26802229503552061  0.27663623014310817  0.28683932104391735
  0.29890700527853220  0.31111229351475028  0.32247706940122650  0.33201126640930184
  0.34003673110756305  0.34749943916359832  0.35494857743267083  0.36171781532514702
  0.36907087658685639  0.37848237492087139  0.38794504968957677  0.39754092288219345
  0.40730873143495960  0.41680919026151747  0.42457387174015465  0.43340315639052085
  0.44526159610099542  0.45835395641650745  0.47099848743676248  0.48278888825167260
  0.49767725897363485  0.51273092372708517  0.52774614543010412  0.54234463295455104
  0.55644426596979657  0.57089328791056881  0.59515368238568278  0.61913527155060466
  0.64274624947552550  0.66530609410966546  0.68504980432302409  0.70352692976330322
  0.72149360767191173  0.73961921949175269  0.76039503278081688  0.78130156455093347
  0.79975859705555452  0.81746883230832412  0.83315925704568927  0.84693532678494543
  0.86040270637491012  0.87193941374808226  0.88394691431632466  0.89614452212878981
  0.90815007942785364  0.92043471181390546  0.93294413690639366  0.94577493300536719
  0.95928852659904729  0.97346265000030818  0.98652938388747302  1.00000000000000000
 -0.00332086938440373  0.01168791981274504  0.02366030376083891  0.03406576965732558
  0.04382492927144178  0.05335380309042443  0.06237071122267102  0.07139342771562654
  0.07990714787039463  0.09014320241498812  0.10086059559750596  0.10982591081079585
  0.11944794993187680  0.12952022966417162  0.13863257284559394  0.14792925187498535
  0.15671997255468251  0.16395574803832080  0.17187362410860718  0.18201596721809093
  0.19208808753590875  0.19943300102671740  0.20587535385057215  0.21210167787421946
  0.21909066774065622  0.22579073881786255  0.23379748057337865  0.24178329681163541
  0.24784179481768498  0.25926531964834948  0.27579508504425870  0.29327323970726138
  0.31184335043017269  0.32710718597995148  0.33907463058573184  0.34976878036061587
  0.36030400666308049  0.37258789681279353  0.38342587164851599  0.39329328649154899
  0.40255161475002033  0.41241243826591817  0.42243565927896815  0.43109154562008584
  0.44040076664182343  0.45136788441873649  0.46177668557754170  0.47006977949843698
  0.47718649257739570  0.48489019996520549  0.49272668870192238  0.50028006233139066
  0.51060225178193286  0.52045228979773461  0.53211196178744746  0.54477806432609088
  0.55676306159833533  0.56860389166643732  0.58183646130557543  0.59508443959750534
  0.61005822270996968  0.62657367604841696  0.64165249708024508  0.65263618218697306
  0.66284756177586179  0.67366714420660945  0.68664886277894732  0.70011337332220469
  0.71251102755227513  0.72456441285435547  0.73446027599659547  0.74306618460816076
  0.75184340673598948  0.75965763112032414  0.76777237832558554  0.77645780345216719
  0.78648420762036841  0.79847538744940894  0.81067877064328664  0.82198290210561242
  0.83243212806755917  0.84233430972432188  0.85235734824717391  0.86332524914927677
  0.87437370375284695  0.88485302999258209  0.89522743106114933  0.90626543093158685
  0.91779453971988267  0.92923393067644522  0.94116839655425066  0.95345093488605948
  0.96339702491422874  0.97408405093263772  0.98563833667620093  1.00000000000000000
 -0.00416835579827685  0.01601779589050462  0.02973557794675928  0.04200804899127829
  0.05411769425170034  0.06578239475815147  0.07724357081218700  0.08788586244632551
  0.09912102503854023  0.10878679192159403  0.12056518135582030  0.13423977410253768
  0.14755389875799949  0.15776077574551858  0.16696349052418674  0.17567033556964501
  0.18421866458434427  0.19406835406929271  0.20251224867145382  0.21146594220441975
  0.22142727212619173  0.23300370662480183  0.24515364353437852  0.25580116849583673
  0.26458672372270187  0.27512475680828447  0.28763360407560828  0.29902844477360951
  0.30932085059170183  0.32107941890040131  0.33392595390224156  0.34150764891428387
  0.34929778698758235  0.35776123667030574  0.36588805649884060  0.37278792157892382
  0.38063248482688794  0.38861140760092377  0.39704466191522841  0.40939091983423043
  0.42162254346933908  0.43288828353742198  0.44572232284505581  0.45803562420142674
  0.46922067712884030  0.47923990378610398  0.48804711745186641  0.49661578444852494
  0.50610651373864302  0.51572943388440484  0.52727179482052244  0.53836367124398099
  0.54820285130885915  0.55715849264490191  0.56638560060353671  0.57411590228427434
  0.58111098664440120  0.58780032211808264  0.59435214253570545  0.60122651529205529
  0.60867785271870400  0.61805114698830677  0.62848260523571930  0.63987892955658388
  0.65147424567623680  0.66417649927045985  0.67915123316501291  0.69284672487921894
  0.70418156161094558  0.71482149669927653  0.72550967091906893  0.73594891006639529
  0.74498510771605919  0.75392979501627244  0.76367099252812931  0.77571656463123995
  0.78957205014598097  0.80221717537401804  0.81397162649866628  0.82573457630643743
  0.83739204875011575  0.84862669293880322  0.86060235339326607  0.87175931877611090
  0.88153215015937325  0.89080554971020098  0.90193418984302232  0.91057972739906301
  0.91952294036513971  0.92930038020970795  0.93892901107761906  0.94970199597841798
  0.96156083101048850  0.97377354462442678  0.98693033311058997  1.00000000000000000
 -0.00220077950733112  0.00662343302588781  0.01579955396130646  0.02581091558429365
  0.03784178698222762  0.05180512247998710  0.06603013474775253  0.08035863490630903
  0.09288953089555090  0.10350683262908418  0.11325285893290446  0.12224006337366890
  0.13236911041266822  0.14351194749359317  0.15473609731999918  0.16610598105210012
  0.17693318156760743  0.18703114786795871  0.19843791889807977  0.21160310302257213
  0.22522333414481735  0.23855713793177871  0.25045950300854714  0.26067247643667030
  0.27023082114771313  0.27996357840837321  0.28955526138359605  0.30012500312571572
  0.31295514409583119  0.32632789130246126  0.33572977311580543  0.34225895622105956
  0.35020261513183437  0.35796818585001750  0.36450704264509659  0.37075402720423828
  0.37718621654959977  0.38400653893827974  0.39096735700578966  0.40069576786465078
  0.41298192181887383  0.42298959702971350  0.43069637968641511  0.43719245553297575
  0.44389430219396003  0.45111156811737724  0.45871370594813354  0.47019399551627250
  0.48130660673536829  0.49652643897972465  0.51367899154032726  0.53047764758065608
  0.54559356312018437  0.56032863691092760  0.57510171068948601  0.58833134712893531
  0.60333169305848500  0.61052466282962803  0.62043607081175911  0.63154205665894836
  0.64133976363081069  0.64957634806988962  0.65703304341581459  0.66467637500578114
  0.67273248421117660  0.68028734337660657  0.68778771716237530  0.69520921397302449
  0.70227581075978107  0.70999842651701472  0.71824216849991573  0.72614347408636759
  0.73496029660175577  0.74491934592058329  0.75613714884815086  0.76881270395011025
  0.78388659919280590  0.80024228284022114  0.81560573877739784  0.82952348603184889
  0.84218721473138303  0.85412712341570041  0.86500804496412798  0.87568696700805881
  0.88596992055232693  0.89551062108800650  0.90499873381249751  0.91456107947879939
  0.92565546346849170  0.93709283520783337  0.94744625581958164  0.95766663800660912
  0.96896267431167749  0.98094023322088786  0.99093518720731877  1.00000000000000000
 -0.00338671385663677  0.01415882612797954  0.02687021982875644  0.04033529427477761
  0.04896142006329805  0.05878036214553817  0.06830338372726376  0.07786946518924305
  0.08698979568517232  0.09636862065795099  0.10728105343120573  0.12185724678852668
  0.13298646671544889  0.14269574824576917  0.15215839902073675  0.16032828954076780
  0.16812554175256206  0.17603927389815049  0.18570055323338874  0.19686173759936731
  0.20670286758162879  0.21352847852671386  0.21969467961404709  0.22571400098467517
  0.23212750685417824  0.24000032970737759  0.24972807817332240  0.25933528461654887
  0.27067264028904270  0.28154746715906775  0.29581876494438919  0.31142809027304519
  0.32211297629858826  0.33092034666789560  0.33855269311998559  0.34609343775332752
  0.35417306405495752  0.36285627021865940  0.37219303032234202  0.38275929994808205
  0.39541305474772409  0.40875164949776621  0.42035195370357431  0.43078379774687070
  0.44065767865824251  0.45026742620454552  0.46118712957797242  0.47383742779018395
  0.48776722120425564  0.50203678539818175  0.51609815085888644  0.52783996217694840
  0.53914052349240693  0.55105508436564299  0.56359223780216805  0.57890864735352698
  0.59214964828031147  0.60212497899974982  0.61234574781958273  0.62180524024222183
  0.63054393593568703  0.64029573546904273  0.65285901902242494  0.66422267769050636
  0.67316394497084742  0.68191092752958649  0.69104091903962361  0.70118400896332012
  0.71258757726466793  0.72443026997754512  0.73413093892996750  0.74265354217210044
  0.75007305771417532  0.75692315347950578  0.76351061578061841  0.77110221577812410
  0.77923327452181812  0.78726272187414414  0.79593003331880419  0.80523877281946676
  0.81443743498072774  0.82463402430029287  0.83663984263961022  0.84901079061816642
  0.86147979292891264  0.87315076502358524  0.88522947044418454  0.89703637156839433
  0.90941414392091113  0.92178978215478991  0.93308881230407326  0.94461994289850382
  0.95665492719128187  0.97000780490495409  0.98450657704615685  1.00000000000000000
 -0.00180495968785365  0.00744950455669149  0.01668035743347606  0.02802506340766561
  0.04040011977248604  0.05431320712605550  0.06781115700577048  0.07874689767549425
  0.08813411050733186  0.09701293305951318  0.10609643545131826  0.11536499028201107
  0.12429382249991949  0.13320501625237730  0.14335650358209481  0.15183295146603662
  0.15929659676702196  0.16633432359900849  0.17396317876152262  0.18221816044521350
  0.19063316760173168  0.19812423412830435  0.20579441063547432  0.21604343767556672
  0.23079891413535689  0.24453476061753313  0.25978132647265356  0.27418064932642472
  0.28984701742640762  0.30255027488917707  0.31576907524730885  0.32916927390303363
  0.34157113626056551  0.35259233260773815  0.36285925280583620  0.37246293267656166
  0.38234138733612921  0.39181485138416999  0.40190880069943641  0.41275867882494927
  0.42362313225262038  0.43342352261433509  0.44359910176903306  0.45324714117777498
  0.46236988470260765  0.47133497307847505  0.48100449233993908  0.49222022666867660
  0.50461093188269235  0.51678760807922153  0.52880760939364690  0.53953098050126513
  0.55007756095347748  0.56184078928447534  0.57462918014881370  0.58772714461388165
  0.60159219742312675  0.61480761991598976  0.62738731548608351  0.63739666298262010
  0.64868650255332927  0.65860604432449521  0.66734309418820992  0.67488589987189684
  0.68284995252533331  0.69265514665823813  0.70462604342432755  0.71595927533825898
  0.72580245255654574  0.73606236159662042  0.74810888587556867  0.76085603213473929
  0.77373869093131598  0.78648438710247415  0.79820833431294380  0.80888620840716419
  0.82032646892473338  0.83247488152353188  0.84320397788571400  0.85487161137373036
  0.86609088942243218  0.87655766641470179  0.88684146567105260  0.89696194686167785
  0.90645369223803518  0.91566090291295354  0.92423165649156902  0.93253078586019655
  0.94023018788998947  0.94826014616205179  0.95661622397723034  0.96526411955617941
  0.97444058813038803  0.98310642095354639  0.99130532199590116  1.00000000000000000
 -0.00188683218430032  0.00654585183900723  0.01469209341408325  0.02251130895736261
  0.03247852824492078  0.04387063269203299  0.05497566670245893  0.06441822247161040
  0.07302675261524988  0.08162811907964171  0.09221929969837460  0.10588090919952686
  0.12374558065703964  0.14193044499666102  0.15502957504186710  0.16696580524675581
  0.17873881879841172  0.19042469484065819  0.20161770912129795  0.21148821410068627
  0.22100732191718264  0.23017229670253361  0.23935339135003261  0.24792666910705549
  0.25722885779980414  0.26649444546461776  0.27488967741558584  0.28209019298824312
  0.28937576533529158  0.29709986408246442  0.30573541210180888  0.31420329288185528
  0.32132970194601118  0.32762973238486104  0.33668476669715586  0.34924244616245392
  0.36373506997646771  0.37683092032347104  0.38831784187710278  0.39757557549095246
  0.40620770654045080  0.41594297511418882  0.42903721471852296  0.44338094535109379
  0.45772374511061203  0.47055838337359995  0.48121584722948407  0.49103484497474886
  0.50145527730286321  0.51210275269557570  0.52341457852429563  0.53580622303883074
  0.54666973571969879  0.55520326525527042  0.56287858041615968  0.57100229079361375
  0.57900881558977590  0.58674211107164409  0.59392736808481750  0.60052526262279959
  0.60891524068791592  0.61965405516962113  0.63115337799336135  0.64435399993339870
  0.65840996270705421  0.67598747971155515  0.69118638099888363  0.70245935034031637
  0.71265439766452188  0.72243317062843593  0.73201602538452870  0.74039639449993655
  0.74937874396340320  0.76059610962323188  0.77232611111435623  0.78185465341326688
  0.79124884662512440  0.80145437859074919  0.81107538008406299  0.81971425548563603
  0.82805819961835003  0.83750476452803546  0.84819413278172762  0.85901764526262692
  0.86947585956577700  0.87950164027984001  0.88985532551853563  0.89956080706206476
  0.91072331297905207  0.92277161271608199  0.93527991669066379  0.94895756463354508
  0.96139944635555241  0.97405745206647543  0.98621694050141695  1.00000000000000000
 -0.00286727067517851  0.01194239651670084  0.02564563416523807  0.03833952049202167
  0.05099683342622584  0.06294504482144481  0.07395197535829993  0.08452272554084195
  0.09486132626757310  0.10518861688742523  0.11546267602939270  0.12589495303450582
  0.13652731520199074  0.14713891764296466  0.15771288410630918  0.16872426921873779
  0.18081433504585703  0.19227259540545463  0.20439316535509472  0.21629614599294766
  0.22607155593370937  0.23452201912745244  0.24283250636819143  0.25302735161157508
  0.26373441078857796  0.27240949051461710  0.28053684444126026  0.28788120436792752
  0.30145904290702397  0.31770900662389401  0.33513919288473309  0.35343542684600610
  0.37322480687416804  0.39245327801454244  0.40855207104712410  0.42000753536806140
  0.42672185322144696  0.43264954812202988  0.43828732026731548  0.44433059276700354
  0.45229619934871373  0.46045777834569346  0.46751288559037718  0.47498764809154748
  0.48382713108404235  0.49684085157941993  0.50904901498402733  0.51817624542221918
  0.52650658764466063  0.53465929341897833  0.54155825218773757  0.54875074721230166
  0.55783236994805496  0.56883905434316384  0.58053273885886603  0.59317177583686309
  0.60516003678676000  0.61536003693429686  0.62405730965006945  0.63219830589101011
  0.64019090329579975  0.64812989187711767  0.65507729754772337  0.66183310542993068
  0.67128391573475432  0.68368097219564805  0.69716767789787160  0.71032429821286858
  0.72266946355763784  0.73329890567304179  0.74259397892776580  0.75213706432107419
  0.76336232846320173  0.77413167589011389  0.78396968768535324  0.79335291570364497
  0.80298798518149217  0.81295080212583171  0.82473083482252030  0.83678206153247092
  0.85004124711651863  0.86249851522551457  0.87349838080333653  0.88379507794367362
  0.89355430004451586  0.90462335969987129  0.91556181437637929  0.92576686464055602
  0.93532444606545040  0.94480051915924301  0.95379307213057052  0.96187394966222528
  0.96991570029427843  0.97901619670848128  0.98936247435524194  1.00000000000000000
 -0.00566346180995697  0.03210708078146654  0.06000354744459367  0.07669888411017566
  0.09051550828453234  0.10262159304755597  0.11286244226485591  0.12412227633479550
  0.13641429686529483  0.14770987783033024  0.15894956381492589  0.16773816657070509
  0.17634524973092569  0.18683563907943904  0.19649077362034925  0.20518170705635838
  0.21269351793980501  0.22035598355051975  0.22734127973473328  0.23354013727265541
  0.24030207039746979  0.24718372657602697  0.25554543652768491  0.26739200031367116
  0.28056222258584479  0.29230509034180563  0.30078140632370542  0.30951410264100881
  0.31971967063611112  0.33136140167784894  0.34318983150944571  0.35242128841737530
  0.36099854862164815  0.36783411105846686  0.37426687555180188  0.38048963284421916
  0.38660041960009334  0.39573406645286008  0.40559106541706236  0.41602291925177415
  0.42721606403291484  0.43896650834044643  0.45032543352036469  0.46140271486480339
  0.47196493223181674  0.48156407890609759  0.49186587844978624  0.50225382747027636
  0.51213481926422832  0.52361825693254949  0.53487042580889976  0.54446026903774947
  0.55117847184188784  0.55694297935855153  0.56259780034126039  0.56828475658620470
  0.57534127163827886  0.58280237014137171  0.58975817671774833  0.59637833044039312
  0.60298410877602360  0.60939758011182799  0.61608677243596610  0.62282850035935067
  0.63046680605923677  0.63747704997315824  0.64325562890233157  0.64856328361946536
  0.65463401783580955  0.66122453192515240  0.66986328398046635  0.68036305632958050
  0.69116043688357043  0.70136987121497862  0.71254332870942338  0.72396133881433289
  0.73430249994807117  0.74324871850475327  0.75281982800392866  0.76128175336164283
  0.77058688858655278  0.77908348793855442  0.78764967725265811  0.79635064799815658
  0.80466329847691398  0.81333213527896098  0.82286055302882277  0.83243896996332423
  0.84228433030967864  0.85348225085743346  0.86786832098022126  0.88604732305030920
  0.90576959658584655  0.92896347211045149  0.95937031085988678  1.00000000000000000
 -0.00275747397567185  0.01741545003175122  0.03400433906203541  0.04878061284439605
  0.06353716916487785  0.07861377499098149  0.09332315299851283  0.10730850355569749
  0.12014558429221722  0.13386119521985687  0.14619359649415914  0.15740566250043872
  0.16827535600696603  0.17855421383578204  0.18887605401349211  0.20057838566258998
  0.21357644503580503  0.22686522530457337  0.24000853992507484  0.25300820403453611
  0.26473559077886188  0.27583216981949432  0.28824950678438055  0.29693391420269827
  0.30520619932031795  0.31322616953817395  0.32113106036219846  0.32945052981142459
  0.33838965259210524  0.34604945398469467  0.35293540265455919  0.36117276624741473
  0.36975701652036935  0.38020117399054748  0.39126404382961155  0.40083262602792885
  0.40932237210749700  0.41767601379884506  0.42587720648675831  0.43434751629220530
  0.44845110026514495  0.46476477156826912  0.47963936341864927  0.49179299962924711
  0.50279987288303019  0.51233891809919552  0.52028467883340157  0.52794475625193438
  0.53546636928565416  0.54378799595066907  0.55301771122781640  0.56167714587704687
  0.57081459243580879  0.58014369291233081  0.58988471691213018  0.60042685117483208
  0.61133628535351314  0.62291392032411885  0.63667659833673873  0.65133910582215837
  0.66700152832319981  0.67914831578951007  0.69096530610904949  0.70263993165731875
  0.71422931979946225  0.72564806286856720  0.73349573761586473  0.73905849489667519
  0.74470931330185641  0.75117562846602204  0.75835066569356691  0.76593495057465499
  0.77411135489692107  0.78267004754786562  0.79012428155719183  0.80142392693700515
  0.81417777607022346  0.82791494866091719  0.84277100211170652  0.85592756363409972
  0.86743495061635290  0.87959718640063378  0.89331544347764513  0.90558910438637752
  0.91648497642763249  0.93038089920359734  0.94113661926896208  0.94781385667709206
  0.95411465199361600  0.95924410269881344  0.96430323237857640  0.96938256110053445
  0.97622081517216297  0.98414108477623086  0.99181951858808470  1.00000000000000000
 -0.00708890940792703  0.17027007662547944  0.22296856511096450  0.26161403948939510
  0.29539793499137768  0.32737608849856042  0.35849342759385427  0.38580454867503139
  0.40722339453314588  0.43002645310988713  0.45030875287109451  0.46501049176537895
  0.47697261395807289  0.48913712257850733  0.50067473146567065  0.51417178155911603
  0.53336714677795583  0.55272583968068989  0.57038202962388029  0.58620546785024419
  0.59746342993651191  0.60590864919467402  0.61331409357194167  0.62033345022290365
  0.62738608393497308  0.63503752667576019  0.64374282459882348  0.65382157608456304
  0.66412175012100449  0.67301927755480329  0.68124962564728597  0.68926469656937817
  0.69799275496744795  0.70520841463245865  0.71139770013742309  0.71710447605547145
  0.72274288148175048  0.72873817522285200  0.73405384307175736  0.73962285528370586
  0.74548688489801918  0.75140763170122882  0.75723775216494138  0.76268409782434199
  0.76800911203849176  0.77346997267769668  0.77917426760992814  0.78489912787891514
  0.79111871180161775  0.79773167960508984  0.80406760293934865  0.81019857388168726
  0.81574631932798947  0.82014947293206097  0.82468547628149702  0.82870411484800799
  0.83243413021699197  0.83585339662887015  0.83915748623615583  0.84371743956927825
  0.84826601934388235  0.85211131442508237  0.85578138978920437  0.85941863079592440
  0.86300838193507434  0.86745586750199288  0.87188756522349986  0.87603274934620390
  0.87977780679564943  0.88336770206944959  0.88687871509517724  0.89034020603694586
  0.89377128242029313  0.89658092149472368  0.89884375576019504  0.90103498063368204
  0.90354138062798162  0.90658154157612303  0.90988791122639889  0.91297650420046561
  0.91617681581997434  0.91933533126745726  0.92315220252163310  0.92694881221871639
  0.93044619136140005  0.93375520077406049  0.93718056238309477  0.94061813840118369
  0.94395946625960103  0.94738407839145733  0.95120324527300293  0.95571919828513108
  0.96239119191257405  0.97164579775769155  0.98240306339981798  1.00000000000000000
 -0.01870741358822465  0.12922988634651028  0.17569502831472386  0.20462791470710931
  0.22260097536397211  0.23462966845059799  0.24571824675172621  0.25663638790703330
  0.26712009909523571  0.27877572849156279  0.29055077551782793  0.30293424530177726
  0.31317709153358170  0.32351971070329599  0.33287062503881076  0.34000352981979437
  0.34722057814622925  0.35485439866293189  0.36270309420304958  0.36979243766784425
  0.37571475751292671  0.38035855545092578  0.38476159435931517  0.38909512104039601
  0.39415468230447731  0.40067292552167133  0.40768656642605589  0.41353904337620306
  0.41963862323842521  0.42584478412983007  0.43164301578546976  0.43709751855284390
  0.44160416625542742  0.44501333476026039  0.44838874623483566  0.45178079356355977
  0.45521531712082375  0.45924861553252955  0.46377598885285265  0.46894842484581573
  0.47411514056417642  0.47975016558256556  0.48458639513640278  0.48899853811754862
  0.49306305607647305  0.49693785909833971  0.50025895623616135  0.50293652471319594
  0.50599985467589259  0.50969771595336877  0.51386134320714150  0.51773531890575764
  0.52100210193536622  0.52395372022056985  0.52699844467161727  0.53045212091178140
  0.53400181481561515  0.53749143930833720  0.54112092731864270  0.54512831607219070
  0.54922304222482221  0.55332395312512250  0.55695599119698946  0.56051007593009872
  0.56557026553865475  0.57171169927974708  0.57735996257687749  0.58297673842709863
  0.58868516025576156  0.59398541733135501  0.59897169961669172  0.60404271321965153
  0.60947724103545631  0.61548384289512603  0.62225566907669072  0.62882196012407021
  0.63556688956483032  0.64239375774541541  0.65033366602817211  0.65898199998372797
  0.66746578590069794  0.67676092195445281  0.68701216234895535  0.69711455763211105
  0.70555303375608480  0.71248382025865320  0.72020236253349879  0.72802156647124017
  0.73880586279652061  0.75217737965088516  0.76625131653753853  0.78361170854682993
  0.80324466808043604  0.82698037013821135  0.86644916380461989  1.00000000000000000
   1.0337846918815067E-014  -1.0000000000000000     
 T T T T F F F F F F F F T T T T T T T T F F F F F F F F T T T T T T T T F F F F F F F F T T T T T T T T F F F F F F F F T T T T T T T T F F F F F F F F T T T T T T T T F F F F F F F F T T T T T T T T F F F F F F F F T T T T T T T T F F F F F F F F T T T T T T T T F F F F F F F F T T T T T T T T F F F F F F F F T T T T T T T T F F F F F F F F T T T T T T T T F F F F F F F F T T T T T T T T F F F F F F F F T T T T T T T T F F F F F F F F T T T T T T T T F F F F F F F F T T T T T T T T F F F F F F F F T T T T T T T T F F F F F F F F T T T T T T T T F F F F F F F F T T T T T T T T F F F F F F F F T T T T T T T T F F F F F F F F T T T T T T T T F F F F F F F F T T T T T T T T F F F F F F F F T T T T T T T T F F F F F F F F T T T T T T T T F F F F F F F F T T T T T T T T F F F F F F F F T T T T T T T T F F F F F F F F T T T T T T T T F F F F F F F F T T T T T T T T F F F F F F F F T T T T T T T T F F F F F F F F T T T T T T T T F F F F F F F F T T T T T T T T F F F F F F F F T T T T T T T T F F F F F F F F T T T T
  <DiscreteSampler_grid>
  grouped_processes
  1 # 1 for a reference and 2 for a running grid.
  10 # Attribute 'min_bin_probing_points' of the grid.
  1 # Attribute 'grid_mode' of the grid. 1=='default',2=='initialization'
  0.0000000000000000 # Attribute 'small_contrib_threshold' of the grid.
  0.5000000000000000 # Attribute 'damping_power' of the grid.
 # binID   n_entries weight   weight_sqr   abs_weight
    10   10   1.534354796626412E-004   1.170922505719961E-007   1.534354796626412E-004
    11   10   1.534354796626516E-004   1.170922505720146E-007   1.534354796626516E-004
  </DiscreteSampler_grid>
