 -0.00000010673880659  0.00000300605903597  0.00000803728327712  0.00001328266939967
  0.00001728222785511  0.00002056593791413  0.00002348199218945  0.00002564187753960
  0.00002727162109092  0.00002862492603013  0.00002991751631809  0.00003107716259092
  0.00003206731369541  0.00003296377732334  0.00003377300144666  0.00003443191845201
  0.00003508845427088  0.00003574301088816  0.00003643876480309  0.00003729661986297
  0.00005882022369207  0.00006310730826330  0.00006430481976741  0.00006523856155129
  0.00006602907753366  0.00006682942914752  0.00006763409269015  0.00006845291312095
  0.00006934007218149  0.00007028345777968  0.00007124844818552  0.00007234640551622
  0.00007360536402942  0.00007538393573719  0.00007732538609815  0.00007910893821761
  0.00008056788990335  0.00008199675574307  0.00008339385755328  0.00008473908235082
  0.00008613466866430  0.00008756964603126  0.00008904283744580  0.00009059381810759
  0.00009243687207741  0.00009421003019544  0.00009615152264491  0.00009854770319943
  0.00010152518576912  0.00010507694375595  0.00010876898313761  0.00011252607423968
  0.00011620966591141  0.00011970593310471  0.00012355880032454  0.00012772948635071
  0.00013278559368151  0.00013843150995663  0.00014463423200553  0.00015038655525859
  0.00015590128005703  0.00016222923095493  0.00016956781963850  0.00017857135918569
  0.00018777217709741  0.00019707354738068  0.00020584850885393  0.00021322348112105
  0.00022035351579122  0.00022786172826851  0.00023810488319838  0.00025086249503792
  0.00026415902956153  0.00027718987082806  0.00029163523710360  0.00030755437678503
  0.00032730846372789  0.00034952009828258  0.00037147707410886  0.00039670960621845
  0.00042791169446594  0.00046430354509879  0.00050544436479837  0.00054797564525469
  0.00059229602695230  0.00064416328361598  0.00070938215890733  0.00081112792124164
  0.00095735968745130  0.00113231253773973  0.00137499400966822  0.00170732074445470
  0.00207649827232042  0.00273118103360550  0.00662968067828195  1.00000000000000000
 -0.00000010559951384  0.00000239536407020  0.00000648397680965  0.00001034678891641
  0.00001407600567387  0.00001709021164088  0.00001915583456728  0.00002118034649525
  0.00002317707592774  0.00002487779772520  0.00002645845643030  0.00002797046737416
  0.00002928384252248  0.00003069671216096  0.00003191860683736  0.00003301035247166
  0.00003428391365677  0.00003592593850130  0.00003777924847548  0.00004050628659097
  0.00005338461011055  0.00006354273098903  0.00006494609091506  0.00006590178668681
  0.00006678225387822  0.00006749377306177  0.00006810054927469  0.00006872728219432
  0.00006933943290044  0.00006990187692465  0.00007043442507181  0.00007099909553204
  0.00007165824644235  0.00007233811103848  0.00007286637293714  0.00007340944140324
  0.00007404099804915  0.00007492424416136  0.00007587692124722  0.00007710538240725
  0.00007847105526735  0.00007984843939596  0.00008125950588982  0.00008236898620998
  0.00008340662613142  0.00008465267196339  0.00008586074545098  0.00008716873249687
  0.00008850051548977  0.00009021138547090  0.00009219845645271  0.00009414174986947
  0.00009613216299525  0.00009804317928000  0.00009989466049418  0.00010170683213211
  0.00010364406209766  0.00010627221374593  0.00010985863749800  0.00011368034598426
  0.00011737291376468  0.00012116339472678  0.00012570118726240  0.00013050154718776
  0.00013644652118206  0.00014308344420870  0.00015069965314528  0.00015874979911620
  0.00016662379122664  0.00017426612106177  0.00018281580174918  0.00019385546405123
  0.00020749458626331  0.00022255303036083  0.00024008255979549  0.00025985952696754
  0.00028014084262283  0.00030410838922306  0.00033107712093756  0.00036571415661885
  0.00040480016181030  0.00044325259499124  0.00048871762739180  0.00054387003600244
  0.00061832373851436  0.00069736497666013  0.00079003492792285  0.00090364219345762
  0.00104754675254863  0.00122824380254785  0.00141274975851816  0.00160957632300756
  0.00191157540581793  0.00274144513019702  0.00618087390917684  1.00000000000000000
  0.00472280924490506  0.02357329548737296  0.03832777786924885  0.05009499089703582
  0.05988700342677616  0.07045303865443200  0.08390381863047316  0.10140851718348531
  0.11582996944466359  0.12787087067454728  0.13968613202973923  0.15044301163664658
  0.16177775310608006  0.17221707050289253  0.17983812560453621  0.18612270779578108
  0.19338849280708634  0.20334379952838952  0.21172808632593013  0.21997381292756427
  0.22607789125921851  0.23599116422390259  0.24745509247485636  0.25826944868017443
  0.26874949989533325  0.27574424738325470  0.28267192089437077  0.28915283469893505
  0.29442873505326783  0.30003782355780689  0.30732973401971042  0.31351542953209344
  0.31849414789647879  0.32382844211274048  0.32917289473776445  0.33362907240205497
  0.34102352766838651  0.34924103494338377  0.35894594883057834  0.36974404526337556
  0.38109922154232900  0.39128510323722165  0.40081822538026812  0.41127212551108983
  0.42242139363103232  0.43403894924094033  0.44746392876277408  0.45983321490238732
  0.47089253111004598  0.48350103925300714  0.49518149446612075  0.50591499246849791
  0.51555588015620002  0.52627385989235687  0.53559896324150924  0.54248778061170178
  0.54875341645753128  0.55611939343930172  0.56827417206833353  0.58221002592403948
  0.59569620551751112  0.60843534561274248  0.62008078762015684  0.63124182636055726
  0.64221794616734407  0.65259100519534907  0.66240065897828604  0.67318802596514093
  0.68458153765481866  0.69583725994108581  0.70685955131218514  0.71734279940221723
  0.72578811473520677  0.73707602726111188  0.74734572510513275  0.75597700966784342
  0.76389898746693374  0.77410665402821088  0.78605148884436027  0.79938647512100447
  0.81165855928437580  0.82220941209422149  0.83263483890180490  0.84181414298400647
  0.85129419689485031  0.86274149079878659  0.87448725558511597  0.88686537570998936
  0.89942808962182363  0.91157011195484594  0.92353940736765128  0.93569548616710541
  0.95063176683046413  0.96788258391495174  0.98360233142170161  1.00000000000000000
 -0.00142136839012180  0.02845536430428694  0.04393049067590436  0.05495056268959640
  0.06599834536347074  0.07650413027909105  0.08848945745805391  0.10312103325045094
  0.12106855395424355  0.13625103953799020  0.14910435491689131  0.16372919905898858
  0.17561719346667951  0.18543341529337351  0.19488015255813812  0.20576541167720588
  0.21784299910124705  0.22812443880322320  0.24026846222291534  0.25299406034345762
  0.26390088833329717  0.27436407468312940  0.28429518621552130  0.29486012419617513
  0.30659396477817846  0.31663158700721100  0.32381481143768270  0.33233374955175710
  0.34135009219841406  0.35186697873214784  0.36101995715360624  0.36763957937855807
  0.37271822077579242  0.37820964526083423  0.38437986403829033  0.39236868196175606
  0.40206489516202115  0.41156439975832687  0.42441998327818964  0.43813014722852717
  0.44898211661559057  0.45823828419560897  0.46500673255515451  0.47129993829177913
  0.47779748897877561  0.48609480610669248  0.49647658356963648  0.50759921429904753
  0.51836306580049496  0.52686077381631724  0.53476982676222640  0.54181718219566755
  0.54962035437497869  0.55723457884930461  0.56445066105101516  0.57168108060700940
  0.57843463030943310  0.58798803866121419  0.59920407430561096  0.60927139106532480
  0.61915987837786068  0.63086342859500288  0.64436205346663367  0.65650867371357724
  0.66584349306133817  0.67461655284513078  0.68473253131376011  0.69808365299460629
  0.71013421127482501  0.72082267319380011  0.73186347736533419  0.74440909172817882
  0.75719989883016903  0.76869350361064481  0.78024371175973117  0.79127259728364263
  0.79960755202841405  0.80780320704111019  0.81583852055978046  0.82405632988046040
  0.83246276509054717  0.84183665491853188  0.85274119340799537  0.86489367858308464
  0.87794067497256745  0.89222583924013532  0.90750930420259934  0.92306777898510739
  0.93707560640175347  0.94732683306563503  0.95506658789159526  0.96270094551909446
  0.97072810354113737  0.97854479188470123  0.98779903288989146  1.00000000000000000
 -0.00069258789098681  0.00362017272100536  0.00606859340978084  0.01011448489781949
  0.01345520823470350  0.01665601285931165  0.02094310158445912  0.02525457344591782
  0.02970186880177835  0.03579151875271963  0.04447741929181319  0.05073892222253360
  0.05499332332923757  0.05920104774923928  0.06662795279753381  0.07536536204517459
  0.08612034843218469  0.09806980758225359  0.10817388144336741  0.11563661469054790
  0.12208339407730927  0.13171465045715847  0.14541233544686655  0.15521115881109601
  0.16385186499449667  0.17081832026244803  0.17585860782627444  0.18056891043677803
  0.18737323205339979  0.19529680997089532  0.20236037504337995  0.20896752623779194
  0.21612649741506398  0.22403307077795001  0.23192076425443942  0.24215489032268450
  0.25656968748914866  0.27068065261627389  0.28101291780990412  0.28842599242527095
  0.29557125780000881  0.30286105024287208  0.31114700111715154  0.32280368263586118
  0.33369076604023695  0.34405078113646076  0.35460707693170251  0.36533778941705658
  0.37707087536426992  0.39027034210771233  0.40422852185242952  0.41887804242633786
  0.43279158910615212  0.44687835836295442  0.46051118754005055  0.47398447098722629
  0.48721918342471515  0.50061581980128456  0.51650263452091394  0.53313190098319085
  0.55002995653921261  0.56702164012415712  0.58433971031378040  0.60171647184928012
  0.61376858653226696  0.62487238941846290  0.63585122569286512  0.64845531564308256
  0.66267147357085820  0.67822639315441768  0.69384503051324586  0.70861472428746963
  0.72342150164824814  0.73859325856137059  0.75522672114541778  0.77086679752442844
  0.78248982477494033  0.79222628663521466  0.80238289885217717  0.81343713310643362
  0.82604352580511475  0.83921953495510726  0.85234952536506059  0.86677961463296871
  0.87722617977724793  0.88689499184708220  0.89746060651555570  0.90906488959534626
  0.92016092089479795  0.93142051182839258  0.94271215450076529  0.95530740409114379
  0.96658309141685483  0.97840272477979007  0.98953265467109242  1.00000000000000000
 -0.00512118878672639  0.01669452802168975  0.03166913861529937  0.04481044649450298
  0.05814425991811701  0.06642172107743353  0.07410460705719796  0.08148666318153025
  0.08939667339786402  0.09739829011051865  0.10801686191550422  0.11928684496903305
  0.13040861914276405  0.14207871335537356  0.15440125030136345  0.16792435134441405
  0.18333235235114703  0.19800336771025540  0.20886658237155464  0.22057502308806712
  0.23164286211778931  0.24098041143922980  0.25099353653629819  0.26439015680444161
  0.27852884406440037  0.29295913859803419  0.30708631745949472  0.32148737702065011
  0.33717044072254587  0.35124650324932505  0.36043842157167294  0.36845461606034419
  0.37696849750396827  0.38463925841136537  0.39191805239036587  0.39978727094923050
  0.40831729291158170  0.41656448299987875  0.42444142169713173  0.43298010658958597
  0.44084342428401757  0.44653689986170902  0.45336156529025151  0.46136265196210990
  0.46935344625698217  0.47858560033162695  0.49107572155294082  0.50415593399996528
  0.51394630953959630  0.52207044002015413  0.52870607219812071  0.53551623380354474
  0.54249087680381203  0.55112324209286878  0.56106080998726171  0.57373762738956791
  0.58672070831202738  0.60029850344265590  0.61031864073792208  0.61809379334914794
  0.62457263048388856  0.63001917465513424  0.63636925208276873  0.64326628891739024
  0.64898105526475003  0.65546782069397302  0.66155949898235933  0.66941261898209969
  0.67727501453557892  0.68816827043671280  0.69970578451747623  0.71289237450119092
  0.72810267302458553  0.74336273597485047  0.75522676243631015  0.76647369450281810
  0.77405820592040953  0.78215039139185316  0.79105170568424310  0.80051005219684890
  0.81030396816394890  0.82107526142374654  0.83260995907587720  0.84461378586042457
  0.85795420649852239  0.87083512285542275  0.88288502180215234  0.89463938697149370
  0.90667077601560575  0.91871366074963146  0.93081598491355422  0.94238616383400808
  0.95279353984937520  0.96428675910791928  0.98212705657752208  1.00000000000000000
 -0.00345653367642410  0.01324601701995566  0.02263670808969558  0.02857260913173122
  0.03590357565760271  0.04434786634992152  0.05182613880036582  0.05818382120724716
  0.06424559930473064  0.07034858416302932  0.07517178967096542  0.07974963502684447
  0.08478961143990588  0.09341825989798863  0.10348793957019073  0.11485839791470329
  0.12745594157252227  0.13885835225099749  0.14744377739670189  0.15461410287445343
  0.16265220389759752  0.17095672772728726  0.17860263793811146  0.18703848979569532
  0.19735614651543951  0.21068516885941710  0.22526835610404783  0.23884646669339069
  0.25400135201007007  0.26830658864865303  0.28230283095363073  0.29552193777504482
  0.30784296709989745  0.32189126315139754  0.33644975499917251  0.34811331522196198
  0.35741640144643044  0.36597449947441812  0.37523045059910626  0.38676614235910467
  0.40032697340545798  0.41371519574848697  0.42674356715571032  0.43732521674658864
  0.44600190651094396  0.45602943382498035  0.46609152364686984  0.47609632509411792
  0.48796681558273375  0.50042102779204589  0.51223593243285837  0.52371577746055775
  0.53477632168125133  0.54564521609707728  0.55668778245666883  0.56891367957077221
  0.58264789577566933  0.59301436180023093  0.60233310297720066  0.61127639084531515
  0.62030477001908291  0.62988382583495073  0.64059480258904955  0.65382678593025079
  0.66872177441865277  0.67966318250063751  0.68851013867747457  0.69793252992645383
  0.70714044023398981  0.71560029122505486  0.72381096396997890  0.73170351732993766
  0.73903981586414835  0.74612717821964158  0.75344651829803755  0.76231421850462089
  0.77340284856085117  0.78603139234825625  0.79894893021161129  0.81131891906491427
  0.82508869736985124  0.83841141783397166  0.85045434527240416  0.86245135922219773
  0.87350081557930415  0.88466931816340422  0.89467696373224592  0.90319245149905980
  0.91091889398675485  0.91860994577574040  0.92661861949941438  0.93488080605374879
  0.94530432927759112  0.96031505466880218  0.97888949436189221  1.00000000000000000
 -0.00344350362899227  0.01269611793536440  0.02610621448828710  0.03791507294293849
  0.04904926661376251  0.05995586222321909  0.07000921122617786  0.07854340588019317
  0.08818066287720167  0.09722053861354352  0.10901683025577275  0.12108332522119299
  0.13237507342744007  0.14244635775186285  0.15313017718768732  0.16466694198546633
  0.17793161883713929  0.19442027708089690  0.20899633240943541  0.22005904386089131
  0.23000135670846991  0.23991086656865934  0.25173424998333882  0.26418481659821202
  0.27704653666613738  0.28837331137584837  0.29662528544662931  0.30288283587991133
  0.30888757991102017  0.31515378287011853  0.32148708249937619  0.32824292067255073
  0.33635564100919590  0.34437593585506637  0.35017024126955387  0.35688622500356298
  0.37038148512493579  0.38398744869610507  0.39582066388282205  0.40675551553800182
  0.41680912852320451  0.42537945420610068  0.43351039830732441  0.44170050254269028
  0.45156353458276316  0.46078799479879201  0.46933354875718369  0.47807699761943628
  0.48638746096232593  0.49457887660787242  0.50348790990927150  0.51275286738867720
  0.52251447032107912  0.53476962635116077  0.54910739329708069  0.56546273695191718
  0.58062897277097048  0.59370558705452248  0.60584613398982656  0.61811172217656707
  0.63055794009860699  0.64487192399507687  0.66152977889729681  0.67945851126079959
  0.69208654196135033  0.70314903681754881  0.71093157691418429  0.71640008199214356
  0.72232059899822709  0.72917707845743818  0.73611077227509514  0.74726163301347859
  0.76030925611786992  0.77030840706126924  0.77964630194729057  0.78750709489710746
  0.79542867962256369  0.80645634304478575  0.81730012104502403  0.82685425442027538
  0.83622986615766182  0.84680902950432735  0.85880887516202908  0.87097194376806020
  0.88243297758419526  0.89360018530355056  0.90494353007863060  0.91679540776175339
  0.92978015542696890  0.94238109999774611  0.95396082382370440  0.96560446406799749
  0.97678136068538357  0.98525179514470917  0.99270420302970253  1.00000000000000000
 -0.00079935692166509  0.00406432736291021  0.00991427710528245  0.01581473725961705
  0.02281901489157862  0.03096770767882047  0.03996942645645185  0.05065581646323810
  0.06672298639666208  0.08479801421126903  0.09538882899810146  0.10266009315359506
  0.11019526845177564  0.11979058705156077  0.12888117368926660  0.14076115347644030
  0.15310017614047702  0.16449213410298336  0.17553447827940727  0.18678019276655647
  0.19968714991750239  0.21443563481003231  0.22785508320644354  0.24012607881772649
  0.25241325498887640  0.26446521420797253  0.27543705957662939  0.28621989146443183
  0.29722769384560116  0.30774378963545951  0.31876340543555159  0.32847641842415176
  0.33897665739382310  0.35001278874280345  0.35877654534532122  0.36917891402533332
  0.37797092419621453  0.38908590234775603  0.40148115652857619  0.41330203371791691
  0.42618595214809418  0.43958031533731551  0.45361405365137020  0.46868434709302653
  0.48442777252231134  0.50135538049676442  0.52050049859995751  0.52777483424365779
  0.53420854741862922  0.54100083993559989  0.54839235640473372  0.55459932490786390
  0.56014687191946611  0.56707701006209632  0.57444414123811027  0.58111798095585043
  0.59414307055224214  0.60982441470052406  0.62292666099038796  0.63437195235539412
  0.64463700069116958  0.65285922502307536  0.66033405254560107  0.66952207335712144
  0.68052870948554600  0.69349361859506631  0.70637982019265444  0.71745094704625534
  0.72663956053945322  0.73530200144831537  0.74461138862011877  0.75596189176195661
  0.76828208843264001  0.78022572660225020  0.78939343011741492  0.79761970663399973
  0.80572788237333437  0.81420763884385206  0.82682982987963627  0.83916400402276992
  0.85132595195498206  0.86166586748908636  0.87077840897900360  0.87929867462348721
  0.88831136448007952  0.89849040763179056  0.90810647090250785  0.91671793441015648
  0.92595876966787238  0.93225818801717730  0.93907855727431888  0.94591029833060092
  0.95465197183883510  0.96669769360473212  0.98145975473911062  1.00000000000000000
 -0.00211709373168407  0.00905095210252218  0.01877886516521010  0.02795063242545408
  0.03690635427718952  0.04607345198275824  0.05526537569332047  0.06551999041860262
  0.07651143051981968  0.08767514311733728  0.10070421914591676  0.11411611799586287
  0.12764112284909018  0.14172456953815593  0.15652092275185345  0.17030351748217945
  0.18112359883127899  0.19328185322974897  0.20412421066399292  0.21392780337916287
  0.22410442116421514  0.23358070047858595  0.24389434315981251  0.25606691219391259
  0.27024808154596003  0.28419091934938129  0.29776156977270957  0.31160186639671628
  0.32562852251862073  0.33893048434475986  0.35210307173938465  0.36663842959792603
  0.37730552939580680  0.38747177110621034  0.39712494914775859  0.40650405311047555
  0.41532157919117574  0.42373716193731648  0.43312816970650903  0.44434423013882546
  0.45953584329304126  0.47754626276513829  0.49509333346650242  0.50994628422330546
  0.52127041632828319  0.53047132138106701  0.53987669989172604  0.54981890985182236
  0.55793827619093139  0.56701385575270480  0.57701214508017906  0.58647222879082184
  0.59466146285263000  0.60357680833206806  0.61410558293477424  0.62285141320353576
  0.63146818674598593  0.63962496877983011  0.64833030978521278  0.65755744920936310
  0.66735177129779955  0.67638822522014919  0.68682829750812679  0.69899861280987963
  0.71217101500731761  0.72604632357504995  0.74006833733902866  0.75301171905414643
  0.76895369675525771  0.77827513314461971  0.78883229578061154  0.79686793269791556
  0.80682139950507881  0.81806874243424965  0.82886035773509192  0.83985415344609049
  0.85238801924304231  0.86280851806751302  0.87284613286759116  0.88270298531835101
  0.89291507942477610  0.90349564794829207  0.91349772628288539  0.92281146076990961
  0.93130870800121379  0.93531340433638088  0.93947801609840054  0.94344431442713228
  0.94867950594909123  0.95748426804593223  0.96622899600459822  0.97476897245933547
  0.98103717625334763  0.98668341320132624  0.99291169354062381  1.00000000000000000
 -0.00288015784996311  0.00707423778808232  0.01727527149690256  0.02705871914237440
  0.03547976851717669  0.04244785373847432  0.04955012917552983  0.05633306760773256
  0.06314221627659850  0.06990828481861136  0.07718570382506532  0.08639008680872874
  0.09634750024411334  0.10483669303542235  0.11260751795142999  0.12044697510104101
  0.12840667617886029  0.13679646070825946  0.14830280607219276  0.15914696025174463
  0.17181612325459891  0.18354750628035857  0.19428964086727579  0.20274395404532045
  0.20939485932520141  0.21762812744577500  0.22638629274529040  0.23661282720586352
  0.24813704669136424  0.26006305932226204  0.27171735053785356  0.28239860868971672
  0.29298319304519910  0.30449208704958525  0.31805541157824779  0.33348638840993949
  0.34764465367184560  0.36024204363557694  0.37182803133333775  0.38479943120241267
  0.39669671057125344  0.40849469483429612  0.42181268708433012  0.43745721265528076
  0.45284525541382659  0.46895379953547256  0.48405027847929388  0.49408173073161926
  0.50416805487733674  0.51433526504866001  0.52515724861737600  0.53639923304298154
  0.54850197457390182  0.56266388317548932  0.57665797641364192  0.59096519293209770
  0.60694540825421595  0.62392264538812769  0.64157890377978444  0.65437457604019156
  0.66395024795609014  0.67388899578960737  0.68470773444861366  0.69485541601960588
  0.70430046542149449  0.71487133969054950  0.72676626460090477  0.73865052884628268
  0.75213327529818541  0.76928855505441629  0.78535737529066396  0.79682270689888146
  0.80563099471728961  0.81486124121395576  0.82349089420101407  0.83414295333183031
  0.84497600384197802  0.85496918152098689  0.86405214412154441  0.87380920100840764
  0.88356629199679071  0.89231233184308711  0.90070574061235154  0.90898357962823906
  0.91718214175429125  0.92334420012403162  0.92936565738356602  0.93664038132407446
  0.94462625968419178  0.95173120084510954  0.95675637920192780  0.96252212613198695
  0.97033264397137187  0.97918070024891302  0.98873765876076536  1.00000000000000000
 -0.00274617227688555  0.00839773844773944  0.01754030959052546  0.02630188951380389
  0.03547521106793135  0.04417829625760064  0.05343744539323209  0.06541884360896565
  0.07879956978821666  0.08940942442158628  0.09770813153511171  0.10569435691763002
  0.11259252848765329  0.12261967822598721  0.13426592083015623  0.14549849995018693
  0.15998601476676583  0.17609747473716186  0.19199784680990703  0.20702850140908013
  0.22125010084462113  0.23432291027953869  0.24597342342566927  0.25775114576590730
  0.26856541162466535  0.27834681481841245  0.28924576934743917  0.30284864649996041
  0.31788861391418877  0.33225378165665803  0.34412234698417932  0.35482200465516828
  0.36573409999848416  0.37720362557978343  0.38747401986394259  0.39673233509448486
  0.40451622146587646  0.41092607309172263  0.41647525080639813  0.42374574915990876
  0.43134207241126360  0.43896651345363474  0.44716310202631443  0.45535010092634665
  0.46612156099737367  0.47969724589458679  0.49222436215015652  0.50363169681504938
  0.51409396575997146  0.52686148378060293  0.53992782324340094  0.54956154213710762
  0.55892019040552121  0.57082318741651272  0.57967676195381002  0.58821035550555745
  0.59754288617711759  0.60673507705315344  0.61770813390350066  0.62942300688577635
  0.64072091429386324  0.65129098127887630  0.66232416600327748  0.67210260406487599
  0.68197801836877581  0.69323031001463142  0.70509061139760409  0.71398817323690922
  0.72105907007165704  0.72868919212757532  0.73957950235531489  0.75353394319252498
  0.76707537058211650  0.78038074162910998  0.79457427588298091  0.80801963893601003
  0.82064090515505617  0.83261290466074422  0.84400834262035851  0.85454647796411631
  0.86503983551226682  0.87623320071689248  0.88685641762811007  0.89825630794568934
  0.90737591003195583  0.91334610425095841  0.91722279819152863  0.92111130743861136
  0.92570436915277032  0.93371976322524519  0.94413234727409279  0.95288842344326563
  0.96243334663001567  0.97443674346781894  0.98720781603688379  1.00000000000000000
 -0.00407056515565926  0.01571171083416238  0.02959345321449116  0.04002714938295993
  0.04787927420435566  0.05454086482789891  0.06003273315808440  0.06438233600433946
  0.06952428797406818  0.07654533243263671  0.08229190379992493  0.08754775629080035
  0.09295421817876832  0.09885914856145997  0.10416486015930657  0.10848118010397699
  0.11330331092595183  0.11812385854465589  0.12327906208217150  0.12871471146920505
  0.13488224980355346  0.14299465090787641  0.15332540048578974  0.16243797265466067
  0.17043699054559142  0.17915552714762029  0.18965669231548193  0.20567891939600255
  0.21987284881485075  0.23145820837106873  0.24136481643169216  0.25015785826075587
  0.25815932884434911  0.26693454090591295  0.27669321037204253  0.28811967356761287
  0.29906300489215837  0.30952677766199804  0.32017739940461937  0.33027425944875255
  0.33907797623165259  0.34815168424227527  0.35815874757674510  0.37022518713783192
  0.38365282543203666  0.39734644599489460  0.41310474548135451  0.42757565712911305
  0.44365253925052733  0.45908289362334137  0.47391623895299206  0.48956024664684178
  0.50501328564098769  0.52019453952481498  0.53631135990112511  0.55262920732013354
  0.56695069108941964  0.58001433426627103  0.59025037495824118  0.60079769272801298
  0.61385096792509020  0.62667730740699990  0.63780656651459144  0.64807817319756034
  0.65920530063789673  0.66884316328350146  0.67757523265921304  0.68753039151322271
  0.69812234816790353  0.71084340505363430  0.72247982211139794  0.73399931251711581
  0.74641336255804813  0.76082777005893698  0.77720811466871575  0.79301343308873729
  0.80456755648567468  0.81301545073725423  0.82098729831562034  0.82989041446008716
  0.83818560942879550  0.84793230073359671  0.86105425082103881  0.87630202593968543
  0.89157886138794740  0.90544468873088790  0.91751464027642882  0.93178852399337075
  0.93896316901982435  0.94678731647322456  0.95483951841252190  0.96460102009284698
  0.97497295710223908  0.98404823900672234  0.99220597860466087  1.00000000000000000
 -0.00467281603840946  0.01620771199568652  0.03222447803090319  0.04645753085734985
  0.06051237891927417  0.07483699775214060  0.08567886517062195  0.09674541108332631
  0.10770572212325484  0.11894707642477920  0.13050771178129283  0.14139749785923425
  0.15239273099919037  0.16507233252326758  0.17801896164951517  0.19046464998942547
  0.20176873011283430  0.21058571500681653  0.21779144054948957  0.22338802615378670
  0.23002281618587833  0.23887645045418257  0.24829693492849467  0.25701385714551872
  0.26872385247832009  0.28114803798003074  0.29636772478742418  0.31352930529793654
  0.32822195201355403  0.34020341131727028  0.35090063083746370  0.36145508462589915
  0.37182624644457074  0.38102163302340714  0.38912487635343984  0.39741475500767975
  0.40624360683147559  0.41655737280727567  0.42651976694567700  0.43702209368963507
  0.44604236586640883  0.45329211887145066  0.46208950950747812  0.47144101541115652
  0.47988628913488623  0.48766845432416323  0.49545413955697309  0.50446429941862092
  0.51531824662120174  0.52478243234856903  0.53100039906368113  0.53812372139755016
  0.54632274934788549  0.55434325127316253  0.56367187830485532  0.57312522973107560
  0.58084527305842837  0.58916315653859030  0.60646639053773599  0.62047335963772465
  0.63368778371595347  0.64370329362156564  0.65252933499360544  0.66125809387083689
  0.66886683179910933  0.67744322591914052  0.68672351560639378  0.69585178591137831
  0.70429855274976760  0.71375474928442606  0.72379129822416477  0.73463849934323389
  0.74382188591785769  0.75474179583188772  0.76342182662592373  0.77243533534034226
  0.78434305188322684  0.79643684109578750  0.80965674087808470  0.82685489912844412
  0.84609678492121898  0.86123629928581669  0.87308689181129318  0.88363493326165743
  0.89452024542108843  0.90337599322071760  0.91015567411055054  0.91670149305163029
  0.92598717196752567  0.93717267083285505  0.94834144507443263  0.95835733746547391
  0.96929082632890107  0.98133062913944391  0.99178142471263686  1.00000000000000000
 -0.02801369333052615  0.37348472282446610  0.42449231325524756  0.45816075893700531
  0.48303755915980645  0.50200507540943973  0.51418902243509557  0.52564881153335186
  0.53854454856986722  0.54974863467756341  0.55858743856476867  0.56797347473076265
  0.57923684806216214  0.59152741116691898  0.60341590354492780  0.61118097233413171
  0.61717452482287560  0.62156021374275072  0.62529111821565198  0.62965142544546204
  0.63589003643647424  0.64250337802640967  0.64784417354645474  0.65200516865883118
  0.65586646512834801  0.65886013521392195  0.66203257188522746  0.66580484064066614
  0.67086977709843110  0.67625134651190588  0.67999709570291900  0.68260958459506704
  0.68528285325245830  0.68878360126188243  0.69246276827391484  0.69544078250739905
  0.69851914816390492  0.70180585886248703  0.70545387270172155  0.70994727869750651
  0.71528746777264707  0.72121024963392244  0.72724386753701398  0.73280755965810440
  0.73768077853700098  0.74269615503270847  0.74825535427733003  0.75312103963448229
  0.75734670584578634  0.76135106291868160  0.76530143240951243  0.77014346767389241
  0.77549847174048814  0.78092111298554590  0.78619207074133546  0.79129909121938624
  0.79652306946981455  0.80195265980112862  0.80690493690663379  0.81116748070898692
  0.81556349501337555  0.82004975058933183  0.82447359423194033  0.82913086466962349
  0.83408137669989602  0.83925409660104633  0.84444754441137460  0.84939827699875270
  0.85493817537451344  0.86036633032099918  0.86564903009796490  0.87085001988157473
  0.87495055780103614  0.87920015474767899  0.88319261037173902  0.88689231528691204
  0.89071250227512888  0.89413634789091190  0.89745639708864189  0.90091059289806430
  0.90477133341263638  0.90875115197480461  0.91277030880738397  0.91623597696536785
  0.91993220053654379  0.92356941165948570  0.92713845566750153  0.93015869336179702
  0.93327231288061785  0.93705161046738195  0.94157541109778187  0.94655437234430106
  0.95182273142413087  0.95890664499248413  0.97263804969842593  1.00000000000000000
 -0.02388041149977174  0.13554054190788847  0.20812304520248665  0.25227709236303536
  0.27491474565089913  0.29299981028141181  0.30780921488085766  0.31921397880948926
  0.32953918522940495  0.33791030849769566  0.34603977656728435  0.35507419162294085
  0.36447539457854661  0.37411938479108203  0.38598586280200425  0.39964679208605608
  0.41299604722424460  0.42480887640977327  0.43432448914770516  0.44164455994248786
  0.44830231238609930  0.45534812580624656  0.46370641998147460  0.47111591811577636
  0.47717866325591263  0.48241292904448069  0.48738394463594498  0.49225981445339551
  0.49689223408062894  0.50148263182824182  0.50650203709835340  0.51008880083989894
  0.51294292650042994  0.51565921993481745  0.51947277101131850  0.52293547019307207
  0.52738084886645353  0.53274386026716380  0.53810512881494310  0.54435855991621662
  0.55144763203742841  0.55910854429545798  0.56672939183095761  0.57341889421831616
  0.57995060755737537  0.58607755566764130  0.59224752615609821  0.59819313115256589
  0.60389317308282298  0.60894063162129519  0.61343213889053771  0.61789220979114334
  0.62242577140158739  0.62611435803955218  0.62952075765725823  0.63296106267093255
  0.63662640778578738  0.64032682546251329  0.64402929438605905  0.64841051029983043
  0.65286961966976942  0.65697894471031859  0.66068358149218065  0.66431628917515884
  0.66810954266953493  0.67260665265735742  0.67704410656535785  0.68047035844445536
  0.68343906222399042  0.68626078985538141  0.69073129699251079  0.69641060805417254
  0.70375371430637712  0.71021460382947277  0.71602644507051161  0.72141945266790364
  0.72653608162852756  0.73158178883308134  0.73654976063485000  0.74179095391814698
  0.74754401901327416  0.75414284608202453  0.76130486914256501  0.76900916025193244
  0.77745634449836776  0.78719142203099290  0.79824281365199001  0.81081395887792507
  0.82208334556659901  0.83169360738694464  0.84150679640602344  0.85113968175836652
  0.86362016983378820  0.88286168673481946  0.91643648014261392  1.00000000000000000
   2.9492623108005077E-013  -1.0000000000000000     
 T F F T F F F F F F F F T F F T F F F F F F F F F F F F F F F F F F F F F F F F F F F F F F F F T F F T F F F F F F F F T F F T F F F F F F F F F F F F F F F F F F F F F F F F F F F F F F F F F F F F F F F F F F F F F F F F F F F F F F F F F F F F F F F F F F F F F F F F F F F F F F F F F F F F F F F F F F F F F F F F F F F F F F F F F F F F F F F F F F F F F F F F F F F F F F F F T F F T F F F F F F F F T F F T F F F F F F F F F F F F F F F F F F F F F F F F F F F F F F F F T F F T F F F F F F F F T F F T T F F T F F F F F F F F T F F T F F F F F F F F F F F F F F F F F F F F F F F F F F F F F F F F T F F T F F F F F F F F T F F T F F F F F F F F F F F F F F F F F F F F F F F F F F F F F F F F F F F F F F F F F F F F F F F F F F F F F F F F F F F F F F F F F F F F F F F F F F F F F F F F F F F F F F F F F F F F F F F F F F F F F F F F F F F F F F F F F F F F F F F F F F F F F F F F T F F T F F F F F F F F T F F T F F F F F F F F F F F F F F F F F F F F F F F F F F F F F F F F T F F T F F F F F F F F T F F T
  <DiscreteSampler_grid>
  grouped_processes
  1 # 1 for a reference and 2 for a running grid.
  10 # Attribute 'min_bin_probing_points' of the grid.
  1 # Attribute 'grid_mode' of the grid. 1=='default',2=='initialization'
  0.0000000000000000 # Attribute 'small_contrib_threshold' of the grid.
  0.5000000000000000 # Attribute 'damping_power' of the grid.
 # binID   n_entries weight   weight_sqr   abs_weight
    43   10   1.122167075131829E-010   8.618996166763207E-020   1.122167075131829E-010
    44   10   1.122167075131834E-010   8.618996166763302E-020   1.122167075131834E-010
    46   10   1.122167075131829E-010   8.618996166763207E-020   1.122167075131829E-010
    47   10   1.122167075131834E-010   8.618996166763302E-020   1.122167075131834E-010
    49   10   1.475664629713489E-010   1.561096784435775E-019   1.475664629713489E-010
    50   10   1.475664629713496E-010   1.561096784435793E-019   1.475664629713496E-010
    52   10   1.403830539729013E-010   1.329852168842296E-019   1.403830539729013E-010
    53   10   1.403830539729026E-010   1.329852168842317E-019   1.403830539729026E-010
    55   10   1.844260516724541E-010   2.407650701929522E-019   1.844260516724541E-010
    56   10   1.844260516724558E-010   2.407650701929562E-019   1.844260516724558E-010
    58   10   1.844260516724541E-010   2.407650701929522E-019   1.844260516724541E-010
    59   10   1.844260516724558E-010   2.407650701929562E-019   1.844260516724558E-010
    61   10   1.475664629713490E-010   1.561096784435777E-019   1.475664629713490E-010
    62   10   1.475664629713498E-010   1.561096784435796E-019   1.475664629713498E-010
    64   10   1.475664629713490E-010   1.561096784435777E-019   1.475664629713490E-010
    65   10   1.475664629713498E-010   1.561096784435796E-019   1.475664629713498E-010
    67   10   1.954515123458550E-010   2.914272603562366E-019   1.954515123458550E-010
    68   10   1.954515123458561E-010   2.914272603562403E-019   1.954515123458561E-010
    70   10   1.844260516724541E-010   2.407650701929526E-019   1.844260516724541E-010
    71   10   1.844260516724559E-010   2.407650701929565E-019   1.844260516724559E-010
    73   10   2.439500513689632E-010   4.492665829252528E-019   2.439500513689632E-010
    74   10   2.439500513689653E-010   4.492665829252598E-019   2.439500513689653E-010
    76   10   2.439500513689632E-010   4.492665829252528E-019   2.439500513689632E-010
    77   10   2.439500513689653E-010   4.492665829252598E-019   2.439500513689653E-010
  </DiscreteSampler_grid>
