     
 Collinear #           9
 ME*wgt:
   0.0000000000000000        0.0000000000000000        6.2695633765182014E-022
   0.0000000000000000        0.0000000000000000        6.2695633765182014E-022
   0.0000000000000000        0.0000000000000000        6.2695633765182014E-022
   0.0000000000000000        0.0000000000000000        6.2695633765182014E-022
   0.0000000000000000        0.0000000000000000        6.2695633765182014E-022
   0.0000000000000000        0.0000000000000000        6.2695633765182014E-022
   0.0000000000000000        0.0000000000000000        6.2695633765182014E-022
   0.0000000000000000        0.0000000000000000        6.2695633765182014E-022
   0.0000000000000000        0.0000000000000000        6.2695633765182014E-022
   0.0000000000000000        0.0000000000000000        6.2695633765182014E-022
 wgt:
   1.0000000438294441        1.1375788297162865E-004   1.1375787798568410E-004
   1.0000000042010504        1.1375787846358669E-004   1.1375787798568410E-004
   1.0000000004183682        1.1375787803327680E-004   1.1375787798568410E-004
   1.0000000000418197        1.1375787799044142E-004   1.1375787798568410E-004
   1.0000000000041815        1.1375787798615980E-004   1.1375787798568410E-004
   1.0000000000004183        1.1375787798573169E-004   1.1375787798568410E-004
   1.0000000000000420        1.1375787798568887E-004   1.1375787798568410E-004
   1.0000000000000042        1.1375787798568459E-004   1.1375787798568410E-004
   1.0000000000000002        1.1375787798568413E-004   1.1375787798568410E-004
   1.0000000000000000        1.1375787798568410E-004   1.1375787798568410E-004
     
 Collinear #          32
 ME*wgt:
   0.0000000000000000        0.0000000000000000        1.6008695938448483E-028
   0.0000000000000000        0.0000000000000000        1.6008695938448483E-028
   0.0000000000000000        0.0000000000000000        1.6008695938448483E-028
   0.0000000000000000        0.0000000000000000        1.6008695938448483E-028
   0.0000000000000000        0.0000000000000000        1.6008695938448483E-028
   0.0000000000000000        0.0000000000000000        1.6008695938448483E-028
   0.0000000000000000        0.0000000000000000        1.6008695938448483E-028
   0.0000000000000000        0.0000000000000000        1.6008695938448483E-028
   0.0000000000000000        0.0000000000000000        1.6008695938448483E-028
   0.0000000000000000        0.0000000000000000        1.6008695938448483E-028
 wgt:
   1.0000000072895781        2.6488194230790826E-007   2.6488194037703069E-007
   1.0000000006987058        2.6488194056210522E-007   2.6488194037703069E-007
   1.0000000000695819        2.6488194039546171E-007   2.6488194037703069E-007
   1.0000000000069555        2.6488194037887310E-007   2.6488194037703069E-007
   1.0000000000006957        2.6488194037721498E-007   2.6488194037703069E-007
   1.0000000000000693        2.6488194037704906E-007   2.6488194037703069E-007
   1.0000000000000071        2.6488194037703255E-007   2.6488194037703069E-007
   1.0000000000000007        2.6488194037703085E-007   2.6488194037703069E-007
   1.0000000000000000        2.6488194037703069E-007   2.6488194037703069E-007
   1.0000000000000000        2.6488194037703069E-007   2.6488194037703069E-007
