file mass fw fww cs csNLO k-factor khzz khww khdz khdw rhoH
1 900 1500 0 0.000214222 0.000302626 1.41267 0.05
2 900 1300 0 0.000158422 0.000225966 1.42635 0.05
3 900 1100 0 0.000112712 0.000160371 1.42284 0.05
4 900 900 0 7.40616e-05 0.00010642 1.43691 0.05
5 900 700 0 4.41749e-05 6.37144e-05 1.44232 0.05
6 900 600 0 3.22487e-05 4.65021e-05 1.44198 0.05
7 900 500 0 2.22031e-05 3.19585e-05 1.43937 0.05
8 900 400 0 1.39624e-05 2.0163e-05 1.44409 0.05
9 900 300 0 7.68233e-06 1.10687e-05 1.4408 0.05
10 900 200 0 3.23744e-06 4.68276e-06 1.44644 0.05
11 900 100 0 6.99187e-07 1.00815e-06 1.44189 0.05
12 900 -1500 0 0.000222746 0.000316656 1.4216 0.05
13 900 -1300 0 0.000167275 0.000237935 1.42242 0.05
14 900 -1100 0 0.00011992 0.000171219 1.42777 0.05
15 900 -900 0 8.05289e-05 0.000114809 1.42569 0.05
16 900 -700 0 4.89208e-05 6.98979e-05 1.42879 0.05
17 900 -600 0 3.60448e-05 5.16731e-05 1.43358 0.05
18 900 -500 0 2.5294e-05 3.61241e-05 1.42817 0.05
19 900 -400 0 1.63611e-05 2.34644e-05 1.43416 0.05
20 900 -300 0 9.41749e-06 1.35095e-05 1.43451 0.05
21 900 -200 0 4.37702e-06 6.28466e-06 1.43583 0.05
22 900 -100 0 1.25528e-06 1.795e-06 1.42996 0.05
23 900 0 12000 0.000512249 0.000689939 1.34688 0.05
24 900 0 10000 0.000359215 0.00048491 1.34991 0.05
25 900 0 8000 0.000232235 0.000313618 1.35043 0.05
26 900 0 6000 0.000131864 0.000179391 1.36043 0.05
27 900 0 5000 9.21882e-05 0.000125838 1.36501 0.05
28 900 0 4000 5.93878e-05 8.17584e-05 1.37669 0.05
29 900 0 3000 3.3858e-05 4.73338e-05 1.39801 0.05
30 900 0 2000 1.54469e-05 2.20759e-05 1.42914 0.05
31 900 0 1000 4.03517e-06 6.02069e-06 1.49205 0.05
32 900 0 700 1.98261e-06 3.01396e-06 1.5202 0.05
33 900 0 400 6.43805e-07 9.81029e-07 1.5238 0.05
34 900 0 -12000 0.000513274 0.000692108 1.34842 0.05
35 900 0 -10000 0.000361 0.000485633 1.34524 0.05
36 900 0 -8000 0.00023377 0.000314486 1.34528 0.05
37 900 0 -6000 0.00013326 0.00017997 1.35052 0.05
38 900 0 -5000 9.33072e-05 0.000126525 1.356 0.05
39 900 0 -4000 6.00218e-05 8.2554e-05 1.3754 0.05
40 900 0 -3000 3.46563e-05 4.81294e-05 1.38876 0.05
41 900 0 -2000 1.61483e-05 2.28895e-05 1.41746 0.05
42 900 0 -1000 4.49711e-06 6.63903e-06 1.47629 0.05
43 900 0 -700 2.32601e-06 3.49525e-06 1.50268 0.05
44 900 0 -400 8.47594e-07 1.27393e-06 1.50299 0.05
45 900 100 241.4 1.04218e-06 1.53537e-06 1.47323 0.05
46 900 200 482.8 4.69357e-06 6.8343e-06 1.4561 0.05
47 900 300 724.2 1.07883e-05 1.54983e-05 1.43659 0.05
48 900 400 965.6 1.91923e-05 2.70877e-05 1.41139 0.05
49 900 500 1207 2.94789e-05 4.10058e-05 1.39102 0.05
50 900 600 1448.4 4.1276e-05 5.71694e-05 1.38505 0.05
51 900 700 1689.8 5.54118e-05 7.50326e-05 1.35409 0.05
52 900 800 1931.2 7.12155e-05 9.49931e-05 1.33388 0.05
53 900 900 2172.6 8.90464e-05 0.000116762 1.31124 0.05
54 900 1000 2414 0.000109222 0.000140447 1.28588 0.05
55 900 1100 2655.4 0.000129803 0.000166229 1.28062 0.05
56 900 1200 2896.8 0.000152567 0.00019447 1.27465 0.05
57 900 1300 3138.2 0.000178479 0.000224881 1.25998 0.05
58 900 100 600 2.46204e-06 3.66304e-06 1.48781 0.05
59 900 200 1200 1.00627e-05 1.4475e-05 1.43848 0.05
60 900 300 1800 2.22483e-05 3.08339e-05 1.3859 0.05
61 900 400 2400 3.84769e-05 5.23963e-05 1.36176 0.05
62 900 500 3000 5.94816e-05 7.94442e-05 1.33561 0.05
63 900 600 3600 8.44818e-05 0.000112314 1.32944 0.05
64 900 700 4200 0.000114694 0.000150391 1.31124 0.05
65 900 800 4800 0.000148519 0.000194904 1.31232 0.05
66 900 900 5400 0.000187867 0.00024495 1.30385 0.05
67 900 1000 6000 0.00023012 0.000300275 1.30486 0.05
68 900 50 767 2.70863e-06 4.07165e-06 1.50321 0.05
69 900 100 1534 1.07015e-05 1.54296e-05 1.44181 0.05
70 900 150 2301 2.32514e-05 3.29059e-05 1.41522 0.05
71 900 200 3068 4.07736e-05 5.64462e-05 1.38438 0.05
72 900 250 3835 6.35115e-05 8.63508e-05 1.35961 0.05
73 900 300 4602 9.01035e-05 0.000122475 1.35927 0.05
74 900 350 5369 0.00012237 0.000165216 1.35013 0.05
75 900 400 6136 0.00016109 0.000214575 1.33202 0.05
76 900 450 6903 0.000201953 0.000269864 1.33627 0.05
77 900 500 7670 0.000248639 0.000331662 1.33391 0.05
78 900 550 8437 0.000300272 0.000399933 1.3319 0.05
79 900 600 9204 0.000357338 0.0004737 1.32564 0.05
80 900 650 9971 0.000417694 0.000554699 1.328 0.05
81 900 700 10738 0.000480459 0.000640761 1.33364 0.05
82 900 750 11505 0.000552014 0.000733331 1.32847 0.05
83 900 800 12272 0.000631238 0.000830964 1.3164 0.05
84 900 -100 -241.4 1.72787e-06 2.49832e-06 1.44589 0.05
85 900 -200 -482.8 6.07846e-06 8.76887e-06 1.44261 0.05
86 900 -300 -724.2 1.28865e-05 1.85538e-05 1.43979 0.05
87 900 -400 -965.6 2.21464e-05 3.14269e-05 1.41905 0.05
88 900 -500 -1207 3.37377e-05 4.72615e-05 1.40085 0.05
89 900 -600 -1448.4 4.7323e-05 6.57033e-05 1.3884 0.05
90 900 -700 -1689.8 6.24536e-05 8.64954e-05 1.38495 0.05
91 900 -800 -1931.2 8.0754e-05 0.00011 1.36216 0.05
92 900 -900 -2172.6 0.00010026 0.000135673 1.35321 0.05
93 900 -1000 -2414 0.000121451 0.000163662 1.34756 0.05
94 900 -1100 -2655.4 0.000145234 0.000194289 1.33777 0.05
95 900 -1200 -2896.8 0.000170376 0.000226725 1.33073 0.05
96 900 -1300 -3138.2 0.000198985 0.000261801 1.31568 0.05
97 900 -100 241.4 1.29952e-06 1.87021e-06 1.43916 0.05
98 900 -200 482.8 4.6447e-06 6.63542e-06 1.4286 0.05
99 900 -300 724.2 9.9068e-06 1.40591e-05 1.41914 0.05
100 900 -400 965.6 1.7093e-05 2.39887e-05 1.40343 0.05
101 900 -500 1207 2.61898e-05 3.62326e-05 1.38346 0.05
102 900 -600 1448.4 3.6971e-05 5.07329e-05 1.37224 0.05
103 900 -700 1689.8 4.94769e-05 6.75836e-05 1.36596 0.05
104 900 -800 1931.2 6.36649e-05 8.68209e-05 1.36372 0.05
105 900 -900 2172.6 8.00221e-05 0.000108192 1.35202 0.05
106 900 -1000 2414 9.85656e-05 0.00013213 1.34053 0.05
107 900 -1100 2655.4 0.000117692 0.000158165 1.34389 0.05
108 900 -1200 2896.8 0.000139632 0.000186623 1.33654 0.05
109 900 -1300 3138.2 0.000163323 0.000217143 1.32953 0.05
110 900 100 -241.4 8.70504e-07 1.2732e-06 1.46261 0.05
111 900 200 -482.8 3.74504e-06 5.3915e-06 1.43964 0.05
112 900 300 -724.2 8.49431e-06 1.20558e-05 1.41928 0.05
113 900 400 -965.6 1.49909e-05 2.09007e-05 1.39423 0.05
114 900 500 -1207 2.32661e-05 3.17885e-05 1.3663 0.05
115 900 600 -1448.4 3.29763e-05 4.47303e-05 1.35644 0.05
116 900 700 -1689.8 4.4733e-05 5.99538e-05 1.34026 0.05
117 900 800 -1931.2 5.84047e-05 7.71299e-05 1.32061 0.05
118 900 900 -2172.6 7.31263e-05 9.70904e-05 1.32771 0.05
119 900 1000 -2414 8.99801e-05 0.00011904 1.32296 0.05
120 900 1100 -2655.4 0.000109097 0.000142906 1.30989 0.05
121 900 1200 -2896.8 0.000130103 0.000169411 1.30213 0.05
122 900 1300 -3138.2 0.000152159 0.000198845 1.30683 0.05
123 900 -100 -600 3.29988e-06 4.86718e-06 1.47496 0.05
124 900 -200 -1200 1.17271e-05 1.68073e-05 1.4332 0.05
125 900 -300 -1800 2.46429e-05 3.43631e-05 1.39445 0.05
126 900 -400 -2400 4.20597e-05 5.72418e-05 1.36097 0.05
127 900 -500 -3000 6.3963e-05 8.56638e-05 1.33927 0.05
128 900 -600 -3600 8.95286e-05 0.000119691 1.3369 0.05
129 900 -700 -4200 0.000120522 0.000159431 1.32283 0.05
130 900 -800 -4800 0.000156409 0.000205101 1.31131 0.05
131 900 -900 -5400 0.000195727 0.000255943 1.30765 0.05
132 900 -1000 -6000 0.000240559 0.000313944 1.30506 0.05
133 900 -100 600 2.29764e-06 3.37556e-06 1.46914 0.05
134 900 -200 1200 8.4797e-06 1.2186e-05 1.43708 0.05
135 900 -300 1800 1.82746e-05 2.56593e-05 1.4041 0.05
136 900 -400 2400 3.1535e-05 4.36816e-05 1.38518 0.05
137 900 -500 3000 4.85311e-05 6.63903e-05 1.368 0.05
138 900 -600 3600 6.887e-05 9.3836e-05 1.36251 0.05
139 900 -700 4200 9.31189e-05 0.000125982 1.35292 0.05
140 900 -800 4800 0.000120574 0.000162758 1.34985 0.05
141 900 -900 5400 0.000152467 0.000204523 1.34142 0.05
142 900 -1000 6000 0.000186221 0.000250048 1.34275 0.05
143 900 100 -600 2.04055e-06 3.03385e-06 1.48678 0.05
144 900 200 -1200 7.85365e-06 1.12567e-05 1.43331 0.05
145 900 300 -1800 1.70739e-05 2.3779e-05 1.39271 0.05
146 900 400 -2400 2.97448e-05 4.06442e-05 1.36643 0.05
147 900 500 -3000 4.61101e-05 6.2268e-05 1.35042 0.05
148 900 600 -3600 6.58937e-05 8.86289e-05 1.34503 0.05
149 900 700 -4200 8.9611e-05 0.000119437 1.33284 0.05
150 900 800 -4800 0.000116077 0.000155453 1.33923 0.05
151 900 900 -5400 0.000147167 0.000196206 1.33322 0.05
152 900 1000 -6000 0.000181491 0.000241117 1.32853 0.05
153 900 -50 -767 3.34733e-06 4.96843e-06 1.4843 0.05
154 900 -100 -1534 1.18766e-05 1.69736e-05 1.42917 0.05
155 900 -150 -2301 2.50482e-05 3.49634e-05 1.39584 0.05
156 900 -200 -3068 4.31577e-05 5.91221e-05 1.36991 0.05
157 900 -250 -3835 6.58035e-05 8.94967e-05 1.36006 0.05
158 900 -300 -4602 9.36414e-05 0.000126019 1.34576 0.05
159 900 -350 -5369 0.000126306 0.000169266 1.34013 0.05
160 900 -400 -6136 0.000164136 0.000218697 1.33242 0.05
161 900 -450 -6903 0.000206552 0.000274493 1.32893 0.05
162 900 -500 -7670 0.000253995 0.000336906 1.32643 0.05
163 900 -550 -8437 0.000305714 0.000405357 1.32594 0.05
164 900 -600 -9204 0.000361158 0.000480209 1.32964 0.05
165 900 -650 -9971 0.000423014 0.000560846 1.32584 0.05
166 900 -700 -10738 0.000490084 0.000647631 1.32147 0.05
167 900 -750 -11505 0.000559935 0.000740563 1.32259 0.05
168 900 -800 -12272 0.000633853 0.000838557 1.32295 0.05
169 900 -50 767 2.53523e-06 3.78598e-06 1.49335 0.05
170 900 -100 1534 9.56316e-06 1.38277e-05 1.44593 0.05
171 900 -150 2301 2.07998e-05 2.93802e-05 1.41252 0.05
172 900 -200 3068 3.6154e-05 5.04798e-05 1.39624 0.05
173 900 -250 3835 5.56559e-05 7.70214e-05 1.38389 0.05
174 900 -300 4602 7.93595e-05 0.00010953 1.38017 0.05
175 900 -350 5369 0.000107884 0.000147389 1.36619 0.05
176 900 -400 6136 0.000140167 0.000190818 1.36136 0.05
177 900 -450 6903 0.00017582 0.000239924 1.3646 0.05
178 900 -500 7670 0.000217995 0.000294417 1.35057 0.05
179 900 -550 8437 0.000262091 0.000354552 1.35278 0.05
180 900 -600 9204 0.000312098 0.000420183 1.34632 0.05
181 900 -650 9971 0.000365341 0.000489972 1.34113 0.05
182 900 -700 10738 0.000419906 0.000566632 1.34942 0.05
183 900 -750 11505 0.000480753 0.000647269 1.34637 0.05
184 900 -800 12272 0.00054384 0.000732608 1.3471 0.05
185 900 50 -767 2.62104e-06 3.91978e-06 1.4955 0.05
186 900 100 -1534 9.62846e-06 1.38132e-05 1.43463 0.05
187 900 150 -2301 2.05548e-05 2.88957e-05 1.40579 0.05
188 900 200 -3068 3.55913e-05 4.95035e-05 1.39089 0.05
189 900 250 -3835 5.50427e-05 7.5575e-05 1.37302 0.05
190 900 300 -4602 7.92286e-05 0.000107505 1.35689 0.05
191 900 350 -5369 0.000106153 0.00014522 1.36802 0.05
192 900 400 -6136 0.000138868 0.000187889 1.353 0.05
193 900 450 -6903 0.000173988 0.000236561 1.35964 0.05
194 900 500 -7670 0.000215821 0.000290982 1.34825 0.05
195 900 550 -8437 0.000259893 0.000350357 1.34808 0.05
196 900 600 -9204 0.000309643 0.000415482 1.34181 0.05
197 900 650 -9971 0.000361933 0.000485633 1.34178 0.05
198 900 700 -10738 0.000417222 0.000561569 1.34597 0.05
199 900 750 -11505 0.000475981 0.000641122 1.34695 0.05
200 900 800 -12272 0.000538471 0.000727907 1.3518 0.05
201 900 280 0 6.61459e-06 9.60418e-06 1.45197 0.05
202 900 260 0 5.64652e-06 8.19031e-06 1.45051 0.05
203 900 240 0 4.80272e-06 6.91385e-06 1.43957 0.05
204 900 -280 0 8.25479e-06 1.18461e-05 1.43506 0.05
205 900 -260 0 7.18635e-06 1.02876e-05 1.43155 0.05
206 900 -240 0 6.16063e-06 8.82311e-06 1.43218 0.05
207 900 0 1800 1.26113e-05 1.81669e-05 1.44053 0.05
208 900 0 1700 1.12788e-05 1.63264e-05 1.44752 0.05
209 900 0 1600 1.00463e-05 1.45762e-05 1.45091 0.05
210 900 0 -1800 1.32993e-05 1.89408e-05 1.4242 0.05
211 900 0 -1700 1.19037e-05 1.70894e-05 1.43563 0.05
212 900 0 -1600 1.07191e-05 1.53645e-05 1.43338 0.05
213 900 240 579.36 6.84784e-06 9.9477e-06 1.45268 0.05
214 900 260 627.64 8.0146e-06 1.16906e-05 1.45867 0.05
215 900 280 675.92 9.38392e-06 1.35601e-05 1.44504 0.05
216 900 -240 579.36 6.48064e-06 9.30043e-06 1.43511 0.05
217 900 -260 627.64 7.58189e-06 1.07758e-05 1.42125 0.05
218 900 -280 675.92 8.78563e-06 1.23632e-05 1.40721 0.05
219 900 240 -579.36 5.41323e-06 7.76723e-06 1.43486 0.05
220 900 260 -627.64 6.37345e-06 9.09793e-06 1.42747 0.05
221 900 280 -675.92 7.38961e-06 1.05226e-05 1.42398 0.05
222 900 -240 -579.36 8.50357e-06 1.22764e-05 1.44368 0.05
223 900 -260 -627.64 9.84067e-06 1.42327e-05 1.44631 0.05
224 900 -280 -675.92 1.13353e-05 1.63408e-05 1.44159 0.05
225 900 160 960 6.46867e-06 9.42337e-06 1.45677 0.05
226 900 180 1080 8.23482e-06 1.1828e-05 1.43634 0.05
227 900 250 1500 1.55252e-05 2.19818e-05 1.41588 0.05
228 900 -160 960 5.56789e-06 8.07459e-06 1.45021 0.05
229 900 -180 1080 6.99799e-06 1.00417e-05 1.43494 0.05
230 900 -250 1500 1.29451e-05 1.83441e-05 1.41707 0.05
231 900 160 -960 5.1464e-06 7.42009e-06 1.4418 0.05
232 900 180 -1080 6.38997e-06 9.24619e-06 1.44698 0.05
233 900 250 -1500 1.19997e-05 1.69845e-05 1.41541 0.05
234 900 -160 -960 7.79502e-06 1.13109e-05 1.45105 0.05
235 900 -180 -1080 9.70176e-06 1.39181e-05 1.4346 0.05
236 900 -250 -1500 1.76651e-05 2.48855e-05 1.40874 0.05
237 900 140 2147.6 2.05292e-05 2.8874e-05 1.40649 0.05
238 900 130 1994.2 1.77843e-05 2.5135e-05 1.41333 0.05
239 900 120 1840.8 1.5215e-05 2.16564e-05 1.42336 0.05
240 900 -140 2147.6 1.81903e-05 2.8874e-05 1.58733 0.05
241 900 -130 1994.2 1.57841e-05 2.5135e-05 1.59243 0.05
242 900 -120 1840.8 1.34984e-05 2.16564e-05 1.60436 0.05
243 900 140 -2147.6 1.81214e-05 2.8874e-05 1.59336 0.05
244 900 130 -1994.2 1.57052e-05 2.5135e-05 1.60043 0.05
245 900 120 -1840.8 1.35287e-05 2.16564e-05 1.60077 0.05
246 900 -140 -2147.6 2.20379e-05 2.8874e-05 1.3102 0.05
247 900 -130 -1994.2 1.92792e-05 2.5135e-05 1.30374 0.05
248 900 -120 -1840.8 1.65813e-05 2.16564e-05 1.30607 0.05
249 900 0 2050 1.61343e-05 2.311e-05 1.43235 0.05
250 900 0 1950 1.46889e-05 2.10851e-05 1.43544 0.05
251 900 0 1900 1.39745e-05 2.00907e-05 1.43767 0.05
252 900 0 -2050 1.69203e-05 2.39237e-05 1.4139 0.05
253 900 0 -1950 1.54115e-05 2.1877e-05 1.41952 0.05
254 900 0 -1900 1.46717e-05 2.0897e-05 1.42431 0.05
255 900 195 1170 9.60639e-06 1.38024e-05 1.43679 0.05
256 900 190 1140 9.08676e-06 1.3137e-05 1.44573 0.05
257 900 210 -1260 8.60574e-06 1.22981e-05 1.42906 0.05
258 900 220 -1320 9.40734e-06 1.3401e-05 1.42453 0.05
259 900 230 -1380 1.02217e-05 1.45509e-05 1.42353 0.05
260 900 105 1610.7 1.17226e-05 1.69086e-05 1.44238 0.05
261 900 110 1687.4 1.27643e-05 1.84201e-05 1.44309 0.05
262 900 -105 1610.7 1.05015e-05 1.51439e-05 1.44207 0.05
263 900 -110 1687.4 1.1438e-05 1.65108e-05 1.4435 0.05
264 900 105 -1610.7 1.04884e-05 1.50861e-05 1.43836 0.05
265 900 110 -1687.4 1.15319e-05 1.64312e-05 1.42485 0.05
266 900 -105 -1610.7 1.29115e-05 1.85105e-05 1.43364 0.05
267 900 -110 -1687.4 1.41037e-05 2.0087e-05 1.42424 0.05
268 900 -90 -1380.6 9.77236e-06 1.40808e-05 1.44088 0.05
269 900 113 -1733.42 1.20664e-05 1.7234e-05 1.42827 0.05
270 900 116 -1779.44 1.26755e-05 1.80838e-05 1.42667 0.05
271 900 0 1820 1.29101e-05 1.85394e-05 1.43603 0.05
272 900 0 1840 1.31697e-05 1.89118e-05 1.43601 0.05
273 900 0 1880 1.37263e-05 1.96965e-05 1.43495 0.05
274 900 0 -1820 1.35903e-05 1.93024e-05 1.4203 0.05
275 900 0 -1840 1.38787e-05 1.97001e-05 1.41945 0.05
276 900 0 -1880 1.43427e-05 2.04812e-05 1.42798 0.05
281 900 -1100 6600 0.000225441 0.000300926 1.33483 0.05
282 900 -1200 7200 0.000267086 0.000356613 1.3352 0.05
283 900 1100 -6600 0.000218891 0.000291018 1.32951 0.05
284 900 1200 -7200 0.000260478 0.000345439 1.32618 0.05
