  0.02420912954357063  0.03206836690797842  0.04176397409372149  0.05045918917256287
  0.05985284321430823  0.06965100190640328  0.07981859834686142  0.08946240668062437
  0.09874672908677033  0.10832173354943468  0.11819673439948922  0.12891902111602091
  0.14042550491848535  0.15211868453914776  0.16487126684848605  0.17864948614986334
  0.19213229971373949  0.20436292617849294  0.21626287568288430  0.22701842502015573
  0.23808281611591348  0.24843282714125334  0.25881486459438036  0.26868054434345801
  0.27743272940424907  0.28640335776901238  0.29493522792645982  0.30401545284598841
  0.31369558874050874  0.32362600237897737  0.33443451817259923  0.34520594557916767
  0.35532340071432061  0.36546287135588268  0.37591209891012445  0.38652778422885142
  0.39650486824873682  0.40625677227476420  0.41588428984672915  0.42634519852742947
  0.43640955314552610  0.44596280402926042  0.45548153040652012  0.46525595599612746
  0.47528378545212124  0.48526713191900994  0.49493504886252238  0.50484807670950593
  0.51548145618351082  0.52722808941222787  0.53730702542982789  0.54713872696695232
  0.55669730177713139  0.56635830045609159  0.57626668572612016  0.58619534629214054
  0.59688477266611761  0.60953739269204721  0.62366845330846798  0.63734050636959383
  0.64945245182328737  0.66041835250396641  0.67110857064318830  0.68189694200026896
  0.69304595458500062  0.70368795807802853  0.71302488769838201  0.72129193112567491
  0.72947964506314322  0.73807545493082449  0.74774394202722594  0.75716674640839898
  0.76563467676017194  0.77509483545203417  0.78575016992445190  0.79712201108910319
  0.80838670570000704  0.81902537163924560  0.82851854661885382  0.83721532979929802
  0.84564706571019554  0.85352338980378251  0.86116597850955356  0.86911551692338662
  0.87848867426425969  0.88857733818724971  0.89789744233808133  0.90672783661208312
  0.91523700831260346  0.92548262151683547  0.93571789304339681  0.94638845086517021
  0.95685966186310667  0.96568311310631749  0.97135943056587248  1.00000000000000000
  0.02375583550297962  0.03476527135125743  0.04492091286583931  0.05728891698274299
  0.07027106149177983  0.08174969603581131  0.09279344377504885  0.10334633950681087
  0.11476333192876029  0.12558963512814353  0.13413000030672362  0.14215779469861026
  0.14936813802506405  0.15732718248473221  0.16773631497683272  0.17758922433926902
  0.18665170600969935  0.19532652384264262  0.20419383121953116  0.21385604464471347
  0.22441002586791134  0.23547721180369965  0.24681488618055464  0.25900815289884060
  0.27070779308136478  0.28121817694900225  0.29221321045046300  0.30424830027265209
  0.31728324134989488  0.33025485880436622  0.34144141130916911  0.35114510482383371
  0.36034227472471614  0.36924565572628137  0.37835389816698795  0.38683767384171974
  0.39544031015950049  0.40381148499315950  0.41252782584519843  0.42090235812880289
  0.42961688058945302  0.43875560004289643  0.44888851155424336  0.45856311177596903
  0.46686583361487005  0.47489628602476647  0.48326125671178050  0.49102953678629541
  0.49954531106221439  0.50900345140205749  0.51920898236494228  0.52913423283413297
  0.53931038758724226  0.54919789679305053  0.55891965406907040  0.56914269815853558
  0.58304421534413831  0.59308695177535153  0.60322576019383067  0.61405907130861814
  0.62497726082291560  0.63578813856344873  0.64763514574013703  0.66058166623675518
  0.67452384366413454  0.68821983329308134  0.70120202024073708  0.71282892602064185
  0.72312373327001933  0.73317673007341932  0.74266648309332439  0.75246574496072427
  0.76256080638749757  0.77314526567086528  0.78597897250922977  0.79735898304054387
  0.80729701865949000  0.81605233731126947  0.82435928883005583  0.83250770127624507
  0.84063251693525187  0.85052932907717504  0.86123822938257655  0.87177580434411983
  0.88294843489376695  0.89337368324665889  0.90220908753261542  0.91054678387045895
  0.91909303282415633  0.92863076619038309  0.93821324995453015  0.94728068620904404
  0.95592903292537101  0.96531064756668428  0.97120867378677067  1.00000000000000000
  0.00899600177231460  0.01837783985786632  0.02806047000795163  0.03931579869395290
  0.04977261774471874  0.06114654089946613  0.07341532027843958  0.08480035104975522
  0.09548956140486803  0.10626974356031356  0.11708757767850063  0.12914578231630458
  0.14112509277104693  0.15103880760745139  0.15923425417147319  0.16776288648982690
  0.17688156043195644  0.18598411665317421  0.19520983126440650  0.20452141609689806
  0.21461993458293091  0.22541304459838993  0.23605490607013394  0.24722634191748577
  0.25915694303757519  0.27255591855958278  0.28533607923806148  0.29712420677284707
  0.30844788563048975  0.31972647268289023  0.33038657825488921  0.34055519126586720
  0.35036481985255419  0.36065641630543765  0.37078298905131457  0.38146074566321947
  0.39318638176879184  0.40613073467395688  0.42014512051268399  0.43362965201518000
  0.44512302555431615  0.45531233866740173  0.46514444678188349  0.47334020889480227
  0.48109165915412672  0.48854585819098845  0.49634365209291420  0.50569951319522144
  0.51712265369033028  0.52904472426132432  0.53956649917830524  0.54897298426454788
  0.55859982638656192  0.56857304124498198  0.57736770746432287  0.58517085561928872
  0.59267585911863352  0.60019682974363364  0.60822446017778076  0.61625631694952754
  0.62492790302036016  0.63401466526408401  0.64294263471261648  0.65199667958890772
  0.66129700796165081  0.67218604945270577  0.68323653475247181  0.69536287017839460
  0.70637245452763331  0.71681114479674568  0.72770738710828720  0.73876548428617561
  0.74987555572924469  0.76181384857873036  0.77494727282143527  0.78869024860999604
  0.80112608511257777  0.81279960602824974  0.82466714034632271  0.83650013889957664
  0.84854705347917669  0.86222891204178087  0.87623838822478584  0.88821755031637262
  0.89952366422475283  0.91116283873423953  0.92173949324908777  0.93069498483838409
  0.93935423412563468  0.94731152389922768  0.95514310361549248  0.96286883472034124
  0.97093176658397284  0.97910810495786871  0.99122973258950531  1.00000000000000000
  0.00266963422049523  0.01310597967605236  0.02478371159269534  0.03574453028322534
  0.04542963256912385  0.05406911537014684  0.06268609990354443  0.07183273513149362
  0.08174697711667722  0.09266600268623904  0.10476581766673315  0.11576375533726538
  0.12624840768698919  0.13578558007258301  0.14575384856586826  0.15611916190505085
  0.16744008886092393  0.17883374037442548  0.18933666611451133  0.19834437397530869
  0.20722418816761168  0.21721609739866987  0.22739130435840851  0.23544653163613671
  0.24284058840358255  0.25014765947243556  0.25936340291588061  0.26954986793403007
  0.27845964550968605  0.28458585986954432  0.29045599308574960  0.29670152420421064
  0.30321875501669399  0.31170317832296407  0.32095274643818289  0.32962810873806087
  0.33858820955527685  0.34857030797829047  0.35906731059404889  0.36934834996321758
  0.37961512711049650  0.39037069526478185  0.40364073389327165  0.41630696337910233
  0.42506606017131277  0.43299723395509349  0.44081607571476694  0.44888849948600634
  0.45800173096009872  0.46769535245384714  0.47719679783518615  0.48841430432693450
  0.50191373814481310  0.51659393127017095  0.52979212542449838  0.54095821783088938
  0.55076522683873641  0.56018513048922569  0.56947932987075034  0.57883600987069483
  0.58922434715419481  0.60018824792869785  0.61092034560079933  0.62195648703087292
  0.63363092818962052  0.64678368753221172  0.66040766483602309  0.67334468064116659
  0.68618150116245968  0.69877362649000296  0.71070392302161178  0.72182268842877806
  0.73318623188167387  0.74563592155150682  0.75869949284656091  0.77120933897771260
  0.78264386699725963  0.79428608551433577  0.80709005475119022  0.81908957176944019
  0.83188345848102940  0.84531962962788465  0.85770047578579833  0.86840915073440439
  0.87792111732148714  0.88627033067245220  0.89429393382810707  0.90262512231783154
  0.91115167960494525  0.92100209601947047  0.93400909129601251  0.94574444426579851
  0.95822246640086139  0.97151494034026964  0.98548258947715051  1.00000000000000000
 -0.00029935624982298  0.00206462568915125  0.00358673378853675  0.00553329963245394
  0.00792623064418341  0.01031528365247762  0.01345829806162311  0.01690489941548365
  0.02054330764775058  0.02506572043224651  0.03011154450826342  0.03490491612147457
  0.03940742597329631  0.04447123653032640  0.05028913277745575  0.05719192544438918
  0.06460573879605486  0.07160190523314978  0.07817546453950737  0.08552610309875587
  0.09344875038649129  0.10123014456741307  0.10919743709600578  0.11860528641204404
  0.12725302940035207  0.13489002539433836  0.14281992781405067  0.15185251993384838
  0.16235417258853363  0.17291466192482649  0.18311233360550960  0.19436176305654190
  0.20644659980097824  0.22036348433465655  0.23390494069166565  0.24566087718964874
  0.25675632167575008  0.26793058104791578  0.27836268750751642  0.29020051720694034
  0.30388241654472425  0.31518861459543346  0.32503538602140469  0.33540585794601274
  0.34613275628896739  0.35692313010772819  0.36844803961457323  0.38162026989168812
  0.39615237741662318  0.41079850895559411  0.42500056686919169  0.43831608379984965
  0.45050435011730677  0.46231133806017283  0.47327031316937662  0.48444739645396190
  0.49570460179628834  0.50754084147193468  0.51856877402819512  0.52893173055995357
  0.54051323890423253  0.55328893377445609  0.56634058091813322  0.57952566803197381
  0.59281285507812964  0.60514615200681088  0.61788822132434873  0.63100050654674256
  0.64475219034878961  0.65896666657197223  0.67279974516701535  0.68584212149243118
  0.69832769076923051  0.71206725853486641  0.72515105830615390  0.73710086798261787
  0.74822147833130115  0.75885820711823260  0.76930969195540566  0.78023442109630214
  0.79180301525007069  0.80487420480274396  0.81860319672268311  0.83029482803655463
  0.84218384826331683  0.85393985606739331  0.86530046820081985  0.87771641132738776
  0.89227031487134600  0.90775767810398156  0.92283662655319731  0.93714347545465115
  0.95188158973668513  0.96700147291044269  0.98278621434070546  1.00000000000000000
 -0.00242015907747295  0.00864375488611132  0.01837222627876536  0.02824336610329134
  0.03842841732295536  0.04940065359760668  0.06088842943390860  0.07251511236173845
  0.08395815988239821  0.09505744824009636  0.10573640011169498  0.11537522538509892
  0.12526132739184279  0.13598860354257319  0.14796731633015420  0.15853711462599396
  0.16935921138383411  0.17864397939117255  0.18747327553046636  0.19688532938554223
  0.20676856648381980  0.21921929650755012  0.23140289850013188  0.24337641982684169
  0.25542232431369455  0.26857928193439251  0.28092848653520053  0.29289250007143408
  0.30477011075610910  0.31654803745882532  0.32858989991854520  0.33998556246617700
  0.35094813631859012  0.36245169544182348  0.37354649234417464  0.38500045503746166
  0.39600787865368076  0.40517758108233132  0.41356375689999875  0.42283092410348555
  0.43212367313644207  0.44221429710136817  0.45199823132644679  0.46250044866642032
  0.47501426022844356  0.48778190025818846  0.49890101510591400  0.50982387182029831
  0.52117117995823170  0.53300416773706794  0.54497252533806295  0.55623059954218834
  0.56681744291193115  0.57652211153629107  0.58631485324095556  0.59485798251525757
  0.60427036638930220  0.61375582530724493  0.62345145348830011  0.63306071615335024
  0.64231009150504026  0.65247161852709756  0.66318322192968515  0.67386358940218016
  0.68392281505846864  0.69520579806814353  0.70595145023319272  0.71684659016085461
  0.72605037287774488  0.73470171926053518  0.74321663226912360  0.75199598414846880
  0.76151275725801237  0.76992320597054176  0.77875338744147926  0.78804678278198026
  0.79771185156681579  0.80679507019609853  0.81687436806699354  0.83113672946445827
  0.84164511572773870  0.85123294180853570  0.85945108030240747  0.86652762551920204
  0.87365727731492304  0.88058453791194313  0.88934936845749535  0.89826229048984707
  0.91052167322633593  0.92550646833281436  0.94217978525626045  0.95653706502286084
  0.96792355712916966  0.97906053969139151  0.98961654183253844  1.00000000000000000
 -0.00266745293474069  0.01228031557522524  0.02347123006926172  0.03400937323205510
  0.04434946173095708  0.05669383109739019  0.06958354591527076  0.08109942184213996
  0.09198750369895894  0.10240087318952268  0.11333090995373636  0.12600841975848373
  0.13675564647842670  0.14738997206382590  0.15780251781020530  0.16691593763800300
  0.17553521102524042  0.18407929132138706  0.19305932084517372  0.20245185647375560
  0.21267722197067421  0.22209487646228354  0.23149486398900290  0.24281242692418187
  0.25387733780502347  0.26609636090356265  0.27940626715171357  0.29255246089565834
  0.30205359609854959  0.31031208756273515  0.31877834096625518  0.32783071018008619
  0.33698845291303597  0.34548727641411719  0.35687883975073703  0.37011042731351984
  0.38466237697197903  0.39749608757563354  0.40822374514685927  0.41885058978351691
  0.42856182453977348  0.43778380064551725  0.44720709568959288  0.45745736766955902
  0.46817675798285580  0.47878494528477217  0.48982878893243609  0.50130997134079613
  0.51245779969784711  0.52308148758295503  0.53332941550948598  0.54217119581157169
  0.54858469825836076  0.55564422430447502  0.56328302850422274  0.57277628724889285
  0.58433805510537895  0.59528821214882255  0.60550944796716755  0.61460635670932617
  0.62469369732425761  0.63376357581908427  0.64187874887929175  0.65022625392605271
  0.65946148634420609  0.67025732271530403  0.68190325288474873  0.69427362174335971
  0.70726006133269048  0.71970752545225414  0.73111082492093749  0.74224749166467907
  0.75322316971864789  0.76450856571681625  0.77595005910240999  0.78782659593355320
  0.79992418762839168  0.81105288017339794  0.82159612688718187  0.83243047532032743
  0.84536938587990829  0.85912631055737987  0.87045014841294166  0.88152391474385472
  0.89297103538049749  0.90431005627833283  0.91592771862025379  0.92686523158012879
  0.93667137362461028  0.94561033421820417  0.95459498222387540  0.96481396149108956
  0.97440326486620177  0.98318838012247090  0.99148361581574351  1.00000000000000000
 -0.00261415676548130  0.00917271871971016  0.02015422055828733  0.03098799116530119
  0.04283569204706572  0.05557045260146336  0.06705921917452393  0.07600481276234966
  0.08558379970683840  0.09522525141648475  0.10467687513603753  0.11366215284062946
  0.12128020943618587  0.13477166088060635  0.14916671745205293  0.16212000304406216
  0.17239537688340062  0.18104156310122776  0.19027708639391860  0.19940219623606334
  0.20777738100620241  0.21576648626606726  0.22386974930964187  0.23342937791052351
  0.24579239772067088  0.25709661279075885  0.26754715843906984  0.27863340400379488
  0.28975619346704878  0.30091328526678640  0.31259588731833110  0.32624474055984309
  0.34114647855072527  0.35479364490626347  0.36584450889929399  0.37580932239415193
  0.38575077338090480  0.39589416147310574  0.40622007543683691  0.41731564560065898
  0.42981181448474365  0.44302729403435109  0.45582567368682830  0.46882427058991000
  0.48054567736998083  0.49099771318800001  0.50127265851304892  0.51107429073925303
  0.52219613041208646  0.53381852694572096  0.54515904768796708  0.55577681853139749
  0.56622235776357766  0.57691352932782458  0.58693961757135804  0.59564780107560644
  0.60332587794681647  0.61251123264362972  0.62175990313956986  0.63088574882245863
  0.64007122937979344  0.64970005112256790  0.65967705128135401  0.66939469601627644
  0.67941223917833327  0.69351580414381975  0.70796374611779378  0.71813458163716370
  0.72702584024383898  0.73633563142182612  0.74567585216534638  0.75459393451813495
  0.76274667431608567  0.77076894400415230  0.77929145517041076  0.78784539146478239
  0.79738148336436998  0.80717986265200914  0.81826974606700043  0.83132510279602234
  0.84441635373293078  0.85644684943711291  0.86768056087751666  0.87797885333508452
  0.88865811900985003  0.90027258728292292  0.91123649757240788  0.92089775386313888
  0.93054158367338802  0.94099585120579166  0.95200463562760362  0.96260109437544428
  0.97084812129275166  0.97966034837386040  0.98912626839875828  1.00000000000000000
 -0.00352978946204675  0.01212075829338673  0.02247443128767958  0.03262826484953982
  0.04296224684085775  0.05334549838191986  0.06397178874879031  0.07425296175388980
  0.08361186415897877  0.09239453623864073  0.10141754554458146  0.11038949133584486
  0.11911898994936318  0.12870923125400674  0.13820103773872319  0.14823955460610036
  0.15778695632513748  0.16769755260630675  0.17779208199819999  0.18714622721040744
  0.19716020427984426  0.20839872872235965  0.22144174428574886  0.23266506259836253
  0.24426213399992647  0.25525777864563748  0.26585720192835044  0.27661030010892745
  0.28680363540454629  0.29841164061761855  0.31024867852619964  0.32443002163463053
  0.34159716823390818  0.35738395834414971  0.36896404405435801  0.37791306385653883
  0.38635631912112461  0.39509159773748553  0.40511807788839876  0.41664855079183394
  0.42873572853047992  0.44096625202471529  0.45304580201567601  0.46533547213527010
  0.47747743625022854  0.48838628520084659  0.49874754317035130  0.50800440747957398
  0.51687904169505949  0.52604425972891533  0.53647089307388485  0.54626413568302312
  0.55445802043610137  0.56239779368650866  0.57068956835025397  0.57943314955291103
  0.58762248076965473  0.59596553337990521  0.60503185567243811  0.61486969922818424
  0.62376289088468506  0.63318843449291851  0.64265070988859918  0.65223687243211026
  0.66164989383859685  0.67162477886813121  0.68475762901304826  0.69741648951908464
  0.70859220672571399  0.71922138364340416  0.72944427019950664  0.73844373321962264
  0.74675685905379918  0.75566879962507105  0.76518699432870374  0.77446010965825596
  0.78304202604899542  0.79258151616311801  0.80297054243552002  0.81325753758453057
  0.82332461672361823  0.83395120700705772  0.84633738926170909  0.86099865195119318
  0.87763068734773919  0.89494338196127954  0.90848852079297227  0.91971059350286632
  0.93047673772509232  0.94066906145269025  0.95060547573898768  0.95978657409681467
  0.96934040137065924  0.97889853331275400  0.98919660313048685  1.00000000000000000
 -0.00354996266326540  0.01221504473486124  0.02643892712375458  0.04062261043585564
  0.05510460883293773  0.06928281836788866  0.08205115791809114  0.09289520590452170
  0.10222644698916483  0.11050082726064452  0.11878075600515875  0.12793043450718697
  0.13775375457481864  0.14875444565033585  0.16330428935930297  0.17691296077082333
  0.18988823273310923  0.20131525429781227  0.21259206267325101  0.22371546517623081
  0.23409316146904735  0.24436199654306942  0.25535206256980691  0.26541139948597503
  0.27578509002040008  0.28500246930668977  0.29389458853195788  0.30266033661608799
  0.31206887365674002  0.32242972506236656  0.33252452735167864  0.34256516920456048
  0.35272754530478850  0.36429142800707798  0.37671598501754705  0.38872187589335905
  0.40057821538874389  0.41112477838208156  0.42238867780244810  0.43327248134193042
  0.44467549371638670  0.45419404898239552  0.46320172422881950  0.47235222594538268
  0.48185615727588904  0.49330984419998497  0.50399444235888902  0.51480254477934639
  0.52488946423728622  0.53489427851703630  0.54459655306435339  0.55542176262436671
  0.56682702112408301  0.57850533978648033  0.59092195698579497  0.60212327689265599
  0.61244355840997344  0.62307947147012699  0.63409203481559173  0.64575752294098099
  0.65645054827283844  0.66718151171809748  0.67776181981461026  0.68969264343918024
  0.69989971664953310  0.71066387440843104  0.72186845001812805  0.73200004360929727
  0.74014174166141000  0.74814778704664031  0.75566901647645890  0.76348955710889754
  0.77178653991037727  0.78209313109969780  0.79170139872441792  0.80082583972902477
  0.81026348682228155  0.82071402831559648  0.83204191427943064  0.84271534481005639
  0.85249916931145786  0.86241280417371968  0.87281631120636061  0.88306400322626488
  0.89249646484265388  0.90151731930583556  0.91101402956897848  0.92118767336358864
  0.93125637193445365  0.94132308314028867  0.95153360381952101  0.96122674532287311
  0.97068548551708900  0.98054869534702205  0.99044443427550699  1.00000000000000000
 -0.00284100818525668  0.00990648465531534  0.01988383329599934  0.02924895812258306
  0.03859556877748189  0.04823765867159462  0.05912608616556823  0.06841819769916599
  0.07755288434118000  0.08731924284899967  0.09767961692392584  0.10801501585932821
  0.11741201155728190  0.12667231285017883  0.13682525479095861  0.14798733395359406
  0.16049856726567654  0.17192191880784050  0.18188078405184299  0.19170699980344061
  0.20249766784112846  0.21545781605113179  0.22867518108423029  0.24069880368622659
  0.25192131534508660  0.26367656672606327  0.27654421211387015  0.28989543339618101
  0.30399837344028291  0.31689520590229964  0.32804733942950043  0.33886068091444410
  0.34993479077845557  0.36202926617305192  0.37046614523843946  0.37850189705465742
  0.38647011773426426  0.39427806759949141  0.40245928278652932  0.41124677127642950
  0.42076812584779427  0.42995161311165175  0.43954837809751990  0.44800247240465435
  0.45676327156995405  0.46689005420616586  0.47784207013155122  0.48829000261788341
  0.49811747269303891  0.50857750942473101  0.51941861070477613  0.52998980965015874
  0.54062168568746816  0.55260688715473194  0.56504603143868737  0.57804806156912125
  0.59209759266382855  0.60662054248306396  0.62025371913483263  0.63324360799176282
  0.64584147747619958  0.65880892742881081  0.67036849417747923  0.68005357756745688
  0.68950243630998198  0.69875342224989823  0.70812552901289794  0.71758351752233929
  0.72730405464421377  0.73734001571694519  0.74728459514668988  0.75722472551920261
  0.76711420862486901  0.77732778391732460  0.78830116116767768  0.80085014155249346
  0.81375409716885594  0.82513572928673773  0.83546631990849540  0.84581276586588339
  0.85626493124395964  0.86631038462609133  0.87620154668386108  0.88710843271668727
  0.89712720634368437  0.90566937488508092  0.91354751448242133  0.92180724107831458
  0.93020427573163844  0.93894679523440971  0.94759546993713861  0.95627428810800785
  0.96602123266079298  0.97685750089749390  0.98797395450373338  1.00000000000000000
 -0.00348286335004661  0.01370326778945430  0.02658744431782109  0.03776183736793114
  0.04840687663378412  0.05772327845509402  0.06622059165981012  0.07476432867935660
  0.08360784218551005  0.09529508079038843  0.10715148663865720  0.11903504119254818
  0.13060542173697690  0.14161983123907970  0.15235129344450760  0.16261223887572643
  0.17430797065393019  0.18482244685495292  0.19565179349655637  0.20695658639223288
  0.21902601894051510  0.23161994803892777  0.24155428801570755  0.25020332877203011
  0.25806553693677514  0.26590483138016852  0.27554220937452750  0.28701304930895466
  0.29715350482498992  0.30614036269782269  0.31425516838073930  0.32182255491213507
  0.32953714384721911  0.33783148336399144  0.34567488514992889  0.35294268782363947
  0.36138973469080660  0.37150644775895675  0.38315737245173398  0.39546474732999576
  0.40762311479446789  0.41993743518244581  0.43282331700955212  0.44550256309513991
  0.45721739918201626  0.46901533314038985  0.48030531721441810  0.49060166462917743
  0.50076033028183831  0.51039543720730129  0.52055844363018411  0.53063293441548132
  0.54113182352363376  0.55458954927637738  0.56790661604661663  0.58057216079968454
  0.59187194673377408  0.60204270154001360  0.61241056355920809  0.62311001257519871
  0.63355637420413002  0.64403358015149126  0.65514086095282476  0.66684016276666258
  0.67887022341590297  0.69206142410065030  0.70630821068117522  0.71935404462946684
  0.73117718933078724  0.74268675774213222  0.75444043206100397  0.76641243928397917
  0.77749117627771902  0.78724519372767487  0.79667829415827385  0.80650367073086571
  0.81602063995084273  0.82542280456799044  0.83544762740950529  0.84446852587928534
  0.85360370274313424  0.86226610978171347  0.87029542347408795  0.87855456991748093
  0.88689601886736114  0.89606646479023344  0.90589334504896268  0.91786666200247780
  0.93030443956985120  0.94140570004007329  0.95189662409864506  0.96069548248689152
  0.96920571646615838  0.97784333047370764  0.98721797741120709  1.00000000000000000
 -0.00506670712278629  0.03079797866824723  0.05829846256129335  0.08149844618762801
  0.10132460897069698  0.11819105829946874  0.13155858840125392  0.14278857136214615
  0.15334204102714469  0.16381602346325594  0.17472819911538151  0.18470921681428046
  0.19350444291072821  0.20276421040335915  0.21253083501506898  0.22361864301401438
  0.23501408459348760  0.24549935194850425  0.25517215776688867  0.26410927108463050
  0.27293401017086188  0.28105301556453527  0.28914931332399274  0.29727409290611317
  0.30534326235514092  0.31372646679869692  0.32246808687693995  0.33101598563552825
  0.33990949237569806  0.34910334307419549  0.35816751318317031  0.36676919590424001
  0.37618213884557722  0.38612350482077573  0.39585613941717152  0.40512824200634751
  0.41398825157615060  0.42264183465830291  0.43077529457681951  0.43889857234552715
  0.44662172145030488  0.45365284411807499  0.46061768266128228  0.46773991808618570
  0.47466763248796967  0.48223070805125318  0.49028613242358854  0.49829648652407998
  0.50572298906457225  0.51291789477734007  0.51991913327376083  0.52614950908341129
  0.53359385541728055  0.54199807056127103  0.54974254986913751  0.55695640633119492
  0.56383203329832654  0.57114400951740907  0.57886127888181427  0.58682472025722709
  0.59470012235004921  0.60158057514806884  0.60753855550304481  0.61362409087948533
  0.62038717564478807  0.62735607953238648  0.63444547506602778  0.64179879588966593
  0.64926934348521892  0.65665353144090621  0.66397221007219920  0.67205271137670863
  0.68181208463130405  0.69202823643822930  0.70277702002296638  0.71294037822134348
  0.72332976845170227  0.73407470654081386  0.74544935277542956  0.75606314141175890
  0.76632252860185401  0.77677473479721426  0.78729375142087343  0.79721973342836272
  0.80698971468524761  0.81614582836531935  0.82649920564190105  0.83770786751711701
  0.85167187902726060  0.86739936596232359  0.88496237463647009  0.90254961159869862
  0.92189396924610689  0.94307729815164154  0.96821639567174611  1.00000000000000000
 -0.00116354370120841  0.00617121019688530  0.01297670119779091  0.02018861759301679
  0.02967391178454760  0.03944992602685989  0.05039035369198909  0.06116260460727432
  0.07043275955722200  0.07862616700290340  0.08735410838335710  0.09642598362039873
  0.10607731019821665  0.11586544451221302  0.12604965177909494  0.13767752527519123
  0.15002057865272000  0.16064775105703433  0.16991209286594133  0.17927137589125697
  0.18924721575986206  0.20136974369283633  0.21562982151248064  0.22984085972007678
  0.24304434679717657  0.25540826250077825  0.26729270943713018  0.27770579452229749
  0.28824390758780732  0.29963925764345289  0.30987939484111049  0.31978729648013487
  0.32904094930341737  0.33956439243806674  0.34989564711065102  0.36070218418601691
  0.37112400362477066  0.38236896310780366  0.39282678368136309  0.40386053140729550
  0.41450761765239064  0.42434978934186990  0.43385758209850256  0.44307705293558008
  0.45357582140639457  0.46505696626822740  0.47670374543683852  0.48869594485235196
  0.50109880035596444  0.51360653629355868  0.52539803382570638  0.53663841296011328
  0.54682929470484298  0.55613523531803433  0.56597827233791664  0.57683111028049217
  0.58608137695079510  0.59317920830931126  0.59985008124790917  0.60665548247754886
  0.61421576020867674  0.62228801276134782  0.63063757003078313  0.63906785385888620
  0.64869600582249376  0.66031412331920081  0.67089710532729574  0.68031408538853644
  0.68917944887597171  0.69899368794738237  0.70916792556759467  0.71946523917445604
  0.72856652723894477  0.73753040367222478  0.74722244135027360  0.75833593361548723
  0.76934601909885914  0.77828412380922940  0.78767267236774485  0.79682708853864936
  0.80686464700201666  0.81868972140289387  0.83156360939429208  0.84471401633849419
  0.85785909230109580  0.87298816357182762  0.88792826024559668  0.90395487472956826
  0.91758912503270518  0.92903308590778144  0.94005529083251615  0.95129776900501362
  0.96260750533196660  0.97402139942991728  0.98514749868246498  1.00000000000000000
 -0.00548466945322590  0.17424657554751891  0.24596276106494849  0.30257882890617954
  0.34631578726739787  0.38397253307940732  0.41705954745849400  0.44834047408544342
  0.47301924666539552  0.49340310729261161  0.51337813438036684  0.53154408801101860
  0.54822282685087909  0.56282536012230611  0.57596576118956677  0.58814595060386399
  0.60076985638134495  0.61244159160078715  0.62356496809364415  0.63483044450968584
  0.64616360084927849  0.65674058446783967  0.66617458558755449  0.67535917147026236
  0.68462334949796877  0.69400639117051732  0.70337235393257780  0.71183780214406467
  0.71979835735271314  0.72787767791386460  0.73538133809120843  0.74204908499976041
  0.74823807739686488  0.75405238240795591  0.75991944071050888  0.76564690257139290
  0.77182880865757131  0.77855558387812362  0.78521142444489123  0.79144531053562139
  0.79721811602890658  0.80337225654249411  0.80952394986211307  0.81589966514351064
  0.82204794061982100  0.82771303801602247  0.83284494400005449  0.83750022775969457
  0.84192898242075043  0.84624657426865180  0.85042308161701141  0.85475337444608246
  0.85839807850734251  0.86222600918482084  0.86605884623461260  0.87001434718323467
  0.87399841169880110  0.87773239340321896  0.88118326811042558  0.88449513107455069
  0.88774871783200970  0.89085191514526174  0.89375848930973867  0.89663229629092900
  0.89942134620857628  0.90210494966738863  0.90481991846959753  0.90753121646092383
  0.91038669880359346  0.91282363864159843  0.91517122220463620  0.91756646858112367
  0.91997493632697824  0.92265769691535660  0.92550801972692187  0.92835837368448548
  0.93130722404349497  0.93396845934469930  0.93653504559020151  0.93937507461478886
  0.94259665287900973  0.94593183910237622  0.94879049528542969  0.95162505640215311
  0.95439554722216857  0.95704849966440952  0.95990138251184165  0.96293011837531328
  0.96620853447058985  0.96943283253933354  0.97257729381905833  0.97586529356769702
  0.97960163117827159  0.98442493530027031  0.99084848358957878  1.00000000000000000
 -0.01785287995970080  0.13264683885500128  0.18544137248168482  0.22068670547178776
  0.24780452186772442  0.27045910136356849  0.29206924529216116  0.31392129800767971
  0.32891271557144075  0.34066238278705530  0.35146540826063721  0.36224378063779167
  0.37329759031265958  0.38434562537128253  0.39507184489361247  0.40531678001499388
  0.41467701305409055  0.42311355671798256  0.43113890763031087  0.43879403245473725
  0.44733998555721194  0.45536071998687244  0.46252185707183208  0.46930226921050167
  0.47635419470829504  0.48381391966548998  0.49077986946011487  0.49733669994711088
  0.50376301689537273  0.50967259530376163  0.51471828876023584  0.51941186042254783
  0.52452716910373587  0.52974730271594694  0.53484312790617228  0.54094540733553897
  0.54610525887092110  0.55201590138721945  0.55796038117304181  0.56355738485258478
  0.56941337581299911  0.57572711716372749  0.58214291363568038  0.58823247853638205
  0.59455233125031126  0.60043076877881507  0.60607966390276746  0.61181040589335700
  0.61743465120875074  0.62313251686741489  0.62799893742741542  0.63279373093836644
  0.63784906555688015  0.64299017529747982  0.64822228821678018  0.65322684411294296
  0.65765202674769252  0.66119757320931838  0.66465928327423685  0.66838671654345083
  0.67197513832801026  0.67545596124003437  0.68051189643282439  0.68552834592548806
  0.69078598471230790  0.69617413055470112  0.70170517752419881  0.70715762026765727
  0.71104848611395188  0.71478629041262542  0.71879993251781249  0.72261140910259436
  0.72616452743408499  0.72956834475736931  0.73308441162624238  0.73692719773241011
  0.74112693088975601  0.74558736418523397  0.75040765267978826  0.75507660066014459
  0.76003042661905684  0.76511725289324939  0.77001324568279861  0.77636911703954647
  0.78305091506850755  0.78964006975361756  0.79796810748825153  0.80742871813186012
  0.81819820699221912  0.82950810645813955  0.84133968841405560  0.85328802071204113
  0.86737493632051310  0.88648741610401038  0.92086027833047113  1.00000000000000000
   1.6366493107662463E-010  -1.0000000000000000     
 T T T T F F F F F F F F T T T T F F F F F F F F F F F F F F F F F F F F F F F F F F F F F F F F T T T T F F F F F F F F T T T T F F F F F F F F F F F F F F F F F F F F F F F F F F F F F F F F F F F F F F F F F F F F F F F F F F F F F F F F F F F F F F F F F F F F F F F F F F F F F F F F F F F F F F F F F F F F F F F F F F F F F F F F F F F F F F F F F F F F F F F F F F F F F F F F T T T T F F F F F F F F T T T T F F F F F F F F F F F F F F F F F F F F F F F F F F F F F F F F T T T T F F F F F F F F T T T T T T T T F F F F F F F F T T T T F F F F F F F F F F F F F F F F F F F F F F F F F F F F F F F F T T T T F F F F F F F F T T T T F F F F F F F F F F F F F F F F F F F F F F F F F F F F F F F F F F F F F F F F F F F F F F F F F F F F F F F F F F F F F F F F F F F F F F F F F F F F F F F F F F F F F F F F F F F F F F F F F F F F F F F F F F F F F F F F F F F F F F F F F F F F F F F F T T T T F F F F F F F F T T T T F F F F F F F F F F F F F F F F F F F F F F F F F F F F F F F F T T T T F F F F F F F F T T T T
  <DiscreteSampler_grid>
  grouped_processes
  1 # 1 for a reference and 2 for a running grid.
  10 # Attribute 'min_bin_probing_points' of the grid.
  1 # Attribute 'grid_mode' of the grid. 1=='default',2=='initialization'
  0.0000000000000000 # Attribute 'small_contrib_threshold' of the grid.
  0.5000000000000000 # Attribute 'damping_power' of the grid.
 # binID   n_entries weight   weight_sqr   abs_weight
    19   10   1.067441454472036E-001   1.127798359471236E-001   1.067441454472036E-001
    20   10   1.067441454471967E-001   1.127798359471089E-001   1.067441454471967E-001
    22   10   1.377508058348892E-001   1.877876553570371E-001   1.377508058348892E-001
    23   10   1.377508058348804E-001   1.877876553570129E-001   1.377508058348804E-001
    25   10   1.377508058348892E-001   1.877876553570369E-001   1.377508058348892E-001
    26   10   1.377508058348803E-001   1.877876553570127E-001   1.377508058348803E-001
    28   10   1.777542479664932E-001   3.126276082062939E-001   1.777542479664932E-001
    29   10   1.777542479664818E-001   3.126276082062535E-001   1.777542479664818E-001
  </DiscreteSampler_grid>
