  0.02272171347321737  0.03771308959916043  0.04986984881891671  0.06228868414265867
  0.07620500170090394  0.08779854851641429  0.09327277696796905  0.09885347647732247
  0.10353823734586343  0.10607339658686214  0.10889985677151556  0.11408913799777726
  0.11972808514803190  0.12464894652330166  0.12893638080802811  0.13372025963752973
  0.13890265135223337  0.14433645238263343  0.15050653313318255  0.15613812010147821
  0.16105687421222389  0.17005201641080844  0.18698926397955201  0.19971751685337982
  0.21013042563535692  0.22033575319906062  0.23056343246306554  0.24054640876875488
  0.25165314635444264  0.26341540212923531  0.27630442472565969  0.28881295491989845
  0.30062628441090894  0.31232231384091352  0.32307943710135484  0.33448909463353393
  0.34866492796485338  0.36411813397514176  0.37917597738631098  0.39079621589809921
  0.40156291601250393  0.41304710235912606  0.42598536604583348  0.43612491910999757
  0.44569318988000323  0.45516167889912973  0.46609023523088966  0.48039028715766752
  0.49823570989417731  0.50809551878126136  0.51730196287348007  0.52629413442712025
  0.53516403574548177  0.54693123558973700  0.55695590073375001  0.56581000938252823
  0.57519936750483447  0.58469475745313348  0.59337515196109836  0.60285398155737380
  0.61230277452935855  0.62320350997948148  0.63388077764525874  0.64545331930080707
  0.65804218799920333  0.66940993362559431  0.67705433544917815  0.68580318358399106
  0.69542473154154116  0.70665664310311349  0.71658425900149703  0.72415246322623761
  0.73074560779668407  0.73770571768835003  0.74925510383078819  0.75743910490826571
  0.76370382931869152  0.77051552154272263  0.77850430821641170  0.79178250369869341
  0.80721740957844634  0.81973390465007789  0.83071330096019447  0.84079386646900267
  0.84943015994503190  0.85751905118965899  0.86616732496645432  0.87673310592710763
  0.88857924318647397  0.90742945587432977  0.92393301678747897  0.93861573913389129
  0.95228884825601967  0.96417096628358434  0.97211975166681419  1.00000000000000000
 -0.00000000237964565  0.00000006396232364  0.00000020757501593  0.00000050070603007
  0.00000091852878346  0.00000166365209379  0.00000276706663607  0.00000392995251872
  0.00000509571979091  0.00000625965522021  0.00000752625180412  0.00000888523056499
  0.00001026137131458  0.00001160508161022  0.00001302390207544  0.00001441561273274
  0.00001540449204847  0.00001626627653311  0.00001712294430816  0.00001800418860579
  0.00001887679355385  0.00001956468256021  0.00002027199563026  0.00002103647658950
  0.00002185985468720  0.00002256820073843  0.00002324857666337  0.00002387491807283
  0.00002448287190051  0.00002504111287899  0.00002539878416365  0.00002581586215581
  0.00002625090463045  0.00002659012852850  0.00002690149418153  0.00002718402942497
  0.00002746895642917  0.00002783224013894  0.00002824239745185  0.00002868671457543
  0.00002915279696319  0.00002958422779894  0.00002998914674975  0.00003037174598584
  0.00003075988318072  0.00003120445299147  0.00003162083427321  0.00003200310803637
  0.00003240043239515  0.00003285605652776  0.00003338325049438  0.00003394780532701
  0.00003444276202993  0.00003488639164495  0.00003532237983893  0.00003577107715819
  0.00003617358345541  0.00003664273544571  0.00003812666713055  0.00004374971430875
  0.00004865495810682  0.00005356020190489  0.00005775199608680  0.00006026273978515
  0.00006277348348350  0.00006501884392076  0.00006631562686838  0.00006761240981600
  0.00006894789443539  0.00007113409809347  0.00007344422772868  0.00007649326063334
  0.00008021415312869  0.00008449702194901  0.00008892992310790  0.00009320764707067
  0.00009808014427654  0.00010354055957302  0.00010949547968532  0.00011854035800440
  0.00013165402144666  0.00014855597126945  0.00016939293347289  0.00019354161982788
  0.00022193199354294  0.00024966516534748  0.00027920349158378  0.00031786788838790
  0.00037799072797765  0.00047961255290229  0.00061727719203302  0.00076528690903446
  0.00093315922736702  0.00119787630914091  0.00154632218589153  1.00000000000000000
  0.00871477729108432  0.01913442171831691  0.03272623878301766  0.04602080613584646
  0.06031605063563460  0.07506291010090198  0.08633487829952656  0.09740550772063143
  0.10910852165656779  0.12115614252333931  0.13226423077393090  0.14188965289824970
  0.15126330458721698  0.16141689705314533  0.17359457958666716  0.18379221166194221
  0.19304267655363347  0.20298267949403392  0.21302972565391731  0.22604929452589403
  0.23409303195652739  0.24063760483381977  0.24707939321946187  0.25370527836608875
  0.26089877241040549  0.26811100180474989  0.27587131130788911  0.28216861598496218
  0.28794430421296624  0.29357589937689488  0.30184342040183831  0.31072150047945180
  0.31980253391286667  0.33118546937251853  0.34550854415181825  0.36082958219553540
  0.37528475394939526  0.38857212125174428  0.40079560594920832  0.41161438224886338
  0.42353355138387777  0.43549444631031120  0.44597823656061447  0.45512720277203228
  0.46393452594907275  0.47374915515789606  0.48370253802389152  0.49324728140980256
  0.50387132675973367  0.51757161266176610  0.53188840044026808  0.54065528128011486
  0.54818075460255755  0.55462181228032237  0.56118409048772477  0.56918944404203409
  0.58017623939235785  0.59279144934314953  0.60670763730631094  0.62123614805930094
  0.63407922024548780  0.64634362363988718  0.65660728957568293  0.66620457520954302
  0.67523895470205930  0.68605915846149901  0.70132353952821258  0.71765281331586228
  0.73232648474963280  0.74135333460861008  0.75017184621996380  0.75659209999503041
  0.76301366326606734  0.76940507576115302  0.77571199509859901  0.78747912234149198
  0.79957277424958584  0.80807039980487794  0.81654814585717816  0.82530428957147928
  0.83521653220033842  0.84786286686011947  0.86424936995886681  0.87499237681226327
  0.88417911116587466  0.89106226613100270  0.89648914021922321  0.90156814798334006
  0.90620300689846800  0.91329801659178733  0.92482870133765505  0.93745760539380207
  0.94976937363034841  0.96330128095979195  0.98044688164187022  1.00000000000000000
  0.00221272019350667  0.01492338208194716  0.02886587377941961  0.04087658576751419
  0.05406961492139076  0.06672458210996021  0.07906730110727331  0.08964234429807214
  0.10251240127573973  0.11398554512190522  0.12555113475267887  0.13650583384145301
  0.14742715154766467  0.15839629444352316  0.16853971384569363  0.17720994180984684
  0.18578171482613159  0.19713710431938256  0.20997411109811617  0.22084859838996559
  0.23259368329873767  0.24360057076234964  0.25236065881745828  0.25890003752982049
  0.26749907617091057  0.27757051154433743  0.28882655450476696  0.30054909528822876
  0.31277251908772757  0.32632627801408604  0.33578019998451952  0.34168333890774510
  0.34839149164967259  0.35421862978227209  0.35889478101364175  0.36409536006320142
  0.36962410551627917  0.37613335817897325  0.38318721782639148  0.39047280568243758
  0.39748262913244936  0.41023889546069958  0.42214282652219437  0.43348608450027981
  0.44616569760934910  0.45851601382350105  0.46993486189623945  0.47949237208715961
  0.48992573688084651  0.49995437313731245  0.50989323096787886  0.52178170960955239
  0.53220279256837200  0.54117207740624007  0.54942081983261859  0.55711215241181056
  0.56477542555506521  0.57465233566980922  0.58334661412336175  0.59148576465864966
  0.60005865372548306  0.60490754819503567  0.61063421335747947  0.61722213398281167
  0.62393389437956193  0.63579620195991249  0.64414316972093733  0.65558882612926539
  0.66674131888751642  0.67781591205349512  0.68875236304229137  0.69963915863979254
  0.71117519732931689  0.72261688520543532  0.73672272379196613  0.75308965257786076
  0.77069166716283954  0.78143807065850790  0.79113397029344634  0.80053136671690550
  0.80966058443360656  0.81821574042293022  0.83158146743933781  0.84701176388300881
  0.86353824463102657  0.88176323820550484  0.89553930267346515  0.90742718922841814
  0.91803733906982454  0.92673808221963183  0.93520721695697184  0.94519264956753446
  0.95489386483667349  0.96566852904536560  0.97993057246951443  1.00000000000000000
 -0.00035604764119890  0.00188569390926849  0.00291689679641454  0.00505181925732600
  0.00687167400581834  0.00870435436834324  0.01144859149008841  0.01499745944792227
  0.01910493701115466  0.02359014542342204  0.02750398265014259  0.03009730695267165
  0.03325803288028734  0.03669922129508944  0.04022511873819898  0.04705877452366255
  0.05445162356195397  0.06084973664767152  0.06953499545194257  0.08024965028038201
  0.09121803855045006  0.10197897455819467  0.10963455398235071  0.11687147152572307
  0.12451865518470792  0.13256641993658613  0.14005937221077136  0.14759229294321166
  0.15732388760492327  0.16727500483217633  0.17755999494670613  0.18740484326260551
  0.19674347761432620  0.20652980162234683  0.21663525652013588  0.22562210989516371
  0.23842656224759476  0.24743080138900397  0.25336257121319011  0.25895048045854324
  0.26404021451919263  0.26924158817754912  0.27502939449583602  0.27966334957376304
  0.28387855260289985  0.28751077779976797  0.29142897803967233  0.29557579569863179
  0.30018574845735180  0.30435451550406906  0.31077244600462783  0.31994663797924910
  0.33076993399555549  0.34122418484214728  0.35001343671189195  0.35898916795026603
  0.36712172634004181  0.37562181848705412  0.38425141064133428  0.39408678678832099
  0.40859102431724414  0.42088946509242792  0.43318375805801768  0.44556058705897944
  0.45870918762339868  0.47384782647256463  0.48998383126964046  0.51284954456818033
  0.52984664521123370  0.54498370084196412  0.55884952031903046  0.57194774468951837
  0.58556873980943369  0.59999924931412052  0.61423476778606434  0.62829244158547359
  0.64152563337755442  0.65205592188117878  0.66357078658885360  0.67602180058491035
  0.68826431009357447  0.70138039154834453  0.71761243528890384  0.73254450076547639
  0.75137348954536543  0.77315619849240358  0.79636790433954541  0.82042597195842171
  0.84485619320939598  0.86913362999556576  0.89245489001315015  0.91483993623631232
  0.93648073783582075  0.95748736391991807  0.97867336179940201  1.00000000000000000
 -0.00314726835433800  0.01547516145156907  0.03179610550330669  0.04700444836615725
  0.06194271361382402  0.07701419391461953  0.09337536275444504  0.10693588528683989
  0.11635293858294507  0.12613261074866827  0.13537684896045271  0.14358790464199805
  0.15275414721601765  0.16258827315227631  0.17302375238743511  0.18306051637618193
  0.19234652945448999  0.20208609663536856  0.21329397068691586  0.22550711012582317
  0.23747365298854115  0.24893706133580407  0.25932218397481727  0.26511594141605999
  0.27075371900429840  0.27749427803097165  0.28388299639504155  0.29179414005951376
  0.30137973415969227  0.31542678770721833  0.32885769483220517  0.34001179075818116
  0.35236581766051489  0.36598999539424543  0.38273218629038985  0.39243709900948182
  0.39871470559543337  0.40513619164418080  0.41173216363200393  0.41915904524591330
  0.43089537703886693  0.45005084099452536  0.46426503976144412  0.47591813363144186
  0.48548005431249863  0.49499980193262999  0.50310292891549768  0.50948193400404973
  0.51614243657968772  0.52428660088078805  0.53488479300593450  0.54376390338295222
  0.55166989961217672  0.55897601999650026  0.56622988291938081  0.57577285909033138
  0.58690311260019601  0.59701232216382250  0.60865707720128492  0.62237287273921815
  0.63679165666246540  0.65525580010739526  0.67257537083545227  0.68830842700816020
  0.70316756346710640  0.71973734732858996  0.73495678660305253  0.74971805065963426
  0.76402910506258448  0.77538342810475702  0.78926090782580927  0.80445039313193167
  0.81835607469991822  0.83161562256408228  0.84528735724375637  0.85886717114530087
  0.87174102986119084  0.88215749350334438  0.89204136625525121  0.90227616859879012
  0.91262873604839134  0.91995575347900993  0.92497829184858138  0.93036836876597595
  0.93533465100566726  0.94027059444477312  0.94518290946331684  0.95014997855523797
  0.95504571806665473  0.96047436506229200  0.96603346849010674  0.97176003736470717
  0.97792245694269542  0.98253663427976989  0.99004442481438304  1.00000000000000000
 -0.00255335835130724  0.01196485212788754  0.02480008450136697  0.03889678118044877
  0.05591808741984514  0.07534736682500866  0.09072270198674877  0.10376547962317915
  0.11459032679670497  0.12423804012456430  0.13474172897319917  0.14532785149326302
  0.15514394891779543  0.16456811883548747  0.17251156176354174  0.18162113080965273
  0.19009983063663180  0.20079294576879250  0.21227155755381921  0.22739168662964032
  0.24426924029332106  0.25652573474091700  0.26476540516958480  0.27235903252665533
  0.28230035287491423  0.29391610895717685  0.30466803175935575  0.31277832395375360
  0.32097059422906093  0.32905963820834699  0.33579878915440609  0.34263071222496866
  0.35041920559507855  0.35977834918805263  0.36904366969017111  0.37838599856953625
  0.39070090852051381  0.40408733796240370  0.41651054521091030  0.43181370950673043
  0.44696318014981046  0.45806575990380000  0.46837180553392704  0.47778566700738284
  0.48646108627249990  0.49581169260940761  0.51008014374048827  0.53018012456975117
  0.54727691951442947  0.56041461193211839  0.57459981896746204  0.58419813044932745
  0.59450185972992897  0.60317412091380762  0.60945232415369299  0.61508674695399335
  0.62058908389805012  0.62643708761933670  0.63359289518457940  0.63992946327852385
  0.64607959860337238  0.65087885152481073  0.65544793602334595  0.66078252094305179
  0.66466539195227614  0.67045243094368301  0.67779660140309006  0.68444640939206269
  0.69041368927744773  0.69647456551825593  0.70379780844927942  0.71649198901386413
  0.73208040688108877  0.74626935798179017  0.75928191528898548  0.77149573989562292
  0.78296945487223168  0.79457333181371181  0.80697927414903659  0.81605486630754287
  0.82502775018456165  0.83402219979325010  0.84276249012974791  0.85213688192394421
  0.86337117151625009  0.87918996757581969  0.89561378164056726  0.90795691584631133
  0.91750840123495347  0.92489155514969623  0.93124024867995014  0.93714468354772185
  0.94618305910750022  0.96356044230667348  0.98066033665288510  1.00000000000000000
 -0.00419590103922817  0.01971229786350766  0.03449255244744204  0.04645761225147805
  0.05836021092336382  0.06668753304158215  0.07502985229648583  0.08329267395572913
  0.09042163136059897  0.09942579178633704  0.10911690598426750  0.11740772084346214
  0.12601763960194151  0.13461106921859323  0.14672155009893145  0.16555894056084117
  0.18386817969845620  0.19855710391066375  0.21247683524822961  0.22495818117573213
  0.23459743173521930  0.24259967625690271  0.25063242263948260  0.25903943796417778
  0.26902766664693778  0.27997286981724706  0.29480817644696738  0.31127813298310891
  0.31943752866578129  0.32838974538474913  0.33724707698629147  0.34662657515170314
  0.35424519394803256  0.36127762804645230  0.36960478756605869  0.38412134288414457
  0.39795676256501911  0.41224034976201285  0.42691517939773216  0.44054890357645138
  0.45271117695976554  0.46461515189635644  0.47558861955840953  0.48541126273930929
  0.49473559178503218  0.50324044910111154  0.51196550379711203  0.52314639010101749
  0.53678283207995803  0.55184486315129333  0.56498542346033698  0.57669712152131902
  0.58775544467458052  0.59810753575425668  0.60860670052419386  0.62060967142626033
  0.63207035635198205  0.64516118437364456  0.65842440546513314  0.66827170055978280
  0.67606343954698800  0.68416690607543484  0.69337986497935977  0.70065907796995319
  0.70688088104517632  0.71177763469511224  0.71658293591135258  0.72378805773396337
  0.73340630661081996  0.74441152312678271  0.75619896266382047  0.76768757084269190
  0.78110970336556562  0.79521510750121926  0.80980008130051861  0.82297852484439360
  0.83363308596566965  0.84286153274920816  0.85184093954019335  0.85866255081307663
  0.86566347396320076  0.87079057105046231  0.87655816930684971  0.88333273467794771
  0.88945009280334186  0.89491876302171491  0.90014635615525918  0.90664107113811909
  0.91221494537234527  0.91747855385552635  0.93010378909534375  0.94295262883980935
  0.95626578603382217  0.97015497486969304  0.98502712229779565  1.00000000000000000
 -0.00297549807975162  0.01423849309665803  0.02654722115294614  0.03807676764842284
  0.05078685346776498  0.06314887249455221  0.07588058900638413  0.08845756856334203
  0.10304688268589512  0.11999996490932149  0.13495480959258080  0.14664689340804296
  0.15573172553987055  0.16652268061450309  0.17703072756030055  0.18648798696935107
  0.19267076549527545  0.19631675530012407  0.19983649048024932  0.20319649978529403
  0.20670232420823009  0.21381208116188330  0.22076472559264987  0.22654986390493653
  0.23318137950007672  0.24035485624984035  0.24778428410152298  0.26013965632432090
  0.27319653691763829  0.28222738630501426  0.29037469246461778  0.29960669293535658
  0.30953864287474436  0.31909565605371093  0.32571603039982355  0.33212758194234787
  0.33983490191962595  0.35124067356648914  0.36751317793321470  0.37973301827769129
  0.38851226642634368  0.39441496459217057  0.40021386997453257  0.40641267406242593
  0.41372648250432303  0.42308338690252811  0.43577027333049501  0.44976802239855079
  0.46345622962187644  0.47584965118348210  0.48815342608560952  0.50127527193063637
  0.51616947745214126  0.52869691532326635  0.54351429690260267  0.55243819178510334
  0.56110232867155174  0.56872344988005863  0.57534878936277767  0.58137729436250196
  0.58722760435378607  0.59494499731710659  0.60630537459659350  0.61730842759443483
  0.62971660345844982  0.64482899991969700  0.66019828898287825  0.67625160930404038
  0.69001259897671341  0.70387237356015597  0.71537790462119566  0.72688156551882033
  0.73761907799533921  0.74789214990347896  0.76051346777941620  0.77496227788161354
  0.78417371405138092  0.79143813229728843  0.79895734014241748  0.80699201131617093
  0.81530186275427774  0.82586061258363230  0.83665421155269393  0.84852908310205499
  0.86196556694448967  0.87508545223101220  0.88601219038813805  0.89839650261049564
  0.91111946726360660  0.92336911622430340  0.93579443328418410  0.94809978434770847
  0.96022281350721084  0.97268272632212005  0.98602586330126407  1.00000000000000000
 -0.00202899504991340  0.00991780836405391  0.01786329773394332  0.02667898914612554
  0.03630083868791177  0.04693267631632111  0.06070515386016775  0.07402887287192282
  0.08666378901265828  0.09932318641797540  0.11283814594322583  0.12595494996471554
  0.13785410997501663  0.14973717119123642  0.16109141464611604  0.17107196619880721
  0.18360988957621938  0.19714403783001308  0.21057987007653595  0.22358809452384457
  0.23371090752283236  0.24173599891522318  0.24961967349692751  0.25726904309218768
  0.26460878142514233  0.27798134844466654  0.29758762642792808  0.31784552855132581
  0.33246908964735655  0.34355975166119945  0.35228601749977512  0.35908660923521146
  0.36544697845679502  0.37383618827082921  0.38639743699504925  0.39952988685292545
  0.41312813897185530  0.42388534476515355  0.43413000206009117  0.44495795528157911
  0.45762112504704677  0.47069497635170482  0.47971200297403749  0.48424986503579792
  0.48828422776033298  0.49337858902425319  0.49873050884686743  0.50415045412272541
  0.51063162942344464  0.51671736633598642  0.52152228774137788  0.52758395552780823
  0.53344879309886228  0.53896852598133971  0.54420868637548270  0.54810415528293610
  0.55292299562630820  0.55840633131584005  0.56611700067589787  0.57402486386522145
  0.58459354309126410  0.59517455334764136  0.60483330151368231  0.61345364689768822
  0.62191056042175186  0.63053509882121828  0.63951567105600293  0.64838447760891604
  0.65702503073671914  0.66545618323680567  0.67467123408032725  0.68568340366202107
  0.69718990445564266  0.70838729868730799  0.72150120763398606  0.73719921579392578
  0.74997271336364268  0.76177671212325559  0.77464371082261074  0.79086225723047499
  0.80462559893544316  0.81684265340411122  0.82567538928024398  0.83385944279712920
  0.84275081685059083  0.85504219744261656  0.86807046457854486  0.87938206156127996
  0.89237324387433226  0.90456282624936912  0.91674477964673995  0.92940075516413667
  0.94122812889955676  0.95970384656380725  0.97911718333041342  1.00000000000000000
 -0.00258195612102361  0.01074194792860435  0.02156797871050637  0.03372126449643304
  0.04631940419753455  0.05846905971752818  0.07101751300091708  0.08578453050099728
  0.09763521259774730  0.10810313800954637  0.11834746670947496  0.12770075584112711
  0.13575612628541942  0.14459332651837167  0.15425551650057620  0.16378725153835808
  0.17250538262115800  0.18100902546872599  0.19030837137096965  0.19841564367313530
  0.20432983105073896  0.21153955890320950  0.21769808693037562  0.22174758592118793
  0.22815453123073898  0.23635613876277689  0.24644748407304476  0.25712560875980944
  0.26716828465901998  0.27815559833671322  0.29131922856194392  0.30474612786395966
  0.31754805921155183  0.32844143633102696  0.33831362407581689  0.34501489399546015
  0.35194980849260532  0.35827249413210532  0.36453034278308249  0.37168202851479759
  0.38531518202258797  0.40179282436151081  0.41800935084028296  0.43335189286669018
  0.44576500697815269  0.45634515033346801  0.46686392178981684  0.47831942018683382
  0.49290391597186811  0.51122027980821094  0.52981175508349476  0.54695017262864909
  0.56228828771972872  0.57724053985226398  0.58500973441075588  0.58949722057776166
  0.59537548804691809  0.60376251959245841  0.61174846484895662  0.61970746780215191
  0.62558090623344120  0.63020040660455157  0.63523449123061659  0.64112713047786218
  0.64790399313560176  0.66091986319620666  0.67298554297473501  0.68327258435256299
  0.69333198186216172  0.70417960977645688  0.71546499310651401  0.72433613022497179
  0.73689002333032649  0.75065076631676342  0.76552100538341850  0.78358659018560062
  0.79851594215727095  0.81288418627424830  0.82559078376179762  0.83619841042217224
  0.84584973415702436  0.85548453047360795  0.86843507617290094  0.88313383673756130
  0.89489503677279714  0.90276599363877696  0.91045838781913879  0.91707746361950149
  0.92311151152722770  0.92989809085025077  0.93968809812839793  0.95385148722147928
  0.96902165400880180  0.97885240784181893  0.98950402877391408  1.00000000000000000
 -0.00391779532992866  0.01188277590919507  0.02360148793790604  0.03460979938620178
  0.04613238388689175  0.05608616834422193  0.06704650634187662  0.08120500266178111
  0.09623249897338945  0.11167305404380778  0.12645296653748883  0.13971879716415295
  0.15202919138077842  0.16278762853835410  0.17235872239649888  0.18252984569393696
  0.19189748891813732  0.20047657668480701  0.20953198987666588  0.21721664473123223
  0.22913694666109405  0.24069541223417987  0.24669306399242164  0.25209500728812551
  0.25839437458601799  0.26384021989579326  0.26841725952734657  0.27426582448630105
  0.28117400169539353  0.28913485149069157  0.29815676522920842  0.31669581628199212
  0.33663166562471247  0.35523463518733212  0.37386607180115911  0.39249833591641969
  0.41093683991977781  0.43064890877758588  0.45171968542427327  0.47094454932676794
  0.48405377659004722  0.49376167329534359  0.50290222016297992  0.51189195363754758
  0.52072803799858791  0.53220737693807785  0.54497806033022234  0.55597639464123716
  0.56646664895460408  0.57490842579136991  0.58227654125518069  0.58959938098895759
  0.59759612217231262  0.60780534655289908  0.62090441179455169  0.63233459917746671
  0.64461637675924710  0.65658622327643645  0.66877598480644818  0.68150760487106354
  0.69355274482244922  0.70616496212493740  0.72071092753952082  0.73347318685862339
  0.74251374057631947  0.75050730634763752  0.75664798950296652  0.76322313833635824
  0.77028681289674217  0.77803222137472883  0.78811716467360482  0.80036081174201223
  0.81160953011371639  0.81803248184161703  0.82269947345342775  0.82829855050770995
  0.83470954747593440  0.84016025021529617  0.84582239264690218  0.85175522462772379
  0.85812186390320844  0.86314610159231453  0.86708292594824232  0.87089005993664581
  0.87702864451231721  0.88657662374134061  0.89704693428527504  0.90945358516471886
  0.92287580105278200  0.93367361661890258  0.94338669393454433  0.95515368395271727
  0.96718250272914252  0.98036391303763837  0.99063909536076511  1.00000000000000000
 -0.00510342879319457  0.02510763953945636  0.04270144108227099  0.05852310773347881
  0.07808295483157326  0.10299178490056908  0.12451939450433376  0.13645082910101627
  0.14564540281339661  0.15534060941514213  0.16684890475800573  0.18104718075802601
  0.19694240471670163  0.21030696229174906  0.21751817199248932  0.22533738034732401
  0.23217955555666486  0.23987879077450405  0.24655639670222596  0.25545080880797039
  0.26490970317307549  0.27491691165662580  0.28730220699492170  0.30191167891766235
  0.31722391700597841  0.33267518415896319  0.34348564237433160  0.35164520172316965
  0.35694322350897578  0.35959450573031482  0.36273690284941740  0.36554294056052650
  0.36856649418691068  0.37260404752635723  0.37807552601707589  0.38282258848991529
  0.38588315199924900  0.38846074545841325  0.39208550341514659  0.39559335179921568
  0.39979918682567739  0.40513048682395364  0.41024176855839584  0.41398209606125558
  0.42016661126714677  0.42993535002704136  0.44076237097873783  0.45306184014393958
  0.46348153149072557  0.47339171419375886  0.48372962287829796  0.49553446514510896
  0.50836817176247096  0.51935707197364989  0.53033427303476166  0.54111661765819852
  0.55159848660689281  0.56181214385165923  0.57215857828953742  0.58349062204969859
  0.59310677576497917  0.60173199828940882  0.60919276546837797  0.61955512225340581
  0.63137944100072041  0.64541177515928394  0.65941837707637874  0.67328313912813065
  0.68603150995181394  0.69587919172036572  0.70241831311483249  0.70763876925006508
  0.71298109567377421  0.71837998863323838  0.72398215624152173  0.72977310166199283
  0.73653183620936435  0.74431249891104700  0.75119815249077471  0.75967338202243295
  0.76877159154639685  0.77835543604144286  0.78839743005553342  0.79862923727257329
  0.80977261893224306  0.82347341840903221  0.83967652054779862  0.85847860062462211
  0.87849802673580424  0.89506558509383938  0.90944015506441045  0.92274061445328948
  0.93709595705047044  0.94954556050693639  0.96504151074967304  1.00000000000000000
 -0.00268216029165091  0.01214618360141403  0.02284938672730842  0.03505060697061192
  0.04801068959994099  0.06251434811019789  0.07421096782669866  0.08666129202711827
  0.09793128019391267  0.11019218854202642  0.12234604113519398  0.13409979775191708
  0.14593581610019879  0.15801004668438717  0.16959913346103594  0.17886247538695318
  0.18736828798478555  0.19515521300950889  0.20371667454079559  0.21354504616788003
  0.22535386893417744  0.23846644907227574  0.25114236055964445  0.26293430538214058
  0.27503453840505770  0.28888493496558765  0.30532204718958772  0.32146198422400130
  0.33366194814167438  0.34505606604173100  0.35682380097959943  0.36717237628473365
  0.37615160311924239  0.38364344569183439  0.38962772517030264  0.39510408092450777
  0.39984166939844662  0.40412374043604055  0.40868339536879073  0.41386591882547730
  0.42435765192266328  0.43658695108741535  0.44668438167137298  0.45751840796268572
  0.47095636239200961  0.48278095784476455  0.49220335114232966  0.50205545505211957
  0.51210868092050610  0.52391035051471901  0.53990591019158729  0.55477553784576394
  0.56711814391966009  0.57786533414018471  0.58761967112817270  0.59727956590313935
  0.60609221563955984  0.61566026612482705  0.62671203766962835  0.63895907071312941
  0.65209110804088499  0.66567221948824673  0.67953809461242087  0.69285521974290554
  0.70371319230564278  0.71351663514570052  0.72314860430586902  0.73210291990976306
  0.74115362432460385  0.75053575389652349  0.76103400041849689  0.77242819795341444
  0.78647968148241998  0.80226406120365767  0.81636507002211089  0.82783684399545499
  0.83750809490558320  0.84700005023413683  0.85575984790844739  0.86405978967103891
  0.87330339648387434  0.88246665887672948  0.89469028484937174  0.90524781402449905
  0.91756452374639408  0.93329735902586908  0.94616786121179119  0.95719528107961882
  0.96416016369070023  0.96982069407058513  0.97522660534701122  0.98085035864437742
  0.98599601730507525  0.99017665776232044  0.99469170796233508  1.00000000000000000
 -0.00916968233935601  0.18988999416174523  0.24816180174040209  0.30645802847531711
  0.35367712154363390  0.39354269497691186  0.42973212963521651  0.44693779678788520
  0.45872958438834488  0.46993299501151237  0.48147547480912772  0.49764202984049949
  0.51400833676358659  0.53322578781004160  0.55719988894101324  0.57723128692255832
  0.59695205910760740  0.61487835159815529  0.62670762476352981  0.63641153671543393
  0.64532156008863972  0.65499257464733751  0.66604751302874521  0.67412805150744270
  0.68178797240783717  0.68905796740213177  0.69623563474097638  0.70423530089159292
  0.71184716905085088  0.71786933773142902  0.72405290893394791  0.73127477823279308
  0.74002947696412358  0.74958730994631528  0.75734099482499151  0.76300336035427463
  0.76926112045541917  0.77556498703561361  0.78345572341047942  0.78997398842033317
  0.79469383049888065  0.79896165928368423  0.80336567687003335  0.80785302067744846
  0.81235168132224689  0.81607013460481215  0.82037819056518357  0.82460654210376005
  0.82854563315559404  0.83210735138693714  0.83553277391908554  0.84007129432302807
  0.84582379588796419  0.85142796280008748  0.85689142101393256  0.86288300739594292
  0.86722922351192511  0.87171696577029456  0.87652105557218718  0.88035210269756958
  0.88406339847095849  0.88767346757701493  0.89098610429884906  0.89438057527640646
  0.89800837766927133  0.90208218049922650  0.90698448432691692  0.91193718380557098
  0.91650708234814526  0.92011711491625570  0.92314189191006746  0.92641864734103596
  0.92944057985825568  0.93264259586784570  0.93531169454663499  0.93757692355047617
  0.93971954437131344  0.94198323533192085  0.94425274913417701  0.94656365611505822
  0.94889736932110558  0.95154390051942606  0.95459231164001768  0.95767063109880679
  0.96000579551436194  0.96190304612680111  0.96364941602252718  0.96544721859513627
  0.96743001173240195  0.96977408002033938  0.97226922614028344  0.97520556278185622
  0.97771355752287026  0.98208944250552410  0.98937118119270373  1.00000000000000000
 -0.01711453713364302  0.13560411394677702  0.18864911062409856  0.22212327360808062
  0.25087213706605926  0.27560864576347793  0.29718706380032783  0.31271781512390845
  0.32577648123164399  0.33650001689974202  0.34473984286280190  0.35258689343288330
  0.36511086928465297  0.37771216040728967  0.38793155286871001  0.39582324612707448
  0.40317074595023678  0.40916864865742308  0.41657725583144201  0.42598499534478007
  0.43377748531918575  0.44078373118567643  0.44654234420003652  0.45216641400783686
  0.45828609215666366  0.46397997627198434  0.46988470567358320  0.47564061348954945
  0.48217099733199792  0.48888354795814071  0.49578225853545788  0.50325557927562015
  0.51206540678049395  0.51916367000781682  0.52586373438580558  0.53188361009605700
  0.53731568190454726  0.54243950630811311  0.54790074867916250  0.55392310742692297
  0.56090778601393654  0.56619008023533712  0.57003389209849797  0.57377614187375614
  0.57760951902596269  0.58202639895270047  0.58666753517516479  0.59102092817444718
  0.59531179626297059  0.59888594680217366  0.60164315366286703  0.60449413617190806
  0.60806178534104094  0.61141528099990639  0.61364326979988681  0.61567784259577274
  0.61794362069447983  0.62063122133656912  0.62463070980195134  0.63318954839134367
  0.64099583826976314  0.64512233881844083  0.64903682321683398  0.65243259319601321
  0.65581952910575558  0.65901638519525108  0.66227818984311326  0.66532933099910974
  0.66942206707265672  0.67471178644390106  0.68060746464220989  0.68743735537851192
  0.69528170419040602  0.70338285770115749  0.71147343114239570  0.71804602404247198
  0.72496267733324316  0.73332885182023755  0.74368959521407940  0.75562238520571923
  0.76434331919557585  0.77284439356799983  0.78111781064458763  0.79029195624247972
  0.80073785559766353  0.80957509725781163  0.81924310347871943  0.82938594006891309
  0.83689484404241299  0.84381840432796706  0.85084710091805338  0.85812870810567310
  0.86968910586982640  0.88905287926178611  0.91961145379300546  1.00000000000000000
   3.2056455483885856E-012  -1.0000000000000000     
 F F F F F F F F F F F F F F F F F F F F F F F F F F F F F F F F F F F F F F F F F F F F F F F F F F F F F F F F F F F F F F F F F F F F F F F F F F F F F F F F F F F F F F F F F F F F F F F F F F F F F F F F F F F F F F F F F F F F F F F F F F F F F F F F F F F F F F F F F F F F F F F F F F F F F F F F F F F F F F F F F F F F F F F F F F F F F F F F F F F F F F F F F F F F F F F F T T T T F F F F F F F F T T T T F F F F F F F F F F F F F F F F F F F F F F F F F F F F F F F F F F F F F F F F F F F F F F F F F F F F F F F F F F F F F F F F F F F F F F F F F F F F F F F F F F F F F F F F F F F F F F F F F F F F F F F F F F F F F F F F F F F F F F F F F F F F F F F F F F F F F F F F F F F F F F F F F F F F F F F F F F F F F F F F F F F F F F F F F F F F F F F F F F F F F F F F F F F F F F F F F F F F F F F F F F F F F F F F F F F F F F F F F F F F F F F F F F F F F F F F F F F F F F F F T T T T F F F F F F F F T T T T F F F F F F F F F F F F F F F F F F F F F F F F F F F F F F F F F F F F F F F F F F F F F F F F
  <DiscreteSampler_grid>
  grouped_processes
  1 # 1 for a reference and 2 for a running grid.
  10 # Attribute 'min_bin_probing_points' of the grid.
  1 # Attribute 'grid_mode' of the grid. 1=='default',2=='initialization'
  0.0000000000000000 # Attribute 'small_contrib_threshold' of the grid.
  0.5000000000000000 # Attribute 'damping_power' of the grid.
 # binID   n_entries weight   weight_sqr   abs_weight
    31   10   4.268211049404429E-003   1.809174001124565E-004   4.268211049404429E-003
    32   10   4.268211049404653E-003   1.809174001124757E-004   4.268211049404653E-003
    34   10   4.268211049404429E-003   1.809174001124565E-004   4.268211049404429E-003
    35   10   4.268211049404653E-003   1.809174001124757E-004   4.268211049404653E-003
    37   10   2.292502129867353E-004   5.219249547008927E-007   2.292502129867353E-004
    38   10   2.292502129867473E-004   5.219249547009477E-007   2.292502129867473E-004
    40   10   2.292502129867353E-004   5.219249547008927E-007   2.292502129867353E-004
    41   10   2.292502129867473E-004   5.219249547009477E-007   2.292502129867473E-004
    43   10   2.292502129867353E-004   5.219249547008927E-007   2.292502129867353E-004
    44   10   2.292502129867473E-004   5.219249547009477E-007   2.292502129867473E-004
    46   10   2.292502129867353E-004   5.219249547008927E-007   2.292502129867353E-004
    47   10   2.292502129867473E-004   5.219249547009477E-007   2.292502129867473E-004
    49   10   4.268211049404429E-003   1.809174001124565E-004   4.268211049404429E-003
    50   10   4.268211049404653E-003   1.809174001124757E-004   4.268211049404653E-003
    52   10   4.268211049404429E-003   1.809174001124565E-004   4.268211049404429E-003
    53   10   4.268211049404653E-003   1.809174001124757E-004   4.268211049404653E-003
  </DiscreteSampler_grid>
