   0.0000000000000000        0.0000000000000000        0.0000000000000000        0.0000000000000000        0.0000000000000000        0.0000000000000000        0.0000000000000000        0.0000000000000000        0.0000000000000000        0.0000000000000000        0.0000000000000000        0.0000000000000000        0.0000000000000000     
  0.26578840067227816       0.27246790863770592        1.1067102646487189E-002   1.6627500528513656E-002   1.5290471350763701E-002   1.5703166762423462E-002   1.2388095741541129E-002   1.5077143949707555E-002  0.21233557255090502        7.9091382888979642E-002   6.6537760141568994E-002   7.3012378453372634E-002   1.6177671696742096E-002
  0.60806937698894437       0.60806937698894437       0.64964726649598115       0.67344199265685867       0.74274394978064007       0.70280574148202823       0.73866096047333074       0.69996182170394894       0.60806937698894437       0.60806937698894437       0.62390780711835603       0.69077058296589522       0.67816860361561371     
  0.30763813316191846       0.30907050612298442        2.2190255352158884E-002   3.2942898524859682E-002   3.0585838822770339E-002   3.1450486998154024E-002   2.4930317836595797E-002   3.0304270418141217E-002  0.35028545230388264       0.12967095245893748       0.12005068601602059       0.13288611742071488        3.2462832415693671E-002
  0.82908608307947884       0.97882715589521785       0.66829194612163489       0.68893527483824046       0.68617888035986885       0.70391420544048289       0.74754298437509914       0.68761495564776476        1.0255395011333883       0.70855372960786711       0.66229537678515127        1.0231882357347428       0.71599388271020004     
  0.34227551894413449       0.33645282654566677        3.3410786004802288E-002   4.9019707418580624E-002   4.5879612900639861E-002   4.7053753699657315E-002   3.7143112289793015E-002   4.5709283442219507E-002  0.39417731542460982       0.15453232644887924       0.15506204623387784       0.17261483848679349        4.8300393543742402E-002
   1.2863115838875776        1.1854932425808704       0.69344215966683065       0.69984220464901215       0.67736974257673555       0.69949171830607793       0.68401940699080643       0.73176351361533176       0.76077021467841743       0.68715787179142385       0.74557295760838349       0.77796205654660133       0.76736924651198468     
  0.35965463967415418       0.35141389045587423        4.4708575280752706E-002   6.5131008575948182E-002   6.0998739372278600E-002   6.2747238120109655E-002   4.9437495126157173E-002   6.1151165852085083E-002  0.43081468446169641       0.17381056529068387       0.18422317220440629       0.20652750301122544        6.4233928082317940E-002
  0.76223171916363963       0.71858906667459765       0.74618934732166742       0.70385223162471500       0.68460689584758860       0.63815312098302357       0.76451306391963691       0.69632693917627619       0.66846204843534085       0.74497260827971656       0.80745983666906407       0.75602756257349202       0.67452954716194480     
  0.37118788933062363       0.36384311768212313        5.6257337179820267E-002   8.1866274740048817E-002   7.5830532675776885E-002   7.8648432024283871E-002   6.2184447841619493E-002   7.6442645119845831E-002  0.45521921428231565       0.18886333863251659       0.20746021276401111       0.23533154738592554        7.9735895084709768E-002
  0.66000590367774392       0.67654750895589788       0.76698792774283941       0.66048922803135257       0.77861207264822385       0.70104165746829405       0.66132176435077272       0.71619119636197481       0.63027340757918471       0.77632129554779017       0.73205154442424558       0.75893263161214564       0.67089985292178100     
  0.38367512128327619       0.37638877954685018        6.7870952949262167E-002   9.8716472568311411E-002   9.0759578135186175E-002   9.4579687583615069E-002   7.5108986334151279E-002   9.1964582055975894E-002  0.47805800303315216       0.20218359084691365       0.22910022794916632       0.26062411645877986        9.5190343330653487E-002
  0.61828226364025662       0.72389527833881839       0.73399850959592350       0.69720260777268817       0.63212103278724863       0.71223677216901171       0.68944432017615587       0.65457415227341553       0.64264130529547725       0.75059609337336797       0.78598955172218821       0.64275150708742379       0.72081429205364222     
  0.39612973254475942       0.38852037779425591        7.9499390621786473E-002  0.11525213094668232       0.10547364856238720       0.10966257041206734        8.8609465211246949E-002  0.10726826995911315       0.49790979486493026       0.21351083594582720       0.24876149124604460       0.28371138952383906       0.11128396215078894     
  0.65162962865644392       0.72597654227929154       0.64196016098617759       0.76635999248964848       0.60806937698894437       0.62653081744039285       0.69633303876414698       0.70878600380121159       0.62316428087020370       0.74995610444643090       0.72721821793068642       0.64070224518692687       0.71080956681435148     
  0.40841046711186668       0.40030915949834878        9.1118100950207753E-002  0.13185607564360388       0.12042399284646982       0.12489376950158479       0.10229933606463866       0.12259349241832830       0.51661363629292356       0.22392350083205864       0.26808817347126146       0.30543024496354038       0.12754707210268845     
  0.64530569714278874       0.70699931291728479       0.66171022538203161       0.73436242083780168       0.73669948787796702       0.77702578700681491       0.65146384334610596       0.71868446099388816       0.62089337035318548       0.70260651627777881       0.70260106031340985       0.70914447162069638       0.71898413992850685     
  0.42041963535292998       0.41112992112446239       0.10301639943035946       0.14733935182269089       0.13587130567657424       0.14002280255928523       0.11622219030408742       0.13781560230044948       0.53437157880203312       0.23311655769572220       0.28668324560487052       0.32631913610753932       0.14312055545979871     
  0.68530469325650656       0.64546974615908448       0.72591735485465769       0.69179624283120977       0.68989728757291446       0.63878626336554978       0.62460837888628917       0.63076208223258678       0.66059843761952997       0.64901977107692410       0.73485482080385112       0.64137095099526809       0.70138936459541701     
  0.43221416971109899       0.42217685388011883       0.11523447272937964       0.16259160638226050       0.15130525263011499       0.15534486489900021       0.13028309827717047       0.15306681529552607       0.55016346997523247       0.24210042848203495       0.30524143893843941       0.34559881253469521       0.15883555674002015     
  0.67264938855431111       0.69561264083849628       0.69008041363965444       0.71423883925723242       0.65787925850804652       0.66615048460677595       0.70690685034668255       0.69157550489459518       0.65159129120841008       0.68246888748415901       0.69456879253424308       0.63930112116022531       0.64458432358291429     
  0.44376995614313780       0.43329548566553200       0.12777370877926966       0.17800187794712216       0.16685513283040895       0.17103665555190375       0.14424281429526345       0.16851180474335717       0.56451058742183413       0.25075058985142562       0.32358201121649993       0.36448288314780297       0.17461035299365654     
  0.61802162262280302       0.68538727267057131       0.65393090490857264       0.63826732145866993       0.70345336283987892       0.70046590378601670       0.62098950102578443       0.68429325889947323       0.62479903595888997       0.70597212483011718       0.64512590633109057       0.65422358672336145       0.65226103895113297     
  0.45528604680253731       0.44448428572934851       0.14073115619174820       0.19338548475489223       0.18212916788042793       0.18667120294746103       0.15828563819989352       0.18405646785292085       0.57854083877858054       0.25924415970643888       0.34158709440693102       0.38210658826120369       0.19039190935288716     
  0.62393502962171932       0.67974979308045980       0.73176961350450431       0.65484768742026667       0.61916589515976339       0.73427226135513279       0.62492936627569440       0.71220102751548919       0.67713593340125200       0.63802828483247376       0.64669519507738771       0.67696539655345500       0.68475955401737376     
  0.46675129806790927       0.45563066242663641       0.15384681545609710       0.20879819228119739       0.19755963886071087       0.20189789303699068       0.17248595490450602       0.19940774196217342       0.59241822418795087       0.26757972444485278       0.35935857441523766       0.39952466383852403       0.20621542068597351     
  0.66294876113412937       0.67723409458678041       0.64735733795868977       0.73488566272323030       0.72473598363571101       0.69751522546817102       0.70144804623089685       0.70527216978343010       0.71967141031035609       0.64470086166114915       0.65963232934105853       0.68803733957850721       0.67782636605898083     
  0.47834166506494352       0.46680267927643304       0.16703599333819469       0.22423221278806396       0.21305297254752270       0.21694534488389872       0.18652835601936466       0.21464526241538959       0.60528360899089118       0.27576001366732955       0.37671538578749963       0.41667218362621822       0.22195629864531369     
  0.72119881657314910       0.73831732699444574       0.77780708184175185       0.70583430003827863       0.67419769163547116       0.74838806932486468       0.71204543776106455       0.65551900447810574       0.67386387981903617       0.65803922173178286       0.69404447194834540       0.70727993537250500       0.72761544302727665     
  0.49008558870376706       0.47777612517740931       0.18035830278387141       0.24004350039109856       0.22900620617698192       0.23298316544765266       0.20134466648411781       0.23024701805838277       0.61777369889444378       0.28360892685997025       0.39384676543749780       0.43407256652469545       0.23731582385480493     
  0.67223345830249859       0.64736927080688589       0.86304790981318413       0.75507484102654820       0.71044819965783101       0.69847861798217425       0.64299071689997911       0.62733409327694156       0.65865342445010977       0.66681052131203700       0.65350762733740431       0.68637500521224415       0.64436712664647400     
  0.50179977455107938       0.48874162399315779       0.19390735557105837       0.25605276921720815       0.24485670226051678       0.24891548804606817       0.21621517126934181       0.24594184325086094       0.62966578814403329       0.29141308350574696       0.41059664050667383       0.44994847083713269       0.25276701955813835     
  0.66687424569429010       0.64868453176242835       0.68773535042733613       0.65793892524244024       0.63927929418338025       0.64821921528420245       0.68853733702525377       0.68431913674283451       0.62182310905763150       0.67697325889596371       0.69757868166905279       0.66790220996940064       0.62713584477357054     
  0.51346133556121298       0.49933194794819202       0.20760915045692591       0.27142968692794095       0.26024323289888668       0.26510366529020696       0.23254261232658202       0.26174273696200873       0.64141516132809084       0.29886382961363755       0.42693505209241595       0.46568345247219195       0.26832178882254526     
  0.65058471512270888       0.68070441200740450       0.67599500627713294       0.68687850502002301       0.62913115661035712       0.67066988665623939       0.79982053831648281       0.72369857962853257       0.63245767728940305       0.71682993659085181       0.69951082083888083       0.69708003601834190       0.70634148149050791     
  0.52495944041354914       0.50997116520299013       0.22186908471682806       0.28653113779485828       0.27557697942083692       0.28108573974774503       0.24920840536113462       0.27742528667711558       0.65198629138203745       0.30630202836997539       0.44354004041773348       0.47988953097954157       0.28387872656409613     
  0.66584688176861961       0.71447664231415964       0.64993353518912045       0.69801725508712331       0.78647776905768840       0.65515925282847420       0.70138211987386889       0.67124446845552932       0.67107750768617014       0.69627971756758833       0.65033083455002549       0.63071563905123440       0.66380733630022037     
  0.53621904515936847       0.52094204900805696       0.23625914186737401       0.30092546347998450       0.29122938161632889       0.29717873584216675       0.26529795859183913       0.29294721947993119       0.66240474649015035       0.31374302672328885       0.46019057609122982       0.49408954244959175       0.29939264722418779     
  0.63690326902757000       0.68064686193094392       0.68097519676862639       0.62209811875477339       0.72290883617358148       0.63103249279696361       0.65048789224483794       0.71624413831447853       0.60806937698894437       0.66220729876313356       0.66871208294896090       0.67195418977750676       0.61384652590970090     
  0.54740912145045872       0.53194897316779444       0.25110396168530685       0.31540845050437555       0.30700157657007071       0.31331819156133273       0.28151932340785074       0.30860084960990658       0.67242734731131448       0.32114878207716996       0.47669438053802216       0.50749012856238529       0.31527227839883259     
  0.68984336857572748       0.64285578877628036       0.68036938635350264       0.66100048601451900       0.71612717824763594       0.80182822542683885       0.62597125466338266       0.67322032863397008       0.63047360243447048       0.64752553472233310       0.70676395936041847       0.64151561514133204       0.72058498312461761     
  0.55849009840423469       0.54262194020976495       0.26604255308005947       0.33097349823294675       0.32309221705476376       0.32974248252504368       0.29822319966029259       0.32384023466556588       0.68240012123612048       0.32840554961758928       0.49314676943286001       0.52081232629131380       0.33034177159865497     
  0.68980290709990766       0.71304963799418386       0.63410709207860472       0.66356595046358768       0.67714628218023132       0.69918963339044538       0.69643303785483834       0.64661200743668013       0.63899973341406702       0.69563243569568922       0.61214107994526046       0.66730739019169272       0.65623427478151664     
  0.56956727919317929       0.55339218567357717       0.28163549974497482       0.34682373333273209       0.33894156241185436       0.34609164231757755       0.31505279397696367       0.33924778532539168       0.69211166505600996       0.33560891644423846       0.50898724740198142       0.53393233029501397       0.34529298958118276     
  0.78085748542262123       0.65220698219793527       0.66608094216884484       0.69255252669289791       0.64944694524853130       0.74724965614074523       0.73175749827654568       0.69686724573427072       0.68972385161839145       0.71633136029386579       0.66312108518209789       0.66133635716429928       0.62247011658794382     
  0.58066584691337619       0.56454399208530093       0.29731275666561502       0.36278044106430590       0.35420350381433574       0.36219988178012186       0.33229215554474195       0.35456344103847254       0.70177728135936446       0.34260418488284883       0.52422157693815918       0.54703725689137728       0.36074055281662964     
  0.63529583468534601       0.72544416033264048       0.65130706986565889       0.71699499086940033       0.65342460168012506       0.67223475645104303       0.65987458369114593       0.65035958457477461       0.69789330398964422       0.66408804107750674       0.64816985809123329       0.65893988567618722       0.68364462896249989     
  0.59168017477128665       0.57555647152891598       0.31390428280545718       0.37867819902901112       0.36951881394180175       0.37846929258250611       0.34945315131097460       0.36983564755055626       0.71138212052088867       0.34963499146835902       0.53910274272619130       0.55934415798742521       0.37603104979455121     
  0.63653661950477847       0.63631116463162662       0.68664860377006165       0.65094813046371547       0.66949096300876554       0.71812359726842978       0.61352531066705496       0.70951517134606490       0.65639230611336097       0.67974545305604206       0.69246238206928934       0.73779222282030443       0.64056449861252263     
  0.60254621897584082       0.58645714705879293       0.33050635407476059       0.39368752510921590       0.38510664404372125       0.39410066382351933       0.36755241514599651       0.38488526946058610       0.72100472480473687       0.35666441743893829       0.55372102074601692       0.57147799094298146       0.39168268948596807     
  0.67249343694819930       0.65830819984101674       0.75186605407696072       0.66860429527665655       0.67154033641121114       0.61106734414434261       0.77976923006527510       0.66384133507935594       0.65820489084243061       0.69326597342319896       0.65659347805631529       0.70520550782664071       0.74901496943792567     
  0.61343716282908001       0.59734815478592806       0.34734625297638649       0.40891286670323573       0.40075681066067231       0.40983203845560484       0.38584217630795536       0.39996890654353712       0.72959586170177593       0.36380807898845241       0.56789500139015459       0.58387812642771275       0.40736224850143282     
  0.67485080774089867       0.64380429625305313       0.66701851959410530       0.66535422727457338       0.66531129989199700       0.64679882094346774       0.71596159446538787       0.63139136429924847       0.66004023050765148       0.71285346510302283       0.68445503609555769       0.63621726923317479       0.73025355502069134     
  0.62405920179485896       0.60847051492302551       0.36433932127364188       0.42435687391545474       0.41657489640371675       0.42504985999155742       0.40432947304887246       0.41569293889074821       0.73820859842454523       0.37077755436309418       0.58158941416729748       0.59610762716243193       0.42225673673198433     
  0.65318322856781685       0.62250151260694286       0.64451418289129403       0.64117020056535023       0.70778873074797766       0.63368696460417850       0.65795432927295228       0.63881394561285443       0.68742804690493997       0.76915412721276355       0.62669901775486914       0.66065369550426134       0.63690095273122893     
  0.63484857543185269       0.61954046135208773       0.38150729873621925       0.43967895012538577       0.43242835108123623       0.44047076114671468       0.42298840400638649       0.43137032279166287       0.74646063879495406       0.37778511401191567       0.59511842058625908       0.60787522017106277       0.43714552631473491     
  0.62025206424258050       0.66467188533790056       0.70371820423808329       0.71623664579159829       0.82065381742663812       0.65576824802712375       0.69080094402018000       0.67126582500574683       0.70310054579064085       0.75124755612254435       0.64781825415769512       0.69145546858582163       0.68668115498114579     
  0.64598759121379679       0.63038217875725822       0.39895557066366316       0.45527341729512039       0.44836665949723381       0.45652257867099805       0.44240431587217921       0.44632674023572744       0.75463653956936483       0.38473812101477362       0.60859183565280106       0.61955052497569441       0.45283548508467009     
  0.66939094694818224       0.68430776327790366       0.67512982602963012       0.67254861067282201       0.66228904797644761       0.72964930521681504       0.72683997036643422       0.71917550165865440       0.62529222225661063       0.70654517127190786       0.71532647762926072       0.71156611647832235       0.71467714160412754     
  0.65698094438800358       0.64119435490065946       0.41637123329167330       0.47099284250610318       0.46423055754682968       0.47242097145471074       0.46190361910172167       0.46128862556699823       0.76252014309280336       0.39162869627814090       0.62206609592716944       0.63090202081815128       0.46841951791733449     
  0.65394840189415671       0.72071289033033203       0.64859624191623744       0.70660107163934904       0.69570198103622027       0.68842291973594161       0.63246385506048730       0.65144934979797120       0.64797404894492006       0.71577099511759879       0.64048950902867541       0.68962515340974462       0.66831909022295488     
  0.66778294544073669       0.65163630173575349       0.43393954783777328       0.48685574540943960       0.48016278160610726       0.48781761907907317       0.48101857651468860       0.47664967275304965       0.77045677800496404       0.39879852168469920       0.63557598225577072       0.64213848313763233       0.48340162981835688     
  0.67262645582226688       0.68809204399747026       0.67454606237196324       0.71356868696729947       0.69908554495345754       0.79143191523223455       0.65199805305927538       0.62957795241945447       0.63167969534946622       0.67598698127395673       0.64177016322440927       0.66065434150885038       0.68828072135651464     
  0.67859469082876001       0.66210281753068323       0.45171896690210767       0.50257792786948452       0.49621726139637190       0.50336255813660002       0.50056925604976810       0.49196096509172038       0.77823127459700703       0.40601837844202615       0.64905828005326582       0.65283150275019997       0.49841123316504105     
  0.69216899851318170       0.64457093258801723       0.67492395160349505       0.64017909555840857       0.66420511298457741       0.63452656557967857       0.67152446668892185       0.65300191875222091       0.69584936303383393       0.72705309642207505       0.66003544625358779       0.74733039107904431       0.66883468747173913     
  0.68927590939612182       0.67259533180472819       0.46971166630185723       0.51819165886059959       0.51215124009654434       0.51815824206158634       0.51884086803879736       0.50837782883021854       0.78597563880038046       0.41313954864671598       0.66242694981386618       0.66324575007053144       0.51405519473703010     
  0.68551942943206401       0.65869879887120020       0.69453249503249015       0.65615891481495114       0.68075560787820344       0.77743896118781075       0.68636849599988092       0.74434646445470865       0.69881332016126851       0.61761142716677175       0.72635519274453120       0.70949689329206933       0.73279598939173751     
  0.69997764470758883       0.68322556365112797       0.48810497807298087       0.53380087906683893       0.52827803953923835       0.53295387389472459       0.53716948247810636       0.52457765052394445       0.79314087892648888       0.42029826001618514       0.67535475851938331       0.67367464004941913       0.52963446987010876     
  0.67111852856668763       0.63936289076440833       0.67249993704292355       0.62740359264332068       0.76838717484674668       0.66154939164900095       0.71294053159807480       0.64543094089624597       0.63274742268371253       0.68676189174230517       0.68645485619229618       0.66861401283787281       0.64771366172546907     
  0.71070679780122104       0.69376070337923057       0.50652014186987848       0.54891739916585125       0.54420555321350261       0.54747011974165394       0.55528971767072044       0.54144912496627984       0.80031643277170827       0.42757058797337649       0.68797936461429143       0.68394680383102124       0.54552012864427002     
  0.66441916275508239       0.68714622548349846       0.71983931627015474       0.76894736099109517       0.66294482568618507       0.70375940202553888       0.69112540248943888       0.85230859193961084       0.67881488239165855       0.65519781407018407       0.70809037136096575       0.68411939529794719       0.69762025125036864     
  0.72148521364121798       0.70441096580753793       0.52543741053260529       0.56435291831787171       0.56016685668557797       0.56204736002287092       0.57336800698847390       0.55833760438013380       0.80719489435562808       0.43475310035969000       0.70034557883669635       0.69448837940843666       0.56139385837114497     
  0.63804008704541926       0.68953332434486247       0.65102307904191559       0.73219251401691055       0.64384895918247176       0.65475132193914531       0.63435455466947421       0.75782982858107317       0.67251475747309830       0.68908213234802196       0.63635525531399295       0.68398363214515256       0.69885981191577373     
  0.73235057204961074       0.71493934391354541       0.54450746848841247       0.57959161186067465       0.57622545756793164       0.57741252487438233       0.59160648142270567       0.57538118450881326       0.81411706990840249       0.44201207518376540       0.71248266842232244       0.70536393347469950       0.57711631827271992     
  0.66573802636960688       0.62467083437430415       0.71244703789790054       0.66764771038682413       0.68600391608834677       0.67050759595458431       0.65061708901461346       0.70614140758735200       0.66350927373131152       0.66464758029162574       0.73931249443828262       0.76518184618124796       0.69095618691128791     
  0.74319460390801872       0.72539056459934215       0.56372116815359397       0.59464742317651020       0.59252471820083596       0.59271412172338855       0.60969678374377423       0.59236284710682763       0.82053701491273168       0.44931708818845806       0.72419114964130316       0.71658268627387234       0.59270960464370415     
  0.69783486387276961       0.68012514172292637       0.65545335387078230       0.65524708939174503       0.78424194056833096       0.66629829363024873       0.65450292433457358       0.76054362678180876       0.66568811260260008       0.69286724052905380       0.76101454024603898       0.72151013912047135       0.67538871288209290     
  0.75388406764062321       0.73587615505624226       0.58293133550687337       0.60986812420410863       0.60811956031371550       0.60850175910333759       0.62744313278166952       0.60882956288151746       0.82694796601009413       0.45671349334291667       0.73570882417323225       0.72822919819040244       0.60824320177999947     
  0.69126693168185882       0.68212473535467788       0.74661974476443238       0.68202402007337171       0.64477938317903649       0.66645616017618992       0.71063408550998464       0.64484584439860571       0.74417297385275838       0.66946285032796415       0.68339960206403860       0.63082567847596449       0.67123126285856471     
  0.76454044454128733       0.74632131499237020       0.60197886321320060       0.62512961017833935       0.62379429162293520       0.62416046958895155       0.64520100194944452       0.62527228703955795       0.83317797092629631       0.46415830140016190       0.74687062726551301       0.73977957726454946       0.62392032895525140     
  0.63899689444340191       0.63200637950315242       0.65405420684514071       0.68216574870978786       0.66840056648674950       0.65521993345162932       0.64185658023912717       0.80941860999537774       0.66749468597990402       0.71030342019361536       0.71940039221806229       0.67625128144741786       0.68549688712280765     
  0.77502953420074494       0.75711156601518637       0.62113641392755226       0.64040278576655130       0.63932129276812877       0.63929738968415095       0.66325432699388043       0.64148881017882498       0.83937729595949961       0.47186457048186253       0.75759812228228740       0.75112157691028958       0.63902724709717262     
  0.69590846222468949       0.69220872089521923       0.70491945366959252       0.66231315778906108       0.66474317210546574       0.70598267785388491       0.71568617647713761       0.69751823254202316       0.70129378873910508       0.67594341342203623       0.66682967634664814       0.65425187545915364       0.64266974218555806     
  0.78556770889423844       0.76792841076007923       0.64052106494335670       0.65564440796283763       0.65477676271560470       0.65433738353776860       0.68097091712114499       0.65767028783621706       0.84581617510011253       0.47957807426075327       0.76830539081346694       0.76242047540091662       0.65408002882219363     
  0.72824675996335630       0.69972070554639854       0.68642968452423381       0.65533939210576597       0.65966072336352310       0.68525704504101048       0.70738737345922220       0.67237154258898735       0.73469917282599639       0.71412220754203615       0.74133720744528331       0.65341071258773120       0.67970226133701983     
  0.79623218536620477       0.77901000297927436       0.65999369130604957       0.67087444965012422       0.67145413548871236       0.67008758543434976       0.69814493319255633       0.67313991232743020       0.85220768444350159       0.48729815510232133       0.77892949137470924       0.77358259484980885       0.66929707647562953     
  0.62574594392629157       0.67295625961273586       0.69743044881747518       0.68410407438821530       0.72075997472302900       0.66133591794058100       0.64854452056724965       0.65753352813709809       0.65586421213788393       0.76602908726667884       0.78955201525195473       0.69028491539137937       0.68814154195050659     
  0.80674587112895857       0.78999351671204854       0.67964276253784228       0.68610650945380713       0.68808630736094123       0.68596913436736384       0.71519707529839749       0.68859059265720279       0.85848239067338339       0.49509251181618880       0.78956374199326684       0.78482631730105412       0.68435463495576587     
  0.63959983898772943       0.66103489759387668       0.67028071155026292       0.67347512542746912       0.66109143949453775       0.71627039198765008       0.69355076879126976       0.69883486575684550       0.74649229412831297       0.62761497723146997       0.73493070985871323       0.65176407802512670       0.64417405162509100     
  0.81702343423034252       0.80085741166784896       0.69872900461129239       0.70192987617094271       0.70359649254860379       0.70163355322184273       0.73179683535683304       0.70458120876535446       0.86477831315577058       0.50320211049595920       0.80015257794307060       0.79636195853189085       0.70035200751368709     
  0.63787307490315248       0.66031159515554083       0.65246021143625654       0.66126117792616523       0.72235430566648884       0.63946465893753579       0.64361456820140317       0.62313922934099941       0.65689651504609980       0.66086812542889239       0.68191688021900010       0.67816151500437505       0.69515259953968955     
  0.82738999951524450       0.81174375990487269       0.71724970432396629       0.71777234966073833       0.71920490982536200       0.71716342407282274       0.74803850540633621       0.72049816612840623       0.87113462522154017       0.51152041885753974       0.81063709320668142       0.80802839126055570       0.71633313966297563     
  0.71990758812144895       0.67419900268431987       0.70157518641009453       0.68725240830518886       0.70581428191789308       0.67513598144718889       0.67564310068425670       0.72308941160642504       0.73943936604478755       0.66453067608811900       0.65668523604784512       0.64638054289857050       0.64150834084134012     
  0.83786220808579182       0.82268399508285794       0.73593077189985079       0.73373694405949841       0.73507833088167918       0.73279207708531979       0.76411391186586031       0.73682220807525456       0.87742987129166861       0.51992836489732497       0.82110397500702426       0.82007516474121700       0.73250715517910814     
  0.61058848033207258       0.67281711734441008       0.63678849403526883       0.61631514729671755       0.71105990638214012       0.72904732651605464       0.69703727950675964       0.67445240757220548       0.71224136183359510       0.66613113209258612       0.69208885260356467       0.68111335130080208       0.68657710463489252     
  0.84832641013153420       0.83379574070636542       0.75474130529153804       0.74980899127976974       0.75095380445506210       0.74822822105166531       0.78007896984241432       0.75323354436319379       0.88364512688300012       0.52843934352126232       0.83169945861800709       0.83204924214237252       0.74893025066964847     
  0.64995838789457561       0.68520348482029170       0.67930644971250043       0.65408990027804259       0.65733320165748788       0.65048264567021929       0.73763310623185596       0.69070332160587322       0.72751918405917637       0.66182262525351143       0.68953065395428970       0.72523805191331325       0.65997717523317923     
  0.85881138937547730       0.84487280147199184       0.77267238845554698       0.76631112184118366       0.76660047846532264       0.76414387868829314       0.79589020371133035       0.76903333996457468       0.88986912300054488       0.53737069755657185       0.84242114027760773       0.84349351069687384       0.76483885636026194     
  0.68465080942445899       0.63856718602549856       0.67434429933144335       0.69610593828216183       0.71590021536541493       0.72102321678086878       0.64739967605263127       0.69279147929496021       0.71091681729236977       0.62751022055478645       0.63477379524047084       0.71870941977594038       0.70595867641167243     
  0.86915481546152029       0.85590393273184773       0.79027129184562939       0.78287582764474095       0.78216472579288931       0.77987084260580886       0.81126468053881462       0.78483169805869857       0.89602086232496936       0.54655482373835118       0.85321729017583636       0.85476643061572355       0.78099267346498247     
  0.65047399421426355       0.65942454387880645       0.65850073603325177       0.71958536887386215       0.67303557369468803       0.65046638163151416       0.69046764625888990       0.72473974122813056       0.73020446027409347       0.62569557736608283       0.74677391733792575       0.63560301101988947       0.69015365529166262     
  0.87930330062402551       0.86690180636078351       0.80680623747071123       0.79885341789052977       0.79779041031249598       0.79564311132955035       0.82613138587873414       0.80026743339481421       0.90217250074689714       0.55629346104559052       0.86406999470575274       0.86554703711805603       0.79586106800994438     
  0.65641618033159754       0.64679882094346774       0.73739019834100961       0.76439975648853475       0.66683974046601324       0.71168822077462546       0.67710096042235812       0.68981044458296858       0.68157269712583723       0.66052761640880842       0.70255147317591915       0.63062931690447865       0.65392320621863931     
  0.88963155162661112       0.87790242819120756       0.82291810725004388       0.81481081787155130       0.81356472826287096       0.81155229745233914       0.84066019041505169       0.81579637118140602       0.90829918973468726       0.56630726999131065       0.87483889043033258       0.87622297890075473       0.81052984697611108     
  0.67540558919982630       0.66473821579367409       0.69616470055914559       0.72961568863958237       0.65856138200592018       0.69889287717565418       0.66428134011939521       0.63597427671712559       0.70448886936765398       0.70681699278603771       0.69728216803134757       0.72600039495936486       0.68103830129092302     
  0.90024323584743116       0.88860862854095346       0.83900283321000524       0.82985373812965202       0.82896201369698685       0.82696947692858869       0.85483250953406675       0.83066298645086012       0.91439361729445112       0.57679950069387176       0.88555368590173467       0.88660174323090712       0.82575797914672122     
  0.65619631852768190       0.63822480506841128       0.73162996347084064       0.67697496107369948       0.67493547955733757       0.65039985311096671       0.69127913762870863       0.68778898151483514       0.70100792718426153       0.63668437689687496       0.69028839339690595       0.68199308270237813       0.76495235223488045     
  0.91083609494695361       0.89949163647543284       0.85488273900462575       0.84516551176376975       0.84430399613872886       0.84235889200487635       0.86893285602544246       0.84568008269984152       0.92046110648941315       0.58760124231407607       0.89620818067302410       0.89698879693214040       0.84097446106623608     
  0.67079308146275629       0.71146598825165575       0.65861826134143975       0.70970048326967972       0.68960322384027251       0.80288938649280994       0.67649632155058137       0.65291398118757316       0.68211762641483120       0.70548326861791200       0.74593923182602040       0.68913983425233349       0.68028252193370409     
  0.92134953420775212       0.91046833185609399       0.87087101528574906       0.86101661879721914       0.85941841494286697       0.85858703624864885       0.88307870400231159       0.86033656745295195       0.92644478468919289       0.59935317785537978       0.90672011275644337       0.90764471485262466       0.85647500825263367     
  0.66394845978398542       0.64473303825454253       0.68038396008222746       0.72116272484072785       0.63529150213235619       0.71683825057050787       0.68386148512376110       0.65062354438294934       0.64581098953706106       0.67985598397449509       0.70868665217388072       0.63945993696229164       0.74892839453492022     
  0.93175316093193383       0.92152766575773981       0.88675791363359246       0.87693502242245458       0.87439883143483599       0.87458847788676675       0.89700173439125541       0.87491924960224476       0.93247446015054281       0.61170168662017510       0.91717058691255793       0.91828627913895633       0.87221014795943741     
  0.62596184536400989       0.63713482904786778       0.69433059780674788       0.70143272511574151       0.78986243306268311       0.74561008368458093       0.69860262146785645       0.63435428229761881       0.66236141062592468       0.80005931657066220       0.62641878031236931       0.68484952004033917       0.67096111841025474     
  0.94203302438223002       0.93189852690545349       0.90164614170136903       0.89181618729832834       0.89109190820046069       0.89040895179839274       0.91045919628548477       0.89069475697513467       0.93858998653972681       0.62524862951274129       0.92756193858347269       0.92874344735153402       0.88766605153984213     
  0.69223380481288699       0.68911898218197398       0.65466010723178780       0.67217053677647665       0.69237735838401260       0.66503288993478293       0.72298982470741313       0.78826716112173245       0.73037550292267717       0.64476518411327011       0.66625964124448178       0.74807600331300383       0.67934102756328418     
  0.95211912268243026       0.94243975415572012       0.91653374588003356       0.90675705404133600       0.90761364187110261       0.90640105272874727       0.92385952498905333       0.90642132517859253       0.94473986830270174       0.63950022101509152       0.93798685915953506       0.93923323151164728       0.90313440695025016     
  0.62511658951344040       0.69253977674088008       0.70820486222424284       0.65216238336786081       0.69235709433868597       0.70558242047651798       0.71254113460168622       0.70410153376387585       0.82994898935866490       0.66719909821414614       0.71425966413683506       0.64145433461906365       0.69810297343461214     
  0.96194059387063846       0.95269318135668635       0.93162480838705275       0.92200084976589469       0.92291926716735284       0.92190196826484916       0.93701682187972157       0.92238220392440307       0.95150251193037405       0.65607533987194322       0.94864628190800737       0.94972827866522513       0.91910076194214196     
  0.65530236191790892       0.66451009457303012       0.67918377240613759       0.63005386175232925       0.68435762351855323       0.66955816402294521       0.73285525330962364       0.66596833244060827       0.86791960085739550       0.66490424917117597       0.63682614183155695       0.63954867286968453       0.71298495294699860     
  0.97135061572266101       0.96295290930862876       0.94663677444798033       0.93721673114758275       0.93819940317584061       0.93760944071860963       0.95016026833310907       0.93836715105885193       0.95810884355785952       0.67365358552633503       0.95927087291634006       0.96003203901390333       0.93477494003806483     
  0.71210849499638973       0.66815300750426010       0.71580877791248843       0.70648519010221023       0.61913250549474685       0.67142538439976274       0.75658975118448601       0.71695089809233892       0.76093458818078719       0.62788857852390478       0.63017876572960463       0.71393468732226573       0.66314059070331044     
  0.97993174403700134       0.97286744999732566       0.95985978528528937       0.95275944156429138       0.95399726158390308       0.95331258542355524       0.96294014067447009       0.95359274453051279       0.96608119503089973       0.70015979617313451       0.96930118543498911       0.96981772806719135       0.95131308811189452     
  0.70000834029524805       0.65660883537696990       0.70673902759303464       0.76788050183506762       0.69888141950424576       0.66913199878115748       0.68123307623014850       0.68178621481769908       0.77673673352546890       0.79543385170450964       0.65474929729264919       0.74000230848086901       0.77737170263022481     
  0.98767132675158464       0.98268308750966371       0.97307483378830750       0.96838377603806791       0.96970014463561349       0.96899812703099975       0.97558675236016223       0.96885805913373191       0.97410806368384661       0.73321955156394258       0.97948930521760713       0.97965717989328727       0.96763085724787423     
  0.64091869042760330       0.64312257380875493       0.66693657144165042       0.75327483618495372       0.71714329829917822       0.69863556100170787       0.67643065581510520       0.67559329968984139       0.70272661043934936       0.66568638785685219       0.69258921821659380       0.68241522672090593       0.69312335541448367     
  0.99396376795625929       0.99139814048310904       0.98649015664704454       0.98421850132154409       0.98494445160397526       0.98449640764068924       0.98774532202275744       0.98433090792645694       0.98613829341564618       0.83401958295798284       0.98975571009631280       0.98989949158945079       0.98378480886741415     
  0.62486001089574317       0.66119934215610421       0.65396892346965496       0.68576468457050543       0.70179976111419684       0.64546266527214480       0.72129493245224974       0.66755306540208303       0.86366691712828314       0.85805332877888818       0.67193013486110320       0.68912944047054159       0.71026132103164064     
   1.0000000000000000        1.0000000000000000        1.0000000000000000        1.0000000000000000        1.0000000000000000        1.0000000000000000        1.0000000000000000        1.0000000000000000        1.0000000000000000        1.0000000000000000        1.0000000000000000        1.0000000000000000        1.0000000000000000     
   2.4376152770628519        1.1685837621191320       0.68435230192834140       0.68947557113879843       0.65032010065718537       0.63829454668872354       0.75112304131581720       0.67876342582170046       0.61950142732838520       0.60806937698894437       0.69778407149114330       0.68731853528984221       0.80160598814753503     
   4.9285031746667780        4.7251098002429535        4.8505710611246657        5.1815777576240283        4.7280658975305991        5.0210473079946940        3.1233628275525356        5.2365888687855513        5.5290932054761006        5.1394976973149493        4.3533234832257701        4.5077119009822573        5.0406706019224181     
   5.0166804040940676        5.1068855171883367        5.0425322052978272        4.7934836145876734        4.9138128531745711        4.7567060454227139        5.4353957214250199        5.0114249548094412        5.5184257302402342        4.7998140172999006        5.1670140990451454        4.9836693116961293        5.0815582101704315     
   5.1035111060303624        5.0897080055829118        5.1476569746721168        4.9468927477483602        4.9680003794825165        5.0049738988855381        5.7669498044808867        4.9833987230702821        5.3919205096657219        5.2257782385442546        5.1671027330455486        4.7774372578099911        4.9330382203960905     
   5.1219308249928091        4.9006512880647639        4.6870267999023518        4.8670717499801919        5.1745779495968449        5.1400520462781225        5.7747540830244262        5.0679826064738736        5.5166759148081912        4.9446122953780467        4.8240839250827623        4.7059597912167002        5.1053502984129606     
   4.7459721687468823        4.8237881009443573        5.2156067958388235        5.2277547865394327        5.5713797302360080        5.0586453966541729        5.7857970507521825        4.9868184306664673        5.4136504776189804        4.9791808949405754        4.8686778958838808        5.0183561205100835        4.9255556103218883     
   4.8985943575075304        4.9503746854433679        5.0032101249440126        4.9402640963786633        4.9742463032848434        5.0577792566236797        5.7535917775434688        4.7221175774960704        5.2547855258617133        4.8383430520952961        5.1735757527918391        5.0034393017668606        4.9770355876995183     
   4.9270234522807064        5.1147350948677799        5.2325712524745436        5.2722289112346354        5.2111577027994684        5.1241392663858765        5.4716797011349465        5.2241588000502572        4.9094096264463785        4.8453407486939257        4.9887650828285377        5.0456537039334206        4.9187638395179549     
   5.1804304699379440        5.1397870745926904        4.9660308452833313        4.9521371685752298        4.6114728912686056        4.8851399447280555        3.8831646800967063        4.9230780795829840        4.3644661751407847        4.3739158234782840        4.9603537226405443        5.2617852800165297        5.1015990755901752     
   2.2924122604530927E-004
           1           1           1           1           1           1           1           1           1           1           1           1           1
   1.5648805583124317E-003   1.4521619328746350E-003  -3.5283756821090097E-008   5.3088811694766287        1.0953593012110341E-005   1.0122157633206715E-007
   6.2274229776059628E-006   6.3199933036857295E-006   1.4301145395162759E-006   1.4100499645451231E-002   1.4298121279728810E-006   6.5379919623819900E-009
   5.0000000000000001E-003   5.0549845856429494     
