   0.0000000000000000        0.0000000000000000        0.0000000000000000        0.0000000000000000        0.0000000000000000        0.0000000000000000        0.0000000000000000        0.0000000000000000        0.0000000000000000        0.0000000000000000        0.0000000000000000        0.0000000000000000        0.0000000000000000     
  0.27526247818798344       0.19504845899997988        1.5038437745906711E-002   1.5369983696556944E-002   1.6088961016781603E-002   1.5691400185409446E-002   1.1053200361098015E-002   1.6701028018142706E-002  0.20840676814528913        7.6444190900421649E-002   6.3053650746378712E-002   7.7269678868520944E-002   1.5758330358236743E-002
  0.63161320371123020       0.63161320371123020       0.67411925103894488       0.73557356509175764       0.75716828050502416       0.74349244500733125       0.74484754042115386       0.71854365846694290       0.63161320371123020       0.63625909844802520       0.64010558316219168       0.67959521087723707       0.67497024034358699     
  0.31299748223907947       0.31702904553561850        3.0151226105505132E-002   3.0863939976665568E-002   3.2191560697268667E-002   3.1460845957653395E-002   2.2281343195072335E-002   3.3536581501133131E-002  0.35699403094244941       0.12728094730877013       0.11602875602017067       0.13890086340971511        3.1389849097323202E-002
  0.83609043338860312        2.6015790336076230       0.71561466520341266       0.66933801200735488       0.81040701291653172       0.71595391428138588       0.78040562214844456       0.74379790768196374        1.1435619290010590       0.78091154535485841       0.74078360940961552       0.94376489317027301       0.72620503796095515     
  0.34433620179996183       0.33211326943226499        4.5439053657136123E-002   4.6687478895598475E-002   4.8058744002164124E-002   4.7184200053132577E-002   3.3779511816331036E-002   4.9877147683949796E-002  0.39949561474841017       0.15086558721044582       0.15006758599500356       0.18012531513121210        4.7267771232329350E-002
   1.2435111013007363       0.80599663224273788       0.70674314445622333       0.80992993275361480       0.70233400052653006       0.74983809351506581       0.67182650872506855       0.71653418916377354       0.72201618249750765       0.68473206749300364       0.76433167999592511       0.90413936745480450       0.73777589256522991     
  0.36126149727455947       0.34654380872420704        6.0570235785333749E-002   6.2365192988741991E-002   6.4048948976180090E-002   6.3095885590289516E-002   4.5382241412411962E-002   6.6238947693714578E-002  0.43701856345140089       0.17009466772078441       0.17951581332317373       0.21512952893064424        6.3075070005186210E-002
  0.84232524990244628       0.74383178691202434       0.65496701302226068       0.68296278312423253       0.75370423998463876       0.72082476422597319       0.67211819210966750       0.72384532528964274       0.72120948627305626       0.82398684603334005       0.77303914144077523       0.77438926586191925       0.65275253475211292     
  0.37178148814805051       0.36013295777537802        7.5942939237961055E-002   7.8389552160447212E-002   7.9658799914449477E-002   7.8971903733930385E-002   5.7589468150662314E-002   8.1632508990681904E-002  0.45957301037791498       0.18435799484230950       0.20259233555250186       0.24437833545591883        7.8905570956099805E-002
  0.63739922804018523       0.67462918077521461       0.75436846129804047       0.69474004724809479       0.65493187040441514       0.66698866343112240       0.69126550095072359       0.67916570011921917       0.63987739193373305       0.73861431577346570       0.75883342221595185       0.80199878848486339       0.74319484889525900     
  0.38324024644189214       0.37394247679032988        9.1377274995989854E-002   9.4341905178905922E-002   9.5595963893380057E-002   9.4999938574776080E-002   6.9812660723419184E-002   9.6730218450198385E-002  0.48160119443418437       0.19758891184274716       0.22459144203498310       0.27094101485114552        9.4679588089339226E-002
  0.70811630489995347       0.84475827544353965       0.75663142845326814       0.78202061147116753       0.65528636367044646       0.71057995553376352       0.72981346045719298       0.65715007438277639       0.66625576669731268       0.74167921074784116       0.85032950656021600       0.73338095089774136       0.74394167153225843     
  0.39457429521061022       0.38661918152264813       0.10648269604084398       0.10971152217432274       0.11155352698794668       0.11017931916127433        8.2667865074427041E-002  0.11241193511599770       0.50057098581332871       0.20864370914228086       0.24512958408829413       0.29532685686545807       0.11035655585248330     
  0.74399457214027309       0.71905718283226450       0.71122773546552220       0.75513329430778964       0.87021739263805542       0.69397532979361354       0.68620519887196996       0.76060262234336640       0.67594139754732330       0.65920769061811801       0.74491581518045247       0.72882824932377022       0.70524747482880867     
  0.40580650859552597       0.39965423735033256       0.12160056573571681       0.12489793135914390       0.12760511922740819       0.12537108524213414        9.5601000729207547E-002  0.12820440464831892       0.51885470588290983       0.21929098517162621       0.26481782499719742       0.31798890849946998       0.12628831563631085     
  0.68340784772775842       0.67670421871338116       0.75449630297667336       0.64155282512306433       0.68999974336213654       0.65357654152594125       0.68578190277283613       0.67476113465329957       0.71556352993023753       0.75892000397431014       0.71710142342998406       0.69325144380074055       0.68093687710388573     
  0.41686479778873914       0.41096287436482459       0.13731169259121506       0.14042991999106097       0.14277694768067853       0.13990778330386466       0.10960019141443623       0.14379265833300908       0.53636925463796170       0.22841989724824804       0.28357206316969602       0.33928993596479445       0.14142187269689635     
  0.74599889292324917       0.65234967506129615       0.68730077511770249       0.74072958982919312       0.65642393416899270       0.71835393192724684       0.75689522679101995       0.70401915791180514       0.69526495609862082       0.65130939351173522       0.73675669446591951       0.67344306927799225       0.70757263707674267     
  0.42794209918233178       0.42196271419908354       0.15308450654269926       0.15602685203642419       0.15779593063532646       0.15487479979299884       0.12354498950846052       0.15935740816096308       0.55224070765364053       0.23771451336757524       0.30222699444930712       0.35828850809477680       0.15643583642236847     
  0.71657715380327835       0.66806392842632745       0.70632943622840871       0.74741446676692169       0.67016844810332032       0.68728150135590460       0.69116808614901704       0.71892086772651953       0.73272812457809633       0.68133602008292315       0.70855565898705086       0.65273935427159546       0.70112217739088334     
  0.43901596786365221       0.43321933819817715       0.16795678823546165       0.17111838385737041       0.17351718940495009       0.17028008157861851       0.13829675847605857       0.17526657413387772       0.56678885107202370       0.24624384554382633       0.32080174437134157       0.37590770977533899       0.17174702585378404     
  0.69502152393600469       0.76503040351951823       0.65127700334984062       0.73347458739337534       0.68886214065906703       0.69371361508411833       0.77935098601117747       0.75439758530519374       0.66620418073249732       0.71566598311039775       0.68793966895921166       0.67974220824212328       0.69201726901227556     
  0.45003292914629456       0.44457878960096558       0.18314611598621333       0.18622976005796540       0.18915898561031227       0.18574135624487839       0.15324256009095227       0.19136199879908333       0.58089368008451669       0.25473312680574056       0.33922679304948428       0.39354896096132369       0.18693807829563372     
  0.76400714660956193       0.67667650662785306       0.70446896811296933       0.68607717231561105       0.68560501199639989       0.73219782568874592       0.77160500520470865       0.70127816066482618       0.66620418073249732       0.68137271919867637       0.73765759362278305       0.69492638934093520       0.72031438147725269     
  0.46101694416136857       0.45557269034551773       0.19937584486040735       0.20177069788858493       0.20443558951305382       0.20021984953298499       0.16865691969704164       0.20679787304506470       0.59472008041811508       0.26246598396602910       0.35750706184004588       0.41094716427434574       0.20277959316096050     
  0.75345191292870550       0.67184099588129265       0.68506447998818554       0.69222566473391745       0.71930558029440128       0.67034805098542904       0.73151758627354579       0.67958957633519512       0.66360943009603168       0.77332423152727969       0.74158939598993368       0.70630673963580537       0.76174707805566622     
  0.47191843085725949       0.46643934781549123       0.21550804804445997       0.21727924742754762       0.21981043352882806       0.21493431574757299       0.18416468565630056       0.22214686623893815       0.60763985111025931       0.27018913416932711       0.37551050604377273       0.42743017982987497       0.21870629987888068     
  0.77687796547130406       0.66034391534920767       0.72111101112189602       0.67023712823711346       0.75784115339372127       0.67557934139598697       0.64987436613682714       0.72230613992040771       0.65762186465629435       0.73688220155718365       0.67429387316607359       0.69914581034965029       0.71022031642935113     
  0.48269536457470835       0.47742994495628638       0.23184136813476416       0.23287794342768758       0.23524220079336017       0.22963137794818361       0.20009295174777500       0.23763843623989994       0.62029785289163886       0.27738343139585719       0.39326318609525429       0.44346254236600641       0.23388537138720342     
  0.65355624514106958       0.70551883380133251       0.71858372493557821       0.69469150713058225       0.71433059859961290       0.67224392787474985       0.69841238670245753       0.68989721496951029       0.66232483271422427       0.64029136235157569       0.70015329174327645       0.73979771273793593       0.69254828880297337     
  0.49347607002231375       0.48842728427926640       0.24790699462930227       0.24838793717892582       0.25081416936682049       0.24448197878647679       0.21601829282682999       0.25316998301726751       0.63272441797418755       0.28463144784875255       0.41076275807812046       0.45861351860046234       0.24915131820566919     
  0.66494151344147756       0.70928374697921348       0.80019308860326355       0.72401792060003334       0.65829263857699527       0.67204538654691748       0.74862624062971972       0.65244346626428917       0.69692144261570399       0.70618667599197216       0.65816581646018046       0.65873322954133551       0.74709003707001242     
  0.50419422165930350       0.49937381420405574       0.26350886727562955       0.26369935826692864       0.26557346209585347       0.25966060453460088       0.23199266192549520       0.26862536994919056       0.64507690101057324       0.29158052559366832       0.42806292538219753       0.47326221269033281       0.26485042824613741     
  0.66015251619164284       0.65047857015010679       0.79429116831641544       0.65843912247595038       0.69681173313995148       0.67109235677799739       0.68811246150813399       0.66594157748728511       0.70702083356429835       0.63292990891991174       0.67286008527939600       0.65806668624305475       0.70958381687206029     
  0.51500623521029987       0.51042033833354528       0.27928375972810970       0.27913744474350050       0.28047778104323606       0.27493741281161360       0.24815179540584420       0.28412720929919727       0.65604081631132927       0.29853676000782620       0.44473904185932761       0.48740205063934317       0.28041814384847519     
  0.65583918642574646       0.70955466987802396       0.71586958720816718       0.68918592805976775       0.70146711001947626       0.67457943396243203       0.69989529841295228       0.66049181580151772       0.72078477413081177       0.70650385480416389       0.63241639513419401       0.68555230197904926       0.73024208371476906     
  0.52604169482536278       0.52137804023531309       0.29548714424824085       0.29459581030557014       0.29580127921740584       0.29069157270522578       0.26501035954068092       0.29978205559460680       0.66677719076330899       0.30535003354151852       0.46089400149138821       0.50126876947429233       0.29538575303224041     
  0.66185862813348539       0.69226777494107372       0.74512025723998754       0.69011755408360509       0.83258027368669396       0.68786987773887354       0.70890636107584049       0.72251429486916929       0.68753715718237962       0.65540439326206468       0.68948517617416105       0.69500393027551854       0.70219349174711776     
  0.53696605651804052       0.53223632739723137       0.31174122286713252       0.30994762188677638       0.31115483107433745       0.30635040845064343       0.28210953903257036       0.31540039933519076       0.67665199276753651       0.31208435628726172       0.47690556743869716       0.51495757215942950       0.31086950486935272     
  0.66936086453216326       0.68802657867476202       0.72207752133014158       0.72978968784861642       0.71233490754100004       0.71007857186699930       0.74429658114103170       0.69412200485956166       0.70102731760002335       0.74026366875135441       0.66050248017621749       0.74285211158276698       0.74118250927995755     
  0.54820577155474148       0.54307648072717851       0.32773338165191795       0.32633586602240999       0.32611542200967747       0.32189356993680429       0.29890690980900353       0.33132415535174481       0.68637533274626761       0.31897190593827451       0.49264856778860833       0.52856246546941932       0.32678989006240849     
  0.68154161165078009       0.72292189999374346       0.72273522040512284       0.76373354050363584       0.74209178311624835       0.72740359735479987       0.66620031416741421       0.68809836201374985       0.68610055251152791       0.69055871600475949       0.64364921211616921       0.69865064455984383       0.76582879436964413     
  0.55944905550775403       0.55386092327160719       0.34359956178486573       0.34275299091326383       0.34106425069338281       0.33742557942185475       0.31583436743999410       0.34740582800886399       0.69623417997497139       0.32576552136554182       0.50803351480228820       0.54129661652287919       0.34242315960728581     
  0.72963366279862396       0.67698930161074367       0.73529400815245827       0.75321526663019422       0.74221971914674445       0.65418318459131986       0.73595166550576541       0.71235263895945256       0.66260069826474066       0.74352587338677578       0.64551755557751200       0.73051409520348010       0.70539096875723017     
  0.57061275955346158       0.56484384700952750       0.35993710313120991       0.35863295023414149       0.35593114776999774       0.35375786089884681       0.33270237317863416       0.36228296355800349       0.70605832566754656       0.33270224179337832       0.52285374465730838       0.55369518038666810       0.35816538848786239     
  0.76031698036217221       0.71121107202226397       0.70763608336942485       0.72850620637150343       0.66531506758641024       0.77289411168997302       0.74572667962630990       0.73145246307652800       0.65462704146979400       0.71679381207513881       0.65478527258995589       0.67427175894778602       0.75114328932332020     
  0.58171165132495106       0.57591801074101001       0.37633147388431559       0.37454841453802185       0.37095969021800851       0.37010462934220389       0.34943951119497058       0.37685919103074000       0.71542641613938984       0.33954957060169105       0.53799169785645140       0.56606828319996838       0.37389049312460193     
  0.67140135247421850       0.68062214508327690       0.69850021611132962       0.65146047242459260       0.71811241262262715       0.68258204326312866       0.68668674613773073       0.66935104211452479       0.72198288297349889       0.72544915918254393       0.65176915799136925       0.72292260238322792       0.69589092533834651     
  0.59262520276201880       0.58652309167639194       0.39264570559708034       0.38864424155351063       0.38711577586483725       0.38606722651861242       0.36777253164243334       0.39329102334895405       0.72477344350764283       0.34628910947760044       0.55333165671462881       0.57844763502745267       0.39009169482033967     
  0.69487433995163383       0.63459704088923785       0.70134670820703038       0.64010558316219168       0.68245219150006153       0.74016097556608074       0.65722584713718202       0.74479621626244419       0.71311761536260065       0.71354613680398915       0.67836559667762608       0.66902366628081700       0.72074942771957440     
  0.60356125420725293       0.59712852712448705       0.40889248689735719       0.40289905005538479       0.40306677488285381       0.40214021895308533       0.38612698767918047       0.40974934355368620       0.73343468314428351       0.35297892811051534       0.56822254530669980       0.59042746719695849       0.40623936897805429     
  0.70385707561918032       0.67909894679877736       0.69022482841266697       0.68444451608079782       0.68983715166385084       0.76781576242378846       0.73449786690699159       0.76653177918452176       0.70202322299355679       0.72777103619527672       0.66736774570171264       0.69488753642865919       0.72123141912278133     
  0.61434259257314305       0.60773873159850345       0.42483341550139875       0.41837101720359282       0.41877545896601737       0.41822536767086815       0.40498566330188168       0.42617851310976729       0.74207539385173749       0.35992400941840413       0.58271841987981310       0.60216058232030789       0.42261139567887296     
  0.67748401365664523       0.67981229498728923       0.73449024208626146       0.74364040805054710       0.70239629840643958       0.74271985414587027       0.66245835422460597       0.70774363858520062       0.67216574762400561       0.74075567833230094       0.68233420274529555       0.68341892660827674       0.68473533378069029     
  0.62520313434695263       0.61827894147385409       0.44080240113215063       0.43363303680821058       0.43438262850081877       0.43428705200128609       0.42382179031287909       0.44273053440337379       0.75046909527002315       0.36697072870951192       0.59690045500613687       0.61344870440461130       0.43908740304547850     
  0.65029889109808448       0.71586913002450148       0.67180194754466915       0.74485261635594502       0.73033760676091120       0.77498584395822878       0.65018431499928253       0.72702198273463670       0.83334135056691050       0.67374458069236554       0.64376585079053283       0.67538570082874150       0.69705329556610263     
  0.63582109678542054       0.62913584773896480       0.45673351031967308       0.44834087686459306       0.45026463718015880       0.45021891879570020       0.44213428931337412       0.45777203644314846       0.75886960004751103       0.37361276101627794       0.61060977178596854       0.62456733201129133       0.45452002724823071     
  0.66620418073249732       0.66464946126883573       0.68084030301173604       0.69230260050226922       0.65979700938741281       0.72022585763111102       0.67383075874887999       0.64976451294624693       0.68572363038870854       0.68978332337310555       0.64007311377768961       0.67370213615112517       0.70116136592219391     
  0.64621801805739720       0.63999671216284237       0.47275055540017624       0.46311328718417172       0.46624600686662260       0.46626246573808977       0.46036827146673065       0.47288876430251658       0.76687254065404720       0.38024189167235878       0.62411359037679726       0.63528891150430145       0.47000541301662752     
  0.65239399789461683       0.64571789331739304       0.73235918679874401       0.69701145983884150       0.69565669084449555       0.74458282722499280       0.68123511032798778       0.71624576560049080       0.66450620341324718       0.68329952906535019       0.69568067826125313       0.73726755203882743       0.69916317455274357     
  0.65681486213587525       0.65052146035502367       0.48882081124573001       0.47790268250967916       0.48197723109491214       0.48196555005661434       0.47885323175698274       0.48767496292075757       0.77483012980292365       0.38686704946971606       0.63736013687347881       0.64584236145556850       0.48514575334076537     
  0.71353313632838744       0.71541346234681324       0.69347878233188065       0.71284481595749905       0.72402053983958203       0.77130106888673122       0.73417461793316896       0.64631549590509707       0.66414616280215244       0.66204428675750626       0.66348845197042094       0.67056714113559757       0.67546282266581525     
  0.66743633447339401       0.66085794475613802       0.50461493186223549       0.49280168701693733       0.49770496632413669       0.49768204652250125       0.49735399541272785       0.50237482252503995       0.78252604717433516       0.39345405861545252       0.65039462810195137       0.65596469246124223       0.50006389053370448     
  0.72845026956740133       0.67921818928500977       0.69041303261967679       0.68308725618005428       0.71479728441903390       0.65864073471175300       0.64532410408941032       0.73036158185813294       0.63970896250935483       0.71146158729663200       0.68028209524614336       0.67031980996196283       0.72146643781308784     
  0.67838818365949782       0.67110797737878047       0.51938099808846772       0.50816382201414634       0.51346495096797129       0.51317860892445899       0.51662160784066735       0.51745759326496388       0.79024656017539374       0.40021121199973048       0.66333272187085801       0.66580842049641864       0.51617242445126443     
  0.67415501266474509       0.65463230037578424       0.64566679632021440       0.65965686826255820       0.68826344498746439       0.72824192917383090       0.75434785470189403       0.76140552398966710       0.68036422230830251       0.73191748929453282       0.74779460932231312       0.64610804073282380       0.75690963547380685     
  0.68937520130726271       0.68133504860424532       0.53426581115479876       0.52359698657482578       0.52921144596864822       0.52884867860780826       0.53581207296760969       0.53247244188531484       0.79737953169362441       0.40697549511606501       0.67591749701499393       0.67573202061191651       0.53196555206601215     
  0.67323127744106248       0.70330844667628678       0.69828775902000562       0.73517260383761485       0.73117151352524390       0.67207931486764605       0.65005289296237678       0.69772359791835836       0.66731010796831447       0.68940436555996276       0.70035982376767481       0.67848850764373481       0.77091325957723600     
  0.70026964812228853       0.69250514243935346       0.54899200374418611       0.53963043594008009       0.54473486063021315       0.54420237829426366       0.55489782228407913       0.54819181130813788       0.80444429886700042       0.41398202149240237       0.68812491755521887       0.68566063028934998       0.54811185987982214     
  0.67180835631810809       0.63640820104448814       0.66282152994977273       0.69399529132952298       0.70928628166088536       0.71007981145578647       0.77508425888954746       0.68142770924062579       0.76615995884825205       0.73006388011240186       0.72047925364101639       0.71636126422058299       0.71181154049609485     
  0.71111836856793842       0.70362857176187221       0.56353823447011220       0.55572322836001731       0.56035596651169794       0.55958809517569030       0.57387406434941646       0.56367676502114572       0.81138614670040621       0.42101855369219737       0.70026367156343239       0.69583770374374487       0.56447535470245191     
  0.68517090204974551       0.68387689664888007       0.63681093281552592       0.66555554896195090       0.73293410639894607       0.73038817274993073       0.65445994150340703       0.67914218296928575       0.71241525180030407       0.66945323423417258       0.66151036233692895       0.75945761617647756       0.68236864084330862     
  0.72196237062505242       0.71426669422300848       0.57829185897149626       0.57168955635900398       0.57586135499589508       0.57470719982134655       0.59224835254308728       0.57859677863148229       0.81831062563224588       0.42820712932276050       0.71220023864094573       0.70634294030814515       0.58046463838985496     
  0.72048430544062148       0.67322841290021740       0.70517344354293732       0.72243470345978533       0.70162336454853436       0.70337879585821395       0.67569986694377859       0.67842956452397529       0.67340306834383201       0.77837386609114589       0.70866558187822315       0.75617245606620198       0.70263825613059372     
  0.73280947709563315       0.72494762064538143       0.59310461337872933       0.58746337539013349       0.59160275537399976       0.58988381130305523       0.61048784900040720       0.59379106638987378       0.82492838950498137       0.43545493792466722       0.72341098807801252       0.71731307549383949       0.59665378482664566     
  0.69921332112214640       0.64690464873279385       0.70771315066435503       0.68750136670710948       0.71441414589837493       0.75937937773261632       0.72692235794675142       0.70756561181475219       0.67534246593866287       0.82250200579621446       0.78326667872299616       0.81353339197703189       0.68237645778391154     
  0.74343797923057497       0.73523816299978806       0.60810354145410306       0.60307780294335311       0.60676671276501015       0.60530734525558649       0.62895149520972771       0.60854738555465027       0.83151924228428020       0.44290570573925903       0.73412444535874655       0.72869514555652382       0.61263598863273283     
  0.67851605317164743       0.66437713196345516       0.66293936160152644       0.66706945118600003       0.66244120882309809       0.75993187162635412       0.65905778720365127       0.65703731534651055       0.66825503595479929       0.67138804836478849       0.84745547227562679       0.67393414723177181       0.65021871150892285     
  0.75409822969246720       0.74565747204587529       0.62321466014153171       0.61887191334946257       0.62193300382318872       0.62062928859285971       0.64734735023929768       0.62339676324351689       0.83778462503534823       0.45046689296204750       0.74476684937465032       0.74009375255455201       0.62839407096565680     
  0.72057884184221310       0.67299612936196263       0.70271437316129215       0.69735250526638848       0.67964135195918318       0.66809982643667676       0.67562691978490141       0.64176042838157121       0.66634790680618206       0.73806316032857600       0.74577982139152710       0.70544297516026966       0.67831986364019115     
  0.76464911563785953       0.75636917043440810       0.63883066983190095       0.63535953635802411       0.63719772721972245       0.63658759356771755       0.66471170359219645       0.63931172422268612       0.84394552490742158       0.45809126848422349       0.75541543951859846       0.75151521850550385       0.64384734721552528     
  0.66424597522493467       0.68216864443694880       0.70056088161845054       0.72088891525754750       0.63278464179994909       0.66899540666818980       0.68288524535941997       0.69669951428717392       0.67567952018416644       0.71409314507865318       0.73388163315098565       0.69207431097961258       0.70567849554243101     
  0.77526153150557620       0.76705261236876543       0.65430260407014662       0.65189430712947172       0.65256529586960510       0.65258969910340925       0.68224765717689895       0.65521745005005916       0.85024230031987347       0.46572474017361409       0.76600181356663954       0.76269563088324521       0.65934496263442688     
  0.70952334510806858       0.67432380411695148       0.72692237674619142       0.67581971304459820       0.67630224881511236       0.67916618422703612       0.71525404414556271       0.70952851435338427       0.67691395927792453       0.71641902134411639       0.72659482820443433       0.69862915115842916       0.71556596114441173     
  0.78613842854999694       0.77762151142099312       0.66923683994665129       0.66911598666549843       0.66733919148341525       0.66839445533320407       0.69933396547917992       0.67089931753590137       0.85657401052532967       0.47333219146676309       0.77642404943524801       0.77360507515520471       0.67506983870312764     
  0.73170085973342780       0.66838740495218285       0.69787553500896526       0.67622826732148023       0.67615133983870346       0.74433472673238954       0.69473418050821290       0.71050697288919962       0.78916508378566486       0.66377741777241894       0.67984984765798562       0.69161297803072685       0.76230134159440499     
  0.79686057130066212       0.78821600912136436       0.68402205366379931       0.68600996647485535       0.68202436673554889       0.68443049987758742       0.71640220620502681       0.68644203788433145       0.86286956211058541       0.48090791552720691       0.78721343624619944       0.78461276553236448       0.69089112723942114     
  0.80527006493162046       0.63349498887760103       0.66892176617146981       0.73731815310424198       0.68103790744434112       0.70942056510555085       0.66500935632783409       0.73808912705604413       0.74030709786841742       0.69271821527951660       0.82541133145628309       0.70744702090673961       0.66739556878113060     
  0.80751004973296370       0.79899084464980097       0.69860964961805916       0.70185429054655135       0.69667956871957848       0.70007055327920864       0.73302496483150503       0.70204410014468843       0.86917206402538805       0.48907196701057298       0.79830183465929327       0.79574200602676604       0.70654722056490460     
  0.74314043183510770       0.64698585340836801       0.76794676096503844       0.69928263934827117       0.70979021556961686       0.72095081412821893       0.69189604404410443       0.68987134009509743       0.71568567694172858       0.69247011434293138       0.71315698343994294       0.69169318922908984       0.67574110144304700     
  0.81816477369078733       0.80982691045713373       0.71350228923975301       0.71760357071181791       0.71150652481802135       0.71569036618386928       0.74977981383653258       0.71754895387925144       0.87535417332733712       0.49744467855915991       0.80910535392995886       0.80705302512122190       0.72239875395248165     
  0.69033649520148976       0.68758126025109234       0.71885168929522492       0.76658486539801740       0.68029478395517617       0.68514214199581913       0.68057945130546660       0.64779901041114019       0.66633945538355166       0.65162002270481811       0.69586083831846623       0.66889640719082000       0.71796948793184023     
  0.82918142824536023       0.82094612290335489       0.72911793950281067       0.73375040054585650       0.72704871195474163       0.73195407775171706       0.76578880868918864       0.73296337339421536       0.88148003715063583       0.50636847014555486       0.81975326938387005       0.81863321451205651       0.73756959773747344     
  0.70856338281561515       0.64282785386543384       0.69658001688192372       0.85908896445544247       0.69748827942042380       0.70901532180573668       0.74010666733875297       0.70460946438122940       0.68820277422795439       0.70411559787461819       0.66620418073249732       0.69947089216536040       0.66433143283444529     
  0.84013954384524447       0.83195202222999654       0.74468456044790377       0.75001390102335186       0.74277230659214233       0.74814061906535956       0.78157553609674835       0.74796375751684518       0.88754807726900953       0.51568187605024340       0.83025355923447564       0.83029518302698890       0.75287163019660575     
  0.78170178482790964       0.74239177699382364       0.67683994749535570       0.64676270594642671       0.72548680437545077       0.80065912402872708       0.70551382745314872       0.66511190317272550       0.70032096477845041       0.75916863234935139       0.68167764685090859       0.78069261285116798       0.75451190877163687     
  0.85059235359593521       0.84279783670070219       0.75948313021946778       0.76554726297037479       0.75928551747949835       0.76352710197055829       0.79698384835399971       0.76386541664959895       0.89358395510081345       0.52532753114525610       0.84049394177563608       0.84198705583384814       0.76811959472462521     
  0.80976410064632565       0.70059150880713650       0.65169692576842853       0.70579389530631687       0.71034506012057974       0.70363878892102194       0.68908546087912459       0.73266052361761136       0.67689759352570789       0.73880123999505720       0.68372881906885918       0.76166101392461238       0.71752927325749438     
  0.86098695211800269       0.85365036242954118       0.77436181646552282       0.78112224265930763       0.77578198648712871       0.77885805202264879       0.81232068023274207       0.77974355634324233       0.89953520315794722       0.53513356674067725       0.85081346188166884       0.85363512340192627       0.78315828110663910     
  0.64118232961715682       0.76394527077565155       0.66900112367667763       0.70217499705018760       0.66716712482549123       0.66949376497868018       0.75747100327527617       0.79220986695560380       0.75472395971837103       0.67784383975156814       0.71996718704700891       0.71363413161590183       0.69190574451941833     
  0.87156498162507468       0.86469952126474903       0.78977498215126296       0.79671005327687372       0.79230873533635082       0.79494721526735868       0.82719243267314113       0.79554829757294576       0.90537864168588156       0.54550551235555855       0.86125263856239520       0.86521905404011679       0.79790658386543467     
  0.67468932417691940       0.67414268250942344       0.73973891905509748       0.65272986142555423       0.70875218174824206       0.77231958426284930       0.69617997763150685       0.76148765415777220       0.69201121796951359       0.85408173698314516       0.79560353077115709       0.68683911809245879       0.70434889910656928     
  0.88232373631162220       0.87573371533068500       0.80505525598248096       0.81229449610992488       0.80873093432619014       0.81095834665347588       0.84204233224990754       0.81137859501168808       0.91127487099941862       0.55643890167305143       0.87172825129942244       0.87664122118675414       0.81268080213487670     
  0.67860900481068465       0.67921280956638141       0.65228270121736509       0.69688954776220113       0.73594697028287992       0.66727401642027473       0.69943790636432379       0.79717764538608460       0.84129866460918301       0.68984233299250119       0.63666265721941062       0.65171944779925828       0.71891265746563193     
  0.89268801691478006       0.88670127447224611       0.82065970990761528       0.82727886165342990       0.82448742526839502       0.82739201326809442       0.85670670789029213       0.82697376560304980       0.91721515728355096       0.56797087458184137       0.88226359638678165       0.88778325954392479       0.82866456001436561     
  0.72185268834847072       0.67032200306974421       0.68881520987829481       0.70049805552790234       0.73314152958721124       0.69062531135526761       0.72243364814014421       0.75326668558348442       0.72611286223686966       0.71307208274751588       0.69515871769097193       0.79123825885712751       0.71214822899873409     
  0.90309362139419547       0.89761992338979857       0.83634104977891510       0.84258057184312707       0.84021201637094545       0.84380336168852155       0.87117500284561356       0.84256599502589880       0.92315809238164326       0.58030713626498887       0.89286567941282147       0.89878758651269408       0.84445173969105947     
  0.70325661348801827       0.72548756554103611       0.75318666680681678       0.69348130165117050       0.65427481095058926       0.72174600107829590       0.73049720750212577       0.68690308908045594       0.75807798190042330       0.65419551465750736       0.69015517382114955       0.75066572124431974       0.67511735251995553     
  0.91296373698613498       0.90808709259342701       0.85230904451843503       0.85765978147776234       0.85600864182069547       0.85987981806957459       0.88519208012012451       0.85848339613790581       0.92908418104528756       0.59333588036369844       0.90361670830081131       0.90939079817741597       0.85958073602600638     
  0.67082846682030872       0.67965136162731599       0.74867490999050967       0.71360890446010672       0.72577573492917224       0.76314598431133251       0.74528423856423587       0.75306317871435369       0.66015189842144584       0.65802619494870351       0.74779514695887639       0.69899498501285562       0.71825302980220918     
  0.92285576871464270       0.91864939206876106       0.86803142066785244       0.87257265527098671       0.87184282701125360       0.87630545241295699       0.89897724451744077       0.87471543732145074       0.93499299176120454       0.60744029024889301       0.91451637207296288       0.92003535662419333       0.87459746481827305     
  0.64396036486508912       0.63749318346926453       0.70077086705544189       0.68149938538265542       0.73815738501695460       0.74487535376968084       0.74577377433543635       0.70256491075275140       0.78908992440685566       0.69357938237561967       0.81196324647267715       0.69890630084765293       0.64410947390852658     
  0.93221720348737336       0.92910103306336933       0.88458500642641003       0.88759153196328056       0.88826734347671477       0.89167640850372754       0.91209897509240978       0.88999216662359881       0.94118717461754986       0.62234282278527120       0.92570866370508142       0.93071121693920555       0.89023135501212169     
  0.73701246294248424       0.71186013496445777       0.74772427520479035       0.73955458504505056       0.64935728057523923       0.67526839977561881       0.67884251553835118       0.78290311157427861       0.82105294807639073       0.80031609941565263       0.74210648009081470       0.66313477324447978       0.69654550092851675     
  0.94178868534103477       0.93952142583085263       0.90123906749822502       0.90272541440472998       0.90455448759245027       0.90689133770138997       0.92543502016220203       0.90555041528236513       0.94734567798500036       0.63841382168651761       0.93673194776098967       0.94127587721047201       0.90579860761253206     
  0.69451491605187821       0.73626027281902928       0.69199912095309668       0.71789731575430094       0.71615760358512459       0.65780225654043989       0.68141669050475306       0.66620418073249732       0.67382267117289318       0.71169187785690036       0.76095400506099320       0.71243880213693556       0.69255688990737396     
  0.95133394442699126       0.95023580542046004       0.91756342549376968       0.91866019980631364       0.92085017375853107       0.92200639071455492       0.93884925836846023       0.92095342083524956       0.95371905756810071       0.65632841331876834       0.94752761981957700       0.95162791460554419       0.92111487648332335     
  0.67455973506599820       0.63467912384140490       0.72163573101885370       0.71778102613704731       0.80506873086540676       0.68271060674613282       0.67378673972678438       0.65832920294421537       0.77027539621019836       0.70942269560006821       0.71689567867733994       0.66004339131063405       0.69078599255058737     
  0.96085803225584987       0.96088531162311785       0.93417924538946284       0.93456210782103832       0.93729280643779489       0.93721832851221198       0.95199754624277133       0.93620968290526096       0.96012196061030997       0.67656475984602260       0.95830138438476431       0.96186075381562730       0.93649943568037775     
  0.70286770218090655       0.71693110072767585       0.70347439180193971       0.69784929203130464       0.74442702282652895       0.70367454118544126       0.75906208257967844       0.74351622511446780       0.74467952474671761       0.65063280229095555       0.72745580454834247       0.67615939352658794       0.71979328152323041     
  0.97076820416915677       0.97116677208118751       0.95085834936720814       0.95109727352182349       0.95284590572460914       0.95270263750922957       0.96484585530887956       0.95209460651165045       0.96772834645458283       0.70603018583336452       0.96884874777117558       0.97154309547276840       0.95227311066634379     
  0.65762110685841435       0.72806867010393339       0.72912914514690996       0.67883681500509185       0.68961656385426440       0.69575637618119235       0.79328987163412823       0.76717105157324195       0.72399748353182902       0.72146784865046576       0.68349243363560297       0.71380498027874650       0.70653179334949556     
  0.98057012088995688       0.98129755863850043       0.96749643142874542       0.96761872193363152       0.96851109481585529       0.96816814640956106       0.97751877558801670       0.96784861006996614       0.97554420697351385       0.74727746271570239       0.97941071071753560       0.98120148201954938       0.96793042884202019     
  0.69364716772484192       0.71377244443701293       0.71533241457297425       0.69140964790584547       0.75731880782506200       0.71434732445928006       0.72975484511451827       0.69922114940987190       0.72763725767632992       0.72862979031877884       0.75423172474053113       0.72846889880995791       0.70201062211216225     
  0.99022760318646985       0.99083547285104456       0.98368557808284507       0.98388396920162624       0.98418020804793116       0.98410832502706191       0.98878839713125799       0.98386517906955995       0.98686849830888901       0.84338761029779208       0.98975822504515254       0.99063712224096956       0.98408073555076869     
  0.69957209571493495       0.66298369211114139       0.75766610233170506       0.76228939259506157       0.69083408598999785       0.70196766619408690       0.74368678225924689       0.80909048412331008       0.80410835910353418       0.74675041398994046       0.70368665348782844       0.64654318972961389       0.70007174216797319     
   1.0000000000000000        1.0000000000000000        1.0000000000000000        1.0000000000000000        1.0000000000000000        1.0000000000000000        1.0000000000000000        1.0000000000000000        1.0000000000000000        1.0000000000000000        1.0000000000000000        1.0000000000000000        1.0000000000000000     
  0.72871220723150043        1.2162814750590942       0.80427891662947870       0.82487113780944732       0.73253519160050407       0.69703211760620598       0.80541074643366883       0.70028569931569018       0.72568893360850484       0.63161320371123020       0.69949460162255328       0.67189814656206626       0.75995356858716190     
   0.0000000000000000        5.2626597407269875        4.7471617723134214        5.2420500299050570        4.5936833829625927        5.4370517447961841        3.1295946908104675        5.4777024783553578        5.7021987375455874        5.1755443606962537        5.0868274877391988        5.2885286623155023        4.1351216878672297     
   4.5980818604708604        4.6118896237825604        5.4149250818414387        4.7445651826132149        4.7373259826227274        4.6482236491937252        5.7063602447930535        4.7058375673506720        5.6631100883607983        5.3364953447315342        5.1696435345560907        5.2024191279881009        5.4065309781403368     
   4.9909458060475851        5.4215626643942034        5.2189808391415129        4.9214866489405411        5.0801958206054136        5.0719838994215092        6.0416743993164852        4.0511911383549721        5.6092849616637022        4.9730891906936803        5.1678961737813687        5.0513227083464054        4.6492369801936002     
   4.6269909094408117        4.8773209948049887        5.3279945428532880        4.5345997720870876        5.5949564433129524        4.3188846728207011        6.0203165245289938        5.3590868266107918        5.7063982794174715        4.5609198543771932        4.8779662845715928        5.4713409768686132        5.0223469581789271     
   5.0173803859576047        4.7763340170094999        4.0729889727076092        5.0749978766758090        5.1256411575418879        5.2867438960218625        5.9866881128313416        4.8939331116174198        5.6801360449182487        5.1493283982181488        4.6532240787145787        4.9319555671093536        5.2306938299211980     
   5.4191946235109958        4.9598325878632252        5.1110880495922446        5.2065917447663352        4.9460933942129035        4.9607011680896544        5.9615214316906879        5.2466398737700910        5.6265866690526858        4.8316193868951078        4.9985093560969549        4.2060353508135755        4.8153089159931399     
   4.6306865023294330        4.7011893099233895        4.8483727539957906        5.1070109286378811        5.3900528257533207        4.7031559141322745        5.6784432301066783        4.9006139260031514        4.6611860326822194        5.2869907642314713        4.6372794367285222        5.1849136268703191        5.3969027034499746     
   4.9231292199038164        5.0606982798871600        5.1859073118590251        4.7306124764917472        3.9978844253943517        5.2266311816563578        3.0268707943173374        4.6428332060011215        3.9621906742971769        5.1949447888555209        5.3477937113228657        4.9717355990061973        4.9447519100952544     
   3.9472401533857492E-004
           1           1           1           1           1           1           1           1           1           1           1           1           1
   2.5395951448089738E-003   2.3558039758559044E-003   1.9291999652862264E-007   5.0205463871850116        2.1084100990456276E-005   1.7410515750576170E-007
   7.9467000639505213E-006   7.9746467805362300E-006   2.2341515465829606E-006   5.0604335214478401E-002   2.2323700358893217E-006   1.0549668596671067E-008
   5.0000000000000001E-003   5.0670651130602673     
