  0.02393231876772849  0.03302917492732747  0.04457149025800947  0.05604019569594746
  0.06706004430415220  0.07790697224185773  0.08896477858140794  0.10013977500187708
  0.11101845529354087  0.12132374770915040  0.13104168054347062  0.14050047031869761
  0.15024573522372092  0.16035702206057387  0.17048292621638947  0.18069282067943146
  0.19089310368692999  0.20126392756885378  0.21149358919305805  0.22153206451474117
  0.23141216185351876  0.24115152769696122  0.25104159469593207  0.26133050853782530
  0.27181403497097145  0.28212635565134714  0.29259474341826119  0.30369741556756030
  0.31507420660576874  0.32630371569998590  0.33746193973625488  0.34866424328474138
  0.35944723687012531  0.36982437078089819  0.38008083583634089  0.39039360436765330
  0.40060610010597675  0.41066151823262920  0.42098110690143092  0.43158685257922491
  0.44215717919975145  0.45226972117101977  0.46222538757046566  0.47237476842740794
  0.48292624319015753  0.49358217385724562  0.50357896563273041  0.51285184371365766
  0.52198629154144105  0.53107644249984687  0.54016072717499719  0.54918973855385100
  0.55836065583612771  0.56838749459799187  0.57910546662433593  0.58986474015983947
  0.60059619284440080  0.61096912802819126  0.62112775175160151  0.63117550733241923
  0.64145134100862700  0.65194081034242324  0.66261319587363232  0.67320653700278044
  0.68357256576081504  0.69384030871254609  0.70388810365765631  0.71392985753432059
  0.72370139784390031  0.73316758901735279  0.74271110844005150  0.75274339118851652
  0.76283484101936128  0.77274565970547116  0.78273889452591916  0.79297550225075086
  0.80423413219004880  0.81521833211679384  0.82616348403444484  0.83644006462608544
  0.84568347857124648  0.85473944492795362  0.86344439868466050  0.87236139339468932
  0.88117013488328377  0.88975851212878054  0.89834170229462196  0.90715705036636418
  0.91602655552663492  0.92539171954202737  0.93537989786864251  0.94589771083174490
  0.95679337489753447  0.96596844976526530  0.97124682659325823  1.00000000000000000
  0.02359936757631224  0.03325845428989400  0.04467130994311010  0.05687295213674016
  0.06839003391305160  0.07999933036949496  0.09113534352142562  0.10212002629270120
  0.11257147368373521  0.12296552151696362  0.13374043548948533  0.14418457639057206
  0.15427394653385576  0.16450090162034772  0.17523781209311623  0.18606426481813673
  0.19665108071809015  0.20717296716494088  0.21749268434717234  0.22774509406387236
  0.23801876028284416  0.24874875245650199  0.25942718886975302  0.26955225708471980
  0.27931845800079824  0.28901340528863750  0.29881638458732562  0.30844224411878085
  0.31821933130729058  0.32883601428832510  0.34043399020753884  0.35250962801857294
  0.36443526898987372  0.37585251579817580  0.38655335409848396  0.39661021300876659
  0.40646575816189556  0.41643737212302440  0.42676187749066202  0.43757024400321493
  0.44834399706436223  0.45870696374737352  0.46820674345362073  0.47758622257202926
  0.48699066017044484  0.49626889598415874  0.50541751579858385  0.51463860709895859
  0.52406716298395628  0.53345885775027491  0.54288481584023340  0.55265161978765964
  0.56300047300682798  0.57372839126845243  0.58444934662185355  0.59502582637862877
  0.60540759607252526  0.61557616708248308  0.62556095738585193  0.63574179257120367
  0.64623738436397726  0.65691764904485950  0.66737396647881098  0.67793680412761159
  0.68859236779784594  0.69960633495019753  0.71056904683866673  0.72127586674674216
  0.73178729330931991  0.74197447420035256  0.75229514829504074  0.76172527369360943
  0.77112335996558445  0.78076047842230056  0.79117512365507081  0.80130281373034307
  0.81096483495859506  0.82031327690038880  0.82974002925027401  0.83922633453889106
  0.84850666379618966  0.85792191028528930  0.86776105905296430  0.87762350443590031
  0.88688872511382111  0.89619198901520636  0.90525165992497425  0.91411575457518701
  0.92280997197595482  0.93152267969189351  0.94066396296364141  0.94997273534372584
  0.95915362266773119  0.96697526422618019  0.97078990479064720  1.00000000000000000
  0.00641870422164895  0.01617003036345758  0.02744714030922588  0.03865208321214857
  0.04960807114709897  0.06027493993808192  0.07049206921209149  0.08068784516634915
  0.09162271570193632  0.10282346910497742  0.11356311265317802  0.12409807212462130
  0.13447247236895168  0.14470871033110147  0.15487333631987468  0.16526800538406108
  0.17613690892307515  0.18728150133220145  0.19848227446905695  0.20938266053510388
  0.21986200167581660  0.23039393179991891  0.24100318225165776  0.25173865792950251
  0.26253644780009960  0.27299900590030757  0.28304803488845964  0.29291132282457566
  0.30363271586005719  0.31472950722726922  0.32539201070165263  0.33601371350124704
  0.34621082557847394  0.35626036278831824  0.36589278011518944  0.37566548102486369
  0.38629845195226159  0.39767244323145357  0.40961002109849853  0.42152825276139089
  0.43263401636321397  0.44400249757314153  0.45440910170269566  0.46465265077462126
  0.47421791300614291  0.48404337217208943  0.49411042018979934  0.50425481973588104
  0.51438531138227062  0.52481684904676207  0.53590095261306858  0.54709638304044594
  0.55788265128911951  0.56883535129096874  0.58015680536661196  0.59043589814390052
  0.59984458689385212  0.60953245044323678  0.61942428483950362  0.62921445369381923
  0.63880237472557000  0.64916543465301446  0.66106603537855835  0.67360208031698143
  0.68548609124613602  0.69661299894109607  0.70716228841894235  0.71756720630990489
  0.72796326278760848  0.73858817212155614  0.74936597280364137  0.75957577886520677
  0.76938675107269072  0.77918716621641737  0.78906829094018405  0.79922742077823083
  0.80964132452967741  0.82071722440646422  0.83157690070471868  0.84165528190190497
  0.85118054355180017  0.86038779416745093  0.86990939722948779  0.87987567041144243
  0.89007691116580834  0.90016961709684917  0.91034168911976687  0.92117663788403237
  0.93242709677312707  0.94335710944934426  0.95410062403657758  0.96398767725746837
  0.97394045187210299  0.98351002911575935  0.99186049602978077  1.00000000000000000
  0.00231847314792405  0.01681590417973877  0.03122411321096424  0.04413968113516423
  0.05657677781818790  0.06894603288490400  0.08093105898929770  0.09090856802957008
  0.10077213454999728  0.11094355271399375  0.12081336241715925  0.13069436701729048
  0.14053439204106299  0.15081647439191001  0.16133095881634515  0.17191942583196543
  0.18252180934612536  0.19337813923935607  0.20424302445555390  0.21485889602497049
  0.22560177195832623  0.23687466836224794  0.24852896569226793  0.25993622442270059
  0.27118414868665636  0.28277287039180837  0.29393434587852257  0.30460771488724697
  0.31551913511004293  0.32693663112209714  0.33850440820534494  0.34945464522785946
  0.36058774319495568  0.37174658590430104  0.38230190296741234  0.39235435623071219
  0.40240233384739671  0.41260343117670334  0.42300800795500620  0.43374929308089527
  0.44495138992159572  0.45616467738957134  0.46689623106292433  0.47724931956317851
  0.48732288237324034  0.49711246375683193  0.50665899311297857  0.51597039383462096
  0.52559995776889390  0.53541906402448414  0.54514484680142683  0.55493392559338650
  0.56459139308214079  0.57515288343997806  0.58598914275152936  0.59642213770251684
  0.60656732122739720  0.61637484443637192  0.62646990297606109  0.63715908772474428
  0.64812891794109406  0.65942579935062395  0.67000111444888322  0.68025997817910577
  0.69012461732288133  0.69979332863518617  0.70968421231390055  0.72002452795745830
  0.73089557174649200  0.74187729975012995  0.75261319870706889  0.76300179271386170
  0.77349580737362067  0.78403995714573882  0.79484206091054355  0.80560743069181684
  0.81636307989478696  0.82753575570434346  0.83923212297790406  0.85110773290055597
  0.86252127153583902  0.87350158573474668  0.88437869348558573  0.89523515614047433
  0.90611694887940031  0.91664171998194655  0.92691475022882219  0.93709010356712308
  0.94678438717733038  0.95615176709421057  0.96463812615490752  0.97236729418613466
  0.97978842201044358  0.98649573527123058  0.99235105084542352  1.00000000000000000
 -0.00043367648469914  0.00267952813417348  0.00459622511584428  0.00678069996853086
  0.00934868768804511  0.01228734812511809  0.01551155534728008  0.01913244120454793
  0.02317222418564959  0.02759869077309671  0.03220439319825152  0.03718774392008733
  0.04258135432784723  0.04823837146068437  0.05461773678569958  0.06102027828757902
  0.06767074233603013  0.07432589711964570  0.08105752806064581  0.08800442625727015
  0.09532840115688003  0.10311212105523664  0.11139071010224709  0.12002408324393778
  0.12870022392546995  0.13734736631735908  0.14579669853960903  0.15392348167447378
  0.16215085641429619  0.17058272027250193  0.17939214228990130  0.18845972215532075
  0.19765501349604847  0.20732392943320682  0.21722689789910196  0.22752230380718380
  0.23805855059935094  0.24850596369798567  0.25915588383523958  0.27009461670204410
  0.28132873922760698  0.29306126145342176  0.30520904410382227  0.31737759664007287
  0.32940493979199620  0.34146691153630504  0.35297868893020429  0.36409935173831554
  0.37519757988112529  0.38693265600477100  0.39910036424028722  0.41157642976465147
  0.42346905038070615  0.43572990265935507  0.44834274122252915  0.46097747049615928
  0.47361841957979467  0.48677763221737674  0.49913680195171489  0.51144227294933664
  0.52386836038373996  0.53630371281036748  0.54867158252381165  0.56132138018565469
  0.57498510353248733  0.58833209833200106  0.60146543356239057  0.61474114733608731
  0.62804883972743231  0.64140205601689737  0.65499810169223982  0.66871094251671370
  0.68297517193780233  0.69710489351135418  0.71108444201082888  0.72498210383454254
  0.73861364704943533  0.75202511503524194  0.76538852650281308  0.77884959582266844
  0.79242019185514689  0.80602449118593222  0.81957703619131050  0.83381213509171992
  0.84733330457949385  0.86096479646372204  0.87467645221005474  0.88838717041992399
  0.90213131989268380  0.91623525938775752  0.93033966614004426  0.94434350537196765
  0.95826518692267526  0.97216865957225218  0.98609832382087315  1.00000000000000000
 -0.00242538666847545  0.00963332869922023  0.01937426763659714  0.03039100470417833
  0.04115932051015661  0.05360914278058666  0.06639152915825326  0.07894998142428729
  0.09050417816399248  0.10143530072946706  0.11220876078956596  0.12297448473854689
  0.13403711164065454  0.14496467361295848  0.15556852227788520  0.16597516076443583
  0.17633954891562237  0.18649667990547925  0.19653622173984203  0.20671873478595648
  0.21828115020840272  0.22997071790267987  0.24107950611432377  0.25193840867917744
  0.26278677727233385  0.27314425140225962  0.28272388255468534  0.29236749070589119
  0.30244247258608409  0.31271163317109352  0.32293351720471292  0.33361186082417932
  0.34497599233783649  0.35649743121713995  0.36754768369136187  0.37817968194080692
  0.38864715371415848  0.39868192131438079  0.40867118127531415  0.41874565749777487
  0.42938660500112891  0.43945336363939924  0.44904176996805339  0.45851989181442826
  0.46899651749284232  0.47937381935435208  0.49026761913226174  0.50083938742028833
  0.51190239553820027  0.52292203959362737  0.53373449933674832  0.54432727338725651
  0.55440472085712289  0.56512287650514859  0.57585089395250111  0.58629101235305081
  0.59667046838019788  0.60714885937291552  0.61797176728084591  0.62848710892465864
  0.63874280676990403  0.64889996270857819  0.65888513752167610  0.66949649606714090
  0.68063598311081597  0.69124386668240978  0.70140983615331609  0.71122319066564199
  0.72102609865352396  0.73100309574868727  0.74099245578812523  0.75096098667202105
  0.76080822921114188  0.77053281933394979  0.78105176449368074  0.79215521861073812
  0.80318574595498138  0.81396655382053995  0.82354253390208043  0.83318189939337051
  0.84302988068444928  0.85340152935291458  0.86377302449938687  0.87379671947788828
  0.88489867929572841  0.89585480912027127  0.90631984402844490  0.91677562502310539
  0.92725294988827689  0.93791872896222206  0.94842403799404562  0.95900233269064350
  0.96916697191413881  0.97930801606920104  0.98924258106470697  1.00000000000000000
 -0.00231169214593973  0.00874166956426622  0.01805441076959910  0.02863786036401520
  0.03935719688152949  0.05068245535797781  0.06151246652216549  0.07229742590782068
  0.08273444064130596  0.09354272119038502  0.10436817921332735  0.11504012699223572
  0.12555641721333902  0.13658038092916719  0.14680437302716007  0.15671091430495959
  0.16693280641957275  0.17781905443879994  0.18861177251980737  0.19872695249214364
  0.20893493368842975  0.21992550754621315  0.23134787555802100  0.24293798936964359
  0.25479629475499999  0.26649734630833116  0.27739031790785446  0.28747738452749083
  0.29737741280506796  0.30745387906762317  0.31768788278926141  0.32791374991865085
  0.33819005088592802  0.34869347562274694  0.35917869409144348  0.36977642514120085
  0.38047260367553570  0.39134282980150892  0.40213835524510577  0.41306031267039006
  0.42422906017016110  0.43572827728248764  0.44732225302359674  0.45922195003163391
  0.47099134743191590  0.48293846707518756  0.49575270564132273  0.50755121554043325
  0.51939768617400295  0.53101286865220410  0.54274544017954918  0.55408708701394338
  0.56507438398831855  0.57611922604158639  0.58664630593101175  0.59712388347374812
  0.60739137139077226  0.61707881749134752  0.62671223593150605  0.63654932542700871
  0.64674725807869637  0.65759610704941485  0.66854361736269285  0.67980823209821073
  0.69067481225308280  0.70140081342725824  0.71182852905639549  0.72187857119570165
  0.73172178615489036  0.74211439053926176  0.75268392707839271  0.76329502984092013
  0.77355058185143288  0.78258219383264105  0.79114872861810237  0.79968810652923927
  0.80836646586466110  0.81719614539819740  0.82592484361487783  0.83527221995373468
  0.84548003529786553  0.85560550497782550  0.86544573257726720  0.87591819214600164
  0.88687971626342132  0.89757872446098474  0.90788043914556138  0.91834169871432303
  0.92911147250028125  0.93966878374197493  0.95021585948956500  0.96032962990980375
  0.97019208836363802  0.97995115477173733  0.98982514923333587  1.00000000000000000
 -0.00209642445169608  0.00847402368965656  0.01735030072616931  0.02701716460380137
  0.03642332204584668  0.04597069476368066  0.05556974866734724  0.06547554301995745
  0.07551384723578504  0.08558510040826880  0.09594539023146030  0.10667056263618127
  0.11786083719422066  0.12897670599657773  0.13939920067663641  0.14969421359723087
  0.16038888046663058  0.17112249533860224  0.18206860345035408  0.19306142732678974
  0.20393490483995400  0.21471766316886817  0.22570930025293098  0.23720272866655306
  0.24908641578027446  0.26117144954849175  0.27275365775949378  0.28332783033239700
  0.29406403495566591  0.30487943398319273  0.31521786490672876  0.32467027428008660
  0.33448765951251341  0.34497898866571658  0.35548727737449309  0.36561593542787130
  0.37586154453134801  0.38666194982679075  0.39766551315943133  0.40762947630186147
  0.41776376959275530  0.42814535621632138  0.43902562418847380  0.44966146567657000
  0.45991414802896591  0.47024243696543777  0.48057386068661140  0.49075483672253495
  0.50166313865638279  0.51262462001263898  0.52333120150278234  0.53371360363590259
  0.54450772444154405  0.55564711818702128  0.56706970384279975  0.57868254557560495
  0.59025119737339127  0.60176809104331697  0.61287833200570563  0.62346938434137367
  0.63339198538888852  0.64341376162280794  0.65317523630758911  0.66275086780853210
  0.67225740873920703  0.68151078264264808  0.69145360050198212  0.70173550468729895
  0.71217757571521334  0.72246754655601853  0.73284702989291561  0.74382778027358076
  0.75460693468254791  0.76507549640038708  0.77494399364155764  0.78501374303840710
  0.79544156613656170  0.80634040072304802  0.81731898955511939  0.82812173477609119
  0.83907154397159645  0.85003119696304674  0.86092722349699768  0.87116121712483297
  0.88159207680024243  0.89213195230410214  0.90273759205033821  0.91310314946272508
  0.92346267060181486  0.93443545254094729  0.94540187677553245  0.95636516593323651
  0.96749935366513662  0.97826842078071385  0.98921351343608865  1.00000000000000000
 -0.00282616693447130  0.01035082743043313  0.02055689406467202  0.03108839064543277
  0.04163143073849357  0.05279760776753610  0.06393422880448404  0.07519643901090843
  0.08578089566884138  0.09620614808965325  0.10676704345552825  0.11765836636840804
  0.12847146437791804  0.13910696852971907  0.14962822489110011  0.16033658974650000
  0.17132262271789175  0.18217020038593584  0.19242074988016472  0.20220329579315402
  0.21220670704662023  0.22256252891694353  0.23294614683885392  0.24324743922384387
  0.25361173375664436  0.26376342389715268  0.27424792828505223  0.28515621697544646
  0.29689220554066303  0.30903524346058248  0.32042628845934246  0.33142073812317957
  0.34133307374262478  0.35101303735300415  0.36096367858101347  0.37129423984264476
  0.38169414621859982  0.39167446586319160  0.40215776440838213  0.41294869484256391
  0.42326229155862993  0.43283740158334294  0.44275558745367244  0.45285491854615922
  0.46271730083774676  0.47253255398309219  0.48262038305833954  0.49406214912814700
  0.50502739670037100  0.51583448399286702  0.52630408120060101  0.53668559953561479
  0.54682966065603378  0.55710717040375546  0.56722542979622370  0.57746248307739534
  0.58718306601526493  0.59692410324659262  0.60699561310073902  0.61767538901000762
  0.62812037980560098  0.63855486340109602  0.64902491701388809  0.65975322798882430
  0.67011918368153822  0.68013087823048923  0.69043543908813321  0.70086087469915981
  0.71151775482722612  0.72216528985767725  0.73262112300144888  0.74289735191181749
  0.75342098253309397  0.76418128420804388  0.77489492550524430  0.78514322463847241
  0.79545737244671255  0.80633594683288023  0.81712739019971214  0.82785783093852561
  0.83843622411999741  0.84912426662100504  0.85937055143899566  0.86881319455359307
  0.87858884573232365  0.88896114804753890  0.89971839459412684  0.91055979813813637
  0.92162191330983212  0.93334348621757246  0.94466329878825572  0.95567694085361055
  0.96670225699658940  0.97746670410313308  0.98881742339734469  1.00000000000000000
 -0.00202356440283126  0.00792197394792864  0.01693497007308658  0.02710147405183717
  0.03815985460075962  0.04858033842594987  0.05869822528831752  0.06889911464708151
  0.08014630763132882  0.09010675734987553  0.10049583477908107  0.11065757961618215
  0.12122751042143035  0.13158412470888828  0.14218993525137241  0.15325284119748150
  0.16405521602603096  0.17507166498510773  0.18593576175493415  0.19610706575592729
  0.20606446301666792  0.21631938447280524  0.22688989246252089  0.23733677492049521
  0.24748196243418658  0.25813220838509815  0.26913649630771114  0.28009766933653435
  0.29076892390765202  0.30080988199424019  0.31111481371967287  0.32203935172315179
  0.33274841098654728  0.34277687637231308  0.35261605638900168  0.36360532865407091
  0.37488905742598516  0.38508259197905431  0.39524099589767697  0.40484879261324858
  0.41495036682656156  0.42477712663422995  0.43451611013968361  0.44427385553445714
  0.45448268618150817  0.46477382219879865  0.47574222864128402  0.48674734898857591
  0.49834503754813275  0.51021820720423183  0.52184652179644764  0.53258915064791457
  0.54318996887611992  0.55452205411331534  0.56610520293829014  0.57772834583649257
  0.58899159333837225  0.60077322685775192  0.61269675385696976  0.62450253972149550
  0.63582994517298408  0.64681305275025003  0.65801638301811105  0.66895776754739267
  0.67954379372955021  0.68968057802903671  0.69972997191158981  0.70983896395001722
  0.71974075415833871  0.72935296563103225  0.73903481937419779  0.74901243803108009
  0.75993331185631086  0.77127662440606926  0.78270111431994305  0.79398285578393391
  0.80511372777113410  0.81609010591892561  0.82740641060600828  0.83831763296864537
  0.84886778648071448  0.85932317687526505  0.86958640078263805  0.87943744783584377
  0.88882999873380619  0.89816946691532973  0.90765744381281177  0.91733958969739260
  0.92715535047748776  0.93697118501294197  0.94739249419785865  0.95814746694555641
  0.96866389302323497  0.97896213102163288  0.98938501094769460  1.00000000000000000
 -0.00206330859321343  0.00682536195010410  0.01486306751578958  0.02240989818408483
  0.02989550775030827  0.03742691283226766  0.04480781416827433  0.05206909529203040
  0.05947662659683064  0.06708168343146859  0.07453079218486165  0.08172301294721496
  0.08915982377356999  0.09698619800235191  0.10521311567924876  0.11431648137077825
  0.12352881943479663  0.13303797302565262  0.14282859728229061  0.15286510697919406
  0.16271897206250538  0.17239759419961312  0.18177294804805061  0.19088652283026356
  0.19972054585685606  0.20863336484223355  0.21753874707177046  0.22660155782576286
  0.23589910530348718  0.24537213047780815  0.25495991509806482  0.26428466601802908
  0.27373530312746741  0.28368415305940176  0.29415568760576116  0.30530158571283555
  0.31685630067963549  0.32885108266232660  0.34082390189098488  0.35231009328856316
  0.36395972272741517  0.37553609358818718  0.38639389553520243  0.39663300127934170
  0.40667326725040792  0.41678230655570930  0.42711623777120733  0.43777963509383405
  0.44928487266278438  0.46050409352356958  0.47105617126036065  0.48143829733121057
  0.49223121774439155  0.50361556289384912  0.51546111431688513  0.52724237344274616
  0.53886059766469152  0.55029491521402663  0.56192883369800284  0.57349675170262326
  0.58471203634999103  0.59606030494073681  0.60757682958512993  0.61905925325113242
  0.63093698004877352  0.64289171622121066  0.65445145962075690  0.66521956826148354
  0.67754535924820714  0.69010955835950905  0.70331378549979573  0.71605416762847718
  0.72854002985499910  0.74081775192276100  0.75314487328850510  0.76547611323862486
  0.77800889377839866  0.79062525428596875  0.80302774753173678  0.81516240966629372
  0.82700114979963679  0.83816463201718572  0.84885561788755515  0.85989572897448319
  0.87175517690630056  0.88453133909550241  0.89759373592498137  0.90986639940216474
  0.92168188522283867  0.93360185064880874  0.94568646674176704  0.95745514751578598
  0.96872175530669435  0.97947296876732726  0.98985431255220957  1.00000000000000000
 -0.00252778467306645  0.00973925570481880  0.02049116628665591  0.03086387492960920
  0.04136746360273276  0.05141293881008890  0.06211904809500920  0.07241325167333085
  0.08297689764326463  0.09312196451418885  0.10336377888127128  0.11301377097523989
  0.12233406121482943  0.13234621344326924  0.14278822492958079  0.15356336889667963
  0.16387795612846826  0.17370635923922539  0.18340013527776794  0.19338762440000967
  0.20304694849470672  0.21273386192005789  0.22243635669847214  0.23239546378512826
  0.24283914537446794  0.25328216972304646  0.26356301644139385  0.27342076521639624
  0.28300806910601012  0.29276796923531312  0.30305958340379552  0.31356804708336800
  0.32410971598330274  0.33452885176985442  0.34512175127935785  0.35600954131893797
  0.36733388231853981  0.37877639924174533  0.38968287840523563  0.40034679894852515
  0.41125439856168011  0.42249655233725969  0.43387570371132228  0.44505915129939377
  0.45595383203194212  0.46622245628245762  0.47620854875511925  0.48593406278032297
  0.49576788198742644  0.50612584941408112  0.51645203823498986  0.52664108093509199
  0.53665805299249469  0.54684229631265824  0.55751745855302337  0.56861471585292311
  0.57986040254171733  0.59071207565737605  0.60123025822461973  0.61205872556974172
  0.62305083255347282  0.63368140137584406  0.64427165240563000  0.65470637116418651
  0.66526501896150492  0.67560540933419078  0.68606253240712323  0.69706892277637134
  0.70795514997596776  0.71886157552614249  0.72962633150969991  0.74066511490020714
  0.75139458820832816  0.76139891906160340  0.77148926937012385  0.78188592930473744
  0.79226523452807207  0.80280018991070312  0.81353136297808470  0.82502542756154795
  0.83681077860794428  0.84863900296808215  0.86020582822122083  0.87166144892071118
  0.88288041715419319  0.89393320771555296  0.90502031307436770  0.91577051540865551
  0.92659620885820160  0.93727415847165807  0.94823963105600817  0.95900992994874101
  0.96937004743728972  0.97946943842986256  0.98973801758603841  1.00000000000000000
 -0.00251568024195753  0.00807049988099090  0.01755393617581957  0.02668580074790797
  0.03575313771104790  0.04488613208536335  0.05405645017500506  0.06294102475753569
  0.07133477190454515  0.07966531221629121  0.08818264582637601  0.09672245761642549
  0.10532857459302246  0.11406679323153161  0.12299041343844980  0.13233243303141146
  0.14185003516774036  0.15135007366860759  0.16088102770851645  0.17036994559114629
  0.17974012342447412  0.18912435991630802  0.19866403303906122  0.20855718932858983
  0.21889462927056771  0.22948326311699455  0.24015166082318803  0.25101980581400224
  0.26165977648993377  0.27255051715694389  0.28353234683390560  0.29466722176090582
  0.30573481930489882  0.31691707644563710  0.32812759228918431  0.33952663572317660
  0.35105143877246275  0.36335870414259147  0.37594512430418736  0.38871407597809865
  0.40139017562725982  0.41381515137943226  0.42573764828297633  0.43710620009035955
  0.44942674323057624  0.46190441937127891  0.47560422908657685  0.48931714838518359
  0.50302486289896842  0.51608587135203343  0.52827613493678816  0.53954271516697183
  0.55123820147866054  0.56313567534474884  0.57479262229488681  0.58674699760359206
  0.59937072086365795  0.61215605488599023  0.62518656448861687  0.63829785449034604
  0.65189844977184597  0.66595866712571239  0.67968384225101142  0.69256624531706845
  0.70451176389900061  0.71616399809244080  0.72752371320980436  0.73842466252567684
  0.74918744288930239  0.75954992394171383  0.76923079080401946  0.77882751509329329
  0.78891057573218626  0.79929421006509616  0.80966101848928052  0.81961437930689751
  0.82945228565508766  0.83894587145206001  0.84816821352599314  0.85746193727761422
  0.86703397005098115  0.87688341045244778  0.88667186899169359  0.89636642139932032
  0.90593855298587023  0.91529003797813779  0.92447258587934256  0.93336403373884014
  0.94184139432769920  0.95009618013913133  0.95838110077987992  0.96669267445792628
  0.97524668726464447  0.98361671633947545  0.99182776023034247  1.00000000000000000
 -0.00238670081219569  0.00856668546677326  0.01867924889739134  0.02833398133161472
  0.03821811530132153  0.04780044974785121  0.05774872974647830  0.06785372417183640
  0.07764481403432666  0.08751747338396747  0.09787649628862165  0.10874184701621852
  0.11983624912276128  0.13012094190597748  0.13969040311864603  0.14946226808568247
  0.15916927210313281  0.16890876154590176  0.17810619298646563  0.18717183732508436
  0.19763893949577849  0.20826679705476336  0.21804315759985754  0.22764881750846611
  0.23843305748970856  0.25019150988179195  0.26078388936034269  0.27156256621809854
  0.28249028651342240  0.29293134648889896  0.30301533402483477  0.31321301303366095
  0.32407355907607355  0.33478302634368412  0.34477424424566555  0.35516370287172533
  0.36569049816425220  0.37612182073009970  0.38646243145954251  0.39674004803958401
  0.40712065186575058  0.41742452797373192  0.42755364113580951  0.43767822956788721
  0.44753458234772070  0.45701565126327587  0.46653666650552900  0.47624353251102480
  0.48629366819145203  0.49655840571207122  0.50790340262746880  0.51994746207790676
  0.53148458096512008  0.54310665369282629  0.55429910272031502  0.56504094163069529
  0.57518192536036505  0.58516782573631254  0.59554100659909803  0.60647238664345238
  0.61809264122651719  0.62971391447374481  0.64087855022571316  0.65137812743193013
  0.66133978568850382  0.67148392413116409  0.68194168242592490  0.69234344794639224
  0.70258011011918797  0.71312901088081027  0.72396230438628961  0.73466781528021508
  0.74486862713024427  0.75512910825713375  0.76581001198006704  0.77679541208295866
  0.78785506827087959  0.79903769369686595  0.81049328302978485  0.82173509360816555
  0.83290126246146512  0.84415563143071970  0.85515252644059525  0.86570775728617810
  0.87621444526176451  0.88715431005560053  0.89858704065200279  0.90985668514138662
  0.92070898363168485  0.93153911531856537  0.94265256008348863  0.95425808239285836
  0.96561083884154764  0.97707770429668095  0.98836988490757904  1.00000000000000000
 -0.02449826921280440  0.31202098865039213  0.38570651459649685  0.42226322030022856
  0.44860141061425574  0.47137626704643931  0.49133669850817885  0.50864576976082188
  0.52344573830330676  0.53683751268594004  0.54959669756065699  0.56175244062475371
  0.57276690779119133  0.58311147824921961  0.59282090514478913  0.60211208450383935
  0.61096893738297464  0.61936108651975952  0.62749669957232346  0.63534819878649618
  0.64305359929410877  0.65056775167589964  0.65784267849392930  0.66473470746951302
  0.67113492603013103  0.67722741922116314  0.68324060383300800  0.68912044184438948
  0.69480904233888152  0.70040904228334899  0.70593605509660784  0.71139798559509004
  0.71665219611233899  0.72182642182542012  0.72683447526226330  0.73183907199355613
  0.73689499088867483  0.74179035275912097  0.74656770950833851  0.75128186383805495
  0.75593312843673099  0.76050945040047080  0.76512345294588102  0.76961859193088555
  0.77398539001822120  0.77834189436469536  0.78273564449022448  0.78712151922758367
  0.79148388330633357  0.79570005154306256  0.79971149812696452  0.80359117929985124
  0.80736142512661291  0.81114355163188545  0.81485672845776114  0.81849939397932459
  0.82209956695520858  0.82566924014740084  0.82921438018404947  0.83276240107006816
  0.83639139464982659  0.84001812386034314  0.84366385662073440  0.84735767064539991
  0.85109561100175479  0.85472045423048737  0.85828931350666759  0.86175551633235725
  0.86509564936359595  0.86834988127616897  0.87158189050125001  0.87486695480371779
  0.87826654571633977  0.88174239641053753  0.88531807926959660  0.88884880910724506
  0.89239219612316167  0.89593834721588617  0.89950095742325042  0.90301087363524923
  0.90655699164174586  0.91025570802988753  0.91404763066008354  0.91804160990065065
  0.92228719553606509  0.92655132326984413  0.93082578842123409  0.93505668682723175
  0.93963433685791098  0.94438851360397014  0.94932017300416993  0.95462704030290779
  0.96066424608700463  0.96805771658244966  0.97905131919370436  1.00000000000000000
 -0.02074871867827192  0.14980324665249428  0.20957251106777605  0.24589908169467550
  0.27133904117911561  0.29189590975706431  0.31023841421109749  0.32648242388752774
  0.33995575135452055  0.35226431701840838  0.36413073652977895  0.37548398138767236
  0.38606931100426140  0.39602751193826063  0.40558110276672371  0.41447935999318386
  0.42307787412637088  0.43165633803781861  0.44018884910932743  0.44836428338380713
  0.45604935734724528  0.46343846010062223  0.47041948797893601  0.47757022015109418
  0.48423330969623563  0.49076113583095132  0.49713616009814360  0.50336133205552058
  0.50957350943709867  0.51573291050846315  0.52151644542941111  0.52702480529905038
  0.53242777345790959  0.53778479611364927  0.54321154352257772  0.54867645480310356
  0.55411076434795103  0.55971537699638285  0.56497714761202422  0.57007725456002778
  0.57510960658739463  0.58021450306710110  0.58534255510647171  0.59031908479156736
  0.59510208173059120  0.59982292775275570  0.60445047823664477  0.60915003406655754
  0.61404046888497954  0.61906104030827125  0.62399678900026556  0.62882386595433681
  0.63345939144240682  0.63809144993592137  0.64275597462390965  0.64737403297713358
  0.65187167026547155  0.65622653322569258  0.66059205065507709  0.66496611103559478
  0.66968555425527876  0.67462123734312474  0.67963564471924454  0.68470609609236532
  0.68967113063078456  0.69450090561477806  0.69925723001103146  0.70396037245341980
  0.70872478486279011  0.71376396323365099  0.71902460510163502  0.72447105194186812
  0.72996350233667617  0.73550866203393950  0.74110355032851560  0.74686694872819992
  0.75276619827101654  0.75872913361434635  0.76486856337552434  0.77074750062277386
  0.77643355225437827  0.78212961424134719  0.78814979228274018  0.79445034462836028
  0.80078755514545641  0.80726619167499625  0.81417641390949325  0.82187610744213502
  0.83032869669835474  0.84001696591300434  0.85080693566050269  0.86353878293477826
  0.87858341906250836  0.89731170639663527  0.92643277431374305  1.00000000000000000
   5.5148280525645447E-011  -1.0000000000000000     
 F F F F F F F F F F F F F F F F F F F F F F F F F F F F F F F F F F F F F F F F F F F F F F F F F F F F F F F F F F F F F F F F F F F F F F F F F F F F F F F F F F F F F F F F F F F F F F F F F F F F F F F F F F F F F F F F F F F F F F F F F F F F F F F F F F F F F F F F F F F F F F F F F F F F F F F F F F F F F F F F F F F F F F F F F F F F F F F F F F F F F F F F F F F F F F F F T F F T F F F F F F F F T F F T F F F F F F F F F F F F F F F F F F F F F F F F F F F F F F F F F F F F F F F F F F F F F F F F F F F F F F F F F F F F F F F F F F F F F F F F F F F F F F F F F F F F F F F F F F F F F F F F F F F F F F F F F F F F F F F F F F F F F F F F F F F F F F F F F F F F F F F F F F F F F F F F F F F F F F F F F F F F F F F F F F F F F F F F F F F F F F F F F F F F F F F F F F F F F F F F F F F F F F F F F F F F F F F F F F F F F F F F F F F F F F F F F F F F F F F F F F F F F F F F T F F T F F F F F F F F T F F T F F F F F F F F F F F F F F F F F F F F F F F F F F F F F F F F F F F F F F F F F F F F F F F F
  <DiscreteSampler_grid>
  grouped_processes
  1 # 1 for a reference and 2 for a running grid.
  10 # Attribute 'min_bin_probing_points' of the grid.
  1 # Attribute 'grid_mode' of the grid. 1=='default',2=='initialization'
  0.0000000000000000 # Attribute 'small_contrib_threshold' of the grid.
  0.5000000000000000 # Attribute 'damping_power' of the grid.
 # binID   n_entries weight   weight_sqr   abs_weight
    199   10   6.372661291208821E-003   1.241074386389928E-004   6.372661291208821E-003
    200   10   6.372661291208860E-003   1.241074386389944E-004   6.372661291208860E-003
    202   10   6.372661291208821E-003   1.241074386389928E-004   6.372661291208821E-003
    203   10   6.372661291208860E-003   1.241074386389944E-004   6.372661291208860E-003
    205   10   8.204841347220482E-003   2.100576180027102E-004   8.204841347220482E-003
    206   10   8.204841347220543E-003   2.100576180027137E-004   8.204841347220543E-003
    208   10   8.204841347220482E-003   2.100576180027102E-004   8.204841347220482E-003
    209   10   8.204841347220543E-003   2.100576180027137E-004   8.204841347220543E-003
    211   10   3.422825022923363E-004   3.580350438898459E-007   3.422825022923363E-004
    212   10   3.422825022923382E-004   3.580350438898499E-007   3.422825022923382E-004
    214   10   3.422825022923363E-004   3.580350438898459E-007   3.422825022923363E-004
    215   10   3.422825022923382E-004   3.580350438898499E-007   3.422825022923382E-004
    217   10   4.406908666419227E-004   6.059909809255183E-007   4.406908666419227E-004
    218   10   4.406908666419257E-004   6.059909809255274E-007   4.406908666419257E-004
    220   10   4.406908666419227E-004   6.059909809255183E-007   4.406908666419227E-004
    221   10   4.406908666419257E-004   6.059909809255274E-007   4.406908666419257E-004
    223   10   3.422825022923363E-004   3.580350438898459E-007   3.422825022923363E-004
    224   10   3.422825022923382E-004   3.580350438898499E-007   3.422825022923382E-004
    226   10   3.422825022923363E-004   3.580350438898459E-007   3.422825022923363E-004
    227   10   3.422825022923382E-004   3.580350438898499E-007   3.422825022923382E-004
    229   10   4.406908666419227E-004   6.059909809255183E-007   4.406908666419227E-004
    230   10   4.406908666419257E-004   6.059909809255274E-007   4.406908666419257E-004
    232   10   4.406908666419227E-004   6.059909809255183E-007   4.406908666419227E-004
    233   10   4.406908666419257E-004   6.059909809255274E-007   4.406908666419257E-004
    235   10   6.372661291208821E-003   1.241074386389928E-004   6.372661291208821E-003
    236   10   6.372661291208860E-003   1.241074386389944E-004   6.372661291208860E-003
    238   10   6.372661291208821E-003   1.241074386389928E-004   6.372661291208821E-003
    239   10   6.372661291208860E-003   1.241074386389944E-004   6.372661291208860E-003
    241   10   8.204841347220482E-003   2.100576180027102E-004   8.204841347220482E-003
    242   10   8.204841347220543E-003   2.100576180027137E-004   8.204841347220543E-003
    244   10   8.204841347220482E-003   2.100576180027102E-004   8.204841347220482E-003
    245   10   8.204841347220543E-003   2.100576180027137E-004   8.204841347220543E-003
    247   10   3.422825022923363E-004   3.580350438898457E-007   3.422825022923363E-004
    248   10   3.422825022923384E-004   3.580350438898508E-007   3.422825022923384E-004
    250   10   3.422825022923363E-004   3.580350438898457E-007   3.422825022923363E-004
    251   10   3.422825022923384E-004   3.580350438898508E-007   3.422825022923384E-004
    253   10   4.406908666419227E-004   6.059909809255185E-007   4.406908666419227E-004
    254   10   4.406908666419260E-004   6.059909809255291E-007   4.406908666419260E-004
    256   10   4.406908666419227E-004   6.059909809255185E-007   4.406908666419227E-004
    257   10   4.406908666419260E-004   6.059909809255291E-007   4.406908666419260E-004
    259   10   1.838436188929785E-005   1.032888069071215E-009   1.838436188929785E-005
    260   10   1.838436188929796E-005   1.032888069071229E-009   1.838436188929796E-005
    262   10   1.838436188929785E-005   1.032888069071215E-009   1.838436188929785E-005
    263   10   1.838436188929796E-005   1.032888069071229E-009   1.838436188929796E-005
    265   10   2.366998113953780E-005   1.748211145374091E-009   2.366998113953780E-005
    266   10   2.366998113953798E-005   1.748211145374122E-009   2.366998113953798E-005
    268   10   2.366998113953780E-005   1.748211145374091E-009   2.366998113953780E-005
    269   10   2.366998113953798E-005   1.748211145374122E-009   2.366998113953798E-005
    271   10   1.838436188929785E-005   1.032888069071215E-009   1.838436188929785E-005
    272   10   1.838436188929796E-005   1.032888069071229E-009   1.838436188929796E-005
    274   10   1.838436188929785E-005   1.032888069071215E-009   1.838436188929785E-005
    275   10   1.838436188929796E-005   1.032888069071229E-009   1.838436188929796E-005
    277   10   2.366998113953780E-005   1.748211145374091E-009   2.366998113953780E-005
    278   10   2.366998113953798E-005   1.748211145374122E-009   2.366998113953798E-005
    280   10   2.366998113953780E-005   1.748211145374091E-009   2.366998113953780E-005
    281   10   2.366998113953798E-005   1.748211145374122E-009   2.366998113953798E-005
    283   10   3.422825022923363E-004   3.580350438898457E-007   3.422825022923363E-004
    284   10   3.422825022923384E-004   3.580350438898508E-007   3.422825022923384E-004
    286   10   3.422825022923363E-004   3.580350438898457E-007   3.422825022923363E-004
    287   10   3.422825022923384E-004   3.580350438898508E-007   3.422825022923384E-004
    289   10   4.406908666419227E-004   6.059909809255185E-007   4.406908666419227E-004
    290   10   4.406908666419260E-004   6.059909809255291E-007   4.406908666419260E-004
    292   10   4.406908666419227E-004   6.059909809255185E-007   4.406908666419227E-004
    293   10   4.406908666419260E-004   6.059909809255291E-007   4.406908666419260E-004
    295   10   3.422825022923363E-004   3.580350438898457E-007   3.422825022923363E-004
    296   10   3.422825022923384E-004   3.580350438898508E-007   3.422825022923384E-004
    298   10   3.422825022923363E-004   3.580350438898457E-007   3.422825022923363E-004
    299   10   3.422825022923384E-004   3.580350438898508E-007   3.422825022923384E-004
    301   10   4.406908666419227E-004   6.059909809255185E-007   4.406908666419227E-004
    302   10   4.406908666419260E-004   6.059909809255291E-007   4.406908666419260E-004
    304   10   4.406908666419227E-004   6.059909809255185E-007   4.406908666419227E-004
    305   10   4.406908666419260E-004   6.059909809255291E-007   4.406908666419260E-004
    307   10   1.838436188929785E-005   1.032888069071215E-009   1.838436188929785E-005
    308   10   1.838436188929796E-005   1.032888069071229E-009   1.838436188929796E-005
    310   10   1.838436188929785E-005   1.032888069071215E-009   1.838436188929785E-005
    311   10   1.838436188929796E-005   1.032888069071229E-009   1.838436188929796E-005
    313   10   2.366998113953780E-005   1.748211145374091E-009   2.366998113953780E-005
    314   10   2.366998113953798E-005   1.748211145374122E-009   2.366998113953798E-005
    316   10   2.366998113953780E-005   1.748211145374091E-009   2.366998113953780E-005
    317   10   2.366998113953798E-005   1.748211145374122E-009   2.366998113953798E-005
    319   10   1.838436188929785E-005   1.032888069071215E-009   1.838436188929785E-005
    320   10   1.838436188929796E-005   1.032888069071229E-009   1.838436188929796E-005
    322   10   1.838436188929785E-005   1.032888069071215E-009   1.838436188929785E-005
    323   10   1.838436188929796E-005   1.032888069071229E-009   1.838436188929796E-005
    325   10   2.366998113953780E-005   1.748211145374091E-009   2.366998113953780E-005
    326   10   2.366998113953798E-005   1.748211145374122E-009   2.366998113953798E-005
    328   10   2.366998113953780E-005   1.748211145374091E-009   2.366998113953780E-005
    329   10   2.366998113953798E-005   1.748211145374122E-009   2.366998113953798E-005
    331   10   3.422825022923363E-004   3.580350438898457E-007   3.422825022923363E-004
    332   10   3.422825022923384E-004   3.580350438898508E-007   3.422825022923384E-004
    334   10   3.422825022923363E-004   3.580350438898457E-007   3.422825022923363E-004
    335   10   3.422825022923384E-004   3.580350438898508E-007   3.422825022923384E-004
    337   10   4.406908666419227E-004   6.059909809255185E-007   4.406908666419227E-004
    338   10   4.406908666419260E-004   6.059909809255291E-007   4.406908666419260E-004
    340   10   4.406908666419227E-004   6.059909809255185E-007   4.406908666419227E-004
    341   10   4.406908666419260E-004   6.059909809255291E-007   4.406908666419260E-004
    343   10   6.372661291208821E-003   1.241074386389928E-004   6.372661291208821E-003
    344   10   6.372661291208860E-003   1.241074386389944E-004   6.372661291208860E-003
    346   10   6.372661291208821E-003   1.241074386389928E-004   6.372661291208821E-003
    347   10   6.372661291208860E-003   1.241074386389944E-004   6.372661291208860E-003
    349   10   8.204841347220482E-003   2.100576180027102E-004   8.204841347220482E-003
    350   10   8.204841347220543E-003   2.100576180027137E-004   8.204841347220543E-003
    352   10   8.204841347220482E-003   2.100576180027102E-004   8.204841347220482E-003
    353   10   8.204841347220543E-003   2.100576180027137E-004   8.204841347220543E-003
    355   10   3.422825022923363E-004   3.580350438898459E-007   3.422825022923363E-004
    356   10   3.422825022923382E-004   3.580350438898499E-007   3.422825022923382E-004
    358   10   3.422825022923363E-004   3.580350438898459E-007   3.422825022923363E-004
    359   10   3.422825022923382E-004   3.580350438898499E-007   3.422825022923382E-004
    361   10   4.406908666419227E-004   6.059909809255183E-007   4.406908666419227E-004
    362   10   4.406908666419257E-004   6.059909809255274E-007   4.406908666419257E-004
    364   10   4.406908666419227E-004   6.059909809255183E-007   4.406908666419227E-004
    365   10   4.406908666419257E-004   6.059909809255274E-007   4.406908666419257E-004
    367   10   3.422825022923363E-004   3.580350438898459E-007   3.422825022923363E-004
    368   10   3.422825022923382E-004   3.580350438898499E-007   3.422825022923382E-004
    370   10   3.422825022923363E-004   3.580350438898459E-007   3.422825022923363E-004
    371   10   3.422825022923382E-004   3.580350438898499E-007   3.422825022923382E-004
    373   10   4.406908666419227E-004   6.059909809255183E-007   4.406908666419227E-004
    374   10   4.406908666419257E-004   6.059909809255274E-007   4.406908666419257E-004
    376   10   4.406908666419227E-004   6.059909809255183E-007   4.406908666419227E-004
    377   10   4.406908666419257E-004   6.059909809255274E-007   4.406908666419257E-004
    379   10   6.372661291208821E-003   1.241074386389928E-004   6.372661291208821E-003
    380   10   6.372661291208860E-003   1.241074386389944E-004   6.372661291208860E-003
    382   10   6.372661291208821E-003   1.241074386389928E-004   6.372661291208821E-003
    383   10   6.372661291208860E-003   1.241074386389944E-004   6.372661291208860E-003
    385   10   8.204841347220482E-003   2.100576180027102E-004   8.204841347220482E-003
    386   10   8.204841347220543E-003   2.100576180027137E-004   8.204841347220543E-003
    388   10   8.204841347220482E-003   2.100576180027102E-004   8.204841347220482E-003
    389   10   8.204841347220543E-003   2.100576180027137E-004   8.204841347220543E-003
  </DiscreteSampler_grid>
