 -0.00000093706795814  0.00001220132999911  0.00002262004868064  0.00002837596595708
  0.00003522214376991  0.00004860583217382  0.00005984253951489  0.00006386590423492
  0.00006587986408701  0.00006663262747032  0.00006714494320076  0.00006748763782192
  0.00006778534105059  0.00006808236570075  0.00006847909946185  0.00006881431863536
  0.00006926615576695  0.00006948187189564  0.00006957170865940  0.00006971162023976
  0.00006983230094555  0.00006993390929707  0.00007006386915211  0.00007016459885194
  0.00007020462419894  0.00007024466681084  0.00007028471088062  0.00007032475489013
  0.00007046235569876  0.00007055177247719  0.00007108305766629  0.00007261981011545
  0.00007362192941968  0.00007447001688165  0.00007487366466885  0.00007498529884689
  0.00007509693302493  0.00007520856720296  0.00007532020138100  0.00007541081313861
  0.00007546344610767  0.00007551607907673  0.00007556871204580  0.00007562134501486
  0.00007567403674943  0.00007572702094803  0.00007578000514663  0.00007583298934523
  0.00007588597354384  0.00007595041775420  0.00007655502201935  0.00007898324473805
  0.00008351095056725  0.00008746407920784  0.00008915387787669  0.00009050155853005
  0.00009184667000854  0.00009319919957484  0.00009439628307984  0.00009507363010053
  0.00009574430082597  0.00009641750566342  0.00009681407119449  0.00009710934978947
  0.00009740462975694  0.00009770074293824  0.00009799685611953  0.00009829318786503
  0.00009859008483630  0.00009888698180757  0.00010002338544964  0.00010185127896767
  0.00010301080664609  0.00010405860474050  0.00010518787063525  0.00010598421933335
  0.00010638991280573  0.00010797292900420  0.00010957414369480  0.00011677188322466
  0.00012363458950836  0.00012507069471288  0.00012709919901514  0.00012987671608227
  0.00013308040278809  0.00013789120007909  0.00014270199737009  0.00018113817434475
  0.00020712913470392  0.00023998801663210  0.00030713498334406  0.00052279547187247
  0.00074086879949881  0.00098006915283513  0.05686487546592631  1.00000000000000000
 -0.00000010394116708  0.00000476282418902  0.00001732937650990  0.00002653881205720
  0.00002863319393924  0.00003046281863927  0.00003166031672973  0.00003264584053075
  0.00003356022851700  0.00003362613871158  0.00003368543123279  0.00003374472375400
  0.00003380401627520  0.00003386330879641  0.00003392199366974  0.00003398021967659
  0.00003403844568343  0.00003409667169028  0.00003415489769713  0.00003420927417089
  0.00003424207163241  0.00003427486909392  0.00003430766655543  0.00003434046401695
  0.00003437326147846  0.00003443889493498  0.00003451999426993  0.00003460668454322
  0.00003463100308607  0.00003465534338926  0.00003467977328392  0.00003470420317859
  0.00003472940208348  0.00003475461139887  0.00003483498523217  0.00003492125949614
  0.00003498865798867  0.00003501059550033  0.00003503253301198  0.00003505509733818
  0.00003507792353425  0.00003510080424816  0.00003512394769212  0.00003514709113609
  0.00003523008717082  0.00003535641688155  0.00003579304730310  0.00003679006482926
  0.00004592360826837  0.00006215508244619  0.00007358555740078  0.00007562608416988
  0.00007676090892264  0.00007784008987675  0.00007920923698539  0.00008143936046229
  0.00008433554865219  0.00008653602024577  0.00008838015784339  0.00009025663743789
  0.00009220980207786  0.00009416296671783  0.00009512881845977  0.00009607725899903
  0.00009751993865257  0.00010015068530343  0.00010806191707944  0.00011269004654241
  0.00011508406230970  0.00011731794137003  0.00011948104665026  0.00012130247044738
  0.00012298602191293  0.00012442121570392  0.00012648894758783  0.00012994803825467
  0.00013781919713987  0.00014536753116637  0.00015644322217832  0.00016485300963891
  0.00016754665491278  0.00017026872878480  0.00017378497048947  0.00018024842493033
  0.00018889540076502  0.00019572161309598  0.00020220646918275  0.00020976979494904
  0.00021735219328549  0.00022544199863040  0.00027847118938551  0.00065039855498811
  0.00097841751583054  0.00113035684336239  0.03710647957234878  1.00000000000000000
 -0.00015669579704591  0.00177951069461164  0.00197648893660532  0.00205734066701185
  0.00208826982149772  0.00210023008051606  0.00211418316992757  0.00212306463551266
  0.00212591477798404  0.00212632280178342  0.00212710465935174  0.00212786591484820
  0.00212854972783135  0.00212891777927232  0.00212921007652243  0.00212945994063877
  0.00212973365236123  0.00212984098631605  0.00212989595208863  0.00212994908388127
  0.00212999721911056  0.00213002929192699  0.00213005413215194  0.00213007021026206
  0.00213008344241596  0.00213009545827977  0.00213010535717548  0.00213011510618250
  0.00213012449145906  0.00213013375957730  0.00213013985276601  0.00213014230599710
  0.00213014475922819  0.00213014721245928  0.00213014966569037  0.00213015211892146
  0.00213015457215255  0.00213015702538364  0.00213015947861473  0.00213016193631048
  0.00213016439503595  0.00213016685376142  0.00213016931248689  0.00213017177121236
  0.00213017422993782  0.00213017668866329  0.00213017914738876  0.00213018160920250
  0.00213018408521660  0.00213018656123069  0.00213018903724478  0.00213019151325887
  0.00213019398927297  0.00213019646528706  0.00213019894130115  0.00213020141731525
  0.00213020897491664  0.00213021985081648  0.00213022713008442  0.00213023249873119
  0.00213023786737796  0.00213024323602472  0.00213024854675755  0.00213025383254487
  0.00213025911833219  0.00213026440411951  0.00213026976245165  0.00213027515447783
  0.00213028054650402  0.00213028593853020  0.00213029827909152  0.00213031795321985
  0.00213034771167593  0.00213037794060939  0.00213040839646813  0.00213043774840302
  0.00213046506342479  0.00213049789574142  0.00213053663029563  0.00213057937829022
  0.00213061882090590  0.00213066600332308  0.00213081816099118  0.00213113245499450
  0.00213166135835989  0.00213201516350139  0.00213246180710883  0.00213445444087791
  0.00214165674866729  0.00214486833675040  0.00214689438851571  0.00215105417722311
  0.00217830334895421  0.00274919153435456  0.63347017769648828  1.00000000000000000
 -0.00400682270300739  0.05621646525763536  0.08711040938820876  0.09374332524307182
  0.10012464340153363  0.10611487703337182  0.11095341162305218  0.11733573489340421
  0.12316796790122513  0.12612104335848154  0.12683515209274238  0.12767021756902072
  0.12911240788925632  0.13064740681459758  0.13232714037821316  0.13496472931199244
  0.14074486216403792  0.14339647856362911  0.14521529119238777  0.14688430102943797
  0.14820149331150745  0.14867836415378044  0.14905207388064728  0.14942582029163440
  0.15001937018780703  0.15007511690460526  0.15011915772455159  0.15096012276069684
  0.15303436708926227  0.15429471413391146  0.15474364136000884  0.15607887558242281
  0.16508222500350259  0.17784864136617748  0.18428248235128389  0.18998919611053203
  0.19593138620442382  0.20425838783311204  0.21258538946180025  0.22004064923445835
  0.22538124076309421  0.23072183229173010  0.24535882471134332  0.25422021401304346
  0.25612741508682313  0.25765377849607907  0.25898772765245875  0.26039393092730029
  0.26207972657754258  0.26407329962804693  0.26606689155920954  0.27181906125475491
  0.28033356087369360  0.28575364934837205  0.29071950202430608  0.30638383601643371
  0.32815323290218174  0.35231098794823884  0.37093698116986767  0.38010610475809686
  0.38927522834632600  0.39844435193455519  0.40761347552278437  0.41615731153635854
  0.42240845082449602  0.42865959011263349  0.43491072940077097  0.44116186868890844
  0.44741300797704592  0.44840387536102388  0.44936378007023886  0.45032368477945389
  0.45128358948866892  0.45224349419788390  0.45820194635752393  0.46025150213187066
  0.46163864486299716  0.46346064093218359  0.46594359490571541  0.46842654887924717
  0.47755682180636566  0.48693961193068236  0.53201504798779409  0.61064468843038777
  0.66861302317900806  0.71824704600977984  0.79375887481831364  0.84546808497745940
  0.90880487346377437  0.92804307903601579  0.93479869178699515  0.93907145119142776
  0.94241616661824912  0.94842106196258025  0.95575952757738059  1.00000000000000000
 -0.00006759242049715  0.00050968089587174  0.00208207724229071  0.00225849821670533
  0.00365705187030730  0.01558629285011023  0.02282461212496546  0.02612083877626950
  0.02742798947732224  0.02873466895902460  0.03004052190320193  0.03218446818561720
  0.03941841988643207  0.04623991304572939  0.05486041637232910  0.06283587501356963
  0.06508737510739965  0.06733887520122966  0.06966920818132348  0.07199962253220180
  0.07432910906814189  0.07665786769461504  0.07982956330972142  0.08945353059326284
  0.09417428275489681  0.10739587919361208  0.12843529451436059  0.15501679633305807
  0.19260238899292903  0.23028733523412453  0.26377382614564093  0.28098616529634884
  0.28458650968494803  0.28818685407354722  0.29178719846214640  0.29538754285074559
  0.30018750585621234  0.30596910240538849  0.31175069895456470  0.31753229550374085
  0.32331389205291700  0.32659698647977742  0.32786817324198581  0.32913936000419419
  0.33041054676640258  0.33168173352861097  0.33818868142030983  0.34922469588934313
  0.35950534101338461  0.36642962311858934  0.37200954620389343  0.37542579503374873
  0.37744953935942599  0.37932969482679102  0.38242186871388562  0.40016117419069491
  0.40802410296926206  0.41625861478346537  0.43082226253504385  0.44134297479992191
  0.44298528810504678  0.44462082651359774  0.44621662671019530  0.44781242690679279
  0.45137481625382492  0.45513899137902369  0.46325660921292361  0.47818314267950451
  0.49301333617209325  0.51419170247437140  0.53976287162826408  0.58062053329956198
  0.65347226341682485  0.68929372291068036  0.71605997017014544  0.72852129617564587
  0.73781969100314126  0.74645543421632587  0.75553291469246064  0.76461039516859541
  0.77754470782395801  0.79379907043097853  0.81005343303799915  0.82849970490690572
  0.84750950947455306  0.86625232864207613  0.87817611072183710  0.88548901159866578
  0.89163447516177208  0.89506449865402882  0.89714865163680191  0.89942552632357686
  0.90404612169307275  0.92116177979751757  0.92949578760336937  1.00000000000000000
 -0.01403980067525495  0.06704969787535894  0.08440968491026626  0.09101206637861274
  0.09791528006603265  0.10630872008870176  0.11349011119820217  0.12049122102105701
  0.12278159677104306  0.12297405610730203  0.12316651544356098  0.12335897477981995
  0.12355143411607893  0.12373075326272209  0.12390520621389041  0.12407965916505874
  0.12425411211622706  0.12442856506739537  0.12460309640299641  0.12477764830300110
  0.12495220020300579  0.12512675210301047  0.12530130400301517  0.12704885030349519
  0.12850610782734931  0.12937842989766277  0.13024411148640172  0.13171396631922822
  0.13317126652973077  0.13445467112396373  0.13574404177164295  0.13686616679538952
  0.13794903283938950  0.13955252067337412  0.14145610658909111  0.14197274783697589
  0.14478955569037899  0.15066852322305868  0.16457757446842311  0.18427305155236756
  0.20627085067328571  0.22930659370296300  0.25332899428118716  0.27523319035162136
  0.29012630544363760  0.30501942053565390  0.32236770523466662  0.33439645915507665
  0.34249995156282320  0.34687809624871008  0.34772793563806537  0.34789383687638886
  0.34805973036353227  0.34822579180642893  0.34912653620439854  0.35052820938237095
  0.35209125057380614  0.35456889259132007  0.36085553439573315  0.37563397894348211
  0.39109441267862305  0.39408321285103837  0.39810098770125435  0.40309225577408092
  0.41145913831683067  0.41902689829955680  0.42368816740261317  0.42587564144322243
  0.42931812021716381  0.43153344422783735  0.43264828029847968  0.43402229373458712
  0.43532718223116695  0.43667418551297077  0.44035947571433315  0.44404476591569553
  0.44804732094041028  0.45348571790142805  0.45892411486244589  0.49374542831105933
  0.54521353391825245  0.55235948869119056  0.55740750264764971  0.56591722501643948
  0.57958860518785027  0.63276466697180200  0.69878058682109723  0.75216473746558743
  0.77812249112636489  0.80408024478714246  0.83493124903284854  0.86740302536657665
  0.89997951676111809  0.93331967784074521  0.96665983892037244  1.00000000000000000
 -0.01095529418663549  0.04624431102012225  0.08294529751585988  0.10575261990764187
  0.16978524842588943  0.21141554588616257  0.21917739613718118  0.22143994903625516
  0.22370250193532915  0.22596505483440313  0.22822760773347711  0.22985948772276493
  0.23148762899211642  0.23311577026146788  0.23474391153081936  0.23635213347138595
  0.23787010346373616  0.23938807345608637  0.24090604344843655  0.24242401344078676
  0.24981719523792595  0.26964469960408960  0.28162715643567732  0.29157381499961771
  0.30181253214226800  0.30751069349608212  0.31336649995098137  0.31469288159171899
  0.31601926323245660  0.31688188058161937  0.31771513086515224  0.31885517516487166
  0.32020306527241560  0.32682316771422221  0.35109398394508956  0.36343209046346631
  0.37066295118769893  0.37789381191193161  0.38604306450622689  0.39420852971882014
  0.40540610965375490  0.41728021084441502  0.44791051167097085  0.49358353447644004
  0.50603784537569230  0.52030140229851629  0.54155097148744458  0.55743650810785683
  0.55889578493242387  0.56014433394688889  0.56110862868506195  0.56185644225212183
  0.57046410673701953  0.59666643115049212  0.60130186683460118  0.60611819580644855
  0.61252696644545113  0.62213996058008125  0.62878614027851010  0.63741441427146195
  0.64266483229877047  0.64575763137336328  0.64875600691862034  0.65611978378364866
  0.68565653429919138  0.70694064545172730  0.72760415295755154  0.74763609857536439
  0.75898131941676505  0.77725275157145790  0.78744035106998778  0.79082409457553771
  0.79416223135400732  0.79951157091117009  0.80649726173927971  0.81348295256738945
  0.82136716054154968  0.83061465899459108  0.83986215744763260  0.84595876286590388
  0.84782167387235452  0.84968458487880527  0.85622614435076305  0.86878813444585090
  0.87984894476539943  0.88955642867920726  0.90117308330769053  0.91017779499207674
  0.91361874143578681  0.91705336054744913  0.92048431345083526  0.92391156449435952
  0.93095235370510887  0.94508718478790898  0.97277911816319851  1.00000000000000000
 -0.00314677871479955  0.01796550449045990  0.03669478313680648  0.03922554881850220
  0.04175631450019791  0.04428708018189362  0.04681784586358934  0.04934861154528505
  0.05193585622319029  0.05516481494937515  0.05839377367556001  0.06162273240174488
  0.06485169112792974  0.06808064985411461  0.07130960858029947  0.07606018367066962
  0.08084599870664735  0.08563181374262510  0.09041762877860283  0.09520344381458057
  0.09998925885055832  0.14673549576422415  0.17253984120925123  0.17632550851610171
  0.17989173963967148  0.18433794452069011  0.18670715960210535  0.18905798840701205
  0.19394969589605796  0.19715802578529834  0.20104463237254708  0.22670025968206289
  0.27055131966441121  0.30279525368178140  0.31856245998826110  0.33463153777216176
  0.34229281194664718  0.34467021608376236  0.34662548347721345  0.34808434902613994
  0.34979840753428521  0.35210053555524906  0.36370375839222457  0.36705217364802212
  0.36984903401536390  0.38073390737024632  0.40597296057578125  0.43413325484938647
  0.46267522282247509  0.48195263945304045  0.49778149763343366  0.51361483059587354
  0.53287536190279372  0.55676629569046965  0.57798524599552803  0.60081800037176902
  0.62632038367613152  0.65146458650230943  0.66713141231353235  0.67276860686005913
  0.67840580140658591  0.68389110286047905  0.68937414304361722  0.69388981701457542
  0.69787525039038079  0.70186068376618627  0.70629740579037437  0.71133853734066366
  0.71637966889095295  0.72148603360276764  0.72660104048796004  0.73567249734551599
  0.76297472998112770  0.78427722998513527  0.79529044716519126  0.80585927085653453
  0.81825094281113775  0.83050286312733035  0.83645200237548711  0.84059406628700162
  0.84401013527275048  0.85209155611015497  0.85695165249860683  0.85911523793178368
  0.86097732907655711  0.86236154256411957  0.86355014511119976  0.86567146656633520
  0.86967337754505347  0.88712364711540004  0.89047768920853299  0.89924962254643226
  0.91347394102355683  0.95373359274138769  0.98240950591859322  1.00000000000000000
 -0.00896571337037059  0.02468327028796150  0.05181909412175188  0.09429192946496259
  0.11150689361295991  0.12371845110455475  0.13497273578149518  0.13921040874594409
  0.14344808171039300  0.14768575467484191  0.15006091912438577  0.15137635545254757
  0.15269179178070941  0.15408121389086951  0.15586472005528304  0.15764822621969654
  0.16062277377044801  0.16083023224333554  0.16103769071622309  0.16124514918911065
  0.16145260766199820  0.16172231831524683  0.16210914601015827  0.16249597370506971
  0.16288280139998113  0.16326962909489257  0.16387835377934962  0.16498300688639755
  0.16608765999344549  0.16719231310049346  0.16829696620754139  0.17615217970482264
  0.19108804367816581  0.19604802246734340  0.19749461090997980  0.20020727400218927
  0.21155223784698829  0.23393150333829216  0.27796004238794875  0.32198858143760539
  0.34488710351877988  0.36726454661620545  0.37227473640362524  0.37345533970450845
  0.37681830911106373  0.38127504458002781  0.38426566557116731  0.38717486696025044
  0.39040131179634374  0.39401457068349915  0.39657452988264930  0.39848588672592966
  0.40042590418473789  0.40267160797746027  0.40647480621946502  0.40923630862054478
  0.41194288899027043  0.41465536357322402  0.41908569181275468  0.42862757285240871
  0.43080604087876839  0.43101860797667452  0.43112782879462441  0.43135367213668657
  0.43154174396580913  0.43178101664081758  0.43206674639000198  0.43568648654073794
  0.44074802621664749  0.44541693735452731  0.44981209379636061  0.45162863104961698
  0.45316755245878676  0.45516104000020524  0.45670546014353519  0.45793574710959506
  0.45953398724396449  0.46108479876828945  0.46211592939797153  0.46300272652415392
  0.48628373879969305  0.55863573496052465  0.58535387299766839  0.59927127071042396
  0.60688964941419998  0.61762230369919147  0.62642830167622987  0.64618553300990755
  0.67756907127057742  0.72174539689445261  0.78441008984636340  0.83940107612392634
  0.88526497710065122  0.91853684509310463  0.95165125636421100  1.00000000000000000
 -0.00426879656433224  0.02725461365005356  0.04079691894666568  0.05823482664746797
  0.06659698927707301  0.07495915190667805  0.08321997401527616  0.09141485593563456
  0.09960973785599295  0.10691561187451634  0.11408438909823178  0.12371894424910687
  0.15245893337352109  0.20313898638545419  0.23939806100609812  0.25489263504506143
  0.26339821704187777  0.26958261012079010  0.28266315142463250  0.29223650133868490
  0.30012604694133227  0.30796697641298404  0.31757276902326326  0.33906128302271571
  0.36422111980848393  0.38264369407770721  0.41197204000798998  0.43623787632589517
  0.45695238914148323  0.47831370012856034  0.50111209206625063  0.52391048400394091
  0.53905051480496657  0.55281883156663625  0.56894740445905445  0.58561453437409439
  0.59248966283531312  0.59779317198401405  0.61172800532386351  0.62088972251724484
  0.62406539584434384  0.62733863053963734  0.63077133881797598  0.63836151414862086
  0.64203089429057647  0.64482161439196717  0.64748386475603170  0.64770436261123154
  0.64792486046643138  0.64814535832163112  0.64836585617683096  0.64858635403203080
  0.65099723389091657  0.65352940773899360  0.65606158158707062  0.65859375543514764
  0.66112592928322467  0.66423854598424414  0.66751066759955469  0.67078278921486523
  0.67405491083017566  0.67732703244548620  0.69707966116697950  0.72626229414421473
  0.75291717641502198  0.77485825147052645  0.77953179556433982  0.78342633037860665
  0.78732501524819987  0.79122523294687963  0.79512543087521059  0.79902560997568151
  0.80732963946258129  0.82105916581648819  0.82619314592700377  0.83691885277009859
  0.85003681459478275  0.87499401791766362  0.90031307158777762  0.90566822808405845
  0.90952906289668767  0.91202595933553610  0.91427877352164866  0.91811340769619443
  0.92744853046115139  0.93008007582002383  0.93080202033080284  0.93153515077593563
  0.93199327069682492  0.93242062904612855  0.93281075092149934  0.93532226956232656
  0.93785369713421707  0.93996887043505883  0.96196824083105881  1.00000000000000000
 -0.01196736864430330  0.05037571472262146  0.06332271135167072  0.06977536437418043
  0.07436662750334998  0.08044274810847164  0.09584942889890838  0.12124768680381852
  0.15398240964751866  0.16265587737708290  0.18485266767387934  0.19992541012973267
  0.20064182502973327  0.20107130894334765  0.20129101277084951  0.20151073519309143
  0.20195323562247383  0.20262640233288204  0.20333320684987383  0.20395414516624993
  0.20606241822923599  0.20999861298574313  0.21030941539289746  0.21059826824405803
  0.21088712109521859  0.21117597394637916  0.21146482679753972  0.21161028419774378
  0.21173774617348493  0.21186520814922608  0.21199267012496720  0.21212013210070835
  0.21226317852365759  0.21241060746412305  0.21255803640458848  0.21270546534505394
  0.21285289428551937  0.21329762851065537  0.21394751515445934  0.21566625046765403
  0.21806804185408249  0.22483942273903332  0.22967249519359637  0.23284393776950826
  0.23626237234529018  0.23929028980399242  0.24128523983824790  0.24252063327264822
  0.24364033322766238  0.24521558705018101  0.25646228136734917  0.25967703418918558
  0.26165047318601553  0.26318818237370306  0.26452358663675773  0.26585899089981246
  0.26835795845368166  0.27271042992564415  0.27706290139760664  0.28199977225529849
  0.29362590263410404  0.30525203301290954  0.33974312420438818  0.45464989599363897
  0.51556609755523919  0.53221521666297977  0.54041314529785933  0.54842386632589746
  0.55573884873300472  0.56790779711444128  0.61543058406510354  0.67497597224509454
  0.71464085614583139  0.74280082991804308  0.76871612053667970  0.80029582976967284
  0.83297407813481361  0.86153251034242584  0.88007444748528763  0.89138835563108743
  0.90112389281061755  0.91079248346693686  0.92138687783615214  0.93312026596439301
  0.94353868486074477  0.95369401216053529  0.95887662539888374  0.96143951398023508
  0.96399926532541658  0.96654796288742983  0.96909666044944309  0.97164250425810483
  0.97418776370802806  0.97881569213035591  0.98704479646365995  1.00000000000000000
 -0.02631013925456212  0.09150680089745555  0.11855640452082446  0.12984920892864374
  0.14521421688766670  0.16389848774690788  0.18045139537543994  0.18358227127512367
  0.18687935915746989  0.18818826210683956  0.18949709784582994  0.19042096717161675
  0.19171239455635802  0.19377606981335882  0.19457552330603817  0.19494953086193229
  0.19642178770590138  0.20017070067189627  0.20391961363789113  0.20732191899783611
  0.21072170430555043  0.21381421375276133  0.21527678296376668  0.21654463692799109
  0.21783616100814779  0.22652226195943906  0.24300566304872395  0.26172186605940256
  0.28617808435374525  0.32966439688874088  0.36929006113603957  0.38803761079971183
  0.42352969653873412  0.47850475651109048  0.49504921393441748  0.50860410501778142
  0.52468790322210779  0.53076619263704539  0.53206257175166494  0.53324661517835970
  0.53526738688760045  0.53674055005172283  0.53817269677907031  0.54008167959244791
  0.54265775414481887  0.54737559549507120  0.55362996706963119  0.55641021685496161
  0.56303223129784352  0.56533840027366566  0.56763702894993517  0.57084681644142576
  0.57716265803861289  0.58347849963580012  0.59057563206932673  0.59864612628541758
  0.60671662050150854  0.61705628097331433  0.62561372396305870  0.63209998501960052
  0.63876597874047014  0.64616403429653069  0.65726767875583036  0.66162873455729687
  0.66588092769594698  0.66980889401856791  0.67367206748024444  0.67699798140237721
  0.68032389532451010  0.68832283962094176  0.69748466870209525  0.70953778573322723
  0.72317762231135685  0.73323745548859487  0.73557651142291336  0.73791556735723174
  0.74025462329155012  0.74259367922586850  0.74484986623550076  0.74641676280599345
  0.74798365937648603  0.74955055594697872  0.75111745251747142  0.75268434908796400
  0.75699749872254152  0.76158038851030929  0.76616327829807696  0.77074616808584473
  0.77532905787361239  0.79573949492133444  0.81265658820978504  0.82464605590563045
  0.84275053796290456  0.86466157331273608  0.89191390365331358  1.00000000000000000
 -0.00315378787174822  0.02997188013102751  0.03800629246241671  0.04186183887429931
  0.04372372538812824  0.04568312498928760  0.04818079084295862  0.04903355193755397
  0.04963239529509034  0.05005255428174676  0.05046591050928820  0.05087421541122376
  0.05147437307432406  0.05231309640882537  0.05334860529309730  0.05956285368704795
  0.07622438851720345  0.11058311393340588  0.13272862037383459  0.15658061219584871
  0.20052578201213492  0.22670046594359849  0.23279785875752432  0.23836196342890573
  0.24398976424496291  0.24854938545627495  0.25173332496713269  0.25360762605910964
  0.25561673225037107  0.25750591479638479  0.25864276731893032  0.25945117383240512
  0.26015970211146217  0.26047181476836684  0.26078392742527157  0.26109604008217624
  0.26140815273908091  0.26172026539598559  0.26205585052527341  0.26242276402253101
  0.26278967751978866  0.26315659101704625  0.26352350451430384  0.26389041801156149
  0.26426996485622140  0.26465615366559875  0.26504234247497604  0.26542853128435340
  0.26581472009373075  0.26721517190891714  0.26781450620056407  0.26836565076840652
  0.26895664547693854  0.26915559589865462  0.26925652493217239  0.26935745138516204
  0.26945837716183940  0.26956778491690087  0.26971197432550215  0.26985158495773015
  0.26998921313236085  0.27019007185217370  0.27229895948491539  0.27829073303947865
  0.28534557781743458  0.29189646748258846  0.29690277682077881  0.30215664086176275
  0.31422961369022084  0.32630258651867894  0.39270056811645837  0.44506022006759488
  0.50019847424643749  0.56382113047090077  0.61681975854080018  0.66152796960471794
  0.69485003609987983  0.70897078012455395  0.72193933767238949  0.73475053753918140
  0.75061927916335147  0.78856243273556037  0.81804628846780447  0.83142220826842783
  0.84109410023439657  0.84620494372728261  0.85311800865266207  0.86291184498725337
  0.87236429642960356  0.88044751502568586  0.88840473531969433  0.89636195561370280
  0.91914909654310328  0.94609939769540208  0.97304969884770087  1.00000000000000000
 -0.00807091880566027  0.01906681201374130  0.03351249541692479  0.03968204486406443
  0.04585159431120407  0.05202114375834371  0.05819069320548336  0.06417007854034372
  0.06972008761103315  0.07527009668172260  0.08082010575241205  0.08637011482310149
  0.09191951624954073  0.09740815603467073  0.10289679581980077  0.10838543560493077
  0.11387407539006079  0.11936271517519081  0.13730951984216871  0.15696390595801737
  0.17191556145921522  0.17589583224561747  0.17983340512786716  0.18143898460744429
  0.18304456408702144  0.18532457777384842  0.18831740349276663  0.19131022921168481
  0.22784708734574510  0.35210263355642096  0.41095991033638174  0.42338295756831562
  0.43607378533956875  0.44021734732396522  0.44290926646225298  0.44533161793929266
  0.44830888630165550  0.45278159951903496  0.46029383429399090  0.46745123421899371
  0.47624178300028885  0.48209449407596544  0.48443517680458326  0.48602245897212065
  0.48732303891144346  0.49080368758579351  0.49308821338778186  0.49444622031803176
  0.49618168402796797  0.49951548071620294  0.50019948536135350  0.50099167729890204
  0.50169475684083042  0.50244982673905481  0.50319946487544187  0.50488691741975877
  0.50652054043419759  0.50782525362004138  0.50873312413843896  0.51142553024557569
  0.51655547722874307  0.52408782670945531  0.52613579141587208  0.52818375612228874
  0.53163981618556511  0.53558705356782821  0.53953429095009120  0.56818954893959761
  0.60137083314008943  0.63455211734058115  0.70204975032041250  0.78238428723035247
  0.82312289093347202  0.83972377938985998  0.84866502233165109  0.85679935857164624
  0.86142810855206375  0.86452415853270681  0.86758640339444371  0.87059337422304817
  0.87360034505165263  0.87666365010722369  0.87972745063363522  0.88510140357447087
  0.89567032644788502  0.91075867095836294  0.92091742479682448  0.92976966819125584
  0.93556674085896196  0.94093779521732901  0.94748736729792460  0.95565695373435844
  0.97434924322324123  0.98323320487235510  0.99111112603071505  1.00000000000000000
  0.02908571563474441  0.99324191953000496  0.99431296111428225  0.99464734246233966
  0.99498172381039696  0.99526770566031630  0.99554739617371557  0.99582599258794691
  0.99595051008510094  0.99607502758225497  0.99621450455960392  0.99644815744417137
  0.99665758272564309  0.99683216642498962  0.99696388413432857  0.99701995680121569
  0.99707855110014043  0.99713450614405597  0.99720486572920297  0.99723384875445631
  0.99724001176129673  0.99724679493127488  0.99725643767556071  0.99726568474189603
  0.99727479680526154  0.99729175708692963  0.99735977863691461  0.99744444804314836
  0.99749152389951279  0.99753649157090307  0.99757948822784615  0.99763943967757773
  0.99768723073372945  0.99775539840891803  0.99781154946334494  0.99786572813822172
  0.99794644376210651  0.99799620385443188  0.99803505512295088  0.99805097614181237
  0.99805327014457224  0.99805548115616982  0.99805764580538558  0.99806061057152984
  0.99806419779849675  0.99806943765230138  0.99807520872417277  0.99808068023829044
  0.99808616989757781  0.99809112420154589  0.99810033928098130  0.99811293683083735
  0.99812036333247645  0.99812964426522643  0.99815645760038885  0.99820643529277320
  0.99822998442527056  0.99825353355776791  0.99827405453282425  0.99829448642705765
  0.99831208066159394  0.99832787940894807  0.99834318226104179  0.99835594372148206
  0.99836789842961782  0.99838097177687501  0.99839487042814379  0.99840901546930716
  0.99841762279198853  0.99842658709480236  0.99843473538260674  0.99844205842356393
  0.99844746083217073  0.99844898401424653  0.99845050719632222  0.99845203037839791
  0.99845355356047372  0.99845687541538242  0.99846758323236018  0.99847829104933783
  0.99848899886631559  0.99849970668329324  0.99851052863004230  0.99852248328752524
  0.99853443794500807  0.99854639260249101  0.99855834725997394  0.99857030191745677
  0.99862436838159996  0.99871187013051277  0.99884747659245021  0.99904888404146075
  0.99928183564835704  0.99949265179534597  0.99972028799478752  1.00000000000000000
 -0.04856447666089777  0.22160709423709307  0.27786437758370730  0.33969434774668561
  0.36839573909240114  0.38007594492947283  0.39143511140087806  0.39895115083942523
  0.40177118925981592  0.40324994063099900  0.40506562081725750  0.40842557164004023
  0.41140268039324207  0.41543790505558553  0.42038952117468731  0.42431190569747607
  0.42815680318773053  0.43059291332099914  0.43239738315420989  0.43414474369993278
  0.43577516982512982  0.43740559595032685  0.43935559846800454  0.44131596734172701
  0.44796832025945804  0.45055000693335839  0.45186606318001926  0.45251790734535385
  0.45303475285901018  0.45344406268399917  0.45393889686330530  0.45468750102358552
  0.45549349326116484  0.45607936979958780  0.45665607120512075  0.45686569994855991
  0.45704595265189679  0.45722620804633812  0.45740646408046476  0.45758672063988703
  0.45776697743551203  0.45857226390956873  0.45926982170143549  0.45974138256097352
  0.46026556723067352  0.46106019710690227  0.46223213978673616  0.46447969273852030
  0.46889481814857670  0.47732145742875914  0.48447733386680247  0.49275997762842499
  0.50008012721744566  0.50121635562109323  0.50235258402474081  0.50348881242838828
  0.50462504083203585  0.50576126923568343  0.50696761928181167  0.50840478029914793
  0.50984194131648430  0.51127910233382068  0.51271626335115705  0.51415342436849343
  0.51549702565419597  0.51646000686933691  0.51742298808447795  0.51838596929961900
  0.51934895051475993  0.52031193172990098  0.52213086669914499  0.52767754674965461
  0.53969398008865133  0.55907023517358501  0.56995652117145490  0.58031168477744888
  0.59926455264955836  0.62385842641185352  0.64944767593799624  0.67448336114844021
  0.69692711863868961  0.71183998535392712  0.72011274022994365  0.72787948458720830
  0.72892148422471148  0.72961961232821182  0.73154051093266337  0.73254180483180087
  0.73338304588322312  0.73467131346984649  0.73602451504120681  0.73710796556435698
  0.73837406069140632  0.74651990760054809  0.78636948280593399  1.00000000000000000
   1.1684580399944413E-010  -1.0000000000000000     
 T F F F F T T F F T T F F F F T F F F F F F F F F F F F F F F F F F F F F F F F F F F F F F F F T F F F F T T F F T T F F F F T F F F F F F F F F F F F F F F F F F F F F F F F F F F F F F F F F F F F F F F F F F F F F F F F F F F F F F F F F F F F F F F F F F F F F F F F F F F F F F F F F F F F F F F F F F F F F F F F F F F F F F F F F F F F F F F F F F F F F F F F F F F F F F F F T F F F F T T F F T T F F F F T F F F F F F F F F F F F F F F F F F F F F F F F F F F F F F F F T F F F F T T F F T T F F F F T T F F F F T T F F T T F F F F T F F F F F F F F F F F F F F F F F F F F F F F F F F F F F F F F T F F F F T T F F T T F F F F T F F F F F F F F F F F F F F F F F F F F F F F F F F F F F F F F F F F F F F F F F F F F F F F F F F F F F F F F F F F F F F F F F F F F F F F F F F F F F F F F F F F F F F F F F F F F F F F F F F F F F F F F F F F F F F F F F F F F F F F F F F F F F F F F T F F F F T T F F T T F F F F T F F F F F F F F F F F F F F F F F F F F F F F F F F F F F F F F T F F F F T T F F T T F F F F T
  <DiscreteSampler_grid>
  grouped_processes
  1 # 1 for a reference and 2 for a running grid.
  10 # Attribute 'min_bin_probing_points' of the grid.
  1 # Attribute 'grid_mode' of the grid. 1=='default',2=='initialization'
  0.0000000000000000 # Attribute 'small_contrib_threshold' of the grid.
  0.5000000000000000 # Attribute 'damping_power' of the grid.
 # binID   n_entries weight   weight_sqr   abs_weight
    127   10   1.405692622002093E-018   1.876836079250863E-035   1.405692622002093E-018
    128   10   1.405692622002084E-018   1.876836079250839E-035   1.405692622002084E-018
    130   10   4.453692006951789E-018   1.881841456289777E-034   4.453692006951789E-018
    131   10   4.453692006951762E-018   1.881841456289755E-034   4.453692006951762E-018
    133   10   4.668273494529350E-018   2.074995217463959E-034   4.668273494529350E-018
    134   10   4.668273494529314E-018   2.074995217463927E-034   4.668273494529314E-018
    148   10   5.303776298520977E-018   2.674708052413480E-034   5.303776298520977E-018
    149   10   5.303776298520943E-018   2.674708052413445E-034   5.303776298520943E-018
    163   10   5.303776298520977E-018   2.674708052413480E-034   5.303776298520977E-018
    164   10   5.303776298520943E-018   2.674708052413445E-034   5.303776298520943E-018
    178   10   4.668273494529350E-018   2.074995217463959E-034   4.668273494529350E-018
    179   10   4.668273494529314E-018   2.074995217463927E-034   4.668273494529314E-018
    181   10   2.453291054536780E-018   5.750350738426124E-035   2.453291054536780E-018
    182   10   2.453291054536767E-018   5.750350738426060E-035   2.453291054536767E-018
    184   10   7.449748058286023E-018   5.300777312402180E-034   7.449748058286023E-018
    185   10   7.449748058285975E-018   5.300777312402110E-034   7.449748058285975E-018
    187   10   1.820120152197581E-018   3.152275769813764E-035   1.820120152197581E-018
    188   10   1.820120152197572E-018   3.152275769813731E-035   1.820120152197572E-018
    190   10   5.766588935889369E-018   3.160675413705366E-034   5.766588935889369E-018
    191   10   5.766588935889340E-018   3.160675413705334E-034   5.766588935889340E-018
    193   10   6.044922532144497E-018   3.485114339219805E-034   6.044922532144497E-018
    194   10   6.044922532144456E-018   3.485114339219759E-034   6.044922532144456E-018
    208   10   6.867576069627784E-018   4.492363709827655E-034   6.867576069627784E-018
    209   10   6.867576069627745E-018   4.492363709827601E-034   6.867576069627745E-018
    223   10   6.867576069627784E-018   4.492363709827655E-034   6.867576069627784E-018
    224   10   6.867576069627745E-018   4.492363709827601E-034   6.867576069627745E-018
    238   10   6.044922532144497E-018   3.485114339219805E-034   6.044922532144497E-018
    239   10   6.044922532144456E-018   3.485114339219759E-034   6.044922532144456E-018
    241   10   3.176951541541756E-018   9.658205877299154E-035   3.176951541541756E-018
    242   10   3.176951541541737E-018   9.658205877299036E-035   3.176951541541737E-018
    244   10   9.647177043279730E-018   8.903104382567361E-034   9.647177043279730E-018
    245   10   9.647177043279677E-018   8.903104382567263E-034   9.647177043279677E-018
    250   10   1.405692622002093E-018   1.876836079250863E-035   1.405692622002093E-018
    251   10   1.405692622002084E-018   1.876836079250839E-035   1.405692622002084E-018
    304   10   2.453291054536780E-018   5.750350738426124E-035   2.453291054536780E-018
    305   10   2.453291054536767E-018   5.750350738426060E-035   2.453291054536767E-018
    310   10   1.820120152197581E-018   3.152275769813764E-035   1.820120152197581E-018
    311   10   1.820120152197572E-018   3.152275769813731E-035   1.820120152197572E-018
    364   10   3.176951541541756E-018   9.658205877299154E-035   3.176951541541756E-018
    365   10   3.176951541541737E-018   9.658205877299036E-035   3.176951541541737E-018
  </DiscreteSampler_grid>
