  0.02379030735730640  0.03397718083017996  0.04600467563366814  0.05740232793664719
  0.06970927950175626  0.08312867667626923  0.09603395552027762  0.10813611816520004
  0.11926971464253640  0.12908019809071447  0.13831842385017773  0.14833248380620856
  0.15906063751749955  0.17005540952795481  0.18132146892176504  0.19337488708928571
  0.20546950993084442  0.21628013636080731  0.22616381695516458  0.23583409069180267
  0.24627268097440688  0.25661731546563415  0.26651516289251570  0.27614690826871041
  0.28598856582409815  0.29583561477755027  0.30551308612915040  0.31438140618721855
  0.32365515778823645  0.33378892815118583  0.34430325565592013  0.35695340469626730
  0.36785240213394649  0.37828686430932090  0.38921359146171181  0.39999396032595308
  0.41111843156755312  0.42268864850940152  0.43427171568202172  0.44450301112792412
  0.45397040143887091  0.46309214915631419  0.47195425368260718  0.48135173014161869
  0.49116338185023745  0.50059096562919259  0.50952909144722536  0.51843829775653283
  0.52757405125038381  0.53746137751366829  0.54749930557593018  0.55821887404298687
  0.56842450023071622  0.57859510531764824  0.58916335967112177  0.59941503390023609
  0.60896709121902015  0.61743964986743760  0.62638423362421991  0.63696168783193619
  0.64831400740131606  0.65886484731256134  0.66917862326560196  0.68005651861944916
  0.69126181849372592  0.70205025213426786  0.71366432630119447  0.72576963712649267
  0.73681681909242358  0.74624290852756081  0.75477535114584859  0.76281491389535161
  0.77053340038434259  0.77817870889142804  0.78646793778723656  0.79601309177597324
  0.80642140569267140  0.81696032020380849  0.82743516914381821  0.83780323129283707
  0.84771053762009430  0.85677339721705992  0.86579024128041793  0.87553400662990366
  0.88492409739297362  0.89392633005537048  0.90349027499211643  0.91331774612718020
  0.92269255340427725  0.93189829442082728  0.94118202633485981  0.95048293626373681
  0.95923895933844516  0.96718277538238984  0.97081169278072765  1.00000000000000000
  0.02357668598829623  0.03385057757406295  0.04508671869244880  0.05661193058166070
  0.06793114258447826  0.07923108780725059  0.09087644697116674  0.10233799870944324
  0.11419115691546587  0.12567497045808482  0.13753054122742162  0.15042197156426157
  0.16385186021172660  0.17667140758380631  0.18897649759710289  0.20068867556303280
  0.21201674442138213  0.22388371608476307  0.23625820703560318  0.24883864547732890
  0.26042272645715209  0.27069786733007895  0.28055479277544032  0.29044904133394428
  0.30109946485020744  0.31163666884408320  0.32092624156074351  0.32946924175722736
  0.33809476351978635  0.34754827195857935  0.35715687311797778  0.36643400550196747
  0.37552601541927721  0.38474090218841450  0.39321635888666673  0.40148560278275303
  0.41053338517059773  0.42045802176263913  0.43090123769348504  0.44145164201867931
  0.45238130613707445  0.46389723205608513  0.47557524593902584  0.48745257835196126
  0.49939254280163575  0.51026144740677026  0.52002109836133781  0.52986900239639256
  0.54011167072741617  0.55097806475822797  0.56069834715227285  0.57165063421551854
  0.58224087507515110  0.59271935611288740  0.60293202385685740  0.61320296860416401
  0.62388204289613325  0.63423469081015449  0.64509052352899521  0.65566362114220023
  0.66640502363866472  0.67599152943094643  0.68562069636699952  0.69497862599159710
  0.70427171334016803  0.71399698760215669  0.72454924993531356  0.73503315581123874
  0.74518179338350821  0.75550503464123819  0.76621316184496058  0.77615580605802104
  0.78511338106698780  0.79354525286120525  0.80151418881871817  0.80992722360328762
  0.81795700810282534  0.82554640221776954  0.83277089740650445  0.84045162363752668
  0.84807592787548136  0.85661520727509444  0.86651738979939763  0.87676992283014132
  0.88587609913111365  0.89464212872625393  0.90303339543926364  0.91185045756015981
  0.92077665344768711  0.92998051462026687  0.93966658339738951  0.94825937630442003
  0.95695644659466017  0.96329199648705266  0.97136743725645047  1.00000000000000000
  0.00621222300214888  0.01808810127669126  0.03139987656001100  0.04365211667952610
  0.05484353431557264  0.06640002235040593  0.07907796533771914  0.09259258294445616
  0.10615008346491353  0.11919504800900638  0.13231647383175665  0.14504067560107303
  0.15681309446242120  0.16825461008742390  0.17954446524705800  0.19064208375068459
  0.20111276984168036  0.21237989057083007  0.22332284969177874  0.23355491123250549
  0.24364403048731323  0.25411110998084724  0.26483526828497506  0.27450186792989528
  0.28314196804370295  0.29145460669579687  0.29939660878451113  0.30712330986323372
  0.31512774642860852  0.32357220399216891  0.33204042560172131  0.34037454886035867
  0.34948834072990520  0.35908818561437206  0.36896892019253241  0.37845718889679308
  0.38758652873836463  0.39693975770479312  0.40690756306786335  0.41728548366253698
  0.42847650572315976  0.44015911307250144  0.45293020894339397  0.46696836635283906
  0.48145380655566428  0.49532921141878156  0.50773355698627198  0.51896859802192308
  0.52949239556925398  0.53915134143874854  0.54825548913367939  0.55695840036637889
  0.56602820612252447  0.57602950035667599  0.58633943492748164  0.59720631711637995
  0.60787765982407038  0.61927748737879129  0.62949325190125560  0.63918080543487110
  0.64992148420294316  0.66102424192583575  0.67278527936659016  0.68392656911638949
  0.69514875617287886  0.70697820778626319  0.71804421395683393  0.72830196703973504
  0.73739289847970846  0.74692239514459757  0.75790966429787676  0.76911110360969959
  0.77970896969210846  0.78938398623211370  0.79857563506186147  0.80763347356670068
  0.81712954520833780  0.82661000618549929  0.83616323116349178  0.84579253980682267
  0.85528234103016321  0.86436773214562290  0.87373350750913414  0.88431214958142923
  0.89588073654462219  0.90679283035732261  0.91691555822458726  0.92626783347875774
  0.93557324808173670  0.94542462547816486  0.95520585734212082  0.96431195095752653
  0.97312631998910626  0.98201495132292571  0.99139890982696388  1.00000000000000000
  0.00176143663341301  0.02028991883652714  0.03664637341783855  0.05113529723667347
  0.06505777850767999  0.07777251201174007  0.08942688418961332  0.10076871246075156
  0.11341854705601492  0.12624549241810637  0.13708511735242909  0.14768892328398248
  0.15919146405974990  0.17026959850343409  0.17991581814812338  0.18941461906670642
  0.19988042706269579  0.20996412040974796  0.21923108994706184  0.22809056708117864
  0.23809598789676398  0.24918479997967455  0.26114349802601611  0.27381181712932173
  0.28491172968473139  0.29560015721088251  0.30483652178321924  0.31486424605971919
  0.32530427825418995  0.33570918716207099  0.34575065138257516  0.35624447220785410
  0.36721538395963871  0.37860277686429539  0.38930496161532924  0.39944010673966834
  0.40919063235820624  0.41818207222752546  0.42699333579095661  0.43564669988245014
  0.44485526727992225  0.45448976105168798  0.46462218329257937  0.47490288778884654
  0.48514678795239924  0.49522829872552165  0.50524587017829714  0.51529935533764692
  0.52532586557240946  0.53442189440271282  0.54331841655418045  0.55302230165506272
  0.56262643106883148  0.57205106621555257  0.58124462812919941  0.59178582638956345
  0.60273286119399339  0.61317287085563799  0.62286878062129514  0.63306908116580540
  0.64416956902837164  0.65357625535194719  0.66236255464236438  0.67131101398534654
  0.68018014784948810  0.68895693109270995  0.69758948538558896  0.70683740816319629
  0.71717106122977337  0.72764739614322060  0.73838225416125702  0.74959062397152509
  0.76123651914209400  0.77425629277229513  0.78454565958085187  0.79537648634353342
  0.80627084279414485  0.81712246075204176  0.82664643369952440  0.83702338873211346
  0.84912586146053992  0.86033023640441819  0.87052736127320973  0.88220746198968358
  0.89464636495568073  0.90677011360502613  0.91866314708526531  0.93064480889738366
  0.94215469313073152  0.95234821055562768  0.96123138789082230  0.96927304497674549
  0.97710893847987912  0.98494332590400013  0.99231643402689107  1.00000000000000000
 -0.00045226390348918  0.00263013969174796  0.00443991198500593  0.00672233262547491
  0.00928046993111038  0.01225659300934091  0.01539993423894817  0.01882744779506520
  0.02259405892532909  0.02684336275633859  0.03185113218966526  0.03707839541149219
  0.04206906327147571  0.04741136448887520  0.05290432555970394  0.05873978027086719
  0.06501768424517373  0.07178619810622344  0.07859266661403125  0.08549335003220999
  0.09387270110200926  0.10272793729353363  0.11069549455797063  0.11886306837253466
  0.12710134160701844  0.13618023035759247  0.14596910233401195  0.15631870926319213
  0.16615328007061150  0.17526000252048840  0.18400540423862938  0.19316346954735311
  0.20219345290431667  0.21171229801812502  0.22154931825320265  0.23165708873519644
  0.24198302560312596  0.25222028488912362  0.26278215423770940  0.27342194494869954
  0.28368529226679112  0.29510852326202147  0.30735830514366980  0.31936934826551894
  0.33097679753059128  0.34158565868245649  0.35202062121780747  0.36238716306328328
  0.37224548138818764  0.38155147448531351  0.39038100981657903  0.39925029059935913
  0.40904022876922475  0.42024645218518630  0.43162124220280285  0.44337330884579246
  0.45561017757554795  0.46832693069982345  0.48158788953173276  0.49508472790826275
  0.50835837594628064  0.52320076894169254  0.53742548976777527  0.55079700136930632
  0.56363931290515124  0.57602280876302114  0.58799951078057966  0.60131040082154608
  0.61553108601151951  0.63005792202382127  0.64444273495191451  0.65848809065030567
  0.67238286968427752  0.68600693738675034  0.69822158706170578  0.71125029612597679
  0.72432126299139998  0.73785568403994317  0.75233302584839401  0.76792238092328235
  0.78327436691188135  0.79891797309151713  0.81370819053915577  0.82797747841145775
  0.84216757507430351  0.85647961828504404  0.87113120097487684  0.88695425623260626
  0.90321066219297585  0.91911420571542979  0.93439274276119155  0.94913122701048946
  0.96302411448615022  0.97603371106179648  0.98831876274896846  1.00000000000000000
 -0.00185322417789188  0.00822303890834878  0.01660293273605110  0.02533209247127589
  0.03436447890953064  0.04356795142802510  0.05245976785028706  0.06106087469571687
  0.07062708615801142  0.08169503058748981  0.09369768393767081  0.10487153009865614
  0.11510125625439109  0.12569963546630250  0.13718813815677033  0.14822318527082368
  0.15808452062747075  0.16753779620612280  0.17692757305015747  0.18713775681914677
  0.19727841739656152  0.20743081866129640  0.21799994874580456  0.22932677025230797
  0.24078918881154948  0.25295653072684587  0.26583880083065836  0.27869110956117693
  0.29141807456233348  0.30295239628559500  0.31397315036542167  0.32405243539451933
  0.33479865146753413  0.34524579352823270  0.35454778132245507  0.36360503604426408
  0.37315993551174287  0.38432143305624600  0.39613040199918287  0.40712326649560765
  0.41847446161085167  0.42968467072084487  0.43963289439546493  0.44947766486396101
  0.46044560676974738  0.47191561251710262  0.48261334553083962  0.49213197973171263
  0.50167488500470525  0.51111881224741651  0.52062155028375501  0.53038155596145453
  0.54071259940767880  0.55171468413139235  0.56206459167582756  0.57279137557943527
  0.58367463447820622  0.59466666321687067  0.60584408722733729  0.61756264501717173
  0.62938310988039969  0.64082466718656739  0.65226733110263035  0.66351749924552772
  0.67386426749255612  0.68443421367698010  0.69498513476169588  0.70622934155201178
  0.71782254939865220  0.72964316542128949  0.74117845431956475  0.75154051782693410
  0.76191007528193588  0.77238450081961596  0.78338656399442053  0.79403280678003973
  0.80503433228751464  0.81666435599873333  0.82869424038341999  0.84006420285058903
  0.85043613918248440  0.86077456875886105  0.87103613942199387  0.88056039272182896
  0.88937916383597060  0.89847973036753803  0.90793165238689344  0.91778688885552062
  0.92729561519558590  0.93681145623713136  0.94663890685770369  0.95678073208182302
  0.96748555801999980  0.97885724478019009  0.98977390581017632  1.00000000000000000
 -0.00199248194230056  0.00915793813991391  0.01915141868229732  0.02937271274909314
  0.03970170241798992  0.05060612629540263  0.06113408291506815  0.07140602514558458
  0.08183741572283001  0.09390810587373941  0.10619350235644121  0.11663523840112941
  0.12639319599075274  0.13669908827565422  0.14907844142762824  0.16071757570390954
  0.17105602323279720  0.18019333354513239  0.18921535412321744  0.19787401993062984
  0.20708604462852814  0.21650319307023169  0.22596382095842105  0.23679085287531113
  0.24869334714287322  0.26076734762263853  0.27301695838297912  0.28585156711277931
  0.29786553410327959  0.30869261213095944  0.31945237412645400  0.33081896796247562
  0.34131061567936472  0.35179290053575674  0.36235446615237804  0.37242029899895651
  0.38211159067446721  0.39130780147114347  0.40169090267116836  0.41207456626738709
  0.42304151999189854  0.43437401408071946  0.44698784997763930  0.45805849754755196
  0.46970409615305869  0.48146332478167936  0.49350046464949343  0.50478637066082943
  0.51533374973801405  0.52480436320376722  0.53321769875869229  0.54189266288772631
  0.55104777182439146  0.56132858910104977  0.57181164583006217  0.58190329753530168
  0.59194713513894615  0.60267152208229291  0.61451404652542785  0.62748563377294353
  0.64058652945543249  0.65264185389805029  0.66371880593939847  0.67424388452107176
  0.68504391585355040  0.69630451789454606  0.70719749529315246  0.71642005150000687
  0.72486344475460651  0.73315337733071173  0.74199705654725046  0.75098624649222467
  0.76058365469266720  0.77076647211314064  0.78460508848624821  0.79836870689230355
  0.81114332396524691  0.82085017882807398  0.83033253491020231  0.83983813113233918
  0.84949416939579514  0.85864622098951815  0.86779604714026637  0.87745720690111328
  0.88773363683928896  0.89824505706791236  0.90754100646032609  0.91582890103466741
  0.92450574767832472  0.93352597072478982  0.94366615122534403  0.95460384566540335
  0.96564430363739662  0.97713949659471733  0.98844703519948285  1.00000000000000000
 -0.00227504191855312  0.00934483151172815  0.01944229715915221  0.03002852796399574
  0.04163246087555725  0.05254679868489371  0.06390034702157120  0.07541851564526290
  0.08607707959074332  0.09657895427153172  0.10744271614239341  0.11998871884782687
  0.13287560511295035  0.14572688777459197  0.15798679638968782  0.16888125254074074
  0.17905434923727281  0.18954100452945180  0.20063588120089879  0.21163744453814409
  0.22184262226572726  0.23153669670493771  0.23989900734565597  0.24810844333785279
  0.25650117164731978  0.26525511906315846  0.27478084768135308  0.28416516619854659
  0.29359407056582149  0.30219114367398220  0.31059981762706174  0.31909677406747000
  0.32839239831494438  0.33886819078831226  0.35039503120425802  0.36161936172433301
  0.37307598225490662  0.38457499411676260  0.39619226658724938  0.40892838771849616
  0.42171485300595851  0.43246058970930956  0.44311400523340222  0.45393920320277747
  0.46488408598637920  0.47656943447453776  0.48855904994527111  0.50011746231822929
  0.51065680431885552  0.52002058912526383  0.52875825502749219  0.53752931410036930
  0.54707425368102203  0.55731000262339270  0.56695556194341923  0.57614823985753127
  0.58601751483917974  0.59686251164206328  0.60751776585703776  0.61750883856426153
  0.62849444708644819  0.64053164005175645  0.65205692275625293  0.66276092713926305
  0.67330072487889336  0.68360485423652462  0.69285641921753127  0.70179723362477409
  0.71070869098441658  0.72145126072811083  0.73217727932994914  0.74265852424790579
  0.75323524727739755  0.76397406764714548  0.77482971133705236  0.78577563038723119
  0.79649998438308245  0.80664967829507395  0.81770559740502213  0.83013910089835485
  0.84372161084426511  0.85768786613991843  0.87101625139694150  0.88258152518383715
  0.89275738445672115  0.90213310307218086  0.91037714953450422  0.91884343032557547
  0.92670422106077610  0.93508763487734081  0.94420686326496572  0.95314650904985654
  0.96229798937787459  0.97290514819297347  0.98484358296001029  1.00000000000000000
 -0.00227072824256499  0.00893897015031925  0.01889419589788428  0.02918358148687176
  0.03902583246655982  0.04926171638067429  0.06010337060258540  0.07147576389692781
  0.08271449312409930  0.09400582827614973  0.10460981056021156  0.11510822684241732
  0.12503691034037320  0.13540317375175448  0.14614992775196564  0.15720504053901249
  0.16799930967583668  0.17820146547859417  0.18791607684745162  0.19790455712456873
  0.20772896075561451  0.21830351107583143  0.22825571699217151  0.24003035256631328
  0.25226746506252645  0.26428560293241615  0.27706348959614424  0.28822793928012941
  0.29851390960812763  0.30862917667876255  0.31856707818428509  0.32978786287841394
  0.34198325523221024  0.35304947860955976  0.36442177337191561  0.37592827366178516
  0.38808227457091549  0.40042598190708267  0.41254779224069055  0.42402476265296551
  0.43523567386765577  0.44719763086177350  0.45964463025158775  0.47209961692797769
  0.48346494489084335  0.49460389843879760  0.50647175967514457  0.51732941987129100
  0.52705729263427992  0.53584509126394086  0.54520912626584472  0.55559558580281054
  0.56583310233092132  0.57485176300142393  0.58302079025536702  0.59078172246087512
  0.59887576710130963  0.60726509332213441  0.61566911882111475  0.62452224533309053
  0.63490130912249876  0.64658789631717328  0.65824461802869239  0.66924338349905210
  0.67996288174815700  0.69019032416038673  0.70051433193717394  0.71040853102773516
  0.72028583745752994  0.73011559673023119  0.74157907574134796  0.75270004781853950
  0.76320693771650661  0.77359195501817868  0.78445288696254178  0.79449982914457840
  0.80392454490098064  0.81447910068325557  0.82581661311911614  0.83695525684092442
  0.84704747826202098  0.85604653056590529  0.86487914308068892  0.87393381692240857
  0.88374403687383785  0.89413945302196451  0.90491077802547959  0.91574820434300808
  0.92694219216163798  0.93741967466483467  0.94954662176880056  0.95987503757537396
  0.96979679894721815  0.98000281958004076  0.99012648083030508  1.00000000000000000
 -0.00198420412331201  0.00685875628672978  0.01647594150162379  0.02615761770495276
  0.03850218902472675  0.04972455377734632  0.06056972324866840  0.07075585612128395
  0.08054642406788487  0.08999813215424411  0.09910941739256876  0.10804461891805368
  0.11713175607720362  0.12679844212724181  0.13657950014870443  0.14702064486475305
  0.15898042180902541  0.17076272173018386  0.18117762381045260  0.19134419976796219
  0.20153544687723127  0.21143803409668768  0.22063827553071980  0.23055048763970226
  0.24224037249466060  0.25541876326350704  0.26916783959042406  0.28080690001504233
  0.29143620009106952  0.30225642413261666  0.31341991086663196  0.32525014366759902
  0.33711040570738054  0.34892825062198279  0.36052621904590554  0.37152709298032827
  0.38209808473638551  0.39228699155679481  0.40199057872616539  0.41122641938140270
  0.42039384277964792  0.43036754040565672  0.44189520093208884  0.45445092556748251
  0.46690940225194671  0.47868845306460706  0.48941834397817607  0.49924573551370199
  0.50876216847419031  0.51896230157838508  0.52888034798550321  0.53780322632962596
  0.54658212889096858  0.55583300846918937  0.56597276558714849  0.57624305439880463
  0.58622952640175652  0.59637739199347561  0.60720528939921370  0.61869691032734941
  0.63096601948297670  0.64239564535826077  0.65422702261969645  0.66650886202876625
  0.67898991689290034  0.69097534818192707  0.70203679156355769  0.71171374081164362
  0.71939279103556730  0.72726490520812559  0.73525342452407627  0.74326467945747998
  0.75164590289422806  0.75971707002264643  0.76785258417234525  0.77712187631462426
  0.78772704265824134  0.79817765123759843  0.80893192086073173  0.81993341716945300
  0.83076975492480287  0.84146012424438177  0.85218575079024084  0.86334105112405413
  0.87508570410487496  0.88583387192513219  0.89755163829617390  0.91013064225583107
  0.92182146615348126  0.93287218644411918  0.94353144742581230  0.95498323962907727
  0.96632603408129492  0.97744311438225595  0.98891538154203151  1.00000000000000000
 -0.00178138028019279  0.00669708665821101  0.01497256610462458  0.02300415150305759
  0.03100931201876785  0.03923351033328672  0.04721974562042483  0.05519903735683840
  0.06305921966413255  0.07070944529159356  0.07826425716043517  0.08588647832362876
  0.09371211376638745  0.10241167642681326  0.11095015983488675  0.11910242883915842
  0.12707253856937087  0.13537505851518955  0.14374213673429059  0.15184233427704749
  0.15951587325153971  0.16767987873522369  0.17627105730180720  0.18505754367739508
  0.19395009461440382  0.20281249736990589  0.21156262263625769  0.22030396447536976
  0.22986254951649812  0.23896836610578590  0.24885027782708335  0.25860122861832824
  0.26806243103928529  0.27802991759706092  0.28772621404666227  0.29727149045991524
  0.30653407556190632  0.31603843645795682  0.32571688138780719  0.33537218108161687
  0.34486104283856878  0.35481896929811924  0.36524302216939109  0.37582464187861980
  0.38614844867263526  0.39693136790953154  0.40858450304542049  0.42160747409180638
  0.43504389441384694  0.44655703258326040  0.45706500443159948  0.46745552663171391
  0.47755923062354444  0.48780649405145471  0.49851026925533121  0.51031797126945921
  0.52278133678919492  0.53492281756036797  0.54745117185522585  0.56024419083952437
  0.57331878587535567  0.58619154076825819  0.59888550457993328  0.61172893805096951
  0.62343446455853890  0.63425235187630502  0.64404593901627638  0.65299748640363575
  0.66192492320300844  0.67207528279457440  0.68304146626470974  0.69424599457598402
  0.70488106006252793  0.71796697957353628  0.73136595050840114  0.74837760679066501
  0.76454389554643465  0.78023898722143459  0.79518434225904822  0.81005701149158105
  0.82379922040227438  0.83626920282506834  0.84856481252643690  0.85903223293744169
  0.86977740554637528  0.88120626151129722  0.89407962449651923  0.90758090818459747
  0.92104343734585925  0.93521128743020110  0.94764572264271685  0.96020866983178643
  0.97022823887584175  0.98023534974778737  0.98933428096014331  1.00000000000000000
 -0.00175188670518470  0.00947697470217663  0.01940115162229979  0.02933734859378334
  0.03820049111543836  0.04660915128223742  0.05484300443551119  0.06461380030324768
  0.07596945588560275  0.08844341286577775  0.10102969201951358  0.11168895427377527
  0.12151111415627053  0.13005683890637926  0.13805032743980450  0.14662693489103903
  0.15548898711826761  0.16435190271058150  0.17387076093795445  0.18430211752230022
  0.19523439938352197  0.20624489925557221  0.21643447191756601  0.22681097929566701
  0.23700783607692441  0.24745596903107125  0.25814407684303675  0.26932249454163298
  0.27989096126276608  0.29018848125153651  0.30102343777890578  0.31279810872246727
  0.32455463591814371  0.33658657648421453  0.34993744743242777  0.36300486739611987
  0.37441336066794761  0.38456381459590672  0.39525964506073125  0.40674180287229694
  0.41769688189407417  0.42810174545731139  0.43809883805269928  0.44789110497563589
  0.45784528775395766  0.46793798876182324  0.47795046137402636  0.48682061482837513
  0.49551670943133741  0.50482961904805967  0.51528096843566984  0.52608833102593655
  0.53678636204699359  0.54773981468962374  0.55930116485899772  0.57098062172925246
  0.58236867329650543  0.59383247614175450  0.60548024236024722  0.61727623057489067
  0.62872264040363801  0.63995819644109542  0.65158225282589533  0.66296962306047613
  0.67424469499069706  0.68457628932622505  0.69497244748955289  0.70505552972199959
  0.71490936361215585  0.72507951627197753  0.73598337461652363  0.74738775357892762
  0.75750914365728195  0.76671601876616036  0.77666900948241979  0.78692512161567618
  0.79755685064161774  0.80694398621805929  0.81692489482730579  0.82747289159692816
  0.83799840562869066  0.84878985066300294  0.85898244920963773  0.87021270354817237
  0.88182751415638494  0.89356626898906866  0.90446519918792823  0.91559740042788806
  0.92803677754996272  0.94039537239317350  0.95244875662631034  0.96398371660395843
  0.97405228029246893  0.98350547549415723  0.99148718713941242  1.00000000000000000
 -0.00214165740832120  0.00745728819443996  0.01586383187204891  0.02489574486165836
  0.03349100124577203  0.04190315103219981  0.05071382611983430  0.06006464051169991
  0.06948800983077699  0.07895860781788026  0.08886140650848008  0.09828265170674780
  0.10674943229985016  0.11539687714088845  0.12401528025346183  0.13384030484984666
  0.14417880807421582  0.15387294720013708  0.16268616266138480  0.17156577096239078
  0.18088233968291087  0.19047313124241030  0.20041076502284663  0.21028095481568543
  0.21982944126076562  0.22941227026264308  0.23898360912872119  0.24814633270614159
  0.25739054814743539  0.26715116304072478  0.27790760994291019  0.28915770009574115
  0.30160693384446313  0.31508007762165119  0.32893870058945945  0.34344057598386996
  0.35754333246750086  0.37099973968192540  0.38254173143263154  0.39331234048694069
  0.40350526432122030  0.41381415660016319  0.42454173143396534  0.43450410507114379
  0.44508463331644549  0.45716287686769391  0.46990860217355118  0.48271401254394253
  0.49521813971172979  0.50815611868819777  0.52114275468216875  0.53555285243234663
  0.55213435615144468  0.56781991609830429  0.58101692591283671  0.59203652027019715
  0.60210107283107439  0.61201779883164853  0.62279422095906778  0.63753872597775851
  0.65424522853836797  0.67086324280975951  0.68380367416622789  0.69519106755922200
  0.70554587715463801  0.71531733644629825  0.72431267904139751  0.73376654221391191
  0.74449343932221790  0.75631864849195540  0.76821531242012120  0.78033574980992604
  0.79039563984661210  0.79940514785918537  0.80839962280770972  0.81777221700284930
  0.82654976118536894  0.83460606109590785  0.84310935917744878  0.85173414622121590
  0.86111694779588532  0.87050935266122664  0.88017301774039658  0.88982283285216535
  0.89880496302412349  0.90737541579685821  0.91571607219196105  0.92411949584157971
  0.93167500724374708  0.93943661419332791  0.94787696097057039  0.95681881100909405
  0.96663458216510045  0.97753995794291049  0.98781275276234148  1.00000000000000000
 -0.00148502488804920  0.00848636792066252  0.01813783175692818  0.02669661739497866
  0.03602349956248431  0.04553909963955769  0.05512758185080131  0.06402311249780188
  0.07201925543812650  0.07993665481644459  0.08793555527180807  0.09697122242547317
  0.10603950213432067  0.11457945134302278  0.12282975195253426  0.13172555725518167
  0.14100166466712641  0.15156742376475241  0.16332208009898960  0.17517348695452509
  0.18691998318539060  0.19792980325905127  0.20852948113704492  0.21960081238587892
  0.22979972459355175  0.24066887637491327  0.25096302158562012  0.26071231369605180
  0.27029348113591317  0.27934218046348008  0.28852710848371926  0.29747244905785636
  0.30649745006976670  0.31623761100478981  0.32720177473678730  0.33924868277496201
  0.35067834419259175  0.36220277886669727  0.37342494911051838  0.38434504458012358
  0.39505552478318162  0.40531308891206547  0.41556565841757237  0.42588692346114471
  0.43561226679090803  0.44472869339005811  0.45377613518788573  0.46348434732293053
  0.47393907087641191  0.48423756793260692  0.49359573682812824  0.50284919566994968
  0.51179442096997674  0.52196983794275043  0.53227956540346122  0.54239297507244655
  0.55205782571590545  0.56161033208110445  0.57231177388972365  0.58445851080862332
  0.59765680697896828  0.61113927913482557  0.62415062338906924  0.63571605572245438
  0.64620340018123690  0.65648662363255772  0.66700391510056301  0.67803950436495952
  0.69032142739849911  0.70313481766278352  0.71523236240472821  0.72762359430718671
  0.73656931391609048  0.74635469326215853  0.75590943806528521  0.76536329889389365
  0.77493598177514855  0.78536699157725054  0.79727633067423020  0.81065106397700715
  0.82480172148997621  0.83871705816669884  0.85173649962558173  0.86372154940885637
  0.87495628001952430  0.88597997795300831  0.89699584425937962  0.90820949457122657
  0.91930755511668760  0.93024791682541585  0.94125907561208000  0.95254019634346621
  0.96446424295505562  0.97648689967760949  0.98865006888794105  1.00000000000000000
 -0.00566766761433170  0.26423483394378239  0.35466651766748764  0.39828137396461183
  0.42956098739472798  0.45636522331087476  0.47712574847678990  0.49361927931111776
  0.50691517865735947  0.52063484173071128  0.53464672643385402  0.54751359756470108
  0.55901161224529949  0.56863794032290782  0.57788028351035003  0.58697970800081467
  0.59609496611717894  0.60492893927144420  0.61316092696686730  0.62107141344293693
  0.62861776078876397  0.63580707053341012  0.64254190931470423  0.64904347008873631
  0.65582695780206757  0.66296260973030552  0.67019652854920098  0.67679948127287548
  0.68280761950418878  0.68847293395220155  0.69402458859740146  0.69974326412481436
  0.70525814092284589  0.71080699724152940  0.71651243614284210  0.72204975470800548
  0.72776539434184362  0.73380703184854634  0.74019987017710631  0.74667323770908789
  0.75249618242828098  0.75746502489575274  0.76214263064045085  0.76695123252386277
  0.77132235733395316  0.77610286222624125  0.78054094500960169  0.78505740543872715
  0.78967365118709310  0.79401868496104067  0.79810370816469056  0.80224800638667992
  0.80636171570809123  0.81048839561919706  0.81419802614057157  0.81805955531629337
  0.82160103692354192  0.82495474018679016  0.82817853549943521  0.83132608883409886
  0.83441821148546269  0.83746851728013083  0.84055785246084103  0.84362522573843890
  0.84664186953040932  0.84971370084213393  0.85285984104323265  0.85623711624624543
  0.85978932498427285  0.86324631800871587  0.86685975422719153  0.87035215370101404
  0.87398233896194888  0.87764793669910546  0.88136766458484439  0.88512381693289177
  0.88894408877446407  0.89263493314802200  0.89612304949727084  0.89949719672109840
  0.90289740854182676  0.90656618813191392  0.91069439018137699  0.91488068445333037
  0.91920517593395634  0.92346415933242476  0.92764621499201572  0.93207595426326895
  0.93698735765104946  0.94222707819444618  0.94754522965140131  0.95303715440725845
  0.95948546496347475  0.96809089026415984  0.98013059546575010  1.00000000000000000
 -0.01902409540870557  0.14368202812129846  0.20396010817599197  0.23860895649566682
  0.26288453558037583  0.28516418972957747  0.30572114749336304  0.32227398262238321
  0.33669716692717999  0.35022386094402153  0.36248210079857179  0.37232507169689771
  0.38114037641792170  0.38938910554219724  0.39727024447115727  0.40388496008908581
  0.40994991268532255  0.41624796870976560  0.42367948837857128  0.43204240431272978
  0.43987189895794537  0.44691276424370446  0.45379150238546834  0.46123529927667573
  0.46898316234429088  0.47607159193434950  0.48285408498329507  0.48949325494003598
  0.49621867943142750  0.50265936158494240  0.50891927562931649  0.51472427501069284
  0.52043819333433061  0.52650138859220375  0.53285290126237017  0.53912894620971075
  0.54527924717776732  0.55135761048777499  0.55728813299733271  0.56303467887761383
  0.56867835424679603  0.57432427312204781  0.58011012862627997  0.58594713294217959
  0.59154892759134425  0.59718165013075919  0.60274212347733369  0.60809847527148808
  0.61315987524724314  0.61790418164750593  0.62250935926995932  0.62687155820596152
  0.63122956563135368  0.63589891909245888  0.64085990379201718  0.64558569667532650
  0.65001519954533238  0.65434281712831865  0.65865436533025690  0.66309717488578201
  0.66783024982747796  0.67279284984105459  0.67784021036768993  0.68303752219302782
  0.68853770494398858  0.69447479943936996  0.70045200837161525  0.70615189479815366
  0.71145516508783213  0.71638228346573807  0.72133975186596533  0.72678946144039558
  0.73253538910442217  0.73879585111788948  0.74514447820849994  0.75125505882973109
  0.75717960717160715  0.76319247158380843  0.76996709139927910  0.77646200190082304
  0.78283541871627793  0.78920676219396868  0.79573664094763208  0.80187474882880827
  0.80812624774520170  0.81470775977093146  0.82206506173140170  0.82963036476958374
  0.83754896117678279  0.84595882688589819  0.85526782860537376  0.86652038194966341
  0.88079010776631572  0.89817941997796236  0.92460663690815981  1.00000000000000000
   3.7255688373247598E-010  -1.0000000000000000     
 F F F F F F F F F F F F F F F F F F F F F F F F F F F F F F F F F F F F F F F F F F F F F F F F F F F F F F F F F F F F F F F F F F F F F F F F F F F F F F F F F F F F F F F F F F F F F F F F F F F F F F F F F F F F F F F F F F F F F F F F F F F F F F F F F F F F F F F F F F F F F F F F F F F F F F F F F F F F F F F F F F F F F F F F F F F F F F F F F F F F F F F F F F F F F F F F T F F T F F F F F F F F T F F T F F F F F F F F F F F F F F F F F F F F F F F F F F F F F F F F F F F F F F F F F F F F F F F F F F F F F F F F F F F F F F F F F F F F F F F F F F F F F F F F F F F F F F F F F F F F F F F F F F F F F F F F F F F F F F F F F F F F F F F F F F F F F F F F F F F F F F F F F F F F F F F F F F F F F F F F F F F F F F F F F F F F F F F F F F F F F F F F F F F F F F F F F F F F F F F F F F F F F F F F F F F F F F F F F F F F F F F F F F F F F F F F F F F F F F F F F F F F F F F F T F F T F F F F F F F F T F F T F F F F F F F F F F F F F F F F F F F F F F F F F F F F F F F F F F F F F F F F F F F F F F F F
  <DiscreteSampler_grid>
  grouped_processes
  1 # 1 for a reference and 2 for a running grid.
  10 # Attribute 'min_bin_probing_points' of the grid.
  1 # Attribute 'grid_mode' of the grid. 1=='default',2=='initialization'
  0.0000000000000000 # Attribute 'small_contrib_threshold' of the grid.
  0.5000000000000000 # Attribute 'damping_power' of the grid.
 # binID   n_entries weight   weight_sqr   abs_weight
    199   10   2.454209016297808E-002   1.861263004563154E-003   2.454209016297808E-002
    200   10   2.454209016297794E-002   1.861263004563131E-003   2.454209016297794E-002
    202   10   2.454209016297808E-002   1.861263004563154E-003   2.454209016297808E-002
    203   10   2.454209016297794E-002   1.861263004563131E-003   2.454209016297794E-002
    205   10   3.229833378881238E-002   3.246268289955509E-003   3.229833378881238E-002
    206   10   3.229833378881257E-002   3.246268289955569E-003   3.229833378881257E-002
    208   10   3.229833378881238E-002   3.246268289955509E-003   3.229833378881238E-002
    209   10   3.229833378881257E-002   3.246268289955569E-003   3.229833378881257E-002
    211   10   1.318182098279200E-003   5.369520061305531E-006   1.318182098279200E-003
    212   10   1.318182098279185E-003   5.369520061305395E-006   1.318182098279185E-003
    214   10   1.318182098279200E-003   5.369520061305531E-006   1.318182098279200E-003
    215   10   1.318182098279185E-003   5.369520061305395E-006   1.318182098279185E-003
    217   10   1.734778298096365E-003   9.365093844642987E-006   1.734778298096365E-003
    218   10   1.734778298096368E-003   9.365093844643053E-006   1.734778298096368E-003
    220   10   1.734778298096365E-003   9.365093844642987E-006   1.734778298096365E-003
    221   10   1.734778298096368E-003   9.365093844643053E-006   1.734778298096368E-003
    223   10   1.318182098279200E-003   5.369520061305531E-006   1.318182098279200E-003
    224   10   1.318182098279185E-003   5.369520061305395E-006   1.318182098279185E-003
    226   10   1.318182098279200E-003   5.369520061305531E-006   1.318182098279200E-003
    227   10   1.318182098279185E-003   5.369520061305395E-006   1.318182098279185E-003
    229   10   1.734778298096365E-003   9.365093844642987E-006   1.734778298096365E-003
    230   10   1.734778298096368E-003   9.365093844643053E-006   1.734778298096368E-003
    232   10   1.734778298096365E-003   9.365093844642987E-006   1.734778298096365E-003
    233   10   1.734778298096368E-003   9.365093844643053E-006   1.734778298096368E-003
    235   10   2.454209016297808E-002   1.861263004563154E-003   2.454209016297808E-002
    236   10   2.454209016297794E-002   1.861263004563131E-003   2.454209016297794E-002
    238   10   2.454209016297808E-002   1.861263004563154E-003   2.454209016297808E-002
    239   10   2.454209016297794E-002   1.861263004563131E-003   2.454209016297794E-002
    241   10   3.229833378881238E-002   3.246268289955509E-003   3.229833378881238E-002
    242   10   3.229833378881257E-002   3.246268289955569E-003   3.229833378881257E-002
    244   10   3.229833378881238E-002   3.246268289955509E-003   3.229833378881238E-002
    245   10   3.229833378881257E-002   3.246268289955569E-003   3.229833378881257E-002
    247   10   1.318182098279199E-003   5.369520061305517E-006   1.318182098279199E-003
    248   10   1.318182098279183E-003   5.369520061305388E-006   1.318182098279183E-003
    250   10   1.318182098279199E-003   5.369520061305517E-006   1.318182098279199E-003
    251   10   1.318182098279183E-003   5.369520061305388E-006   1.318182098279183E-003
    253   10   1.734778298096364E-003   9.365093844642966E-006   1.734778298096364E-003
    254   10   1.734778298096366E-003   9.365093844643039E-006   1.734778298096366E-003
    256   10   1.734778298096364E-003   9.365093844642966E-006   1.734778298096364E-003
    257   10   1.734778298096366E-003   9.365093844643039E-006   1.734778298096366E-003
    259   10   7.080098038450421E-005   1.549042000946510E-008   7.080098038450421E-005
    260   10   7.080098038450370E-005   1.549042000946487E-008   7.080098038450370E-005
    262   10   7.080098038450421E-005   1.549042000946510E-008   7.080098038450421E-005
    263   10   7.080098038450370E-005   1.549042000946487E-008   7.080098038450370E-005
    265   10   9.317681101520266E-005   2.701717014281988E-008   9.317681101520266E-005
    266   10   9.317681101520317E-005   2.701717014282034E-008   9.317681101520317E-005
    268   10   9.317681101520266E-005   2.701717014281988E-008   9.317681101520266E-005
    269   10   9.317681101520317E-005   2.701717014282034E-008   9.317681101520317E-005
    271   10   7.080098038450421E-005   1.549042000946510E-008   7.080098038450421E-005
    272   10   7.080098038450370E-005   1.549042000946487E-008   7.080098038450370E-005
    274   10   7.080098038450421E-005   1.549042000946510E-008   7.080098038450421E-005
    275   10   7.080098038450370E-005   1.549042000946487E-008   7.080098038450370E-005
    277   10   9.317681101520266E-005   2.701717014281988E-008   9.317681101520266E-005
    278   10   9.317681101520317E-005   2.701717014282034E-008   9.317681101520317E-005
    280   10   9.317681101520266E-005   2.701717014281988E-008   9.317681101520266E-005
    281   10   9.317681101520317E-005   2.701717014282034E-008   9.317681101520317E-005
    283   10   1.318182098279199E-003   5.369520061305517E-006   1.318182098279199E-003
    284   10   1.318182098279183E-003   5.369520061305388E-006   1.318182098279183E-003
    286   10   1.318182098279199E-003   5.369520061305517E-006   1.318182098279199E-003
    287   10   1.318182098279183E-003   5.369520061305388E-006   1.318182098279183E-003
    289   10   1.734778298096364E-003   9.365093844642966E-006   1.734778298096364E-003
    290   10   1.734778298096366E-003   9.365093844643039E-006   1.734778298096366E-003
    292   10   1.734778298096364E-003   9.365093844642966E-006   1.734778298096364E-003
    293   10   1.734778298096366E-003   9.365093844643039E-006   1.734778298096366E-003
    295   10   1.318182098279199E-003   5.369520061305517E-006   1.318182098279199E-003
    296   10   1.318182098279183E-003   5.369520061305388E-006   1.318182098279183E-003
    298   10   1.318182098279199E-003   5.369520061305517E-006   1.318182098279199E-003
    299   10   1.318182098279183E-003   5.369520061305388E-006   1.318182098279183E-003
    301   10   1.734778298096364E-003   9.365093844642966E-006   1.734778298096364E-003
    302   10   1.734778298096366E-003   9.365093844643039E-006   1.734778298096366E-003
    304   10   1.734778298096364E-003   9.365093844642966E-006   1.734778298096364E-003
    305   10   1.734778298096366E-003   9.365093844643039E-006   1.734778298096366E-003
    307   10   7.080098038450421E-005   1.549042000946510E-008   7.080098038450421E-005
    308   10   7.080098038450370E-005   1.549042000946487E-008   7.080098038450370E-005
    310   10   7.080098038450421E-005   1.549042000946510E-008   7.080098038450421E-005
    311   10   7.080098038450370E-005   1.549042000946487E-008   7.080098038450370E-005
    313   10   9.317681101520266E-005   2.701717014281988E-008   9.317681101520266E-005
    314   10   9.317681101520317E-005   2.701717014282034E-008   9.317681101520317E-005
    316   10   9.317681101520266E-005   2.701717014281988E-008   9.317681101520266E-005
    317   10   9.317681101520317E-005   2.701717014282034E-008   9.317681101520317E-005
    319   10   7.080098038450421E-005   1.549042000946510E-008   7.080098038450421E-005
    320   10   7.080098038450370E-005   1.549042000946487E-008   7.080098038450370E-005
    322   10   7.080098038450421E-005   1.549042000946510E-008   7.080098038450421E-005
    323   10   7.080098038450370E-005   1.549042000946487E-008   7.080098038450370E-005
    325   10   9.317681101520266E-005   2.701717014281988E-008   9.317681101520266E-005
    326   10   9.317681101520317E-005   2.701717014282034E-008   9.317681101520317E-005
    328   10   9.317681101520266E-005   2.701717014281988E-008   9.317681101520266E-005
    329   10   9.317681101520317E-005   2.701717014282034E-008   9.317681101520317E-005
    331   10   1.318182098279199E-003   5.369520061305517E-006   1.318182098279199E-003
    332   10   1.318182098279183E-003   5.369520061305388E-006   1.318182098279183E-003
    334   10   1.318182098279199E-003   5.369520061305517E-006   1.318182098279199E-003
    335   10   1.318182098279183E-003   5.369520061305388E-006   1.318182098279183E-003
    337   10   1.734778298096364E-003   9.365093844642966E-006   1.734778298096364E-003
    338   10   1.734778298096366E-003   9.365093844643039E-006   1.734778298096366E-003
    340   10   1.734778298096364E-003   9.365093844642966E-006   1.734778298096364E-003
    341   10   1.734778298096366E-003   9.365093844643039E-006   1.734778298096366E-003
    343   10   2.454209016297808E-002   1.861263004563154E-003   2.454209016297808E-002
    344   10   2.454209016297794E-002   1.861263004563131E-003   2.454209016297794E-002
    346   10   2.454209016297808E-002   1.861263004563154E-003   2.454209016297808E-002
    347   10   2.454209016297794E-002   1.861263004563131E-003   2.454209016297794E-002
    349   10   3.229833378881238E-002   3.246268289955509E-003   3.229833378881238E-002
    350   10   3.229833378881257E-002   3.246268289955569E-003   3.229833378881257E-002
    352   10   3.229833378881238E-002   3.246268289955509E-003   3.229833378881238E-002
    353   10   3.229833378881257E-002   3.246268289955569E-003   3.229833378881257E-002
    355   10   1.318182098279200E-003   5.369520061305531E-006   1.318182098279200E-003
    356   10   1.318182098279185E-003   5.369520061305395E-006   1.318182098279185E-003
    358   10   1.318182098279200E-003   5.369520061305531E-006   1.318182098279200E-003
    359   10   1.318182098279185E-003   5.369520061305395E-006   1.318182098279185E-003
    361   10   1.734778298096365E-003   9.365093844642987E-006   1.734778298096365E-003
    362   10   1.734778298096368E-003   9.365093844643053E-006   1.734778298096368E-003
    364   10   1.734778298096365E-003   9.365093844642987E-006   1.734778298096365E-003
    365   10   1.734778298096368E-003   9.365093844643053E-006   1.734778298096368E-003
    367   10   1.318182098279200E-003   5.369520061305531E-006   1.318182098279200E-003
    368   10   1.318182098279185E-003   5.369520061305395E-006   1.318182098279185E-003
    370   10   1.318182098279200E-003   5.369520061305531E-006   1.318182098279200E-003
    371   10   1.318182098279185E-003   5.369520061305395E-006   1.318182098279185E-003
    373   10   1.734778298096365E-003   9.365093844642987E-006   1.734778298096365E-003
    374   10   1.734778298096368E-003   9.365093844643053E-006   1.734778298096368E-003
    376   10   1.734778298096365E-003   9.365093844642987E-006   1.734778298096365E-003
    377   10   1.734778298096368E-003   9.365093844643053E-006   1.734778298096368E-003
    379   10   2.454209016297808E-002   1.861263004563154E-003   2.454209016297808E-002
    380   10   2.454209016297794E-002   1.861263004563131E-003   2.454209016297794E-002
    382   10   2.454209016297808E-002   1.861263004563154E-003   2.454209016297808E-002
    383   10   2.454209016297794E-002   1.861263004563131E-003   2.454209016297794E-002
    385   10   3.229833378881238E-002   3.246268289955509E-003   3.229833378881238E-002
    386   10   3.229833378881257E-002   3.246268289955569E-003   3.229833378881257E-002
    388   10   3.229833378881238E-002   3.246268289955509E-003   3.229833378881238E-002
    389   10   3.229833378881257E-002   3.246268289955569E-003   3.229833378881257E-002
  </DiscreteSampler_grid>
