     
 Collinear #          77
 
 part:           1
 comp:           0
  0.99999999780672988        276.25015283641238        276.25015344230360     
  0.99999999979065435        276.25015338447184        276.25015344230360     
  0.99999999997916023        276.25015343654661        276.25015344230360     
  0.99999999999791722        276.25015344172823        276.25015344230360     
  0.99999999999979172        276.25015344224607        276.25015344230360     
  0.99999999999997924        276.25015344229786        276.25015344230360     
  0.99999999999999789        276.25015344230303        276.25015344230360     
   1.0000000000000000        276.25015344230360        276.25015344230360     
   1.0000000000000002        276.25015344230366        276.25015344230360     
   1.0000000000000002        276.25015344230366        276.25015344230360     
 comp:           1
   0.0000000000000000        0.0000000000000000     
   0.0000000000000000        0.0000000000000000     
   0.0000000000000000        0.0000000000000000     
   0.0000000000000000        0.0000000000000000     
   0.0000000000000000        0.0000000000000000     
   0.0000000000000000        0.0000000000000000     
   0.0000000000000000        0.0000000000000000     
   0.0000000000000000        0.0000000000000000     
   0.0000000000000000        0.0000000000000000     
   0.0000000000000000        0.0000000000000000     
 comp:           2
   0.0000000000000000        0.0000000000000000     
   0.0000000000000000        0.0000000000000000     
   0.0000000000000000        0.0000000000000000     
   0.0000000000000000        0.0000000000000000     
   0.0000000000000000        0.0000000000000000     
   0.0000000000000000        0.0000000000000000     
   0.0000000000000000        0.0000000000000000     
   0.0000000000000000        0.0000000000000000     
   0.0000000000000000        0.0000000000000000     
   0.0000000000000000        0.0000000000000000     
 comp:           3
  0.99999999780672988        276.25015283641238        276.25015344230360     
  0.99999999979065435        276.25015338447184        276.25015344230360     
  0.99999999997916023        276.25015343654661        276.25015344230360     
  0.99999999999791722        276.25015344172823        276.25015344230360     
  0.99999999999979172        276.25015344224607        276.25015344230360     
  0.99999999999997924        276.25015344229786        276.25015344230360     
  0.99999999999999789        276.25015344230303        276.25015344230360     
   1.0000000000000000        276.25015344230360        276.25015344230360     
   1.0000000000000002        276.25015344230366        276.25015344230360     
   1.0000000000000002        276.25015344230366        276.25015344230360     
 
 part:           2
 comp:           0
   1.0000000291186231        276.25000804401964        276.25000000000000     
   1.0000000027901395        276.25000077077601        276.25000000000000     
   1.0000000002778520        276.25000007675663        276.25000000000000     
   1.0000000000277738        276.25000000767250        276.25000000000000     
   1.0000000000027773        276.25000000076722        276.25000000000000     
   1.0000000000002778        276.25000000007674        276.25000000000000     
   1.0000000000000278        276.25000000000767        276.25000000000000     
   1.0000000000000029        276.25000000000080        276.25000000000000     
   1.0000000000000002        276.25000000000006        276.25000000000000     
   1.0000000000000002        276.25000000000006        276.25000000000000     
 comp:           1
   0.0000000000000000        0.0000000000000000     
   0.0000000000000000        0.0000000000000000     
   0.0000000000000000        0.0000000000000000     
   0.0000000000000000        0.0000000000000000     
   0.0000000000000000        0.0000000000000000     
   0.0000000000000000        0.0000000000000000     
   0.0000000000000000        0.0000000000000000     
   0.0000000000000000        0.0000000000000000     
   0.0000000000000000        0.0000000000000000     
   0.0000000000000000        0.0000000000000000     
 comp:           2
   0.0000000000000000        0.0000000000000000     
   0.0000000000000000        0.0000000000000000     
   0.0000000000000000        0.0000000000000000     
   0.0000000000000000        0.0000000000000000     
   0.0000000000000000        0.0000000000000000     
   0.0000000000000000        0.0000000000000000     
   0.0000000000000000        0.0000000000000000     
   0.0000000000000000        0.0000000000000000     
   0.0000000000000000        0.0000000000000000     
   0.0000000000000000        0.0000000000000000     
 comp:           3
   1.0000000291186231       -276.25000804401964       -276.25000000000000     
   1.0000000027901395       -276.25000077077601       -276.25000000000000     
   1.0000000002778520       -276.25000007675663       -276.25000000000000     
   1.0000000000277738       -276.25000000767250       -276.25000000000000     
   1.0000000000027773       -276.25000000076722       -276.25000000000000     
   1.0000000000002778       -276.25000000007674       -276.25000000000000     
   1.0000000000000278       -276.25000000000767       -276.25000000000000     
   1.0000000000000029       -276.25000000000080       -276.25000000000000     
   1.0000000000000002       -276.25000000000006       -276.25000000000000     
   1.0000000000000002       -276.25000000000006       -276.25000000000000     
 
 part:           3
 comp:           0
  0.99999992546518024        201.00274996438577        201.00276494609062     
  0.99999997688658804        201.00276030023090        201.00276494609062     
  0.99999999270489370        201.00276347975409        201.00276494609062     
  0.99999999769352599        201.00276448248297        201.00276494609062     
  0.99999999927064309        201.00276479948786        201.00276494609062     
  0.99999999976935749        201.00276489973083        201.00276494609062     
  0.99999999992706434        201.00276493143036        201.00276494609062     
  0.99999999997693578        201.00276494145464        201.00276494609062     
  0.99999999999270650        201.00276494462460        201.00276494609062     
  0.99999999999769362        201.00276494562704        201.00276494609062     
 comp:           1
  0.99999993344571192       -173.48025513435132       -173.48026668020697     
  0.99999997936136953       -173.48026309981185       -173.48026668020697     
  0.99999999348598978       -173.48026555015474       -173.48026668020697     
  0.99999999794048300       -173.48026632292141       -173.48026668020697     
  0.99999999934873607       -173.48026656722553       -173.48026668020697     
  0.99999999979405274       -173.48026664447917       -173.48026668020697     
  0.99999999993487376       -173.48026666890885       -173.48026668020697     
  0.99999999997940525       -173.48026667663419       -173.48026668020697     
  0.99999999999348732       -173.48026667907715       -173.48026668020697     
  0.99999999999794043       -173.48026667984968       -173.48026668020697     
 comp:           2
  0.99999948673359884        44.324291859622946        44.324314609804389     
  0.99999984083496496        44.324307554923301        44.324314609804389     
  0.99999994976397921        44.324312383127200        44.324314609804389     
  0.99999998411701374        44.324313905801908        44.324314609804389     
  0.99999999497745540        44.324314387183541        44.324314609804389     
  0.99999999841173470        44.324314539405620        44.324314609804389     
  0.99999999949774654        44.324314587542347        44.324314609804389     
  0.99999999984117360        44.324314602764517        44.324314609804389     
  0.99999999994977473        44.324314607578188        44.324314609804389     
  0.99999999998411737        44.324314609100405        44.324314609804389     
 comp:           3
   1.0000000000000000       -43.299512336031732       -43.299512336031732     
   1.0000000000000000       -43.299512336031732       -43.299512336031732     
   1.0000000000000000       -43.299512336031732       -43.299512336031732     
   1.0000000000000000       -43.299512336031732       -43.299512336031732     
   1.0000000000000000       -43.299512336031732       -43.299512336031732     
   1.0000000000000000       -43.299512336031732       -43.299512336031732     
   1.0000000000000000       -43.299512336031732       -43.299512336031732     
   1.0000000000000000       -43.299512336031732       -43.299512336031732     
   1.0000000000000000       -43.299512336031732       -43.299512336031732     
   1.0000000000000000       -43.299512336031732       -43.299512336031732     
 
 part:           4
 comp:           0
   1.0000000700626948        68.501457757294531        68.501452957898138     
   1.0000000217265927        68.501454446201308        68.501452957898138     
   1.0000000068573953        68.501453427639674        68.501452957898138     
   1.0000000021680839        68.501453106415042        68.501452957898138     
   1.0000000006855956        68.501453004862427        68.501452957898138     
   1.0000000002168039        68.501452972749519        68.501452957898138     
   1.0000000000685594        68.501452962594556        68.501452957898138     
   1.0000000000216804        68.501452959383272        68.501452957898138     
   1.0000000000068558        68.501452958367778        68.501452957898138     
   1.0000000000021680        68.501452958046656        68.501452957898138     
 comp:           1
  0.99999949098335417       -7.7302172862111824       -7.7302212210224601     
  0.99999984215283100       -7.7302200008289246       -7.7302212210224601     
  0.99999995017992727       -7.7302208359022764       -7.7302212210224601     
  0.99999998424852332       -7.7302210992600608       -7.7302212210224601     
  0.99999999501904047       -7.7302211825185410       -7.7302212210224601     
  0.99999999842488552       -7.7302212088464763       -7.7302212210224601     
  0.99999999950190521       -7.7302212171720770       -7.7302212210224601     
  0.99999999984248855       -7.7302212198048617       -7.7302212210224601     
  0.99999999995019051       -7.7302212206374215       -7.7302212210224601     
  0.99999999998424893       -7.7302212209007006       -7.7302212210224601     
 comp:           2
   1.0000001673593788       -46.326838765070811       -46.326831011841151     
   1.0000000518985075       -46.326833416134534       -46.326831011841151     
   1.0000000163803218       -46.326831770689544       -46.326831011841151     
   1.0000000051789217       -46.326831251764183       -46.326831011841151     
   1.0000000016376878       -46.326831087710033       -46.326831011841151     
   1.0000000005178813       -46.326831035832946       -46.326831011841151     
   1.0000000001637683       -46.326831019428020       -46.326831011841151     
   1.0000000000517881       -46.326831014240327       -46.326831011841151     
   1.0000000000163769       -46.326831012599840       -46.326831011841151     
   1.0000000000051787       -46.326831012081065       -46.326831011841151     
 comp:           3
   1.0000000000000000        49.864992385615558        49.864992385615558     
   1.0000000000000000        49.864992385615558        49.864992385615558     
   1.0000000000000000        49.864992385615558        49.864992385615558     
   1.0000000000000000        49.864992385615558        49.864992385615558     
   1.0000000000000000        49.864992385615558        49.864992385615558     
   1.0000000000000000        49.864992385615558        49.864992385615558     
   1.0000000000000000        49.864992385615558        49.864992385615558     
   1.0000000000000000        49.864992385615558        49.864992385615558     
   1.0000000000000000        49.864992385615558        49.864992385615558     
   1.0000000000000000        49.864992385615558        49.864992385615558     
 
 part:           5
 comp:           0
   1.0000000703590186        57.384839126798418        57.384835089257734     
   1.0000000218184837        57.384836341307818        57.384835089257734     
   1.0000000068863981        57.384835484432550        57.384835089257734     
   1.0000000021772537        57.384835214199079        57.384835089257734     
   1.0000000006884953        57.384835128766916        57.384835089257734     
   1.0000000002177207        57.384835101751605        57.384835089257734     
   1.0000000000688494        57.384835093208643        57.384835089257734     
   1.0000000000217721        57.384835090507124        57.384835089257734     
   1.0000000000068849        57.384835089652825        57.384835089257734     
   1.0000000000021774        57.384835089382676        57.384835089257734     
 comp:           1
  0.99999979377183390       -15.983548117986972       -15.983551414245468     
  0.99999993604819715       -15.983550392068539       -15.983551414245468     
  0.99999997981539046       -15.983551091623724       -15.983551414245468     
  0.99999999361828695       -15.983551312243030       -15.983551414245468     
  0.99999999798196360       -15.983551381990079       -15.983551414245468     
  0.99999999936184214       -15.983551404045439       -15.983551414245468     
  0.99999999979819676       -15.983551411019937       -15.983551414245468     
  0.99999999993618427       -15.983551413225467       -15.983551414245468     
  0.99999999997981970       -15.983551413922916       -15.983551414245468     
  0.99999999999361844       -15.983551414143468       -15.983551414245468     
 comp:           2
   1.0000001483411742       -43.784294349378690       -43.784287854366013     
   1.0000000460009209       -43.784289868483576       -43.784287854366013     
   1.0000000145189123       -43.784288490066253       -43.784287854366013     
   1.0000000045904049       -43.784288055353628       -43.784287854366013     
   1.0000000014515860       -43.784287917922668       -43.784287854366013     
   1.0000000004590308       -43.784287874464354       -43.784287854366013     
   1.0000000001451581       -43.784287860721662       -43.784287854366013     
   1.0000000000459031       -43.784287856375848       -43.784287854366013     
   1.0000000000145159       -43.784287855001580       -43.784287854366013     
   1.0000000000045903       -43.784287854566998       -43.784287854366013     
 comp:           3
   1.0000000000000000        33.473594361757648        33.473594361757648     
   1.0000000000000000        33.473594361757648        33.473594361757648     
   1.0000000000000000        33.473594361757648        33.473594361757648     
   1.0000000000000000        33.473594361757648        33.473594361757648     
   1.0000000000000000        33.473594361757648        33.473594361757648     
   1.0000000000000000        33.473594361757648        33.473594361757648     
   1.0000000000000000        33.473594361757648        33.473594361757648     
   1.0000000000000000        33.473594361757648        33.473594361757648     
   1.0000000000000000        33.473594361757648        33.473594361757648     
   1.0000000000000000        33.473594361757648        33.473594361757648     
 
 part:           6
 comp:           0
   1.0000000272361445        225.61095315152582        225.61094700675349     
   1.0000000084459861        225.61094891226043        225.61094700675349     
   1.0000000026657407        225.61094760817380        225.61094700675349     
   1.0000000008428198        225.61094719690288        225.61094700675349     
   1.0000000002665181        225.61094706688291        225.61094700675349     
   1.0000000000842804        225.61094702576804        225.61094700675349     
   1.0000000000266518        225.61094701276642        225.61094700675349     
   1.0000000000084279        225.61094700865493        225.61094700675349     
   1.0000000000026652        225.61094700735478        225.61094700675349     
   1.0000000000008429        225.61094700694363        225.61094700675349     
 comp:           1
   1.0000000657189325        197.19405227485663        197.19403931547487     
   1.0000000203795842        197.19404333420741        197.19403931547487     
   1.0000000064322496        197.19404058387613        197.19403931547487     
   1.0000000020336668        197.19403971650183        197.19403931547487     
   1.0000000006430896        197.19403944228830        197.19403931547487     
   1.0000000002033624        197.19403935557673        197.19403931547487     
   1.0000000000643088        197.19403932815618        197.19403931547487     
   1.0000000000203362        197.19403931948506        197.19403931547487     
   1.0000000000064309        197.19403931674299        197.19403931547487     
   1.0000000000020337        197.19403931587590        197.19403931547487     
 comp:           2
  0.99999944229737092        45.786778720981673        45.786804256402782     
  0.99999982705519930        45.786796337813044        45.786804256402782     
  0.99999994541477921        45.786801757119960        45.786804256402782     
  0.99999998274193924        45.786803466211332        45.786804256402782     
  0.99999999454262622        45.786804006527078        45.786804256402782     
  0.99999999827423025        45.786804177385299        45.786804256402782     
  0.99999999945426388        45.786804231415267        45.786804256402782     
  0.99999999982742305        45.786804248501035        45.786804256402782     
  0.99999999994542643        45.786804253904030        45.786804256402782     
  0.99999999998274236        45.786804255612608        45.786804256402782     
 comp:           3
   1.0000000000000000       -40.039074411341488       -40.039074411341488     
   1.0000000000000000       -40.039074411341488       -40.039074411341488     
   1.0000000000000000       -40.039074411341488       -40.039074411341488     
   1.0000000000000000       -40.039074411341488       -40.039074411341488     
   1.0000000000000000       -40.039074411341488       -40.039074411341488     
   1.0000000000000000       -40.039074411341488       -40.039074411341488     
   1.0000000000000000       -40.039074411341488       -40.039074411341488     
   1.0000000000000000       -40.039074411341488       -40.039074411341488     
   1.0000000000000000       -40.039074411341488       -40.039074411341488     
   1.0000000000000000       -40.039074411341488       -40.039074411341488     
 
 part:           7
 comp:           0
   1.0484750535183911        1.6088042749365725E-004   1.5344230361398416E-004
   1.0046463317962873        1.5415524746816139E-004   1.5344230361398416E-004
   1.0004627121741625        1.5351330323589788E-004   1.5344230361398416E-004
   1.0000462520940008        1.5344940064183460E-004   1.5344230361398416E-004
   1.0000046250182530        1.5344301328743917E-004   1.5344230361398416E-004
   1.0000004624999137        1.5344237458103633E-004   1.5344230361398416E-004
   1.0000000462499725        1.5344231071068648E-004   1.5344230361398416E-004
   1.0000000046249973        1.5344230432365441E-004   1.5344230361398416E-004
   1.0000000004624992        1.5344230368495110E-004   1.5344230361398416E-004
   1.0000000000462497        1.5344230362108083E-004   1.5344230361398416E-004
 comp:           1
  -3.1736307180590882E-005  -0.0000000000000000     
  -9.8414981154367011E-006  -0.0000000000000000     
  -3.1061954187439648E-006  -0.0000000000000000     
  -9.8207735596095422E-007  -0.0000000000000000     
  -3.1055418878932325E-007  -0.0000000000000000     
  -9.8205669531164385E-008  -0.0000000000000000     
  -3.1055353538515337E-008  -0.0000000000000000     
  -9.8205649088845643E-009  -0.0000000000000000     
  -3.1055352461351600E-009  -0.0000000000000000     
  -9.8205652727817715E-010  -0.0000000000000000     
 comp:           2
   6.2533844895125467E-005   0.0000000000000000     
   1.9391881770755216E-005   0.0000000000000000     
   6.1205086472215023E-006   0.0000000000000000     
   1.9351045697665761E-006   0.0000000000000000     
   6.1192209171582236E-007   0.0000000000000000     
   1.9350638596161462E-007   0.0000000000000000     
   6.1192080423537354E-008   0.0000000000000000     
   1.9350634568166704E-008   0.0000000000000000     
   6.1192078301072709E-009   0.0000000000000000     
   1.9350635285196932E-009   0.0000000000000000     
 comp:           3
  0.94362760037309490        1.4479239275498373E-004   1.5344230361398416E-004
  0.99459987400071703        1.5261369584084841E-004   1.5344230361398416E-004
  0.99946225001711575        1.5335979001784202E-004   1.5344230361398416E-004
  0.99994624752433281        1.5343405571029283E-004   1.5344230361398416E-004
  0.99999462497755742        1.5344147885815859E-004   1.5344230361398416E-004
  0.99999946250000671        1.5344222113874699E-004   1.5344230361398416E-004
  0.99999994625002353        1.5344229536646395E-004   1.5344230361398416E-004
  0.99999999462500289        1.5344230278923222E-004   1.5344230361398416E-004
  0.99999999946249984        1.5344230353150890E-004   1.5344230361398416E-004
  0.99999999994624977        1.5344230360573661E-004   1.5344230361398416E-004
 
 part: i_fks+j_fks
 comp:           0
   1.0000000247320364        276.25031371683986        276.25030688460720     
   1.0000000023714439        276.25030753971930        276.25030688460720     
   1.0000000002361722        276.25030694984986        276.25030688460720     
   1.0000000000236078        276.25030689112884        276.25030688460720     
   1.0000000000023608        276.25030688525936        276.25030688460720     
   1.0000000000002363        276.25030688467245        276.25030688460720     
   1.0000000000000238        276.25030688461374        276.25030688460720     
   1.0000000000000027        276.25030688460794        276.25030688460720     
   1.0000000000000007        276.25030688460737        276.25030688460720     
   1.0000000000000002        276.25030688460726        276.25030688460720     
 comp:           1
  -3.1736307180590882E-005   0.0000000000000000     
  -9.8414981154367011E-006   0.0000000000000000     
  -3.1061954187439648E-006   0.0000000000000000     
  -9.8207735596095422E-007   0.0000000000000000     
  -3.1055418878932325E-007   0.0000000000000000     
  -9.8205669531164385E-008   0.0000000000000000     
  -3.1055353538515337E-008   0.0000000000000000     
  -9.8205649088845643E-009   0.0000000000000000     
  -3.1055352461351600E-009   0.0000000000000000     
  -9.8205652727817715E-010   0.0000000000000000     
 comp:           2
   6.2533844895125467E-005   0.0000000000000000     
   1.9391881770755216E-005   0.0000000000000000     
   6.1205086472215023E-006   0.0000000000000000     
   1.9351045697665761E-006   0.0000000000000000     
   6.1192209171582236E-007   0.0000000000000000     
   1.9350638596161462E-007   0.0000000000000000     
   6.1192080423537354E-008   0.0000000000000000     
   1.9350634568166704E-008   0.0000000000000000     
   6.1192078301072709E-009   0.0000000000000000     
   1.9350635285196932E-009   0.0000000000000000     
 comp:           3
  0.99999996649487133        276.25029762880513        276.25030688460720     
  0.99999999679117269        276.25030599816768        276.25030688460720     
  0.99999999968046893        276.25030679633664        276.25030688460720     
  0.99999999996806077        276.25030687578396        276.25030688460720     
  0.99999999999680633        276.25030688372493        276.25030688460720     
  0.99999999999968070        276.25030688451898        276.25030688460720     
  0.99999999999996814        276.25030688459839        276.25030688460720     
  0.99999999999999711        276.25030688460640        276.25030688460720     
   1.0000000000000000        276.25030688460720        276.25030688460720     
   1.0000000000000002        276.25030688460726        276.25030688460720     
