 -0.00000000313265143  0.00000007927546459  0.00000026148105720  0.00000064175234685
  0.00000124973879438  0.00000228764880370  0.00000351295319558  0.00000458877831765
  0.00000555451206345  0.00000663751592858  0.00000788982237212  0.00000932702055854
  0.00001027084723239  0.00001117188651383  0.00001211346635247  0.00001303566313077
  0.00001416135109693  0.00001522850602126  0.00001642016342151  0.00001785478622502
  0.00001931462075285  0.00002065201546398  0.00002184528058048  0.00002299673935021
  0.00002407798372544  0.00002512773329410  0.00002619102628437  0.00002720201616988
  0.00002813478753345  0.00002895140675862  0.00002953028389675  0.00003016354329281
  0.00003083768427994  0.00003156292081803  0.00003226780914329  0.00003287554103892
  0.00003349580762697  0.00003405547533690  0.00003454605594389  0.00003507698388022
  0.00003564838106749  0.00003644726746601  0.00003740217537171  0.00003952102531285
  0.00006007593917090  0.00006316702946056  0.00006402032997330  0.00006471098992300
  0.00006538053289113  0.00006603914355421  0.00006670333008717  0.00006733265362872
  0.00006793093387738  0.00006853110685839  0.00006913804733064  0.00006976786924558
  0.00007055959269461  0.00007151161049693  0.00007251434338625  0.00007339567179494
  0.00007421759442291  0.00007504687383768  0.00007594161201336  0.00007683023009162
  0.00007771904419918  0.00007873174095777  0.00008005751714440  0.00008139150695170
  0.00008277813462095  0.00008431268902407  0.00008589393889431  0.00008795825751583
  0.00009047931369834  0.00009315991241917  0.00009497293682323  0.00009976746259881
  0.00010571619696737  0.00011279490853740  0.00012340966142041  0.00013797635667170
  0.00015583705122664  0.00017902676194262  0.00021201026857555  0.00026199799022835
  0.00032266205843684  0.00038884316897239  0.00046683486505472  0.00055545617798860
  0.00065209623811194  0.00074069821129669  0.00082644399662158  0.00092733797769749
  0.00106203808286720  0.00130723649146692  0.00157098756092591  1.00000000000000000
  0.02288506384102727  0.03538026459354495  0.04744322713339225  0.06049845422366231
  0.07486337715315215  0.08553615255644838  0.09223654776388512  0.09908386998440050
  0.10452881184206572  0.10940040349510172  0.11368180372863858  0.11839825483037848
  0.12380632545888809  0.12859725686728216  0.13366680857201244  0.13957273830230607
  0.14619217563934336  0.15639287954447698  0.16912919585377240  0.18259065232929123
  0.19506930001056347  0.20648107454369846  0.21686483430103115  0.22588634419336870
  0.23581573545591689  0.24540800788759917  0.25847515020128686  0.27024686134014458
  0.27954541162922031  0.28903345231327116  0.29703235003045775  0.30281854714375384
  0.30944460328060669  0.31616995689712207  0.32334904322613528  0.32950194261053600
  0.33479748361253808  0.34064597645924000  0.34875477087369766  0.35838526859661013
  0.37435851431915795  0.38549772036860624  0.39634157358309352  0.40705697768868870
  0.41634092201103373  0.42948479486290264  0.44567195199448983  0.46195619010380939
  0.47562347882119083  0.48648814173552662  0.49659111124798955  0.50469526533653375
  0.51229950797615209  0.52354963784192177  0.53701770005442362  0.55224699968188518
  0.56881997151585095  0.58560312636613199  0.59870676553408397  0.60869057575522822
  0.61640896269429979  0.62418742814703843  0.63248396200797197  0.64238229104818867
  0.65252501286608344  0.66153535605340830  0.67120063484194070  0.68100716337257239
  0.69105242145569834  0.69958219024501966  0.70953427117877321  0.72224487282215266
  0.73494183515799472  0.74628261445340949  0.75725797445191478  0.76724105505118223
  0.77727015587834059  0.78782238621624190  0.79865884681433663  0.80893183718269956
  0.81820434677000375  0.82714909696101746  0.83559674379936544  0.84545224379302086
  0.85664032951757096  0.86620522068077710  0.87480055322398609  0.88438109406508481
  0.89336035188918750  0.90677027257644172  0.92157476917869152  0.93626639636725251
  0.95041952035216559  0.96350992174747019  0.97150185192950034  1.00000000000000000
  0.00920084878767526  0.01857412659588035  0.02969408615512090  0.04021286394205337
  0.04929098408295415  0.06035426806607502  0.07834912890921815  0.09071485395083560
  0.10131239284557718  0.11089718538657825  0.12120230849182288  0.13293579682935303
  0.14486512295621504  0.15655221899194863  0.16755660206239817  0.17734486586536416
  0.18900504367317980  0.20178646389276969  0.21521699259629132  0.22914785960656692
  0.24464620082870989  0.26027443315214321  0.27700889058960254  0.29460768455766262
  0.30952024902463882  0.32207308152683101  0.33391839324389921  0.34721366604975712
  0.36226017465265520  0.36893208975177461  0.37463012060139167  0.38017232443416538
  0.38600020817722114  0.39540831052264214  0.40455957901359130  0.41452780184245480
  0.42789889618704802  0.44309549669084913  0.45577995151459427  0.46590485618011973
  0.47621981732706614  0.48701470819066373  0.49958177573700008  0.51317153008491767
  0.52371940969805675  0.52901986087906239  0.53453060280773890  0.54032660262657473
  0.54585276572946906  0.55133478364964050  0.55681645928780810  0.56157316543141034
  0.56561107484999451  0.57011302816879539  0.57553292496310970  0.58125985027781468
  0.58851274084878646  0.59636909975181385  0.60422749797769815  0.61267094758827156
  0.62037783879487596  0.62978771989564375  0.63844989198485347  0.64670364508992761
  0.65554867252878068  0.66468886567570096  0.67567500830747640  0.68885429769565054
  0.70329538802222336  0.71971100843966695  0.73587436460241773  0.75145896128653411
  0.76698088626022043  0.77862470967600395  0.78638447319423832  0.79546924163305455
  0.80391787926805425  0.81176701841952981  0.81909207668146511  0.82658527651030944
  0.83380022658301978  0.84246891370066168  0.85403610598916491  0.86923672535837848
  0.88345553890536554  0.89666899936585098  0.90845792947831838  0.91915049645476132
  0.92815323602322086  0.93936142762045127  0.95180437864222045  0.96213777973960457
  0.97139078437309800  0.98169032305196535  0.99128117292739304  1.00000000000000000
  0.00258490700467957  0.01428391634048523  0.02903487561555632  0.04446446622129708
  0.06033289009807846  0.07706230345868828  0.09167712363332928  0.10550778386218539
  0.11997036765307276  0.13586378910938679  0.15286389016039581  0.17041983315463177
  0.18394918548437497  0.19453388214087663  0.20434475468224012  0.21580953958189675
  0.22814485660016726  0.24142646519888866  0.25406264025806635  0.26516235295337337
  0.27680387850341703  0.28811946829036744  0.29918491154309484  0.31510922235965411
  0.33295831766518930  0.35091904296694898  0.36953962124113982  0.38391280349755591
  0.39779137158568773  0.41123379301453228  0.42430941099284814  0.43700601913595294
  0.45191028199956557  0.45973689240935928  0.46475476310870034  0.46996633277915745
  0.47566344921722831  0.48135421275836393  0.48540882848283623  0.48822548397461452
  0.49097395012420958  0.49396615489803314  0.49926034964627347  0.50465137631373636
  0.50934276427918501  0.51367230698842881  0.51779671752194301  0.52318247123528261
  0.53070097843694886  0.53986050675020469  0.55401094943812657  0.57319434008095449
  0.58734627210035339  0.59352965904878829  0.60037550417799623  0.60775198629278993
  0.61917607372688666  0.63152292541398991  0.63944413106689513  0.64654484552559421
  0.65588207571265833  0.66176792156949749  0.66714842545789599  0.67314104470444658
  0.68086254540500390  0.68976474595650084  0.69997893536500522  0.71065072944185459
  0.72164825399541610  0.73250479399900459  0.74310474165537022  0.75301448591345754
  0.76378200300052057  0.77292968184657673  0.78108831931481637  0.78903606826773676
  0.79760601162941291  0.80960847385143042  0.82029438861794413  0.82972320068049821
  0.84078284854834140  0.85218491720277334  0.86351813553369861  0.87355710597273017
  0.88179874149883897  0.88973131565763941  0.89791891325369488  0.90791297380587399
  0.92004445178196870  0.93368156437499128  0.94671455105237390  0.95677430108652339
  0.96668345625403906  0.97663965359519134  0.98699901530972223  1.00000000000000000
 -0.00029983755606231  0.00201764178459735  0.00345784722617669  0.00533596981994216
  0.00742086138447374  0.01030808869769049  0.01289882275241274  0.01696293315874947
  0.02280138695120491  0.02737071683164154  0.03005509173754092  0.03288088850280037
  0.03789521139810326  0.04434647370941690  0.05109968093392052  0.05825851896916381
  0.06542598211236247  0.07120843119669364  0.07565650356775966  0.08123689453857331
  0.08726229071735826  0.09463210500033317  0.10250964610516623  0.11291256157332122
  0.12363652115438106  0.13386750972792225  0.14494919916697713  0.15704004415265971
  0.16826394110856430  0.17865878213644198  0.18885176036768886  0.19844544641093939
  0.20893977940484545  0.21963419614349089  0.22970225192930468  0.23934914314632175
  0.24878981501024533  0.25909746789159294  0.27107725159741247  0.28504634741238932
  0.29628850175230392  0.30744236295178290  0.32103103444309267  0.33825739481226780
  0.35796397794863333  0.37559030377337227  0.38945890512441617  0.40220827249520508
  0.41391238908988287  0.42636505551213993  0.43932904282018503  0.45180836412632397
  0.46523758985965485  0.48085271479444314  0.49720906390532582  0.51212583833022518
  0.52531300468506736  0.53623325428917201  0.54950992638154184  0.56493343152712017
  0.57988762310570163  0.59510235409293200  0.60957960596910032  0.62500369499298281
  0.64132553048372154  0.65698427177871244  0.67159157200433905  0.68710319161238298
  0.70378330756843444  0.72430635173322500  0.74639507200095745  0.76297792808181164
  0.77190514514651209  0.78016262755439236  0.78764394632124313  0.79608948517488698
  0.80698687761717802  0.81928346004402997  0.82977838227258305  0.83882020319015682
  0.84556531666064028  0.85179123228951814  0.85826805388989269  0.86513662319612739
  0.87286118467050311  0.88178482325541629  0.88961858372519809  0.89823800113199148
  0.90559368098801041  0.91287583178011733  0.92033047241845145  0.92626502170189151
  0.93529606352788530  0.94902271604986832  0.97363989250106620  1.00000000000000000
 -0.00318411077119778  0.01054538340620658  0.02354715445888873  0.03631318317662324
  0.04993714501931314  0.06440039096005445  0.07466819948120437  0.08351525315345451
  0.09110834496345153  0.09912408401873847  0.11197880658411702  0.12399681590927097
  0.13347422675757806  0.14155159809834345  0.14909190267802375  0.15986075640847472
  0.17128592678614718  0.18181082605233820  0.18980995275408968  0.19778456261341887
  0.20714943382696721  0.21639093987229091  0.22339814486142323  0.23017163428554654
  0.23722776568849990  0.24728531819610136  0.25796916438967515  0.26875507793532971
  0.27744997244994385  0.28546303912724919  0.29610249777908887  0.30659237843433179
  0.31538779772104975  0.32762946327047265  0.33953219247139310  0.35177076828027382
  0.36470589659493619  0.37999147197756550  0.39785044425285876  0.41624283211833857
  0.43428476115003850  0.44958151615450082  0.46377728565926429  0.47771707536129338
  0.48979492461909829  0.50185960423754650  0.51364376795773059  0.52585836459693325
  0.53711129940225144  0.55000763864991919  0.56265330721084061  0.57481377629071151
  0.58707947650089209  0.59966816587186311  0.61274795860043019  0.62737199671282384
  0.64270386891968811  0.65611125484447674  0.66945782337295134  0.68285525833176053
  0.69782641207664931  0.71349138885251806  0.72614531748536615  0.73234441312985121
  0.73574087713504444  0.74023635468486781  0.74522799458830180  0.75051299840047014
  0.75709088067821373  0.76410152889729688  0.76917281572694818  0.77360200556449099
  0.77836375703721750  0.78356074459529379  0.78852799629098491  0.79307282686482050
  0.79793458855610644  0.80485533628820616  0.81279967455968249  0.82413395645265408
  0.83572454984383959  0.84455391539973557  0.85358956341832037  0.86383470773086590
  0.87601669751323363  0.89110784764727458  0.90606104044119318  0.91797560485387586
  0.92760482918158804  0.93864685270566894  0.95061184559306711  0.96166945095536072
  0.97094640827932466  0.98008618741686893  0.98967317553805145  1.00000000000000000
 -0.00267049027520280  0.00763239176772271  0.01780239655633589  0.02889549997736681
  0.04131921810816634  0.05320416214410479  0.06396936256487851  0.07226463146133895
  0.07978110587594379  0.08930190700525965  0.10398386740138098  0.11658585378995891
  0.12609207307101825  0.13689550133638900  0.14857279442581955  0.16118659241825778
  0.17477698227304778  0.18576973024872870  0.19090984565264774  0.19577169567293115
  0.20128157211365838  0.20684368648353096  0.21174507332345777  0.21633078012243240
  0.22109828171807674  0.22591595395979167  0.23062129902802522  0.23597388068495698
  0.24091463309574385  0.24640245110070239  0.25552004242188592  0.26845505561916311
  0.28068580222510686  0.29296285242971182  0.30443944079266388  0.31821278789483132
  0.33317741408027651  0.34673474749255995  0.36011028050648053  0.37304457537581315
  0.38545124130077818  0.39723325903894147  0.40976698892546271  0.42274793055050164
  0.43022372288912242  0.43799842500350517  0.44716210512810994  0.45627984683492528
  0.46596693536132233  0.47962695160873264  0.49640224854547954  0.51158203441839667
  0.52534093887715849  0.53386856883140887  0.54362920352466615  0.55425914558947598
  0.56205047095203808  0.56891943988959637  0.57945660672162613  0.58951740915306605
  0.60025717725608052  0.60986415477985523  0.61752817169263707  0.62253546390329118
  0.62964775301384246  0.63825394476614827  0.64850513701828394  0.66130812763338442
  0.67426562771467913  0.68579260839017575  0.69779996434712677  0.70995901590875954
  0.72021638609410066  0.73138567419993561  0.74306435639119139  0.75389010993038419
  0.76486418897851793  0.77701437506184612  0.79147025113527603  0.80715873378516023
  0.82360912485740045  0.84026192621993578  0.85611854268598764  0.87036396793305137
  0.88498583735785641  0.89964900248095458  0.90940466562398570  0.91781111313038377
  0.92562738129687261  0.93389011709747272  0.94366797912529676  0.95220660852500461
  0.96414395714163503  0.97575373941357690  0.98765068917829013  1.00000000000000000
 -0.00064981981442061  0.00347071163350787  0.00772285341288734  0.01263689824127753
  0.01795324195193793  0.02389721296699865  0.03015296828344844  0.03510267372316615
  0.04046451286716907  0.05188763201433538  0.06567088735988198  0.07790281436793212
  0.08715343141736083  0.09667843910226653  0.10793733704264555  0.12139319399520525
  0.13468187233458473  0.14916802810382382  0.16581531050980061  0.18233257323093618
  0.19803009982388481  0.21320828400995684  0.22661798794244703  0.23903117869483967
  0.25089725391915035  0.26104324170337784  0.27087590984719190  0.28219327524561422
  0.29440252609977763  0.30879726047332812  0.32526634094178647  0.34260450058653047
  0.35900304752530637  0.37366672249968452  0.38864666024504618  0.39885058054221328
  0.40481203293599682  0.41016423917937650  0.41571651593632714  0.42123795186769841
  0.42622554046078615  0.43146038514912216  0.43842763839832549  0.44707146654754021
  0.45633481520803032  0.46466125557071986  0.47234063677172389  0.47937305389857748
  0.48610749953536708  0.49213660538242560  0.49963551601408368  0.51135297747778519
  0.52460943014264527  0.53123873208039729  0.53669122273421843  0.54264420029700400
  0.54906001217285694  0.55648265841350486  0.56861018608583513  0.58240983238286215
  0.59569565509911426  0.60991826687512607  0.62526758844010188  0.64074897695152599
  0.65534653219632055  0.66448345305853473  0.67433752825128845  0.68376699458229662
  0.69267629364976524  0.70207817906325132  0.71167840986226416  0.72062919650118185
  0.72966303368231322  0.73892937409402093  0.74716074071795180  0.75481182325767082
  0.76567870525315695  0.77631576946208936  0.78668593841991497  0.80316351512606465
  0.81844646490681894  0.83107686710518136  0.84069005022022669  0.84908778753320646
  0.85840812267393607  0.86956301728680430  0.88103661314234594  0.89315265414799772
  0.90828127978583306  0.92540162012535976  0.93905678440045193  0.95330288324986445
  0.96431240653749795  0.97614898035815301  0.98813344209363729  1.00000000000000000
 -0.00269883059188460  0.01134672511822033  0.02039792855819140  0.02839013405519516
  0.03605729965033404  0.04561985339474677  0.05335355978527775  0.06104797742282930
  0.06935821676399195  0.07920300891007349  0.08884400915101615  0.09728044838365639
  0.10502157487176084  0.11140951512336342  0.11802604400619535  0.12474959732216918
  0.13146836819345270  0.13839105543294980  0.14687989534243243  0.15471889128994204
  0.15945957446684556  0.16454176108205593  0.17814855602636884  0.19220432765525278
  0.20328893482174476  0.21311803366668142  0.22252314010169177  0.23200890550037798
  0.24278740701366996  0.25569940976096445  0.26990209508778157  0.28241264326153909
  0.29209927123978385  0.29979624453619758  0.30678152006010395  0.31331488415104525
  0.32142165469777245  0.33142664724163812  0.34419133125742468  0.35596027590218071
  0.36885579720372402  0.38268253290499388  0.39801068376740223  0.40961521294721359
  0.42204977976572056  0.43391994537567435  0.44646862546968391  0.45997786312221667
  0.47364564587487690  0.48817554231023291  0.50357099374411540  0.51846185001771983
  0.53142159707593029  0.54117763388594819  0.55204637638232090  0.56415263865967835
  0.57658165854630272  0.58961240489671474  0.60209491732273668  0.61239505159193441
  0.62352335169072870  0.63569647640240690  0.64420837335031222  0.65158695552996226
  0.65864297692961959  0.66637581222596065  0.67715975227505365  0.68932246640240258
  0.69988814687789447  0.70979884946660965  0.71979610840436969  0.72882441795250319
  0.73785432386427474  0.75015197557425384  0.76296103492267187  0.77856036911410986
  0.79522785349601000  0.80744909801259923  0.81705241767658188  0.82641994218949755
  0.83603569422328916  0.84604275258345119  0.85832402030645949  0.86978181789634024
  0.88225139972466460  0.89400908008170987  0.90246612804879056  0.90925685621694385
  0.91818692234201171  0.92738208252106680  0.93679426617675199  0.94990252758413241
  0.96481911508805707  0.97742758913769767  0.98893247801929396  1.00000000000000000
 -0.00178464571471098  0.00761910332924566  0.01616289709565050  0.02502998101450035
  0.03318066358753157  0.04053860766482090  0.04812295293773214  0.05663571147912147
  0.06597516516675177  0.07495035413636573  0.08820252592761164  0.10226179135657559
  0.11572630741444240  0.12759693402803321  0.13925668838188091  0.15074732794439186
  0.16159659661416356  0.17305222201936787  0.18498301663385172  0.19846888636629337
  0.21066262601793970  0.22028848736100579  0.23086774530805759  0.24342307457417514
  0.25669493488462963  0.26708395999991941  0.27733463260509728  0.28845561641051282
  0.30441210748953901  0.31592963066966701  0.32436404485084980  0.33342528755994710
  0.34183722262470095  0.34988693639138030  0.35754931654369881  0.36598410628791661
  0.37601960770921561  0.38652486068359104  0.39666935628512068  0.40200663148309562
  0.40879002480115945  0.41506820575708120  0.42094797866742417  0.42726267386848960
  0.43211125676049039  0.43666743452930262  0.44222423235379088  0.44884079556823459
  0.45269212265248460  0.45554719027401602  0.45930529676429838  0.46637592584257570
  0.47585077644019297  0.48453331637681230  0.49250322819913434  0.50340435177465404
  0.51539025743066835  0.52588633182127609  0.53544035555088920  0.54498296848356964
  0.55403028387791275  0.56351973716233494  0.57506914892951466  0.58588577793758367
  0.59772697136807029  0.60995746658911343  0.62167370416378287  0.63468174205342931
  0.65141951209940030  0.66972673729074861  0.68506005764038147  0.70004532847633782
  0.71421058256458381  0.72452222621299589  0.73613900910517704  0.74687315113473929
  0.75666561284332945  0.76815774226164912  0.78186360711902880  0.79657548473276973
  0.80992678566711951  0.82411419667208508  0.83861972492556824  0.85157338602679600
  0.86163344963485200  0.87024423062553624  0.87922291297746791  0.89126355643130595
  0.90404009529240481  0.91240655034691132  0.92324381494474772  0.93549005148811937
  0.95008103880260930  0.96742727763892566  0.98481731573872899  1.00000000000000000
 -0.00132178386100309  0.00574540043294506  0.01264363440373168  0.02043554831352428
  0.03107392054068164  0.04469240998801285  0.05773925903752898  0.07507387006446795
  0.09378682222848365  0.10751945319449417  0.11819281081978146  0.12841891672340702
  0.13885584320174565  0.15016033958262270  0.16282464444495154  0.17553534405091967
  0.18687574265528123  0.19872097075744202  0.20997409645235918  0.22160911793888921
  0.23352787501375266  0.24397442436325231  0.25382889322503033  0.26447589675821065
  0.27644104993902130  0.28873577878479650  0.29885798863836233  0.30801327496675535
  0.31740921658583643  0.32755919777727305  0.33929020520131897  0.35122829637421810
  0.36178733194926299  0.37361785434194744  0.38205266580714964  0.38775765907954218
  0.39304636641973462  0.39712870022506391  0.40130748761186352  0.40892772719142967
  0.41570054204928442  0.42381461369735463  0.43227510533665447  0.44168258855622045
  0.45049873971210364  0.45842336327338762  0.47118090324927353  0.48611041849704045
  0.50171873240798015  0.51795276561039671  0.53422644985234280  0.54978125236520892
  0.56317786299018735  0.57712488527729877  0.58982107127900252  0.60164144199721359
  0.61444970125366150  0.62565175695219744  0.64163424594672591  0.65557195062895579
  0.67096060301040061  0.68558675263806423  0.69977506718966620  0.71279694975775232
  0.72656136848825281  0.73998048933241645  0.75287943034769178  0.76478000958223591
  0.77632948151729297  0.78859497132286871  0.79392319399671085  0.79875038209859350
  0.80570604388345757  0.81298384060546447  0.82059229617365248  0.82761675147029645
  0.83258934352327540  0.83747761119346986  0.84232253772280141  0.84779370009484489
  0.85501749698156260  0.86864279019339619  0.88145511313490421  0.89127172512544706
  0.89992476534524146  0.90747056074267729  0.91445109326220109  0.92182831379564134
  0.93009342165972242  0.93872525986119593  0.94736063360754574  0.95566794608737449
  0.96601323635294334  0.98049971153609106  0.98991738990213562  1.00000000000000000
 -0.00410427552532654  0.01743471115109496  0.03338175421337764  0.04742044652904313
  0.06014987895194304  0.07166836033891880  0.08224370866604659  0.09434661989052064
  0.10658592834221649  0.11612509590667407  0.12763758502900283  0.13710688633086987
  0.14539848205132727  0.15354133766391620  0.16209438182893265  0.17091644870042769
  0.18003461214381178  0.18907910668939912  0.19749872470996768  0.20671765760936980
  0.21743700131214272  0.23129240353316646  0.24996857967798247  0.26784310924681159
  0.28401965081763803  0.29557732010275634  0.30382113698751312  0.31176930467212038
  0.31973672790476437  0.32838960936914569  0.33666041233783178  0.34487266380949688
  0.35703860622621236  0.37221873073820944  0.38705966539458797  0.40017165527064696
  0.41419459968763161  0.42637827082769508  0.43854445161858358  0.45181660598087864
  0.46568459558620695  0.47654199353642784  0.48465323551928857  0.49380620131352621
  0.50053023881285863  0.50404963718588647  0.50885031313406248  0.51411695441866390
  0.51946266444699973  0.52545524890592232  0.53116417341131239  0.53729794080394422
  0.54383886623616351  0.54953181575535170  0.55531308108209132  0.56084800219690389
  0.56723705955295267  0.57814956423471664  0.58731349289200963  0.59734326785482750
  0.60842136312789163  0.62024422571118631  0.63472862977306699  0.65027874449474077
  0.66870924857962855  0.68342421987329338  0.69477093149207758  0.70624642263226090
  0.72124374428910232  0.73181731861942889  0.73927319427503990  0.74629495121375689
  0.75461456587757714  0.76565245922253611  0.77803876157749652  0.78781162139621264
  0.79850843241447711  0.81000429666326013  0.81959619710909859  0.82713995410979635
  0.83513021783800068  0.84384941703934946  0.85205633895338151  0.86147912807774962
  0.87199439219686392  0.88401344218326716  0.89793367403049973  0.91238016470498240
  0.92553812155163451  0.93699801306879849  0.94795719676228007  0.95984814879509139
  0.97135393742157183  0.98156594553578724  0.99060413151175808  1.00000000000000000
 -0.00778577569084316  0.04043857588474056  0.06461019109026739  0.08149853204164943
  0.09555147663800219  0.10923163009145065  0.12272494390338332  0.14119134586327606
  0.16109751589149973  0.17135591870123820  0.17668809068193753  0.18156315252785127
  0.18654607965179618  0.19313663719298740  0.20031018503366135  0.20636856788452707
  0.21200312368250865  0.21684366916870393  0.22207885554752885  0.22949232717228188
  0.23759909991771561  0.24450166772036391  0.25160430113320581  0.26068310397305910
  0.27118657116879391  0.28087542207453314  0.28731036550507028  0.29459094529116320
  0.30328305436152431  0.31302430360230465  0.32603006961023784  0.33754735401981939
  0.34885242807527567  0.36028704816315621  0.37180849436453728  0.38906856611675034
  0.40110334092077277  0.40990706192410847  0.41740397735282914  0.42453282545753951
  0.43191545105296875  0.44041502188039972  0.45059238313522010  0.46074828857287764
  0.47100914867818239  0.48062399099414532  0.49022718342483446  0.50017624828438911
  0.50941939672303505  0.51679622491333954  0.52323540896128473  0.52972933277570822
  0.53691740098774843  0.54426367852929214  0.55198497453316153  0.56394598399841012
  0.57228115789806411  0.58051900184337224  0.58954191384791943  0.59850779651159314
  0.60634806627019522  0.61338413371110379  0.62058130476450268  0.62835288862909411
  0.63893571744941435  0.64809007915009542  0.65644603957121705  0.66276107000841977
  0.66913208425289039  0.67537033028544669  0.68217628364910776  0.68994342305975964
  0.69896265510834632  0.71004713931935259  0.72522281873608274  0.73236776732730080
  0.73743175295133079  0.74237406182711452  0.74706041145317159  0.75216244550767086
  0.75792957464396227  0.76542023707184670  0.77423956046426246  0.78311233342789421
  0.79310474507062489  0.80429832913730070  0.81660198033378073  0.83020630894798919
  0.84372638722304127  0.85923082956765617  0.87883636517983865  0.90175609436463944
  0.91991920339000155  0.93717327628289715  0.95918549902334982  1.00000000000000000
 -0.00468411271248469  0.02023544063618998  0.03811038177395798  0.05200991240311092
  0.06350318499241960  0.07097010186283280  0.07611585996472653  0.08090834811492560
  0.08575462740719865  0.09144298024512232  0.09921557261042220  0.10506791360659852
  0.11054274375419390  0.11660474052154479  0.12382622885925548  0.13402418239266836
  0.14526621195691636  0.15592723165702158  0.16620600727881199  0.17532741813089311
  0.18387324182630130  0.19403415201090243  0.20578441811626300  0.21836610233832340
  0.23226776462981816  0.24626490107558124  0.25905963457853570  0.26991992372714330
  0.28014333115738826  0.29045670903267878  0.30054339439927641  0.31534806491117384
  0.33015503080176062  0.34446738188268633  0.35761265406619286  0.36867444948782513
  0.37930802647244533  0.39125683315730975  0.40401442997251003  0.41583172411205910
  0.42599264038264156  0.43280510622298474  0.43820792097767292  0.44261670568377359
  0.44783300088049244  0.45387873372173110  0.45952493097112529  0.46622223016886588
  0.47198393770638486  0.47666212974933736  0.48176126060577545  0.48959198267654014
  0.49804398150678875  0.50985722018499935  0.52471692937326786  0.54020349414791657
  0.55546358373623061  0.56845268910511693  0.58190567661262427  0.59483633736168029
  0.60810814917989908  0.62303698597499924  0.63613722629925429  0.65032848173979108
  0.66703955493571709  0.68333999096097664  0.69696514914128782  0.70900123838721041
  0.72086151247134478  0.73120440102584494  0.74074727538255147  0.75002484551785520
  0.75956769422727854  0.77099802663214445  0.78433671813933192  0.79879593261912785
  0.81172992254900189  0.82267896897372339  0.83267062606460218  0.84333615960555131
  0.85596699305656609  0.86814960651214201  0.87700726527125750  0.88366499273819388
  0.88968181982440597  0.89679342018409169  0.90454811221202758  0.91371584891694524
  0.92445502778810118  0.93448910596133972  0.94419329685881115  0.95462432123549379
  0.96594716937862479  0.97818732000079023  0.98904761289835275  1.00000000000000000
 -0.00425465741073297  0.18263506695016241  0.25098818458416056  0.29296648393348540
  0.33331600329339522  0.37671782318426428  0.41227079173076825  0.44243314775436376
  0.46981153416361071  0.49442142359494118  0.52139570709782346  0.54538513316652226
  0.56455957907512000  0.58069379605673166  0.59379734384707661  0.60618057473114362
  0.61705892588250433  0.63281153553264924  0.64824753637419508  0.65759877446501347
  0.66666184347762769  0.67596525564816923  0.68724280461782128  0.69844727990356681
  0.70632891103135831  0.71373147897075706  0.72039078258204126  0.72606173791458728
  0.73082162704713882  0.73536248100857937  0.73994259872990664  0.74621632404484251
  0.75225556075654254  0.76172973033065994  0.77148111756645554  0.78051894365344610
  0.79073198377099829  0.80021375584279708  0.80810629220908747  0.81345581533362332
  0.81684084881816466  0.82022458922257679  0.82471043622313300  0.82970640414689845
  0.83284158329588209  0.83542651919901012  0.83793130880033673  0.84092967817502917
  0.84439395138962647  0.84825637075884219  0.85156374654985545  0.85449072459400721
  0.85695657424408345  0.85918209164398074  0.86132728976504580  0.86341074197907908
  0.86597356927583624  0.86921894371405739  0.87239083173913579  0.87468953616019418
  0.87732319315358798  0.88041907158796595  0.88384769267241337  0.88752517319663182
  0.89164079627300996  0.89616890199634058  0.90013400644835817  0.90340032125875624
  0.90575358512401538  0.90804454730424666  0.91045831853429948  0.91309891600107707
  0.91564457540236366  0.91771055260445822  0.91952542731614983  0.92215871196602428
  0.92498683268474335  0.92815357255474262  0.93194772026095796  0.93603278918088162
  0.94059194897476694  0.94435542860771760  0.94800479937182880  0.95075500320096751
  0.95337906938354167  0.95591700286051573  0.95841632562636780  0.96084649280511525
  0.96323459718581628  0.96540827957119757  0.96770697600681355  0.97020847451676284
  0.97368228759356346  0.97852063583742854  0.98425605930447657  1.00000000000000000
 -0.01574579600717920  0.11919350808038259  0.18140610806281796  0.21694543975697309
  0.24345494341202170  0.26567374100596031  0.28047401381593307  0.29371291489048956
  0.30515526246871333  0.31693191248969815  0.33204517097554348  0.34436592218847489
  0.35620966535601728  0.36826196831286806  0.37787322775273169  0.38511449952290266
  0.39351463457211455  0.40265159268925216  0.41074899885601163  0.41863583360507489
  0.42593484688622146  0.43331649464309130  0.44239151618930422  0.45624940463584329
  0.47075699512635971  0.48071797893812568  0.48499852731302134  0.48847768930342245
  0.49153285409958103  0.49453303208931537  0.49734494738998447  0.50104836088393834
  0.50619526726552044  0.51028286536774758  0.51347482265088573  0.51612144471440002
  0.51877386374046786  0.52175574018902893  0.52537083470968504  0.52959492669299346
  0.53380127072723804  0.53706868911548211  0.54015028579044655  0.54239884875015165
  0.54723635369008883  0.55303637095720881  0.55897666432599835  0.56425207250008014
  0.57085586492510276  0.57902449198113948  0.58540706782567886  0.59053749460975213
  0.59496147265582355  0.59955812085100191  0.60429067196117348  0.60941410619060077
  0.61445267873758880  0.61928468578767870  0.62381456840028182  0.62801865913169863
  0.63254203583240498  0.63768898977448074  0.64285503630110119  0.65037220863986422
  0.65791740601967252  0.66273260581204063  0.66668982090523410  0.67013275905230374
  0.67376296453928486  0.67750797062663626  0.68096519114393772  0.68443513483597007
  0.68871060397456851  0.69298504210227441  0.69725836025025489  0.70315185363961752
  0.70994328459866118  0.71766733826671936  0.72537373246203918  0.73457383583218383
  0.74374802986838306  0.75186058503547526  0.75967374364173623  0.76705085386044825
  0.77620940448034892  0.78705859361048713  0.79987322688545370  0.81308129435121446
  0.82503672364423619  0.83639897698413168  0.84718944125060225  0.86174560707191283
  0.88068710905003700  0.90118911303855531  0.92684287852437952  1.00000000000000000
   6.9313720862093945E-012  -1.0000000000000000     
 F F F F F F F F F F F F F F F F F F F F F F F F F F F F F F F F F F F F F F F F F F F F F F F F F F F F F F F F F F F F F F F F F F F F F F F F F F F F F F F F F F F F F F F F F F F F F F F F F F F F F F F F F F F F F F F F F F F F F F F F F F F F F F F F F F F F F F F F F F F F F F F F F F F F F F F F F F F F F F F F F F F F F F F F F F F F F F F F F F F F F F F F F F F F F F F F T F F T T F F T T F F T T F F T F F F F F F F F F F F F F F F F F F F F F F F F F F F F F F F F F F F F F F F F F F F F F F F F F F F F F F F F F F F F F F F F F F F F F F F F F F F F F F F F F F F F F F F F F F F F F F F F F F F F F F F F F F F F F F F F F F F F F F F F F F F F F F F F F F F F F F F F F F F F F F F F F F F F F F F F F F F F F F F F F F F F F F F F F F F F F F F F F F F F F F F F F F F F F F F F F F F F F F F F F F F F F F F F F F F F F F F F F F F F F F F F F F F F F F F F F F F F F F F F T F F T T F F T T F F T T F F T F F F F F F F F F F F F F F F F F F F F F F F F F F F F F F F F F F F F F F F F F F F F F F F F
  <DiscreteSampler_grid>
  grouped_processes
  1 # 1 for a reference and 2 for a running grid.
  10 # Attribute 'min_bin_probing_points' of the grid.
  1 # Attribute 'grid_mode' of the grid. 1=='default',2=='initialization'
  0.0000000000000000 # Attribute 'small_contrib_threshold' of the grid.
  0.5000000000000000 # Attribute 'damping_power' of the grid.
 # binID   n_entries weight   weight_sqr   abs_weight
    31   10   1.524948512230286E-004   1.134688726409265E-007   1.524948512230286E-004
    32   10   1.524948512230283E-004   1.134688726409263E-007   1.524948512230283E-004
    34   10   1.966363751841114E-004   1.888157953480750E-007   1.966363751841114E-004
    35   10   1.966363751841109E-004   1.888157953480742E-007   1.966363751841109E-004
    37   10   8.190662719721397E-006   3.273440596441521E-010   8.190662719721397E-006
    38   10   8.190662719721387E-006   3.273440596441517E-010   8.190662719721387E-006
    40   10   1.056155151891733E-005   5.447108756404892E-010   1.056155151891733E-005
    41   10   1.056155151891731E-005   5.447108756404876E-010   1.056155151891731E-005
    43   10   8.190662719721397E-006   3.273440596441521E-010   8.190662719721397E-006
    44   10   8.190662719721387E-006   3.273440596441517E-010   8.190662719721387E-006
    46   10   1.056155151891733E-005   5.447108756404892E-010   1.056155151891733E-005
    47   10   1.056155151891731E-005   5.447108756404876E-010   1.056155151891731E-005
    49   10   1.524948512230286E-004   1.134688726409265E-007   1.524948512230286E-004
    50   10   1.524948512230283E-004   1.134688726409263E-007   1.524948512230283E-004
    52   10   1.966363751841114E-004   1.888157953480750E-007   1.966363751841114E-004
    53   10   1.966363751841109E-004   1.888157953480742E-007   1.966363751841109E-004
  </DiscreteSampler_grid>
