     
 Collinear #          73
 
 part:           1
 comp:           0
  0.99999999915164639        276.25005911676391        276.25005935112165     
  0.99999999991902533        276.25005932875240        276.25005935112165     
  0.99999999999193900        276.25005934889481        276.25005935112165     
  0.99999999999919420        276.25005935089905        276.25005935112165     
  0.99999999999991929        276.25005935109937        276.25005935112165     
  0.99999999999999178        276.25005935111938        276.25005935112165     
  0.99999999999999922        276.25005935112142        276.25005935112165     
   1.0000000000000000        276.25005935112165        276.25005935112165     
   1.0000000000000000        276.25005935112165        276.25005935112165     
   1.0000000000000000        276.25005935112165        276.25005935112165     
 comp:           1
   0.0000000000000000        0.0000000000000000     
   0.0000000000000000        0.0000000000000000     
   0.0000000000000000        0.0000000000000000     
   0.0000000000000000        0.0000000000000000     
   0.0000000000000000        0.0000000000000000     
   0.0000000000000000        0.0000000000000000     
   0.0000000000000000        0.0000000000000000     
   0.0000000000000000        0.0000000000000000     
   0.0000000000000000        0.0000000000000000     
   0.0000000000000000        0.0000000000000000     
 comp:           2
   0.0000000000000000        0.0000000000000000     
   0.0000000000000000        0.0000000000000000     
   0.0000000000000000        0.0000000000000000     
   0.0000000000000000        0.0000000000000000     
   0.0000000000000000        0.0000000000000000     
   0.0000000000000000        0.0000000000000000     
   0.0000000000000000        0.0000000000000000     
   0.0000000000000000        0.0000000000000000     
   0.0000000000000000        0.0000000000000000     
   0.0000000000000000        0.0000000000000000     
 comp:           3
  0.99999999915164639        276.25005911676391        276.25005935112165     
  0.99999999991902533        276.25005932875240        276.25005935112165     
  0.99999999999193900        276.25005934889481        276.25005935112165     
  0.99999999999919420        276.25005935089905        276.25005935112165     
  0.99999999999991929        276.25005935109937        276.25005935112165     
  0.99999999999999178        276.25005935111938        276.25005935112165     
  0.99999999999999922        276.25005935112142        276.25005935112165     
   1.0000000000000000        276.25005935112165        276.25005935112165     
   1.0000000000000000        276.25005935112165        276.25005935112165     
   1.0000000000000000        276.25005935112165        276.25005935112165     
 
 part:           2
 comp:           0
   1.0000000112630165        276.25000311140832        276.25000000000000     
   1.0000000010792194        276.25000029813435        276.25000000000000     
   1.0000000001074723        276.25000002968920        276.25000000000000     
   1.0000000000107427        276.25000000296768        276.25000000000000     
   1.0000000000010740        276.25000000029672        276.25000000000000     
   1.0000000000001075        276.25000000002967        276.25000000000000     
   1.0000000000000107        276.25000000000296        276.25000000000000     
   1.0000000000000011        276.25000000000028        276.25000000000000     
   1.0000000000000000        276.25000000000000        276.25000000000000     
   1.0000000000000000        276.25000000000000        276.25000000000000     
 comp:           1
   0.0000000000000000        0.0000000000000000     
   0.0000000000000000        0.0000000000000000     
   0.0000000000000000        0.0000000000000000     
   0.0000000000000000        0.0000000000000000     
   0.0000000000000000        0.0000000000000000     
   0.0000000000000000        0.0000000000000000     
   0.0000000000000000        0.0000000000000000     
   0.0000000000000000        0.0000000000000000     
   0.0000000000000000        0.0000000000000000     
   0.0000000000000000        0.0000000000000000     
 comp:           2
   0.0000000000000000        0.0000000000000000     
   0.0000000000000000        0.0000000000000000     
   0.0000000000000000        0.0000000000000000     
   0.0000000000000000        0.0000000000000000     
   0.0000000000000000        0.0000000000000000     
   0.0000000000000000        0.0000000000000000     
   0.0000000000000000        0.0000000000000000     
   0.0000000000000000        0.0000000000000000     
   0.0000000000000000        0.0000000000000000     
   0.0000000000000000        0.0000000000000000     
 comp:           3
   1.0000000112630165       -276.25000311140832       -276.25000000000000     
   1.0000000010792194       -276.25000029813435       -276.25000000000000     
   1.0000000001074723       -276.25000002968920       -276.25000000000000     
   1.0000000000107427       -276.25000000296768       -276.25000000000000     
   1.0000000000010740       -276.25000000029672       -276.25000000000000     
   1.0000000000001075       -276.25000000002967       -276.25000000000000     
   1.0000000000000107       -276.25000000000296       -276.25000000000000     
   1.0000000000000011       -276.25000000000028       -276.25000000000000     
   1.0000000000000000       -276.25000000000000       -276.25000000000000     
   1.0000000000000000       -276.25000000000000       -276.25000000000000     
 
 part:           3
 comp:           0
   1.0000000039951817        246.41293443923604        246.41293345477158     
   1.0000000012389143        246.41293376005609        246.41293345477158     
   1.0000000003910288        246.41293355112614        246.41293345477158     
   1.0000000001236304        246.41293348523573        246.41293345477158     
   1.0000000000390947        246.41293346440500        246.41293345477158     
   1.0000000000123628        246.41293345781793        246.41293345477158     
   1.0000000000039095        246.41293345573493        246.41293345477158     
   1.0000000000012361        246.41293345507620        246.41293345477158     
   1.0000000000003908        246.41293345486790        246.41293345477158     
   1.0000000000001237        246.41293345480204        246.41293345477158     
 comp:           1
   1.0000000369873532        102.04351464464246        102.04351087032309     
   1.0000000114698591        102.04351204074777        102.04351087032309     
   1.0000000036201424        102.04351123973512        102.04351087032309     
   1.0000000011445707        102.04351098711909        102.04351087032309     
   1.0000000003619380        102.04351090725652        102.04351087032309     
   1.0000000001144547        102.04351088200244        102.04351087032309     
   1.0000000000361937        102.04351087401642        102.04351087032309     
   1.0000000000114455        102.04351087149102        102.04351087032309     
   1.0000000000036193        102.04351087069243        102.04351087032309     
   1.0000000000011446        102.04351087043989        102.04351087032309     
 comp:           2
  0.99999907334801963        12.403386512400768        12.403398006034093     
  0.99999971264319687        12.403394441833294        12.403398006034093     
  0.99999990930380966        12.403396881093148        12.403398006034093     
  0.99999997132483220        12.403397650364575        12.403398006034093     
  0.99999999093228920        12.403397893563668        12.403398006034093     
  0.99999999713254351        12.403397970467889        12.403398006034093     
  0.99999999909323078        12.403397994787074        12.403398006034093     
  0.99999999971325437        12.403398002477473        12.403398006034093     
  0.99999999990932309        12.403398004909391        12.403398006034093     
  0.99999999997132538        12.403398005678431        12.403398006034093     
 comp:           3
   1.0000000000000000        204.54182955314511        204.54182955314511     
   1.0000000000000000        204.54182955314511        204.54182955314511     
   1.0000000000000000        204.54182955314511        204.54182955314511     
   1.0000000000000000        204.54182955314511        204.54182955314511     
   1.0000000000000000        204.54182955314511        204.54182955314511     
   1.0000000000000000        204.54182955314511        204.54182955314511     
   1.0000000000000000        204.54182955314511        204.54182955314511     
   1.0000000000000000        204.54182955314511        204.54182955314511     
   1.0000000000000000        204.54182955314511        204.54182955314511     
   1.0000000000000000        204.54182955314511        204.54182955314511     
 
 part:           4
 comp:           0
   1.0000000049956059        163.95243427089122        163.95243345184946     
   1.0000000015491481        163.95243370583606        163.95243345184946     
   1.0000000004889456        163.95243353201326        163.95243345184946     
   1.0000000001545886        163.95243347719463        163.95243345184946     
   1.0000000000488842        163.95243345986415        163.95243345184946     
   1.0000000000154585        163.95243345438394        163.95243345184946     
   1.0000000000048883        163.95243345265092        163.95243345184946     
   1.0000000000015459        163.95243345210289        163.95243345184946     
   1.0000000000004889        163.95243345192961        163.95243345184946     
   1.0000000000001545        163.95243345187481        163.95243345184946     
 comp:           1
  0.99999995828784893       -60.204701721612885       -60.204704232880601     
  0.99999998706497084       -60.204703454131000       -60.204704232880601     
  0.99999999591741751       -60.204703987089928       -60.204704232880601     
  0.99999999870922096       -60.204704155169630       -60.204704232880601     
  0.99999999959182773       -60.204704208306708       -60.204704232880601     
  0.99999999987092481       -60.204704225109666       -60.204704232880601     
  0.99999999995918287       -60.204704230423218       -60.204704232880601     
  0.99999999998709255       -60.204704232103509       -60.204704232880601     
  0.99999999999591827       -60.204704232634860       -60.204704232880601     
  0.99999999999870925       -60.204704232802889       -60.204704232880601     
 comp:           2
   1.0000002048598646       -37.329735586480517       -37.329727939117504     
   1.0000000635274915       -37.329730310581482       -37.329727939117504     
   1.0000000200506873       -37.329728687604209       -37.329727939117504     
   1.0000000063393713       -37.329728175764508       -37.329727939117504     
   1.0000000020046469       -37.329728013950429       -37.329727939117504     
   1.0000000006339238       -37.329727962781703       -37.329727939117504     
   1.0000000002004643       -37.329727946600784       -37.329727939117504     
   1.0000000000633924       -37.329727941483924       -37.329727939117504     
   1.0000000000200464       -37.329727939865833       -37.329727939117504     
   1.0000000000063392       -37.329727939354143       -37.329727939117504     
 comp:           3
   1.0000000000000000       -147.85900525502655       -147.85900525502655     
   1.0000000000000000       -147.85900525502655       -147.85900525502655     
   1.0000000000000000       -147.85900525502655       -147.85900525502655     
   1.0000000000000000       -147.85900525502655       -147.85900525502655     
   1.0000000000000000       -147.85900525502655       -147.85900525502655     
   1.0000000000000000       -147.85900525502655       -147.85900525502655     
   1.0000000000000000       -147.85900525502655       -147.85900525502655     
   1.0000000000000000       -147.85900525502655       -147.85900525502655     
   1.0000000000000000       -147.85900525502655       -147.85900525502655     
   1.0000000000000000       -147.85900525502655       -147.85900525502655     
 
 part:           5
 comp:           0
   1.0000000084668663        32.604108596899565        32.604108320844936     
   1.0000000026255935        32.604108406450074        32.604108320844936     
   1.0000000008286956        32.604108347863814        32.604108320844936     
   1.0000000002620064        32.604108329387422        32.604108320844936     
   1.0000000000828522        32.604108323546257        32.604108320844936     
   1.0000000000261999        32.604108321699165        32.604108320844936     
   1.0000000000082854        32.604108321115071        32.604108320844936     
   1.0000000000026199        32.604108320930358        32.604108320844936     
   1.0000000000008287        32.604108320871951        32.604108320844936     
   1.0000000000002620        32.604108320853477        32.604108320844936     
 comp:           1
   1.0000000946057943        5.2787340201741619        5.2787335207753845     
   1.0000000293374633        5.2787336756400363        5.2787335207753845     
   1.0000000092595551        5.2787335696541087        5.2787335207753845     
   1.0000000029275684        5.2787335362292378        5.2787335207753845     
   1.0000000009257606        5.2787335256622283        5.2787335207753845     
   1.0000000002927507        5.2787335223207377        5.2787335207753845     
   1.0000000000925759        5.2787335212640683        5.2787335207753845     
   1.0000000000292750        5.2787335209299195        5.2787335207753845     
   1.0000000000092577        5.2787335208242530        5.2787335207753845     
   1.0000000000029274        5.2787335207908379        5.2787335207753845     
 comp:           2
   1.0000003633961261       -4.1849091279818289       -4.1849076072026161     
   1.0000001126899323       -4.1849080787995714       -4.1849076072026161     
   1.0000000355674459       -4.1849077560490908       -4.1849076072026161     
   1.0000000112452625       -4.1849076542630010       -4.1849076072026161     
   1.0000000035559962       -4.1849076220841317       -4.1849076072026161     
   1.0000000011245027       -4.1849076119085558       -4.1849076072026161     
   1.0000000003555989       -4.1849076086907644       -4.1849076072026161     
   1.0000000001124503       -4.1849076076732104       -4.1849076072026161     
   1.0000000000355600       -4.1849076073514313       -4.1849076072026161     
   1.0000000000112450       -4.1849076072496754       -4.1849076072026161     
 comp:           3
   1.0000000000000000       -31.900617550969280       -31.900617550969280     
   1.0000000000000000       -31.900617550969280       -31.900617550969280     
   1.0000000000000000       -31.900617550969280       -31.900617550969280     
   1.0000000000000000       -31.900617550969280       -31.900617550969280     
   1.0000000000000000       -31.900617550969280       -31.900617550969280     
   1.0000000000000000       -31.900617550969280       -31.900617550969280     
   1.0000000000000000       -31.900617550969280       -31.900617550969280     
   1.0000000000000000       -31.900617550969280       -31.900617550969280     
   1.0000000000000000       -31.900617550969280       -31.900617550969280     
   1.0000000000000000       -31.900617550969280       -31.900617550969280     
 
 part:           6
 comp:           0
  0.99999998101387644        109.53052269297393        109.53052477253401     
  0.99999999411236151        109.53052412765787        109.53052477253401     
  0.99999999814173046        109.53052456899677        109.53052477253401     
  0.99999999941247586        109.53052470818218        109.53052477253401     
  0.99999999981421206        109.53052475218456        109.53052477253401     
  0.99999999994124888        109.53052476609896        109.53052477253401     
  0.99999999998142131        109.53052477049907        109.53052477253401     
  0.99999999999412481        109.53052477189050        109.53052477253401     
  0.99999999999814204        109.53052477233051        109.53052477253401     
  0.99999999999941247        109.53052477246966        109.53052477253401     
 comp:           1
  0.99999996439363004       -47.117538480533312       -47.117540158217878     
  0.99999998895838682       -47.117539637964228       -47.117540158217878     
  0.99999999651502158       -47.117539994014265       -47.117540158217878     
  0.99999999889816382       -47.117540106302066       -47.117540158217878     
  0.99999999965157549       -47.117540141800973       -47.117540158217878     
  0.99999999988981869       -47.117540153026404       -47.117540158217878     
  0.99999999996515765       -47.117540156576190       -47.117540158217878     
  0.99999999998898192       -47.117540157698734       -47.117540158217878     
  0.99999999999651568       -47.117540158053707       -47.117540158217878     
  0.99999999999889821       -47.117540158165966       -47.117540158217878     
 comp:           2
  0.99999982450355074        29.111232431367206        29.111237540286027     
  0.99999994557816740        29.111235955999131        29.111237540286027     
  0.99999998282326064        29.111237040249886        29.111237540286027     
  0.99999999456927702        29.111237382190961        29.111237540286027     
  0.99999999828268749        29.111237490292933        29.111237540286027     
  0.99999999945693907        29.111237524476852        29.111237540286027     
  0.99999999982826904        29.111237535286726        29.111237540286027     
  0.99999999994569388        29.111237538705108        29.111237540286027     
  0.99999999998282685        29.111237539786096        29.111237540286027     
  0.99999999999456934        29.111237540127934        29.111237540286027     
 comp:           3
   1.0000000000000000       -24.782206747149260       -24.782206747149260     
   1.0000000000000000       -24.782206747149260       -24.782206747149260     
   1.0000000000000000       -24.782206747149260       -24.782206747149260     
   1.0000000000000000       -24.782206747149260       -24.782206747149260     
   1.0000000000000000       -24.782206747149260       -24.782206747149260     
   1.0000000000000000       -24.782206747149260       -24.782206747149260     
   1.0000000000000000       -24.782206747149260       -24.782206747149260     
   1.0000000000000000       -24.782206747149260       -24.782206747149260     
   1.0000000000000000       -24.782206747149260       -24.782206747149260     
   1.0000000000000000       -24.782206747149260       -24.782206747149260     
 
 part:           7
 comp:           0
   1.0484750717775388        6.2228171556805316E-005   5.9351121673600111E-005
   1.0046463336269349        5.9626886786028460E-005   5.9351121673600111E-005
   1.0004627123572352        5.9378584171014255E-005   5.9351121673600111E-005
   1.0000462521123079        5.9353866788345363E-005   5.9351121673600111E-005
   1.0000046250200838        5.9351396173729844E-005   5.9351121673600111E-005
   1.0000004625000964        5.9351149123499615E-005   5.9351121673600111E-005
   1.0000000462499907        5.9351124418588938E-005   5.9351121673600111E-005
   1.0000000046249993        5.9351121948099000E-005   5.9351121673600111E-005
   1.0000000004624994        5.9351121701049969E-005   5.9351121673600111E-005
   1.0000000000462497        5.9351121676345081E-005   5.9351121673600111E-005
 comp:           1
  -8.4626704329694298E-006  -0.0000000000000000     
  -2.6242925890953519E-006  -0.0000000000000000     
  -8.2828503627039399E-007  -0.0000000000000000     
  -2.6187662680574999E-007  -0.0000000000000000     
  -8.2811076854066044E-008  -0.0000000000000000     
  -2.6187111752574193E-008  -0.0000000000000000     
  -8.2810902620116448E-009  -0.0000000000000000     
  -2.6187106301513290E-009  -0.0000000000000000     
  -8.2810899747797495E-010  -0.0000000000000000     
  -2.6187107271866340E-010  -0.0000000000000000     
 comp:           2
   2.5770694375700865E-005   0.0000000000000000     
   7.9915486254216210E-006   0.0000000000000000     
   2.5223102677532491E-006   0.0000000000000000     
   7.9747197613394680E-007   0.0000000000000000     
   2.5217795841542501E-007   0.0000000000000000     
   7.9745519916355163E-008   0.0000000000000000     
   2.5217742783469400E-008   0.0000000000000000     
   7.9745503316674790E-009   0.0000000000000000     
   2.5217741908785046E-009   0.0000000000000000     
   7.9745506271613416E-010   0.0000000000000000     
 comp:           3
  0.94362758479315945        5.6005355599624213E-005   5.9351121673600111E-005
  0.99459987242671455        5.9030618044945086E-005   5.9351121673600111E-005
  0.99946224985960008        5.9319205599587240E-005   5.9351121673600111E-005
  0.99994624750858019        5.9347931402941596E-005   5.9351121673600111E-005
  0.99999462497598202        5.9350802659895620E-005   5.9351121673600111E-005
  0.99999946249984895        5.9351089772363244E-005   5.9351121673600111E-005
  0.99999994625000765        5.9351118483477778E-005   5.9351121673600111E-005
  0.99999999462500111        5.9351121354587899E-005   5.9351121673600111E-005
  0.99999999946249973        5.9351121641698865E-005   5.9351121673600111E-005
  0.99999999994624966        5.9351121670409968E-005   5.9351121673600111E-005
 
 part: i_fks+j_fks
 comp:           0
   1.0000000095663024        276.25012134493545        276.25011870224330     
   1.0000000009172698        276.25011895563921        276.25011870224330     
   1.0000000000913509        276.25011872747899        276.25011870224330     
   1.0000000000091314        276.25011870476584        276.25011870224330     
   1.0000000000009130        276.25011870249551        276.25011870224330     
   1.0000000000000913        276.25011870226848        276.25011870224330     
   1.0000000000000093        276.25011870224586        276.25011870224330     
   1.0000000000000011        276.25011870224358        276.25011870224330     
   1.0000000000000002        276.25011870224336        276.25011870224330     
   1.0000000000000000        276.25011870224330        276.25011870224330     
 comp:           1
  -8.4626704329694298E-006   0.0000000000000000     
  -2.6242925890953519E-006   0.0000000000000000     
  -8.2828503627039399E-007   0.0000000000000000     
  -2.6187662680574999E-007   0.0000000000000000     
  -8.2811076854066044E-008   0.0000000000000000     
  -2.6187111752574193E-008   0.0000000000000000     
  -8.2810902620116448E-009   0.0000000000000000     
  -2.6187106301513290E-009   0.0000000000000000     
  -8.2810899747797495E-010   0.0000000000000000     
  -2.6187107271866340E-010   0.0000000000000000     
 comp:           2
   2.5770694375700865E-005   0.0000000000000000     
   7.9915486254216210E-006   0.0000000000000000     
   2.5223102677532491E-006   0.0000000000000000     
   7.9747197613394680E-007   0.0000000000000000     
   2.5217795841542501E-007   0.0000000000000000     
   7.9745519916355163E-008   0.0000000000000000     
   2.5217742783469400E-008   0.0000000000000000     
   7.9745503316674790E-009   0.0000000000000000     
   2.5217741908785046E-009   0.0000000000000000     
   7.9745506271613416E-010   0.0000000000000000     
 comp:           3
  0.99999998704028137        276.25011512211950        276.25011870224330     
  0.99999999875883183        276.25011835937045        276.25011870224330     
  0.99999999987640587        276.25011866810041        276.25011870224330     
  0.99999999998764588        276.25011869883048        276.25011870224330     
  0.99999999999876454        276.25011870190201        276.25011870224330     
  0.99999999999987632        276.25011870220914        276.25011870224330     
  0.99999999999998768        276.25011870223989        276.25011870224330     
  0.99999999999999900        276.25011870224301        276.25011870224330     
   1.0000000000000000        276.25011870224330        276.25011870224330     
   1.0000000000000000        276.25011870224330        276.25011870224330     
