     
 Collinear #          73
 ME*wgt:
   0.0000000000000000        0.0000000000000000        1.6926453661023771E-026
   0.0000000000000000        0.0000000000000000        1.6926453661023771E-026
   0.0000000000000000        0.0000000000000000        1.6926453661023771E-026
   0.0000000000000000        0.0000000000000000        1.6926453661023771E-026
   0.0000000000000000        0.0000000000000000        1.6926453661023771E-026
   0.0000000000000000        0.0000000000000000        1.6926453661023771E-026
   0.0000000000000000        0.0000000000000000        1.6926453661023771E-026
   0.0000000000000000        0.0000000000000000        1.6926453661023771E-026
   0.0000000000000000        0.0000000000000000        1.6926453661023771E-026
   0.0000000000000000        0.0000000000000000        1.6926453661023771E-026
 wgt:
   1.0000000104146631        1.6370787528269777E-004   1.6370787357773543E-004
   1.0000000009982453        1.6370787374115603E-004   1.6370787357773543E-004
   1.0000000000994116        1.6370787359400990E-004   1.6370787357773543E-004
   1.0000000000099369        1.6370787357936219E-004   1.6370787357773543E-004
   1.0000000000009939        1.6370787357789814E-004   1.6370787357773543E-004
   1.0000000000000997        1.6370787357775175E-004   1.6370787357773543E-004
   1.0000000000000100        1.6370787357773705E-004   1.6370787357773543E-004
   1.0000000000000013        1.6370787357773564E-004   1.6370787357773543E-004
   1.0000000000000000        1.6370787357773543E-004   1.6370787357773543E-004
   1.0000000000000000        1.6370787357773543E-004   1.6370787357773543E-004
