  0.02343784181186209  0.03428860505495919  0.04667945225454762  0.05803498633766794
  0.06869081741234202  0.07850117303591719  0.08863207280485054  0.09818613175378485
  0.10794584169799468  0.11746667454007081  0.12737181446331577  0.13754630835354378
  0.14740433445772039  0.15715350306857401  0.16760630378230282  0.17881946680432795
  0.18981331181713096  0.19986550185859747  0.20987344834845323  0.22043618508984172
  0.23106638819260769  0.24113648268151094  0.25092105410908733  0.26085174592596155
  0.27061391923225975  0.28006151730172796  0.28974842177869004  0.30019027703862633
  0.31117700470312704  0.32201651491870903  0.33246898912874528  0.34289211543734560
  0.35306707325259085  0.36288570992397950  0.37256566815198805  0.38198775417956776
  0.39136176678049467  0.40033119842642029  0.40940075592564396  0.41882718454129697
  0.42888327466336784  0.43886029141460825  0.44867145583612655  0.45866306038015175
  0.46957269462132467  0.48084953276970582  0.49192040837092776  0.50250643397007055
  0.51277455040477948  0.52354556449679601  0.53471410546746201  0.54531562977848358
  0.55499398921905629  0.56440499944833566  0.57389662616116344  0.58330213094469463
  0.59258540505758817  0.60200263246001928  0.61254181426815291  0.62378167599722134
  0.63482384029631667  0.64542407041943350  0.65519217360014848  0.66493376154555439
  0.67507216146591942  0.68641425761667474  0.69782135194691952  0.70876885516713017
  0.71923912642487220  0.72999724024650747  0.74089827648435558  0.75234599052563822
  0.76353502558186814  0.77454374050226715  0.78655087519027012  0.79798695239572970
  0.81067239485577003  0.81994211031329400  0.82931214411589993  0.83788995897738394
  0.84632377036379147  0.85520057809352434  0.86413035133311700  0.87366318290485179
  0.88375405378398997  0.89425958086579149  0.90525098214198452  0.91625223373291254
  0.92623118771928004  0.93603697134604502  0.94542333600937400  0.95408728992035707
  0.96186716786994386  0.96809375434163381  0.97024600546788420  1.00000000000000000
  0.02409113294583284  0.03347809518499317  0.04455270303166469  0.05679908194633863
  0.06806447891627516  0.07878241288972322  0.09022999236279496  0.10225113637661708
  0.11331738864547460  0.12356988727142010  0.13389549166110262  0.14428227939916377
  0.15478546271741336  0.16530289678539450  0.17559153178140310  0.18544225715789664
  0.19536268110225302  0.20557898010736486  0.21647787335822688  0.22703545053485277
  0.23775964378364253  0.24831108558562165  0.25964332738629009  0.27120508429718615
  0.28340898698095118  0.29408706638497401  0.30363088727690501  0.31305958155330954
  0.32255007536808383  0.33210126278403757  0.34138985634260754  0.35026189009714764
  0.35890843003904527  0.36824153033560880  0.37715259477665486  0.38682043023614976
  0.39662048512496079  0.40625722290484728  0.41540022613197969  0.42498840060125137
  0.43398480874940060  0.44432049235520543  0.45405490098802392  0.46524276445294105
  0.47664007908992068  0.48712423214549655  0.49694608137708046  0.50636159469372100
  0.51554514071889046  0.52476101227515226  0.53419296257497884  0.54472574100192162
  0.55589494877327661  0.56666308804063426  0.57709355103853599  0.58716891902249668
  0.59711248330590005  0.60640484496556724  0.61611675896162776  0.62593137761140816
  0.63671938829936936  0.64816221591084999  0.65984031373973029  0.67037971361178139
  0.68002294150089415  0.68909052147575034  0.69795040761546834  0.70725751802425629
  0.71727212846393240  0.72731563317348935  0.73748913323686660  0.74753585061030858
  0.75728745331292857  0.76675849834370280  0.77654196582059198  0.78551750175833179
  0.79441223582937326  0.80358076529417843  0.81362646223019564  0.82358406977123866
  0.83287280700852639  0.84189093152166339  0.85079688090128547  0.86033515395618265
  0.87019810724869517  0.88031062964753248  0.89045912919566772  0.90064283940676138
  0.91115370049257771  0.92119829650746687  0.93139285209743261  0.94175585856045485
  0.95355762988801296  0.96499584896973734  0.97139301807852219  1.00000000000000000
  0.00880007194921917  0.01683057112366450  0.02806514246912389  0.04013948175686675
  0.05132330932155169  0.06163735047477559  0.07170011299890663  0.08171946330761820
  0.09220065487024173  0.10325610954321489  0.11500202686095254  0.12666816434738246
  0.13767202530954722  0.14794728144102767  0.15805308462660422  0.16792867853085400
  0.17783317173273686  0.18766542815466877  0.19754325799490835  0.20707903098770455
  0.21608630037431228  0.22503995260701545  0.23444261677157305  0.24430434442186810
  0.25414434722560292  0.26396096333310659  0.27398121341266030  0.28445321689999309
  0.29517140901475825  0.30579203212767636  0.31623397471743397  0.32615919562506718
  0.33613602126799541  0.34591231340791123  0.35575706751594111  0.36610005409041951
  0.37673444523372451  0.38773533184959585  0.39812588291849321  0.40939824514825041
  0.42009688890369473  0.43047329570692638  0.44029432489466858  0.44941581703230227
  0.45812626321880623  0.46712239033544312  0.47666104367897072  0.48667762219218763
  0.49683081614430735  0.50744174746345705  0.51857285122483432  0.52985715591611959
  0.54094996028637499  0.55153168766310345  0.56188463430881097  0.57209136680020911
  0.58244451679199827  0.59327157734868574  0.60437210576666667  0.61524357143549513
  0.62583985686578802  0.63660354342189085  0.64715614147096767  0.65785471377099314
  0.66886604160399776  0.67976685300828821  0.69093825244387663  0.70212158747371534
  0.71313610199012711  0.72433987068209793  0.73519473692125181  0.74592803135215580
  0.75662108868949662  0.76729225913333521  0.77798691751531857  0.78876680139898891
  0.80029454189063742  0.81214598741605915  0.82340597517805780  0.83443255282374740
  0.84560030923148022  0.85643701441562714  0.86671332319074967  0.87691516495256083
  0.88744569521565042  0.89816859762814361  0.90917930232802890  0.91930614537066990
  0.92821184813024393  0.93715150830412919  0.94668206351401030  0.95616733632292983
  0.96552967471183493  0.97485972167437762  0.98665681289054119  1.00000000000000000
  0.00212067941523967  0.01682924596703891  0.03054747297938657  0.04198744078686622
  0.05295749061989853  0.06396242186876679  0.07424963002288844  0.08477243760552550
  0.09552749711751952  0.10623487202825220  0.11707598430537250  0.12766979048919369
  0.13819425681121769  0.14887449966244920  0.15953193325799564  0.17017533041095850
  0.18018431419506389  0.19065786390814429  0.20081400026050802  0.21070849068526712
  0.22023752727353252  0.23029738620637066  0.24180608339183338  0.25367235001801292
  0.26512988145804034  0.27628244431458521  0.28729919611327825  0.29854797936269101
  0.30997168264014252  0.32125370041023155  0.33204949862530869  0.34275193900662915
  0.35390337025577956  0.36561316760839846  0.37711709210646421  0.38825214865940405
  0.39924532261243040  0.41077870845382441  0.42288995696119119  0.43483459223939536
  0.44542658978021082  0.45497581836537881  0.46443388505494893  0.47393430855823021
  0.48331999362668870  0.49259102545512129  0.50227680569522914  0.51245885300849625
  0.52327967434335221  0.53418715533092287  0.54489826222429039  0.55532009759278167
  0.56512366313911433  0.57457692400025506  0.58415484436751841  0.59407429708345216
  0.60418326615885853  0.61447875442699262  0.62498890699712162  0.63552298847798783
  0.64598556692720044  0.65640927524904125  0.66740422292704127  0.67870482691399170
  0.68955112830722987  0.70015258432644500  0.71069378219914314  0.72125155210968794
  0.73202528657610344  0.74306344648724576  0.75417259080870880  0.76498523391731998
  0.77550830490995937  0.78540582635009104  0.79501461450337785  0.80450095226837781
  0.81403327998092023  0.82382300563393429  0.83343009473109908  0.84262181785283152
  0.85195822840134661  0.86196385769454309  0.87252364577297381  0.88321938424670887
  0.89392536969306591  0.90472690614614337  0.91522218839422365  0.92537053382943502
  0.93529089717269454  0.94559224616164306  0.95549757804265101  0.96471704608063735
  0.97367079731554829  0.98262853755015456  0.99281689934816275  1.00000000000000000
 -0.00053320410676278  0.00299422629151041  0.00515575265076387  0.00742347297935286
  0.01016162896369821  0.01323747789247673  0.01672171407302004  0.02028390343254820
  0.02393566707926561  0.02810894082653047  0.03288474413849858  0.03791890097260385
  0.04304536535270429  0.04851509355956930  0.05396959019617790  0.05981227031567377
  0.06612995918073851  0.07294322615718288  0.08013478100449505  0.08706646877590596
  0.09410428031711465  0.10109598720569758  0.10817488291048129  0.11531689930423293
  0.12234114156660163  0.12950245324137238  0.13727600207980575  0.14505716976575780
  0.15316292785753874  0.16149275306695338  0.17045213047593002  0.18010063524119943
  0.18947416212884188  0.19883332651196789  0.20841255010876555  0.21830055530430145
  0.22832101447206676  0.23852498070581063  0.24950144165179491  0.26107758115531066
  0.27237253308334286  0.28343547449416046  0.29414869077103367  0.30496511529236003
  0.31511949545380413  0.32490652014680543  0.33496741883943359  0.34559398209894465
  0.35649190787464269  0.36757406732422021  0.37969895045272894  0.39328337238431521
  0.40564463940174283  0.41792846171007131  0.43124299141701961  0.44507746711773011
  0.45924637528269047  0.47363003565337247  0.48812595828585753  0.50308092885925948
  0.51722705529941182  0.53102060368291570  0.54470314192464497  0.55811491411037961
  0.57107645207847590  0.58396293701613156  0.59688298603127299  0.61040393785038738
  0.62296937431041854  0.63553132094355613  0.64808799821066843  0.66089641606409921
  0.67378719731325853  0.68660729122763575  0.69982922590895968  0.71338757602526826
  0.72683552584087252  0.74132234281745302  0.75640988136655907  0.77128662179837271
  0.78531277988855019  0.79894789329168536  0.81263603279544150  0.82618897674751635
  0.83974017945994694  0.85390182024467443  0.86797391577238858  0.88205611586912225
  0.89658873180918131  0.91124236233012412  0.92503732571307207  0.93874852064618597
  0.95366464622805736  0.96900775199893407  0.98444589833798257  1.00000000000000000
 -0.00206427510935233  0.00949433823171113  0.01918645588945921  0.02900563184480266
  0.03930764319709246  0.04978302497310168  0.05979308592556141  0.07042384814777668
  0.08181066888746795  0.09285992242531063  0.10358319381767192  0.11410685452713266
  0.12470509920043174  0.13578168130013468  0.14735531088559409  0.15956041964363846
  0.17110536008769853  0.18196388970993335  0.19214743106144316  0.20236352614420952
  0.21220554943195002  0.22218677800718198  0.23237179214654999  0.24256202825567907
  0.25318692970585960  0.26346459617993268  0.27387598310615552  0.28443422944136748
  0.29507440893019488  0.30539270799432000  0.31557950979701965  0.32551932004343459
  0.33617615025375552  0.34668341615510095  0.35623315190643234  0.36571261366319535
  0.37605927306435177  0.38697221579176144  0.39712501637956549  0.40728408102396446
  0.41785405472415477  0.42932306907485301  0.44153105582100000  0.45441394164121862
  0.46621521436109559  0.47673181755621419  0.48725894384184415  0.49800855749035028
  0.50811000805341000  0.51836368519173381  0.52923078517388522  0.54049549630685889
  0.55054595875169332  0.56043416371183730  0.57120160614525739  0.58254572374287028
  0.59395271953356399  0.60520284460532559  0.61645023234162954  0.62717019807674868
  0.63681143817348917  0.64580339914809981  0.65467689324271439  0.66384877611516635
  0.67459445805454521  0.68564628217407131  0.69780277440954896  0.70962619418626216
  0.72117309064199686  0.73292620998496205  0.74427326364255619  0.75533362104856494
  0.76574412031329775  0.77584992899106464  0.78643861140511084  0.79731703065466264
  0.80823617346677812  0.81841796288798030  0.82827881553427030  0.83913303550333751
  0.84900112032355246  0.85939439524423478  0.87005816349697940  0.88079514538936732
  0.89149262350108893  0.90134260389029086  0.91055803475065167  0.91978486911861568
  0.92865891552099600  0.93788496386710429  0.94809105509402847  0.95824004483138436
  0.96878570112469031  0.97902081413466246  0.98945137025531604  1.00000000000000000
 -0.00227424178104702  0.00930243451474189  0.01858436519142562  0.02819226487744302
  0.03837377611475858  0.05023437515695749  0.06308502653931194  0.07384788868408013
  0.08379457051930432  0.09322306271327602  0.10283197284412728  0.11313789053508899
  0.12375694441789599  0.13495135182018930  0.14591758105880223  0.15631628918977428
  0.16640549560734000  0.17577031995264628  0.18537109095858717  0.19532867586592756
  0.20587561288371112  0.21628460316350259  0.22653223656417892  0.23705491828101935
  0.24806374957363700  0.25881764999082446  0.26960745930855645  0.28044306779017025
  0.29149685365477079  0.30270959139674980  0.31418528872321055  0.32555542544477800
  0.33668286988530038  0.34823878788229234  0.36024616056532449  0.37209967226040919
  0.38322329499185059  0.39325812792453768  0.40232265967647407  0.41137123596902481
  0.42096238210366488  0.43095648466540676  0.44102099249142324  0.45100224023944885
  0.46119640833181080  0.47161121555583735  0.48280237800133874  0.49392607103325376
  0.50477705512483617  0.51566095627977693  0.52647537956778923  0.53744318021012405
  0.54835830862406432  0.55909695478482579  0.56981372957026977  0.58048224243879731
  0.59151141840833210  0.60258240212652314  0.61339180131250870  0.62367506837192188
  0.63367466436193420  0.64343697149002266  0.65302271423259228  0.66271496635511440
  0.67224450923476564  0.68174314257522561  0.69138399088633229  0.70095481484305222
  0.71070440157240289  0.72039581799806529  0.73077107153180332  0.74123509696145506
  0.75208593775486599  0.76280413347190534  0.77417895451017271  0.78583571842240441
  0.79723326693899643  0.80859991351925087  0.81999834852627873  0.83109434381059877
  0.84150511869177824  0.85153923340954418  0.86162499647964086  0.87183234366414109
  0.88176604568918948  0.89183940638859094  0.90147984607645626  0.91082258669061322
  0.92006598386739846  0.93019957533356001  0.94146002270001616  0.95435650425227625
  0.96616694746752452  0.97741850085528192  0.98889315492685537  1.00000000000000000
 -0.00207471333249958  0.00793867261941274  0.01790165318022256  0.02775648457464606
  0.03791736033218730  0.04831021507857792  0.05911218155084856  0.07002083164991345
  0.08106748499448757  0.09267861233103546  0.10401355683595669  0.11428124283706190
  0.12399177987397178  0.13388039866781659  0.14388419728390223  0.15369316976348718
  0.16334996959065373  0.17332023121471268  0.18365360622380758  0.19408379849713794
  0.20476009917184754  0.21531631933285400  0.22562681333679183  0.23598236095624625
  0.24654792074435755  0.25757068653984799  0.26882576686004028  0.28002578020180424
  0.29106816887197823  0.30188793073006204  0.31264615974399029  0.32321980592035049
  0.33344008904201478  0.34391777682069141  0.35460167612652060  0.36573367737051737
  0.37704603706943157  0.38717166179122692  0.39729999129309423  0.40699099535060013
  0.41664329891497676  0.42687715816121569  0.43810079377168115  0.45054813815964168
  0.46209265956219941  0.47250193712803701  0.48241652639063781  0.49183492562969422
  0.50175736080514133  0.51157904046226399  0.52090141751523988  0.53019732427819943
  0.53927781461059165  0.54874156884169778  0.55893950575112727  0.56907299356478103
  0.58009043287943340  0.59072477816663072  0.60178674339040883  0.61271891707796389
  0.62392895008691451  0.63417938332823387  0.64480381738779180  0.65543997808090182
  0.66655432154423810  0.67751079475058262  0.68836750778332167  0.69940162738939127
  0.71029461002642891  0.72002898703403762  0.72968829230433829  0.73950218321967431
  0.74973304974557120  0.75989521235581969  0.77030585321895551  0.78123000652971542
  0.79152251081583236  0.80114177558985245  0.81095674786845517  0.82176464615897038
  0.83256184382982912  0.84348485007187346  0.85455378268109949  0.86599934214634655
  0.87746096044809618  0.88888039338679581  0.90054488289520473  0.91083542876146462
  0.92136102546646925  0.93124136926272150  0.94154237539407792  0.95235408040437797
  0.96349580197866891  0.97558710008599303  0.98747895726736434  1.00000000000000000
 -0.00230702489337708  0.00876442388641307  0.01815470029174976  0.02751507572929519
  0.03748141171467079  0.04755917027376718  0.05783127630463012  0.06800681217205488
  0.07831253783333866  0.08858876203976572  0.09851996703037690  0.10755631164138163
  0.11634897269943492  0.12516283990431962  0.13429959851735593  0.14363688260039614
  0.15330118996618919  0.16277276642056693  0.17261466120059010  0.18302458912833733
  0.19426226292332613  0.20593186396802501  0.21717885669869738  0.22803465735830630
  0.23899217996610755  0.25029053943918295  0.26156600107308553  0.27325645696712964
  0.28550467628698506  0.29731359013237185  0.30812715753296516  0.31787000985702507
  0.32707595429681435  0.33616160958193281  0.34559901565840567  0.35588411897545730
  0.36705081571635839  0.37827834915888620  0.38894378995058576  0.39938818362082235
  0.41003109597335885  0.42106536769337172  0.43256337066744288  0.44431274058452980
  0.45558783526940128  0.46647892777969818  0.47693550192853496  0.48698623391710677
  0.49654766008188855  0.50575466079762377  0.51517468009192058  0.52508298776715756
  0.53564956565350053  0.54711603511791607  0.55828150704804691  0.56904792158822204
  0.57983819754067467  0.59126173994726972  0.60324678501551832  0.61513650403488618
  0.62646483652111262  0.63722896375762683  0.64808435575011458  0.65914403093726404
  0.66967122533327539  0.67995379579239323  0.69032082666441497  0.70118944732318200
  0.71226717264232831  0.72356415103002814  0.73421622645195406  0.74452762124043415
  0.75448382621485155  0.76440780183340962  0.77397530869552944  0.78350696226947802
  0.79343813669566565  0.80411796257833634  0.81470646251287326  0.82498401251529407
  0.83529542248227173  0.84617325535905008  0.85732905934509573  0.86812937891219799
  0.87833438387175944  0.88754705255109623  0.89708643494826268  0.90680146402480144
  0.91688740935356972  0.92724888950335715  0.93786346302590151  0.94932463385427468
  0.96073742928536787  0.97271613062343054  0.98555942649521810  1.00000000000000000
 -0.00275079886966966  0.01038395315996259  0.02119702105700471  0.03123149041446931
  0.04190303828922380  0.05123144005837985  0.06058232447198058  0.06989985437670404
  0.07955768984619820  0.08913995705173076  0.09965027577372176  0.11063649439907583
  0.12266032156155242  0.13411730305149810  0.14567374940350977  0.15729915027853600
  0.16883859704056420  0.17957430141879213  0.18968573352186488  0.19884177177718462
  0.20835281001872749  0.21724582662880107  0.22619593898334187  0.23548678449034091
  0.24553080874105629  0.25605714914292560  0.26729375838200858  0.27732070893245669
  0.28711976396514710  0.29700436216934034  0.30800625625339711  0.31961770962496444
  0.33165200017266444  0.34246080432675158  0.35407868016178323  0.36495200971414432
  0.37641597811528804  0.38810383770015783  0.39983272116401275  0.41182100328031812
  0.42352016566180084  0.43441808777978108  0.44496117986839723  0.45457848668696221
  0.46368825139931502  0.47270605535306010  0.48194149910856449  0.49146456759300067
  0.50116702292560844  0.51224525602105142  0.52307780094728307  0.53361028937299426
  0.54404372965918923  0.55487200699041417  0.56623650537970804  0.57731262033564323
  0.58761957235000861  0.59835686942080846  0.60834007970690718  0.61829280057112479
  0.62790211661692985  0.63834975080846412  0.64952062428319823  0.66075078152233258
  0.67095559524367643  0.68048999515628372  0.69035646044840215  0.70059062980473785
  0.71179803409497855  0.72374210426495367  0.73603969717808304  0.74906662278009595
  0.76150569428653891  0.77358759253181175  0.78551348657768949  0.79631420761439309
  0.80648363289154057  0.81691300241713560  0.82864854809185584  0.83927720293516828
  0.84899057480248286  0.85861770042566277  0.86861851143985880  0.87851558656922990
  0.88773351039661708  0.89647784709111844  0.90513144564603165  0.91424062186114796
  0.92400162297513144  0.93433348892898871  0.94443166256069278  0.95440392261980900
  0.96452335429409586  0.97565408068553339  0.98755841199592120  1.00000000000000000
 -0.00160872464931393  0.00464563412827731  0.01071288703699875  0.01667264045911788
  0.02263980952899772  0.02878025778094572  0.03521931896472315  0.04169803579552916
  0.04803616542301457  0.05433362182471568  0.06048568585803812  0.06644043497886618
  0.07249699153657620  0.07865517966669183  0.08473581727359758  0.09091172759938976
  0.09722218413809040  0.10357579707994941  0.10983353242534569  0.11606546033711143
  0.12205398549632455  0.12779808726528402  0.13366521309621246  0.13972532346583610
  0.14591302858142477  0.15208430193655575  0.15803103081621456  0.16389390211822047
  0.17026125534349740  0.17704829660955457  0.18413310313965606  0.19144928499626007
  0.19912512011719100  0.20659519691297540  0.21470434421427623  0.22349907139595843
  0.23119466729586408  0.23820162838614536  0.24517231668057274  0.25212899041268166
  0.25921230371573678  0.26643965757715093  0.27371839563913514  0.28098602532437061
  0.28833048244924769  0.29648868987290000  0.30541206003569904  0.31421139144489968
  0.32267959624772330  0.33070912632705624  0.33901982026830607  0.34783661731879600
  0.35653912504256946  0.36553033724726308  0.37462613143343276  0.38357148046783646
  0.39271297664864524  0.40239262186078179  0.41213868183122215  0.42157709689723888
  0.43164306933215751  0.44289889664850984  0.45597188936151606  0.46831556808150299
  0.48035379740919004  0.49219380018307496  0.50383411286879753  0.51574991631801603
  0.52887345056288404  0.54225705705878269  0.55508223560615610  0.56758212421937160
  0.58000553421324119  0.59331898122141968  0.60786325016475340  0.62179342640248747
  0.63562450662408565  0.64979368019944006  0.66423536420719409  0.68032989479225303
  0.69798474378871256  0.71782510865278681  0.73908972605664069  0.75959765722706152
  0.77856312711705011  0.79655208714802928  0.81523840711813345  0.83358152765102855
  0.85122473546852095  0.86830006547896099  0.88813049982559134  0.90766781683522202
  0.92812115579608390  0.95148580177512032  0.97555023655627215  1.00000000000000000
 -0.00301386880065113  0.01250576348454774  0.02451945800440139  0.03573992096011495
  0.04663873686524189  0.05803398184884299  0.06991602687091654  0.08179741680358051
  0.09397915438293537  0.10494599126139895  0.11574681872879983  0.12605566593316014
  0.13638035526229861  0.14704461600869959  0.15739036225313346  0.16729160734173629
  0.17684540290337197  0.18674084505497834  0.19746341761504999  0.20860834051080668
  0.21923891503181475  0.22908383811400423  0.23861355027401793  0.24841432558746296
  0.25850440139405773  0.26852123706019954  0.27852551820693849  0.28889265017756349
  0.29988310232019083  0.31106275851790921  0.32145053657348832  0.33177461139527936
  0.34275434935481786  0.35461629008554629  0.36722003945079379  0.38013847725525574
  0.39264917093573853  0.40430419435277537  0.41541600917056393  0.42659252503607525
  0.43771647807129049  0.44831989868952393  0.45899816671587229  0.47026114774415678
  0.48219007661071073  0.49390521547702837  0.50482613537351873  0.51528894678383153
  0.52567750348849784  0.53640431916740383  0.54720799009235832  0.55728361972823803
  0.56679424133880763  0.57636205989440803  0.58651183951425834  0.59643909912053550
  0.60629800406641976  0.61655907037291791  0.62699468753687682  0.63782043145047962
  0.64809797446118111  0.65790825015230869  0.66754028436232038  0.67730444119513766
  0.68702634445975908  0.69657866438135618  0.70642112480435615  0.71727200761710219
  0.72861476526073232  0.73927611364433221  0.74964413043750655  0.76010460309181849
  0.77029108481777619  0.78006396598435435  0.79010849679925532  0.80074157869682339
  0.81144602837888380  0.82187448268410324  0.83262573550452990  0.84414115586614169
  0.85587535677793158  0.86730171080768603  0.87845326923993983  0.88899945665775659
  0.89885917228287882  0.90717391413869997  0.91536506853455979  0.92377278185405898
  0.93239721046796653  0.94065586437064586  0.94871212713411257  0.95734350520546863
  0.96776724546443194  0.97925595301517476  0.98952098204993499  1.00000000000000000
 -0.00460123974334582  0.01915925894058651  0.03745794993111900  0.05406085263562215
  0.06990137757206936  0.08391186572496548  0.09673460414820081  0.10849021875502994
  0.11950818026867173  0.13003432786668076  0.14037383627722902  0.15121689057034449
  0.16231251394094648  0.17343408417652822  0.18418985177678623  0.19471287567105353
  0.20581395926507334  0.21758521088895377  0.22949063034513620  0.23995806352832882
  0.25000348769629110  0.25991940623416598  0.26998073676670736  0.27939091385664244
  0.28890108445216650  0.29818191727148180  0.30773863083655478  0.31737399512397818
  0.32667768616433307  0.33607939448553109  0.34536897161987179  0.35451969518586962
  0.36406206732398455  0.37367804762106482  0.38322309496795515  0.39279692094372670
  0.40248969638505555  0.41229592228987194  0.42222347057107085  0.43216553860443802
  0.44189652050779049  0.45131607832483089  0.46039505685119303  0.46935769516277320
  0.47820644288472458  0.48679678635913576  0.49531225868305279  0.50338413142279959
  0.51142472607197087  0.51956579357423505  0.52787777127172164  0.53651181464049624
  0.54556161066294306  0.55504981099672501  0.56460517383051323  0.57407886175644940
  0.58339329682179153  0.59248196297536382  0.60160177086837685  0.61117623951368794
  0.62017033603415561  0.62991427680128298  0.63970835851661456  0.64921528055643207
  0.65880080174538713  0.66744681883665813  0.67541770281929303  0.68348261080978623
  0.69174504329294140  0.70035477408608005  0.70899499544923261  0.71707111183768180
  0.72494980184839153  0.73347746263753721  0.74274267181808329  0.75295297301904762
  0.76417429865748954  0.77627958323888380  0.78845243334678694  0.80019542272853916
  0.81137017230351927  0.82211320508900443  0.83308953407360220  0.84470082190881046
  0.85641289905272810  0.86777731560427152  0.88068721773492997  0.89500140267412298
  0.90821877889852309  0.92037201618905606  0.93186450225753070  0.94348368544448635
  0.95496001167103384  0.96717776852356852  0.98146876244780090  1.00000000000000000
 -0.00252217948445010  0.00993548381293178  0.02050137950942470  0.03046260603535528
  0.03999908889300846  0.05016451885746886  0.06072459387439887  0.07137898417170718
  0.08193720175530177  0.09270768688817577  0.10345482259667863  0.11381785406129846
  0.12390934726013357  0.13442982474251933  0.14548017003098468  0.15654832130365554
  0.16723528950748318  0.17759620616481583  0.18784317773324979  0.19756904649159382
  0.20780138631284661  0.21883063650800708  0.22972505893611742  0.24093880396424416
  0.25221592333883869  0.26392252636007946  0.27496991942916088  0.28566972915621996
  0.29643182604825247  0.30796271884772719  0.32005447004184084  0.33133543047581454
  0.34175485304002123  0.35202365489579523  0.36255556257799920  0.37350107933078780
  0.38420746249746407  0.39456549223236592  0.40418007219603980  0.41351593903789197
  0.42319535568690758  0.43250917056592902  0.44235918909792032  0.45226984781938318
  0.46273538459106334  0.47385592630419537  0.48528178267684441  0.49743015946465152
  0.50858348407035070  0.51962887272480340  0.53049658552982037  0.54126554730858156
  0.55198320218331520  0.56253783170719118  0.57267038152324656  0.58276669189705899
  0.59247113380331162  0.60172357284845546  0.61102968539907121  0.62031937376687163
  0.63043632860189658  0.64145032253476186  0.65237847073623034  0.66333618003582540
  0.67367562770057732  0.68390672771662919  0.69405578648905619  0.70471132317046004
  0.71557898772835793  0.72701245269493076  0.73836379023967880  0.74986324880978927
  0.76020050777094250  0.77133500813729494  0.78130096436041385  0.79167700323069434
  0.80167420983869653  0.81130902142859485  0.82104180241364744  0.83095453901626837
  0.84102158622620049  0.85102378657710220  0.86088750618732035  0.87082005966437315
  0.88111146801944984  0.89160223911746683  0.90197744656053458  0.91220285881674112
  0.92259718168589544  0.93304363911302757  0.94389616454345482  0.95506149769002679
  0.96648801786115057  0.97788640412669547  0.98883568580973136  1.00000000000000000
  0.04638205353221281  0.18056470285504239  0.22864690964610679  0.26427204231893908
  0.29629224581834496  0.32462953294454616  0.34875672178175982  0.37000694664640688
  0.39056637438186870  0.41071567707270185  0.42948446673454338  0.44632045938523529
  0.46230210044154801  0.47717620634895536  0.49149652947283223  0.50535862299666978
  0.51915866621363693  0.53186505222809444  0.54353708410258728  0.55453714668837073
  0.56492043748860732  0.57449836337079674  0.58367758791498525  0.59288752908002185
  0.60234855948778587  0.61146118600922994  0.61990455107220033  0.62804013502717126
  0.63582430489395014  0.64387288249215135  0.65155602340059970  0.65920236431659252
  0.66657043542425820  0.67373159698740359  0.68095005747260984  0.68809619060271632
  0.69486536087524398  0.70125071691540941  0.70742547526078181  0.71354928594528622
  0.71974294213750167  0.72602480806862202  0.73217695456727294  0.73811143020492920
  0.74384542644159191  0.74955684455635285  0.75535978268492221  0.76115993348977040
  0.76676154926676499  0.77209263386429239  0.77722430383469232  0.78238219137076270
  0.78776534694331601  0.79322192379019640  0.79831773698910669  0.80321054849699736
  0.80761967975338778  0.81181927910303664  0.81589769801986456  0.81993625644456558
  0.82408262101706875  0.82842246162832678  0.83295617881702733  0.83765852006955255
  0.84235613662257658  0.84704191591194800  0.85146809650269761  0.85578580681788918
  0.86013839996689934  0.86446287104530617  0.86863537573604610  0.87272483650671828
  0.87624100279329276  0.87979449071326055  0.88333496435407344  0.88697913924605098
  0.89084753595491228  0.89485737856700920  0.89886130879726656  0.90281952632451523
  0.90671000327493190  0.91063446228713096  0.91461198671814825  0.91879045934311498
  0.92317857908824197  0.92762969602146450  0.93207321684487410  0.93660106287425338
  0.94116257059283637  0.94628419402278086  0.95142638749755704  0.95701434671745245
  0.96335872133088096  0.97066439687501493  0.98147893568768962  1.00000000000000000
 -0.02021708597095383  0.14323595971338510  0.20117191212541929  0.23931104415386198
  0.26620787561309289  0.28864536459390866  0.30606186056369450  0.32116017014081238
  0.33421783713518322  0.34641707441452763  0.35853782665445477  0.37027196600499329
  0.38165404298315153  0.39258758758590034  0.40208086872203119  0.41077170536399982
  0.41891840929107710  0.42692419315578700  0.43474550488288927  0.44227550591930281
  0.44967749322828587  0.45710996716297914  0.46466718320202005  0.47214333200154956
  0.47964193219881496  0.48703404891463881  0.49407547075039876  0.50078869501930012
  0.50704128546237459  0.51362578183602225  0.51988160501273151  0.52591349730019288
  0.53167303423930790  0.53727924808610572  0.54267264784606539  0.54783125606936323
  0.55292675757474552  0.55801040998583273  0.56306658073389038  0.56790195297755730
  0.57305103194967810  0.57780550645244655  0.58270474682764595  0.58730428646305932
  0.59176843608323804  0.59612637438395710  0.60030178786130461  0.60435584779193252
  0.60846032979232390  0.61271910142615038  0.61711739143686306  0.62159275621371446
  0.62596144758325722  0.63054990642168496  0.63527594348668759  0.64002007883891909
  0.64502862164283492  0.65013232815966526  0.65524336104650183  0.66028856647848699
  0.66519438477538861  0.67010145284561939  0.67503673958665711  0.68015792757469240
  0.68531038624207885  0.69024350852962468  0.69507194209018197  0.70000140209980377
  0.70513844036746676  0.71031296632675667  0.71514483087267999  0.71977379450696166
  0.72438448697580593  0.72939515320320991  0.73463283732420237  0.73984540391512710
  0.74501652587420641  0.75010821984213316  0.75589435343035316  0.76158932136444213
  0.76730978904415525  0.77369654178321678  0.78057493663087030  0.78763363997789915
  0.79500207956921776  0.80274931064629829  0.81105848116202539  0.81990397944736060
  0.82916862470828856  0.83922942974144921  0.85034859592386447  0.86294810777640385
  0.87776479708452870  0.89634281939781901  0.92563870978577423  1.00000000000000000
   1.4546629085573849E-010  -1.0000000000000000     
 F F F F F F F F F F F F F F F F F F F F F F F F F F F F F F F F F F F F F F F F F F F F F F F F F F F F F F F F F F F F F F F F F F F F F F F F F F F F F F F F F F F F F F F F F F F F F F F F F F F F F F F F F F F F F F F F F F F F F F F F F F F F F F F F F F F F F F F F F F F F F F F F F F F F F F F F F F F F F F F F F F F F F F F F F F F F F F F F F F F F F F F F F F F F F F F F T F F T F F F F F F F F T F F T F F F F F F F F F F F F F F F F F F F F F F F F F F F F F F F F F F F F F F F F F F F F F F F F F F F F F F F F F F F F F F F F F F F F F F F F F F F F F F F F F F F F F F F F F F F F F F F F F F F F F F F F F F F F F F F F F F F F F F F F F F F F F F F F F F F F F F F F F F F F F F F F F F F F F F F F F F F F F F F F F F F F F F F F F F F F F F F F F F F F F F F F F F F F F F F F F F F F F F F F F F F F F F F F F F F F F F F F F F F F F F F F F F F F F F F F F F F F F F F F T F F T F F F F F F F F T F F T F F F F F F F F F F F F F F F F F F F F F F F F F F F F F F F F F F F F F F F F F F F F F F F F
  <DiscreteSampler_grid>
  grouped_processes
  1 # 1 for a reference and 2 for a running grid.
  10 # Attribute 'min_bin_probing_points' of the grid.
  1 # Attribute 'grid_mode' of the grid. 1=='default',2=='initialization'
  0.0000000000000000 # Attribute 'small_contrib_threshold' of the grid.
  0.5000000000000000 # Attribute 'damping_power' of the grid.
 # binID   n_entries weight   weight_sqr   abs_weight
    199   10   1.108242307972959E-002   5.804967132082459E-004   1.108242307972959E-002
    200   10   1.108242307972946E-002   5.804967132082329E-004   1.108242307972946E-002
    202   10   1.108242307972959E-002   5.804967132082459E-004   1.108242307972959E-002
    203   10   1.108242307972946E-002   5.804967132082329E-004   1.108242307972946E-002
    205   10   1.430012943080774E-002   9.798102734565894E-004   1.430012943080774E-002
    206   10   1.430012943080748E-002   9.798102734565567E-004   1.430012943080748E-002
    208   10   1.430012943080774E-002   9.798102734565894E-004   1.430012943080774E-002
    209   10   1.430012943080748E-002   9.798102734565567E-004   1.430012943080748E-002
    211   10   5.952488810954252E-004   1.674663247188515E-006   5.952488810954252E-004
    212   10   5.952488810954187E-004   1.674663247188481E-006   5.952488810954187E-004
    214   10   5.952488810954252E-004   1.674663247188515E-006   5.952488810954252E-004
    215   10   5.952488810954187E-004   1.674663247188481E-006   5.952488810954187E-004
    217   10   7.680753551790732E-004   2.826634874652324E-006   7.680753551790732E-004
    218   10   7.680753551790604E-004   2.826634874652241E-006   7.680753551790604E-004
    220   10   7.680753551790732E-004   2.826634874652324E-006   7.680753551790732E-004
    221   10   7.680753551790604E-004   2.826634874652241E-006   7.680753551790604E-004
    223   10   5.952488810954252E-004   1.674663247188515E-006   5.952488810954252E-004
    224   10   5.952488810954187E-004   1.674663247188481E-006   5.952488810954187E-004
    226   10   5.952488810954252E-004   1.674663247188515E-006   5.952488810954252E-004
    227   10   5.952488810954187E-004   1.674663247188481E-006   5.952488810954187E-004
    229   10   7.680753551790732E-004   2.826634874652324E-006   7.680753551790732E-004
    230   10   7.680753551790604E-004   2.826634874652241E-006   7.680753551790604E-004
    232   10   7.680753551790732E-004   2.826634874652324E-006   7.680753551790732E-004
    233   10   7.680753551790604E-004   2.826634874652241E-006   7.680753551790604E-004
    235   10   1.108242307972959E-002   5.804967132082459E-004   1.108242307972959E-002
    236   10   1.108242307972946E-002   5.804967132082329E-004   1.108242307972946E-002
    238   10   1.108242307972959E-002   5.804967132082459E-004   1.108242307972959E-002
    239   10   1.108242307972946E-002   5.804967132082329E-004   1.108242307972946E-002
    241   10   1.430012943080774E-002   9.798102734565894E-004   1.430012943080774E-002
    242   10   1.430012943080748E-002   9.798102734565567E-004   1.430012943080748E-002
    244   10   1.430012943080774E-002   9.798102734565894E-004   1.430012943080774E-002
    245   10   1.430012943080748E-002   9.798102734565567E-004   1.430012943080748E-002
    247   10   5.952488810954252E-004   1.674663247188515E-006   5.952488810954252E-004
    248   10   5.952488810954181E-004   1.674663247188479E-006   5.952488810954181E-004
    250   10   5.952488810954252E-004   1.674663247188515E-006   5.952488810954252E-004
    251   10   5.952488810954181E-004   1.674663247188479E-006   5.952488810954181E-004
    253   10   7.680753551790733E-004   2.826634874652326E-006   7.680753551790733E-004
    254   10   7.680753551790599E-004   2.826634874652237E-006   7.680753551790599E-004
    256   10   7.680753551790733E-004   2.826634874652326E-006   7.680753551790733E-004
    257   10   7.680753551790599E-004   2.826634874652237E-006   7.680753551790599E-004
    259   10   3.197145857871372E-005   4.831202188870796E-009   3.197145857871372E-005
    260   10   3.197145857871338E-005   4.831202188870697E-009   3.197145857871338E-005
    262   10   3.197145857871372E-005   4.831202188870796E-009   3.197145857871372E-005
    263   10   3.197145857871338E-005   4.831202188870697E-009   3.197145857871338E-005
    265   10   4.125415466258037E-005   8.154501877607400E-009   4.125415466258037E-005
    266   10   4.125415466257967E-005   8.154501877607150E-009   4.125415466257967E-005
    268   10   4.125415466258037E-005   8.154501877607400E-009   4.125415466258037E-005
    269   10   4.125415466257967E-005   8.154501877607150E-009   4.125415466257967E-005
    271   10   3.197145857871372E-005   4.831202188870796E-009   3.197145857871372E-005
    272   10   3.197145857871338E-005   4.831202188870697E-009   3.197145857871338E-005
    274   10   3.197145857871372E-005   4.831202188870796E-009   3.197145857871372E-005
    275   10   3.197145857871338E-005   4.831202188870697E-009   3.197145857871338E-005
    277   10   4.125415466258037E-005   8.154501877607400E-009   4.125415466258037E-005
    278   10   4.125415466257967E-005   8.154501877607150E-009   4.125415466257967E-005
    280   10   4.125415466258037E-005   8.154501877607400E-009   4.125415466258037E-005
    281   10   4.125415466257967E-005   8.154501877607150E-009   4.125415466257967E-005
    283   10   5.952488810954252E-004   1.674663247188515E-006   5.952488810954252E-004
    284   10   5.952488810954181E-004   1.674663247188479E-006   5.952488810954181E-004
    286   10   5.952488810954252E-004   1.674663247188515E-006   5.952488810954252E-004
    287   10   5.952488810954181E-004   1.674663247188479E-006   5.952488810954181E-004
    289   10   7.680753551790733E-004   2.826634874652326E-006   7.680753551790733E-004
    290   10   7.680753551790599E-004   2.826634874652237E-006   7.680753551790599E-004
    292   10   7.680753551790733E-004   2.826634874652326E-006   7.680753551790733E-004
    293   10   7.680753551790599E-004   2.826634874652237E-006   7.680753551790599E-004
    295   10   5.952488810954252E-004   1.674663247188515E-006   5.952488810954252E-004
    296   10   5.952488810954181E-004   1.674663247188479E-006   5.952488810954181E-004
    298   10   5.952488810954252E-004   1.674663247188515E-006   5.952488810954252E-004
    299   10   5.952488810954181E-004   1.674663247188479E-006   5.952488810954181E-004
    301   10   7.680753551790733E-004   2.826634874652326E-006   7.680753551790733E-004
    302   10   7.680753551790599E-004   2.826634874652237E-006   7.680753551790599E-004
    304   10   7.680753551790733E-004   2.826634874652326E-006   7.680753551790733E-004
    305   10   7.680753551790599E-004   2.826634874652237E-006   7.680753551790599E-004
    307   10   3.197145857871372E-005   4.831202188870796E-009   3.197145857871372E-005
    308   10   3.197145857871338E-005   4.831202188870697E-009   3.197145857871338E-005
    310   10   3.197145857871372E-005   4.831202188870796E-009   3.197145857871372E-005
    311   10   3.197145857871338E-005   4.831202188870697E-009   3.197145857871338E-005
    313   10   4.125415466258037E-005   8.154501877607400E-009   4.125415466258037E-005
    314   10   4.125415466257967E-005   8.154501877607150E-009   4.125415466257967E-005
    316   10   4.125415466258037E-005   8.154501877607400E-009   4.125415466258037E-005
    317   10   4.125415466257967E-005   8.154501877607150E-009   4.125415466257967E-005
    319   10   3.197145857871372E-005   4.831202188870796E-009   3.197145857871372E-005
    320   10   3.197145857871338E-005   4.831202188870697E-009   3.197145857871338E-005
    322   10   3.197145857871372E-005   4.831202188870796E-009   3.197145857871372E-005
    323   10   3.197145857871338E-005   4.831202188870697E-009   3.197145857871338E-005
    325   10   4.125415466258037E-005   8.154501877607400E-009   4.125415466258037E-005
    326   10   4.125415466257967E-005   8.154501877607150E-009   4.125415466257967E-005
    328   10   4.125415466258037E-005   8.154501877607400E-009   4.125415466258037E-005
    329   10   4.125415466257967E-005   8.154501877607150E-009   4.125415466257967E-005
    331   10   5.952488810954252E-004   1.674663247188515E-006   5.952488810954252E-004
    332   10   5.952488810954181E-004   1.674663247188479E-006   5.952488810954181E-004
    334   10   5.952488810954252E-004   1.674663247188515E-006   5.952488810954252E-004
    335   10   5.952488810954181E-004   1.674663247188479E-006   5.952488810954181E-004
    337   10   7.680753551790733E-004   2.826634874652326E-006   7.680753551790733E-004
    338   10   7.680753551790599E-004   2.826634874652237E-006   7.680753551790599E-004
    340   10   7.680753551790733E-004   2.826634874652326E-006   7.680753551790733E-004
    341   10   7.680753551790599E-004   2.826634874652237E-006   7.680753551790599E-004
    343   10   1.108242307972959E-002   5.804967132082459E-004   1.108242307972959E-002
    344   10   1.108242307972946E-002   5.804967132082329E-004   1.108242307972946E-002
    346   10   1.108242307972959E-002   5.804967132082459E-004   1.108242307972959E-002
    347   10   1.108242307972946E-002   5.804967132082329E-004   1.108242307972946E-002
    349   10   1.430012943080774E-002   9.798102734565894E-004   1.430012943080774E-002
    350   10   1.430012943080748E-002   9.798102734565567E-004   1.430012943080748E-002
    352   10   1.430012943080774E-002   9.798102734565894E-004   1.430012943080774E-002
    353   10   1.430012943080748E-002   9.798102734565567E-004   1.430012943080748E-002
    355   10   5.952488810954252E-004   1.674663247188515E-006   5.952488810954252E-004
    356   10   5.952488810954187E-004   1.674663247188481E-006   5.952488810954187E-004
    358   10   5.952488810954252E-004   1.674663247188515E-006   5.952488810954252E-004
    359   10   5.952488810954187E-004   1.674663247188481E-006   5.952488810954187E-004
    361   10   7.680753551790732E-004   2.826634874652324E-006   7.680753551790732E-004
    362   10   7.680753551790604E-004   2.826634874652241E-006   7.680753551790604E-004
    364   10   7.680753551790732E-004   2.826634874652324E-006   7.680753551790732E-004
    365   10   7.680753551790604E-004   2.826634874652241E-006   7.680753551790604E-004
    367   10   5.952488810954252E-004   1.674663247188515E-006   5.952488810954252E-004
    368   10   5.952488810954187E-004   1.674663247188481E-006   5.952488810954187E-004
    370   10   5.952488810954252E-004   1.674663247188515E-006   5.952488810954252E-004
    371   10   5.952488810954187E-004   1.674663247188481E-006   5.952488810954187E-004
    373   10   7.680753551790732E-004   2.826634874652324E-006   7.680753551790732E-004
    374   10   7.680753551790604E-004   2.826634874652241E-006   7.680753551790604E-004
    376   10   7.680753551790732E-004   2.826634874652324E-006   7.680753551790732E-004
    377   10   7.680753551790604E-004   2.826634874652241E-006   7.680753551790604E-004
    379   10   1.108242307972959E-002   5.804967132082459E-004   1.108242307972959E-002
    380   10   1.108242307972946E-002   5.804967132082329E-004   1.108242307972946E-002
    382   10   1.108242307972959E-002   5.804967132082459E-004   1.108242307972959E-002
    383   10   1.108242307972946E-002   5.804967132082329E-004   1.108242307972946E-002
    385   10   1.430012943080774E-002   9.798102734565894E-004   1.430012943080774E-002
    386   10   1.430012943080748E-002   9.798102734565567E-004   1.430012943080748E-002
    388   10   1.430012943080774E-002   9.798102734565894E-004   1.430012943080774E-002
    389   10   1.430012943080748E-002   9.798102734565567E-004   1.430012943080748E-002
  </DiscreteSampler_grid>
