     
 Collinear #          38
 ME*wgt:
   0.0000000000000000        0.0000000000000000        2.0446027754643885E-023
   0.0000000000000000        0.0000000000000000        2.0446027754643885E-023
   0.0000000000000000        0.0000000000000000        2.0446027754643885E-023
   0.0000000000000000        0.0000000000000000        2.0446027754643885E-023
   0.0000000000000000        0.0000000000000000        2.0446027754643885E-023
   0.0000000000000000        0.0000000000000000        2.0446027754643885E-023
   0.0000000000000000        0.0000000000000000        2.0446027754643885E-023
   0.0000000000000000        0.0000000000000000        2.0446027754643885E-023
   0.0000000000000000        0.0000000000000000        2.0446027754643885E-023
   0.0000000000000000        0.0000000000000000        2.0446027754643885E-023
 wgt:
   1.0000000365343964        1.8364306715004230E-003   1.8364306044075392E-003
   1.0000000035018202        1.8364306108383890E-003   1.8364306044075392E-003
   1.0000000003487342        1.8364306050479653E-003   1.8364306044075392E-003
   1.0000000000348588        1.8364306044715551E-003   1.8364306044075392E-003
   1.0000000000034857        1.8364306044139406E-003   1.8364306044075392E-003
   1.0000000000003484        1.8364306044081791E-003   1.8364306044075392E-003
   1.0000000000000346        1.8364306044076027E-003   1.8364306044075392E-003
   1.0000000000000033        1.8364306044075455E-003   1.8364306044075392E-003
   1.0000000000000002        1.8364306044075396E-003   1.8364306044075392E-003
   1.0000000000000000        1.8364306044075392E-003   1.8364306044075392E-003
