 -0.00000015530881280  0.00000297597031391  0.00000762275628164  0.00001149141254426
  0.00001549440986181  0.00001892017192801  0.00002077202953979  0.00002194579233247
  0.00002290293200468  0.00002406080754390  0.00002566783851094  0.00002712871187668
  0.00002827799210595  0.00002924143125709  0.00003014455009808  0.00003095810482668
  0.00003175845735445  0.00003266308076225  0.00003357838706835  0.00003439843302597
  0.00003516055437728  0.00003603387851139  0.00003717193690465  0.00004635160309285
  0.00005787841061040  0.00006021223994847  0.00006191745152130  0.00006296163349372
  0.00006399579894669  0.00006500120297911  0.00006600660701154  0.00006690590665624
  0.00006782694924902  0.00006879485243878  0.00006981564739422  0.00007081586060183
  0.00007184006203659  0.00007290945836446  0.00007403177960084  0.00007524467724830
  0.00007623035122799  0.00007720526445341  0.00007829309118196  0.00007943475160853
  0.00008073705894873  0.00008205590540400  0.00008352306680945  0.00008536657852206
  0.00008761417885930  0.00009031784933703  0.00009357499334471  0.00009763548890807
  0.00010133628174039  0.00010504670669526  0.00010872694521722  0.00011254489429615
  0.00011714432637986  0.00012311738456682  0.00013005079491076  0.00013660364860284
  0.00014287675356982  0.00014843696884559  0.00015376203780040  0.00016000957508238
  0.00016621300498221  0.00017325989668843  0.00018247504009078  0.00019362434623160
  0.00020373587836013  0.00021310649961851  0.00022335126661039  0.00023638579268382
  0.00025193584323995  0.00026588069076205  0.00028001963480386  0.00029750468880895
  0.00031935614654579  0.00034341998875724  0.00037640878802381  0.00041707805306696
  0.00046015362331791  0.00050762799828146  0.00054231102304982  0.00058314126898382
  0.00063012227586807  0.00068581280165683  0.00074983175558302  0.00080929567688108
  0.00087811631974686  0.00103067711094590  0.00121450682853498  0.00140430380193217
  0.00166474575839270  0.00259245359838416  0.00678675437454381  1.00000000000000000
 -0.00000012161343412  0.00000202307012440  0.00000713789706302  0.00001003268272042
  0.00001265927043489  0.00001632621141971  0.00001969217492191  0.00002189698112846
  0.00002362929271624  0.00002527799398670  0.00002676286280900  0.00002789407634600
  0.00002881740380932  0.00002969713332890  0.00003061538305545  0.00003141175772199
  0.00003218562751875  0.00003292399993259  0.00003362598362787  0.00003434654212294
  0.00003514633091553  0.00003614140533485  0.00003897028637352  0.00005730047055269
  0.00006146146608966  0.00006285188177375  0.00006405852333383  0.00006503316243332
  0.00006595110410326  0.00006702420578107  0.00006811445986994  0.00006919623794574
  0.00007033898083374  0.00007155617095276  0.00007284208018105  0.00007430987484254
  0.00007595819066026  0.00007784898812272  0.00007985858446858  0.00008189665561536
  0.00008395088134979  0.00008605453208909  0.00008829001286710  0.00009006135957344
  0.00009172322759420  0.00009326803267629  0.00009498841682330  0.00009687366150683
  0.00009927325765574  0.00010155601635177  0.00010392962967762  0.00010652343493014
  0.00010957878853174  0.00011283658670614  0.00011622108178763  0.00012061018442914
  0.00012589155486660  0.00013125899475476  0.00013627384821550  0.00014115404966907
  0.00014619536563210  0.00015220962618384  0.00016120386372841  0.00017209592715435
  0.00018323971039393  0.00019402260043341  0.00020376252539447  0.00021426688970252
  0.00022569339501504  0.00023363895339498  0.00024319098140789  0.00025075075747551
  0.00025850362217898  0.00026728027901056  0.00027720317689521  0.00029212318438310
  0.00031121137330071  0.00033200087628257  0.00034909847369153  0.00036205948915596
  0.00038155340382977  0.00039871922799132  0.00041997519820566  0.00045068298078274
  0.00049460808024258  0.00054272057712050  0.00060620019529154  0.00068809343699860
  0.00079218915836989  0.00092282560022165  0.00109052854170571  0.00138186467385409
  0.00186221156504356  0.00289818442957633  0.00648309492375625  1.00000000000000000
  0.00639246879138479  0.01831735298363266  0.03119263341788481  0.04326129072420626
  0.05490976667703773  0.06459040728660015  0.07586196866154188  0.08984157091241503
  0.10277073809450861  0.11464878243862189  0.12750648346926219  0.14190038857796161
  0.15441127706779362  0.16491865147822141  0.17529638706595160  0.18607013490581037
  0.19543432342078632  0.20405633539764204  0.21377462959662072  0.22371879031030456
  0.23352200582963695  0.24287870529499600  0.25280679237747189  0.26299781183177434
  0.27622687866824486  0.29184296203277760  0.30164689144516271  0.31064889128017442
  0.32089287151472967  0.33124943619469444  0.33874083808356753  0.34496640547569979
  0.35298876255052497  0.36263817673981985  0.37213777250266605  0.37947764652492355
  0.38633373661304554  0.39272903237965612  0.39845925632658891  0.40521747869040303
  0.41183303185052994  0.42577487610388165  0.44046864049889539  0.45055638984301249
  0.45874086915672374  0.46608232115255410  0.47359265427327218  0.48066297134541414
  0.49069414225032676  0.50465135872991462  0.51517823495204429  0.53137587301071254
  0.54907631772681409  0.56264753135477008  0.57330052494267947  0.58386930648255742
  0.59235562117951812  0.60289379055430914  0.60947541946308859  0.61412931007710403
  0.61904050253575660  0.62553088866476736  0.63195860167546825  0.63736597169684994
  0.64304673563322068  0.65114456180665081  0.65968263939818517  0.66838906128717579
  0.67697238401630466  0.68795685168846143  0.69734903815973315  0.70372413249382870
  0.70895694352825922  0.71510805120215659  0.72228038785161786  0.73105613242487788
  0.74496023276306811  0.76182299728334479  0.77761920612479496  0.79206618360000591
  0.80612134163211535  0.82094333463495128  0.83623857952305081  0.84979080870160095
  0.86037743659021848  0.87045567498829024  0.88039483390130990  0.89035754731063110
  0.90297270257693130  0.91706727917566178  0.92903931872501411  0.94373528349091351
  0.95723838576363574  0.97108981519397952  0.98562983653436187  1.00000000000000000
  0.00184492333356101  0.01607429337962617  0.03079860468202324  0.04283058036781860
  0.05412431984521048  0.06706283934806020  0.07491944282186810  0.08140620745683287
  0.08731242825376875  0.09420163871603436  0.10223032358121581  0.11219111571829059
  0.12476618884944993  0.13874984778318369  0.15167162576429766  0.16329259374886487
  0.17218552366919951  0.17994444967323969  0.18742595777415938  0.19665520134580194
  0.20821065790270149  0.21950923064331335  0.22861122619658605  0.23639760880428728
  0.24468199538236773  0.25386712262245553  0.26290656789752681  0.27016296961039121
  0.27758689441290818  0.28894408171115438  0.30437769621926070  0.31934490545482563
  0.33543957598728941  0.35236430828911491  0.36886899527202671  0.38082841594225719
  0.38917540826712438  0.39919040696894503  0.40942891072202459  0.42116737396370707
  0.43159511661791811  0.44371529827154060  0.45954226483652838  0.46861512099316061
  0.47610221514085233  0.48510663115180092  0.49425034366740284  0.50769122432394242
  0.51833878107949272  0.52945071518156539  0.54042713516778451  0.55088384388123679
  0.56091625948046198  0.57164680843272053  0.58539548469794467  0.59737900915367836
  0.60895347002266575  0.62297300201358419  0.63586410175430175  0.64768266472990665
  0.66066096637717420  0.67466874524544951  0.68876174431893034  0.70167775433890400
  0.71255383946235118  0.72006708049190971  0.72751734296917725  0.73533085954421951
  0.74541737191299950  0.75720747069975081  0.76763431044983199  0.77892921493005252
  0.78864606173808549  0.79659627101945218  0.80410151011089526  0.81031000211029525
  0.81854316771545377  0.83077242278435659  0.84281837107071744  0.85486194869051291
  0.86680645146179813  0.87846317344770708  0.89050216702504825  0.90224320561472515
  0.91224060639065818  0.92306178682677165  0.93590368564807824  0.94993331168238637
  0.95936061306452924  0.96601409364440693  0.97202995783704926  0.97550962948074849
  0.98173351935440889  0.98753611126866103  0.99213691377714663  1.00000000000000000
 -0.00071555147401470  0.00371950113095597  0.00695465601212393  0.01081822695749016
  0.01597666366159697  0.02273789190320597  0.02835080658885609  0.03379649317130709
  0.04081289604738071  0.04859124482375302  0.05509321298420058  0.06083416318945747
  0.06907754243638674  0.08001927041967531  0.09104272511013531  0.10120026010660552
  0.10748634590883037  0.11262912221493528  0.11985220677356957  0.12763137986127587
  0.13637818284384143  0.14387392060193893  0.15091115415081346  0.15769895237901374
  0.16829708453501388  0.18145860202861935  0.19421165623546999  0.20191491071244119
  0.20723206254629217  0.21338950572630025  0.22001675327285566  0.22550615143216710
  0.23009894987474910  0.23464104335574948  0.23888178733398541  0.24473826221558651
  0.25169507410342795  0.25927940262245092  0.26706161814371182  0.27384556214364969
  0.28040400225425349  0.28831562565637409  0.29578320370586952  0.30114076143386403
  0.30635122547102955  0.31195793035395347  0.31766621396543793  0.32445268506033492
  0.33268675629045497  0.34224500474173081  0.35291777746563069  0.36534102554320019
  0.37824618225400519  0.39189282553000276  0.40704128219526065  0.42263262875607915
  0.43735547466726660  0.45124472528191245  0.46537441562276699  0.47720413555013469
  0.48758603471772188  0.49686230929727615  0.50617943394021991  0.51598815568327694
  0.52583381754565184  0.53579700750788117  0.54632503390955933  0.55788056697087918
  0.57278127522253974  0.58608417181877437  0.59803353373359258  0.60839690360724241
  0.61792487261007978  0.62849423852253739  0.64073687540736635  0.65886505811188911
  0.67574911580071551  0.69191697143930153  0.70767374449137721  0.72367504608855060
  0.74093747608657845  0.75730477718576350  0.77399136547476255  0.79037457837681468
  0.80555827704414917  0.82168167523965752  0.83859943837485662  0.85675387126472291
  0.87475329638336996  0.89199580449057103  0.90875900157464817  0.92568317629873409
  0.94321462274892687  0.96164860813404329  0.98065626637924475  1.00000000000000000
 -0.00238976151676449  0.01009647355777247  0.01747043937928122  0.02533215477012329
  0.03332229753739880  0.04126749664192832  0.05083004618307261  0.06161069023185429
  0.07031812717457528  0.07807949855048801  0.08581505127612336  0.09457097301482728
  0.10143542952911906  0.10877793456512322  0.11892843074142721  0.13076978687852051
  0.14116837583326472  0.15171202212121601  0.16221762093353748  0.17302557760426682
  0.18414807271893613  0.19496838940565159  0.20468649385408000  0.21457999555761781
  0.22468363622098581  0.23603041471653741  0.24790990182328373  0.25697565072224748
  0.26573184443240139  0.27308850999903922  0.27975175665419755  0.28704478289670732
  0.29479727110367004  0.30303175545963718  0.31328024572019764  0.32423278042418735
  0.33586108556514621  0.34810723333245663  0.36249469523820232  0.37703438681334506
  0.39032202020289214  0.40313857704318662  0.41720802862858147  0.43165828858665473
  0.44333073326785649  0.45191264723871072  0.45913705396933974  0.46635871302226378
  0.47377546975003926  0.48357187232584492  0.49466488644806372  0.50589744077264176
  0.51591302755692048  0.52546500024655640  0.53385552759663091  0.54334312846020760
  0.55279249087181748  0.56153882499630992  0.57063830494338696  0.57843563903133466
  0.58889884405576642  0.60398214741003298  0.62070441530385745  0.63771545171431476
  0.65851502049616328  0.68065781980431184  0.70052342682338875  0.71726937826938042
  0.72896722650870927  0.73902825565581398  0.74760490371945132  0.75447410734996145
  0.76176969481911572  0.77000093358019617  0.77791189041039410  0.78494308553553804
  0.79252936489144299  0.80169425119318360  0.81175431223692884  0.82071609695492342
  0.82799380346897122  0.83737204449220415  0.84926938800361029  0.86342259362341300
  0.87476102683839152  0.88585939693783078  0.89477052276273605  0.90170170454416532
  0.90924686922358411  0.91668347395210004  0.92628267232861172  0.93982984467349984
  0.95279655471568681  0.96541179443958536  0.98126587383515673  1.00000000000000000
 -0.00313025858813868  0.01304986713365156  0.02513267434373060  0.03811983319224928
  0.04872097750084193  0.05814664288351389  0.06611178942108364  0.07530365633760343
  0.08380405198652706  0.09854679304700058  0.11222949661073212  0.12445799365520523
  0.13530647308113392  0.14597663605452371  0.15506427141721224  0.16274335659937314
  0.17007793116167175  0.17830151127556479  0.18802597979044700  0.19864748373837018
  0.20939849648074380  0.22039199561866726  0.23099688354516540  0.24061128268651544
  0.25200735655723366  0.26156757022582122  0.27277418432542389  0.28627717454041690
  0.29973980231946334  0.31225612651892048  0.32470773013923532  0.33748946743049862
  0.35363175337015262  0.36729349370358344  0.37944884580819432  0.39162106953076226
  0.40515345367714439  0.42047371860649108  0.43343904030264213  0.44232541110592072
  0.45016656286986512  0.45800105063478619  0.46620192991103337  0.47400416438746401
  0.48665167308387880  0.50376605329367963  0.51931666154504785  0.53101872861348776
  0.54098418349928912  0.55062108787314534  0.56090673579054307  0.57229808723922482
  0.58939706324950314  0.60989703231295544  0.62611133249458351  0.63832756333172114
  0.64699174062572751  0.65500736975156482  0.66298904446837559  0.67068590996963762
  0.67862874678755492  0.68526676539455944  0.69240125260420571  0.70085101745675127
  0.70992960497175839  0.72019284463198485  0.73266652476100236  0.74499018938502137
  0.75324355354664174  0.75900574163686585  0.76335878959662395  0.76798125157221986
  0.77453928932837335  0.78446476572685087  0.80043291407569050  0.82296621572143680
  0.84479585629376275  0.86105485309763397  0.86985160155943242  0.87669092510437741
  0.88181464998459591  0.88768038072234579  0.89482423525291099  0.90346785954560893
  0.91221818007285471  0.92054299113782401  0.92823607067827119  0.93631144083350926
  0.94561587968292471  0.95506690394777272  0.96380881662327333  0.97215226100709828
  0.97809231798986751  0.98421996242517384  0.99184154435103289  1.00000000000000000
 -0.00390257769443005  0.01451662906113190  0.02667966186357731  0.03801543458768801
  0.04964916199661836  0.06090219665601687  0.07226508630147126  0.08906366934190837
  0.10884275526871613  0.12542058453658675  0.14038592403183142  0.15455001613462910
  0.16767956284949692  0.17964760683879324  0.19282538292529725  0.20728561663946496
  0.22097926865086673  0.23271491847264800  0.24014457061310596  0.24943154435783946
  0.25928740530980221  0.26974623650263152  0.28357449898900677  0.29939777776796894
  0.31383047496717176  0.32849531370523349  0.34218522445858957  0.35383695173771823
  0.36490777544852282  0.37548290602267559  0.38760691148251902  0.39883320618793322
  0.40886578027476717  0.41951351768069034  0.43031870726945232  0.44102416809306128
  0.45143240875036433  0.46376244690762136  0.47477691819301288  0.48480439802189706
  0.49467962604057597  0.50455718269665872  0.51411863601738672  0.52480674359731283
  0.53212751288815630  0.53618843363715329  0.53963167457990036  0.54396348793063753
  0.55138165790208205  0.55790554312109930  0.56284559504102449  0.56788747980054888
  0.57512998443972208  0.58112647478788260  0.58870478588727815  0.59793496996353834
  0.60809942069269018  0.61964831762783179  0.63179890947625439  0.64498066988878777
  0.65773226481560587  0.67016661001355160  0.68331591663226054  0.69677005773815037
  0.70918317490175731  0.71863188561051972  0.72944847907789734  0.74091134055157593
  0.75418615413650181  0.76554780250622911  0.77328393432733189  0.78152130831150202
  0.78869292696434168  0.79609193916938092  0.80464141375363296  0.81321654118036579
  0.82712403380435306  0.84387744766667283  0.85573709294269373  0.86527842707731695
  0.87481194484525127  0.88094717491592456  0.88864566162275893  0.89704464107467885
  0.90472671805152882  0.91167212355180061  0.91835919982200209  0.92520157171962680
  0.93115883253152820  0.93704490099610738  0.94476912490355958  0.95467310473882716
  0.96595342960763564  0.97758497379867526  0.98844366472450129  1.00000000000000000
 -0.00279436830333933  0.01023041401183438  0.02384823494759191  0.03516600887088304
  0.04678551525043982  0.05875310168035659  0.07007295834422742  0.08075758693884379
  0.09101703549053934  0.10124912605366491  0.11268254836350251  0.12623209849294392
  0.14071759673310885  0.15255518570621004  0.16438115139707785  0.17357628228226435
  0.18233880261030339  0.19172869672411860  0.20225897953121150  0.21364661799892704
  0.22477718063407606  0.23778400195417684  0.25448026538111185  0.27060680359673805
  0.28546339241080348  0.29857019819977937  0.31051425339264027  0.32234079059783427
  0.33423619232973201  0.34548148311277471  0.35562576389618034  0.36580856333999390
  0.37520420584373493  0.38524600077548093  0.39665567668297735  0.40845559493585093
  0.41932627853026722  0.42942168126576480  0.44128327418023250  0.45481505877838801
  0.46783849756679868  0.47755793359672777  0.48324949560923353  0.48848642960690580
  0.49331914936682869  0.49866311768275240  0.50487135078434797  0.51375647350616938
  0.52373148513863277  0.53501207379183491  0.54853722170851860  0.55971327048681985
  0.56835993800280027  0.57639306858106587  0.58467113043218144  0.59282697567194487
  0.60276077654599325  0.61366360782328966  0.62254256549634057  0.63083997670428260
  0.63903947682674411  0.64811847502238717  0.65746092049249860  0.66548162354362494
  0.67404440706390201  0.68497308612479735  0.69639728589047156  0.70469611917241981
  0.71103718444741038  0.71760091823999606  0.72621808829396761  0.73773562338033605
  0.74973812558834185  0.76011835267427863  0.76919663866137455  0.77807173016274300
  0.78755409596426229  0.79846387132268359  0.81254269298825388  0.82539795737356969
  0.83591009104517633  0.84661747210224259  0.85783063679718929  0.86811686320517834
  0.87709437600752294  0.88514669784336697  0.89324975603171020  0.90127301347632716
  0.91104431726785973  0.92061133168502973  0.93261508344205857  0.94391612640787259
  0.95581138298768376  0.96666318380486749  0.97972551811594610  1.00000000000000000
 -0.00168832425388709  0.00632854416862371  0.01331187489910118  0.02198601737623055
  0.03062632992273403  0.03899210106724656  0.04776080975877936  0.06130898896084767
  0.07510064635528026  0.09089151781498198  0.10714528156695581  0.12094958441144317
  0.12830941095142637  0.13879956992884812  0.14814185470417740  0.15614267755194833
  0.16369299997867648  0.17034657702071287  0.17882167979628963  0.18739021603589368
  0.19539894711797748  0.20232153743467943  0.20924279849442926  0.21494217431443113
  0.22116566074877300  0.22896942398148290  0.24082756398031344  0.25292630151875117
  0.26552444131455483  0.27982050514857387  0.29368018553333541  0.30572151766014533
  0.31679733266534593  0.32786066457170060  0.33892514790811629  0.34986897270426581
  0.35947865401895751  0.36755942386165058  0.37558331679237178  0.38268650821396288
  0.38922890965239737  0.39611517537578117  0.40297136597203648  0.40995490720667943
  0.41940053659609805  0.43043871117482757  0.44065140294836086  0.45114776430623466
  0.46044719333508305  0.46852806135325842  0.47671083321583796  0.48715421643935519
  0.50402750125042095  0.52231453683432760  0.53865563209949463  0.55198895718224639
  0.56383911291037636  0.57620415109542289  0.58899479328055915  0.60214600099716198
  0.61537024516699768  0.62798510390462836  0.63970391868448984  0.65344297744229540
  0.66791041885308311  0.68236240943061488  0.69955209608515434  0.71705718101172677
  0.73020048643901769  0.73813632360421910  0.74370870340720197  0.74923529850080406
  0.75473893648343549  0.76103501921903349  0.76656064746562569  0.77240587413039496
  0.78000788266089127  0.79353415164060526  0.80590821031944948  0.81811178076297963
  0.83024062750915695  0.84196337015432365  0.85538534797711374  0.87266054220710143
  0.88647375622633284  0.89813591793101144  0.90905215977388754  0.92014049069628190
  0.93173755186103246  0.94193505229962016  0.94941268951818225  0.95694379757198855
  0.96478360348819425  0.97195262037615593  0.98091628896798777  1.00000000000000000
 -0.00308202520182298  0.00885999178710467  0.01873286083307731  0.02748972468378089
  0.03616786404012801  0.04473064447396657  0.05251709879678897  0.05966286708577386
  0.06681092677989645  0.07636219573568413  0.08973180676400129  0.10210010066410413
  0.11340452440269316  0.12499659820839951  0.13756281323456920  0.15061681213824676
  0.16320166849382703  0.17521041764164400  0.18664117772662397  0.19672468302331714
  0.20597990287830742  0.21581383685107980  0.22623297160534891  0.23651721443851909
  0.24747277480604560  0.26082439084938686  0.27662361717654343  0.29275652916187878
  0.30752155812629967  0.32075008409303085  0.33457405378692462  0.34753705228656340
  0.36086872461909464  0.37384975243376201  0.38651501369351104  0.39885211742874099
  0.41096067161056948  0.42190879015737814  0.42994506046335718  0.43663011151934766
  0.44248233976750495  0.44782145178707872  0.45343877051631121  0.46024275053032332
  0.46777251531816538  0.47983566074472789  0.49171638339788293  0.50189486559606200
  0.51200903600971437  0.52141426664003987  0.52735177041321235  0.53180152982155393
  0.53765661488392724  0.54429507799708376  0.55189613816868022  0.55922969436284620
  0.56630058116247683  0.57172502710561546  0.57894784677687439  0.58544816970691560
  0.59147389710835852  0.60079405641744854  0.61153540738858458  0.62265422488314370
  0.63297983727328933  0.64356505468969372  0.65362898452392981  0.66416146464520953
  0.67377874394928372  0.68258960154603077  0.69096383002607220  0.70110000982542720
  0.71177021730508505  0.72163812712646314  0.72969679348314676  0.73810139835032140
  0.74908067587957750  0.76446577761750112  0.78043220939167379  0.79552759240087589
  0.81149925021486158  0.82597498068078856  0.83799286411110863  0.84854499789355164
  0.85868320496023476  0.87066748730145505  0.88223111299068668  0.89385393507710964
  0.90611534689899298  0.91869648413441796  0.93102674052100032  0.94907585709308340
  0.96328449389437520  0.97301481230859710  0.98665346118305142  1.00000000000000000
 -0.00187097886533636  0.00920845741755073  0.01725575605259074  0.02553220365858381
  0.03475516775152017  0.04329129407539634  0.05046826348436501  0.05658636478501902
  0.06230033393596691  0.06877164458610069  0.07708149307035839  0.08543015330307456
  0.09403242963346643  0.10447110921804335  0.11794008885821784  0.13120833427915704
  0.14388129672783653  0.15585151245454171  0.16716934206139836  0.17735645056674057
  0.18794255442232460  0.19854358242512515  0.20853802720560183  0.21990465009244353
  0.23120814921795765  0.24108487176112386  0.25067972066515748  0.26044227458523728
  0.26986478501744071  0.27930611236218034  0.28994661259013949  0.30337615781059912
  0.31731731020639875  0.32682855415360906  0.33433430784362983  0.34142659475558468
  0.34875344005465164  0.35539332328659479  0.36198903344803218  0.36944727978802222
  0.37761455294332580  0.38685913208936901  0.39630223978830331  0.40556434083604648
  0.41546970759246732  0.42731494005493753  0.44022545960725068  0.45096148547303277
  0.46269694579041926  0.47417990928837594  0.48816729846602031  0.50889930743910761
  0.52640336551760025  0.54209270471671134  0.55545839495406890  0.56775954534865058
  0.57989813542874857  0.58975638639561589  0.59713248914531547  0.60500935751681884
  0.61406060229939008  0.62250742528175917  0.63773346013627630  0.65454648892515321
  0.67194432226740053  0.68497567513149271  0.69375974116752059  0.70045215005321626
  0.70688150982323461  0.71310480211298033  0.72111579339690823  0.72934446309889600
  0.73841930790395771  0.74886762658875183  0.76000075192168459  0.77438067347006090
  0.78782358288658072  0.80258630372502104  0.81515167506468589  0.82578111074172500
  0.83597586642189992  0.84645260466832906  0.85635344661712332  0.86656067526930192
  0.87749030744921275  0.88907601164858596  0.90059636292133027  0.91106951997076180
  0.92064816872293409  0.92843940881382325  0.93518764504821339  0.94316028540222241
  0.95414298885928184  0.96810013780496351  0.98402018909757960  1.00000000000000000
 -0.00140090627552652  0.00700987623190850  0.01328430734997535  0.01933677922047149
  0.02383789457226496  0.02866521853237913  0.03403991754370254  0.04016956584677871
  0.04678039683972874  0.05358225543898671  0.05829260143416776  0.06416571726311339
  0.07336052219709187  0.08478862032411331  0.09541020159071703  0.10652982619111598
  0.11731555973518563  0.12892700196383008  0.14042608550663377  0.15077534498968057
  0.16104102734493023  0.17069293725354842  0.17986782444689980  0.18962124234409530
  0.20019750431577826  0.20980197960654101  0.21746740485389046  0.22506442088554030
  0.23178827606361108  0.23956115226425950  0.24850693792539019  0.26382927031065928
  0.27732226661668041  0.28848287508937320  0.29898782334151075  0.31049093023548308
  0.32226384933051289  0.33159332508430106  0.34100984457923106  0.34955042024671518
  0.35774609608721331  0.36501939149421231  0.37286961426657411  0.38453459008555302
  0.40014241686966046  0.41883108083726184  0.43945012540783873  0.46044721491857932
  0.47943116144285869  0.48997587739766785  0.49950551767868911  0.51007340324147021
  0.51982980043133242  0.52984709510339689  0.53962391048496205  0.55083757050570492
  0.56378518332917893  0.57670163608450964  0.58868384670056950  0.59931323281708870
  0.60965725283450023  0.62104471025014030  0.63115147442502195  0.63981726856844601
  0.64919715604409767  0.65987141684177875  0.67076687876060359  0.68868853189461687
  0.71132433569070919  0.73417472702326758  0.75387377680985057  0.76772938654433953
  0.77993512922792207  0.79192560084298003  0.80327797359609499  0.81349245448345320
  0.82509969175515530  0.83822280618145606  0.85196791960655982  0.86693918093079669
  0.88027330035341256  0.89240825459800899  0.90048756297919819  0.90810342397797406
  0.91638193270663115  0.92522697643311003  0.93423096158425556  0.94249432342455020
  0.95097963193440693  0.95912093602243997  0.96619589785256910  0.97310627138890182
  0.97994749104915102  0.98644534604944412  0.99304707025596339  1.00000000000000000
 -0.00178818425254113  0.00819734139916917  0.01587127656241526  0.02191667104759524
  0.02671090933652569  0.03196527926014568  0.03879425751348239  0.04565975383057377
  0.05419653168839543  0.06052018892805320  0.06701222676285394  0.07442846681633608
  0.08419010280203042  0.09786989601537384  0.11414196425732651  0.12844039358183101
  0.14043336714945762  0.15214417237851138  0.16406290365338147  0.17543581384799789
  0.18625966351159634  0.19781765189513031  0.20908307734094672  0.21989141817596500
  0.23082235814581459  0.24349877385005791  0.25843641113628213  0.27133655245446692
  0.28249741278026547  0.29349068325280031  0.30454669351098301  0.31494963651488939
  0.32642207378399918  0.33717933267770811  0.34483196480460160  0.35331994980119719
  0.36982359593733521  0.38246399701728501  0.39039266192774003  0.39911305465514857
  0.40911319386526479  0.41794497804648018  0.42665426291563130  0.43837434557010957
  0.45388439741036962  0.47086075521818549  0.48689546154267349  0.50276593132886371
  0.51723722744842748  0.53042919450371551  0.54262176314780319  0.55333285240650532
  0.56143596153716813  0.56888070918491473  0.57601095517011669  0.58165386388558660
  0.58944594799475780  0.59677837236189468  0.60522918848737994  0.61381780763455296
  0.62335204099905328  0.63369037663820160  0.64547279039497041  0.65888256821257807
  0.67205244779048401  0.68507690269349131  0.69661135904580140  0.70735503460088900
  0.71682385708331864  0.72605805909704846  0.73645135134350759  0.74832470976830434
  0.75909584337446878  0.76721831979100819  0.77483413126521516  0.78366939126282553
  0.79224782905770030  0.80024918199620942  0.80660043711525831  0.81292955628402541
  0.82129712505245367  0.83041104697753809  0.84061621552741606  0.85131562826767715
  0.86110603015855414  0.86843525049341164  0.87509278234531007  0.88252758465625614
  0.89089348065649787  0.90229422448835117  0.91618593103488166  0.93058544891990291
  0.94456003589482174  0.96143732839243490  0.98044986544883173  1.00000000000000000
 -0.04461260725617860  0.37965816675143443  0.43612951750378393  0.46694962562424330
  0.48736860836217338  0.50325007243368003  0.51806498692633496  0.53893292624523603
  0.55592530726937961  0.56939284797522871  0.58029054554511339  0.58843800853457473
  0.59631969580145738  0.60388461327042442  0.61059128613273350  0.61707187833158206
  0.62396943430462304  0.63239105553810981  0.64071904344310648  0.64728277982861548
  0.65394092078251476  0.65825011125934996  0.66251481765211262  0.66705237479774782
  0.67172060435518022  0.67800526216852552  0.68779106885986674  0.69603494375522657
  0.70382608490592691  0.71115334960848298  0.71833841053422509  0.72557882821505981
  0.73168220336055767  0.73634395256505603  0.74051012358661972  0.74451527803122153
  0.74867849040185319  0.75293913914150079  0.75641212033092808  0.75990036393794069
  0.76268327110835710  0.76597275343630833  0.76925923819159636  0.77253411755419488
  0.77803213288063566  0.78519981910337588  0.79149069206664646  0.79664470062374892
  0.80105336338498168  0.80480868732638966  0.80877723843006688  0.81243342915958139
  0.81600019687924330  0.81952365589335363  0.82302717424446048  0.82650276455124738
  0.82954562603833082  0.83264639412986863  0.83608460052700651  0.83920949410949652
  0.84277472399993902  0.84626293324643687  0.85015252643954697  0.85358548398984657
  0.85686933543743193  0.86017154642205529  0.86379527522952648  0.86730013145181706
  0.87115605331697965  0.87490071895397714  0.87944680907901462  0.88546803410370500
  0.89142895407933631  0.89621354605460590  0.90029333062069516  0.90386076789232739
  0.90761338272049219  0.91137595214781242  0.91510355051826842  0.91703626921630887
  0.91874707847619752  0.92045911909077316  0.92190193355072136  0.92341830636706390
  0.92553866662890205  0.92850514842366605  0.93149988804399897  0.93472235512616408
  0.93862433881305807  0.94302902975572522  0.94741357261477410  0.95141634801941133
  0.95525996778559297  0.96111565487127704  0.97636245345100703  1.00000000000000000
 -0.03680036761835920  0.19165853955813966  0.25930101571756503  0.28707467315162360
  0.30359542058549321  0.31575252390905068  0.32671190902411401  0.33956340423553916
  0.35366950987670498  0.36907762440877623  0.38389281786770163  0.39760243960436287
  0.41059790083265357  0.42194302327302052  0.43062476393791210  0.43731578327542958
  0.44327658103115108  0.44932203549265959  0.45627471401546005  0.46421790811823133
  0.47190594848547840  0.47876306074956648  0.48575003870733796  0.49300529709869179
  0.50196746696351158  0.51037143401601248  0.51771808389210727  0.52376275283426499
  0.52973338503402068  0.53625076822529483  0.54225840967999250  0.54834339665412868
  0.55494435750785287  0.56037003691480847  0.56521347760884733  0.56976284150718048
  0.57429860149851797  0.57727320549619643  0.58003668068599834  0.58271004606908516
  0.58662429316357501  0.59216487128021034  0.59737382257527039  0.60189348798301046
  0.60592271455237368  0.60986307464376932  0.61326328276259889  0.61669883791144031
  0.62035254980313526  0.62398429879836093  0.62778303599316243  0.63253936853318016
  0.63697499885326958  0.64140068069205680  0.64685544798492167  0.65252373389262963
  0.65894445079310238  0.66488369312839013  0.66982183092243797  0.67403160949231644
  0.67787774050964711  0.68107806251147063  0.68394396594957763  0.68723238007469245
  0.69067126780434696  0.69397196500420477  0.69690178425680716  0.69972821795332829
  0.70332606255098007  0.70683574711959796  0.71077825738332101  0.71568225988575718
  0.72078773776419347  0.72566215361992170  0.73090556917487803  0.73745109541350617
  0.74384424796597570  0.75052272311342283  0.75767631137322800  0.76555168948355268
  0.77387552925676284  0.78152363613236064  0.78888575360465207  0.79585548334235601
  0.80268814384992282  0.81079347174060534  0.82147896443662094  0.83431631225962655
  0.84445370891867488  0.84968575379795286  0.85571538003213499  0.86159952226150049
  0.86947660827018336  0.88275757713438563  0.90867264020737515  1.00000000000000000
   1.0468687383054334E-012  -1.0000000000000000     
 F F F F F F F F F F F F F F F F F F F F F F F F F F F F F F F F F F F F F F F F F F F F F F F F F F F F F F F F F F F F F F F F F F F F F F F F F F F F F F F F F F F F F F F F F F F F F F F F F F F F F F F F F F F F F F F F F F F F F F F F F F F F F F F F F F F F F F F F F F F F F F F F F F F F F F F F F F F F F F F F F F F F F F F F F F F F F F F F F F F F F F F F F F F F F F F F T F F T F F F F F F F F T F F T F F F F F F F F F F F F F F F F F F F F F F F F F F F F F F F F F F F F F F F F F F F F F F F F F F F F F F F F F F F F F F F F F F F F F F F F F F F F F F F F F F F F F F F F F F F F F F F F F F F F F F F F F F F F F F F F F F F F F F F F F F F F F F F F F F F F F F F F F F F F F F F F F F F F F F F F F F F F F F F F F F F F F F F F F F F F F F F F F F F F F F F F F F F F F F F F F F F F F F F F F F F F F F F F F F F F F F F F F F F F F F F F F F F F F F F F F F F F F F F F T F F T F F F F F F F F T F F T F F F F F F F F F F F F F F F F F F F F F F F F F F F F F F F F F F F F F F F F F F F F F F F F
  <DiscreteSampler_grid>
  grouped_processes
  1 # 1 for a reference and 2 for a running grid.
  10 # Attribute 'min_bin_probing_points' of the grid.
  1 # Attribute 'grid_mode' of the grid. 1=='default',2=='initialization'
  0.0000000000000000 # Attribute 'small_contrib_threshold' of the grid.
  0.5000000000000000 # Attribute 'damping_power' of the grid.
 # binID   n_entries weight   weight_sqr   abs_weight
    199   10   1.661372922883313E-008   1.936338820380766E-015   1.661372922883313E-008
    200   10   1.661372922883981E-008   1.936338820382449E-015   1.661372922883981E-008
    202   10   1.661372922883313E-008   1.936338820380766E-015   1.661372922883313E-008
    203   10   1.661372922883981E-008   1.936338820382449E-015   1.661372922883981E-008
    205   10   2.154161344333546E-008   3.225709959281987E-015   2.154161344333546E-008
    206   10   2.154161344334404E-008   3.225709959284774E-015   2.154161344334404E-008
    208   10   2.154161344333546E-008   3.225709959281987E-015   2.154161344333546E-008
    209   10   2.154161344334404E-008   3.225709959284774E-015   2.154161344334404E-008
    211   10   8.923412924357101E-010   5.586104766510058E-018   8.923412924357101E-010
    212   10   8.923412924360743E-010   5.586104766514998E-018   8.923412924360743E-010
    214   10   8.923412924357101E-010   5.586104766510058E-018   8.923412924357101E-010
    215   10   8.923412924360743E-010   5.586104766514998E-018   8.923412924360743E-010
    217   10   1.157023261689846E-009   9.305785531573831E-018   1.157023261689846E-009
    218   10   1.157023261690315E-009   9.305785531582016E-018   1.157023261690315E-009
    220   10   1.157023261689846E-009   9.305785531573831E-018   1.157023261689846E-009
    221   10   1.157023261690315E-009   9.305785531582016E-018   1.157023261690315E-009
    223   10   8.923412924357101E-010   5.586104766510058E-018   8.923412924357101E-010
    224   10   8.923412924360743E-010   5.586104766514998E-018   8.923412924360743E-010
    226   10   8.923412924357101E-010   5.586104766510058E-018   8.923412924357101E-010
    227   10   8.923412924360743E-010   5.586104766514998E-018   8.923412924360743E-010
    229   10   1.157023261689846E-009   9.305785531573831E-018   1.157023261689846E-009
    230   10   1.157023261690315E-009   9.305785531582016E-018   1.157023261690315E-009
    232   10   1.157023261689846E-009   9.305785531573831E-018   1.157023261689846E-009
    233   10   1.157023261690315E-009   9.305785531582016E-018   1.157023261690315E-009
    235   10   1.661372922883313E-008   1.936338820380766E-015   1.661372922883313E-008
    236   10   1.661372922883981E-008   1.936338820382449E-015   1.661372922883981E-008
    238   10   1.661372922883313E-008   1.936338820380766E-015   1.661372922883313E-008
    239   10   1.661372922883981E-008   1.936338820382449E-015   1.661372922883981E-008
    241   10   2.154161344333546E-008   3.225709959281987E-015   2.154161344333546E-008
    242   10   2.154161344334404E-008   3.225709959284774E-015   2.154161344334404E-008
    244   10   2.154161344333546E-008   3.225709959281987E-015   2.154161344333546E-008
    245   10   2.154161344334404E-008   3.225709959284774E-015   2.154161344334404E-008
    247   10   8.923412924357100E-010   5.586104766510061E-018   8.923412924357100E-010
    248   10   8.923412924360743E-010   5.586104766515000E-018   8.923412924360743E-010
    250   10   8.923412924357100E-010   5.586104766510061E-018   8.923412924357100E-010
    251   10   8.923412924360743E-010   5.586104766515000E-018   8.923412924360743E-010
    253   10   1.157023261689846E-009   9.305785531573836E-018   1.157023261689846E-009
    254   10   1.157023261690315E-009   9.305785531582016E-018   1.157023261690315E-009
    256   10   1.157023261689846E-009   9.305785531573836E-018   1.157023261689846E-009
    257   10   1.157023261690315E-009   9.305785531582016E-018   1.157023261690315E-009
    259   10   4.792861200626214E-011   1.611524085247170E-020   4.792861200626214E-011
    260   10   4.792861200628161E-011   1.611524085248584E-020   4.792861200628161E-011
    262   10   4.792861200626214E-011   1.611524085247170E-020   4.792861200626214E-011
    263   10   4.792861200628161E-011   1.611524085248584E-020   4.792861200628161E-011
    265   10   6.214496567830611E-011   2.684607278793482E-020   6.214496567830611E-011
    266   10   6.214496567833115E-011   2.684607278795825E-020   6.214496567833115E-011
    268   10   6.214496567830611E-011   2.684607278793482E-020   6.214496567830611E-011
    269   10   6.214496567833115E-011   2.684607278795825E-020   6.214496567833115E-011
    271   10   4.792861200626214E-011   1.611524085247170E-020   4.792861200626214E-011
    272   10   4.792861200628161E-011   1.611524085248584E-020   4.792861200628161E-011
    274   10   4.792861200626214E-011   1.611524085247170E-020   4.792861200626214E-011
    275   10   4.792861200628161E-011   1.611524085248584E-020   4.792861200628161E-011
    277   10   6.214496567830611E-011   2.684607278793482E-020   6.214496567830611E-011
    278   10   6.214496567833115E-011   2.684607278795825E-020   6.214496567833115E-011
    280   10   6.214496567830611E-011   2.684607278793482E-020   6.214496567830611E-011
    281   10   6.214496567833115E-011   2.684607278795825E-020   6.214496567833115E-011
    283   10   8.923412924357100E-010   5.586104766510061E-018   8.923412924357100E-010
    284   10   8.923412924360743E-010   5.586104766515000E-018   8.923412924360743E-010
    286   10   8.923412924357100E-010   5.586104766510061E-018   8.923412924357100E-010
    287   10   8.923412924360743E-010   5.586104766515000E-018   8.923412924360743E-010
    289   10   1.157023261689846E-009   9.305785531573836E-018   1.157023261689846E-009
    290   10   1.157023261690315E-009   9.305785531582016E-018   1.157023261690315E-009
    292   10   1.157023261689846E-009   9.305785531573836E-018   1.157023261689846E-009
    293   10   1.157023261690315E-009   9.305785531582016E-018   1.157023261690315E-009
    295   10   8.923412924357100E-010   5.586104766510061E-018   8.923412924357100E-010
    296   10   8.923412924360743E-010   5.586104766515000E-018   8.923412924360743E-010
    298   10   8.923412924357100E-010   5.586104766510061E-018   8.923412924357100E-010
    299   10   8.923412924360743E-010   5.586104766515000E-018   8.923412924360743E-010
    301   10   1.157023261689846E-009   9.305785531573836E-018   1.157023261689846E-009
    302   10   1.157023261690315E-009   9.305785531582016E-018   1.157023261690315E-009
    304   10   1.157023261689846E-009   9.305785531573836E-018   1.157023261689846E-009
    305   10   1.157023261690315E-009   9.305785531582016E-018   1.157023261690315E-009
    307   10   4.792861200626214E-011   1.611524085247170E-020   4.792861200626214E-011
    308   10   4.792861200628161E-011   1.611524085248584E-020   4.792861200628161E-011
    310   10   4.792861200626214E-011   1.611524085247170E-020   4.792861200626214E-011
    311   10   4.792861200628161E-011   1.611524085248584E-020   4.792861200628161E-011
    313   10   6.214496567830611E-011   2.684607278793482E-020   6.214496567830611E-011
    314   10   6.214496567833115E-011   2.684607278795825E-020   6.214496567833115E-011
    316   10   6.214496567830611E-011   2.684607278793482E-020   6.214496567830611E-011
    317   10   6.214496567833115E-011   2.684607278795825E-020   6.214496567833115E-011
    319   10   4.792861200626214E-011   1.611524085247170E-020   4.792861200626214E-011
    320   10   4.792861200628161E-011   1.611524085248584E-020   4.792861200628161E-011
    322   10   4.792861200626214E-011   1.611524085247170E-020   4.792861200626214E-011
    323   10   4.792861200628161E-011   1.611524085248584E-020   4.792861200628161E-011
    325   10   6.214496567830611E-011   2.684607278793482E-020   6.214496567830611E-011
    326   10   6.214496567833115E-011   2.684607278795825E-020   6.214496567833115E-011
    328   10   6.214496567830611E-011   2.684607278793482E-020   6.214496567830611E-011
    329   10   6.214496567833115E-011   2.684607278795825E-020   6.214496567833115E-011
    331   10   8.923412924357100E-010   5.586104766510061E-018   8.923412924357100E-010
    332   10   8.923412924360743E-010   5.586104766515000E-018   8.923412924360743E-010
    334   10   8.923412924357100E-010   5.586104766510061E-018   8.923412924357100E-010
    335   10   8.923412924360743E-010   5.586104766515000E-018   8.923412924360743E-010
    337   10   1.157023261689846E-009   9.305785531573836E-018   1.157023261689846E-009
    338   10   1.157023261690315E-009   9.305785531582016E-018   1.157023261690315E-009
    340   10   1.157023261689846E-009   9.305785531573836E-018   1.157023261689846E-009
    341   10   1.157023261690315E-009   9.305785531582016E-018   1.157023261690315E-009
    343   10   1.661372922883313E-008   1.936338820380766E-015   1.661372922883313E-008
    344   10   1.661372922883981E-008   1.936338820382449E-015   1.661372922883981E-008
    346   10   1.661372922883313E-008   1.936338820380766E-015   1.661372922883313E-008
    347   10   1.661372922883981E-008   1.936338820382449E-015   1.661372922883981E-008
    349   10   2.154161344333546E-008   3.225709959281987E-015   2.154161344333546E-008
    350   10   2.154161344334404E-008   3.225709959284774E-015   2.154161344334404E-008
    352   10   2.154161344333546E-008   3.225709959281987E-015   2.154161344333546E-008
    353   10   2.154161344334404E-008   3.225709959284774E-015   2.154161344334404E-008
    355   10   8.923412924357101E-010   5.586104766510058E-018   8.923412924357101E-010
    356   10   8.923412924360743E-010   5.586104766514998E-018   8.923412924360743E-010
    358   10   8.923412924357101E-010   5.586104766510058E-018   8.923412924357101E-010
    359   10   8.923412924360743E-010   5.586104766514998E-018   8.923412924360743E-010
    361   10   1.157023261689846E-009   9.305785531573831E-018   1.157023261689846E-009
    362   10   1.157023261690315E-009   9.305785531582016E-018   1.157023261690315E-009
    364   10   1.157023261689846E-009   9.305785531573831E-018   1.157023261689846E-009
    365   10   1.157023261690315E-009   9.305785531582016E-018   1.157023261690315E-009
    367   10   8.923412924357101E-010   5.586104766510058E-018   8.923412924357101E-010
    368   10   8.923412924360743E-010   5.586104766514998E-018   8.923412924360743E-010
    370   10   8.923412924357101E-010   5.586104766510058E-018   8.923412924357101E-010
    371   10   8.923412924360743E-010   5.586104766514998E-018   8.923412924360743E-010
    373   10   1.157023261689846E-009   9.305785531573831E-018   1.157023261689846E-009
    374   10   1.157023261690315E-009   9.305785531582016E-018   1.157023261690315E-009
    376   10   1.157023261689846E-009   9.305785531573831E-018   1.157023261689846E-009
    377   10   1.157023261690315E-009   9.305785531582016E-018   1.157023261690315E-009
    379   10   1.661372922883313E-008   1.936338820380766E-015   1.661372922883313E-008
    380   10   1.661372922883981E-008   1.936338820382449E-015   1.661372922883981E-008
    382   10   1.661372922883313E-008   1.936338820380766E-015   1.661372922883313E-008
    383   10   1.661372922883981E-008   1.936338820382449E-015   1.661372922883981E-008
    385   10   2.154161344333546E-008   3.225709959281987E-015   2.154161344333546E-008
    386   10   2.154161344334404E-008   3.225709959284774E-015   2.154161344334404E-008
    388   10   2.154161344333546E-008   3.225709959281987E-015   2.154161344333546E-008
    389   10   2.154161344334404E-008   3.225709959284774E-015   2.154161344334404E-008
  </DiscreteSampler_grid>
