  0.00244950585479312  0.01627696358271019  0.02771829133705938  0.03844675098139852
  0.04762655556769741  0.05690381292304705  0.06715554940943630  0.07741715523611900
  0.08912045430111902  0.10168896969400547  0.11417841833483013  0.12668282843742362
  0.13923642371985229  0.15176594102656804  0.16381791792595429  0.17524670063768358
  0.18707312607845905  0.19894761339587497  0.21000799657424155  0.21953744769911579
  0.22838050632503076  0.23753405010144479  0.24743392449606641  0.25817977041819207
  0.26987101665341290  0.28201142336021018  0.29488295945099735  0.30891646778450066
  0.32281459550923769  0.33587480640344752  0.34816528526805723  0.35911960399485748
  0.36907628150448157  0.37892644925239977  0.38893629320265255  0.39919812234299334
  0.40831409440245198  0.41642599372715844  0.42430613268520917  0.43236599495051342
  0.44029632820827791  0.44852018386922254  0.45810291126525715  0.47232016185683262
  0.48642008964596034  0.49799510739735880  0.50980110688358238  0.52032852002893937
  0.53028202107016675  0.53965620436319273  0.54910063660840336  0.55863161055952459
  0.56881567823493295  0.57992273594393717  0.59067636243924548  0.60154417152984885
  0.61085740496671792  0.61854962521313184  0.62664764938408213  0.63493244860388642
  0.64428584684781920  0.65457556151226592  0.66464666940866590  0.67486631420960408
  0.68514550168170596  0.69490008435611395  0.70433094309810695  0.71459118322727455
  0.72430664152462865  0.73418761659520893  0.74465739276813725  0.75477655672062782
  0.76343920243615382  0.77171318679869083  0.77954047357628553  0.78784067925818491
  0.79732531151923958  0.80706189626698943  0.81567850375101614  0.82356060275136922
  0.83138066899207419  0.83959618180627538  0.84799587225911388  0.85658780950577196
  0.86508517216877856  0.87463043097382609  0.88730037780377147  0.90010899901716890
  0.91083639807327743  0.92118443256290061  0.93233526312419790  0.94380399172666862
  0.95520604443463919  0.96741105895365787  0.98036800557517845  1.00000000000000000
  0.00325783873238583  0.01150608822199178  0.02075803591588818  0.03088091261549515
  0.04174485362838882  0.05353225729155407  0.06730128831800031  0.08152099647434408
  0.09616515807576392  0.11001844357128220  0.12280785224374889  0.13453617325722217
  0.14589608470108348  0.15827931985725469  0.17083140004790404  0.18195962149492920
  0.19237475722480432  0.20346060235783270  0.21392860596516791  0.22536816906042126
  0.23850082432001635  0.25081369253479269  0.26016719933065552  0.26904353845212947
  0.27893799834063249  0.28936301695970829  0.29633062259049081  0.30323054636752317
  0.30998479764574793  0.32319689609168128  0.33694464113107614  0.34631388461152884
  0.35499340129934082  0.36413179554610742  0.37404617777628368  0.38531187074155893
  0.39517623630464987  0.40595710310838062  0.41758637099341867  0.43016154801747286
  0.44150403146066447  0.45524285059188396  0.46768336489563050  0.48072300162764353
  0.49333861569957504  0.50395352391086723  0.51470815542406290  0.52595637655769356
  0.53650890877165347  0.54834425035522638  0.56069720551148317  0.57255713384374840
  0.58463827778483923  0.59649448702586061  0.60798606211045791  0.61929952329648230
  0.62994221123514615  0.63846101366059982  0.64827436879970823  0.65846993415583066
  0.66660066233495929  0.67390379871785389  0.68141899150525054  0.68984893020171711
  0.70046137605874825  0.71119645797881315  0.72149653377399980  0.73189393329368557
  0.74267226023720789  0.75181158120532687  0.76134812491269621  0.77036951509969120
  0.77977230558143718  0.78987904178366775  0.80117582442863766  0.81249827140973729
  0.82265054070746779  0.83162761813819330  0.83883516535402669  0.84615513212095361
  0.85388336960684574  0.86306645128127224  0.87149888695999733  0.88090307586911432
  0.89007709754655129  0.89747846180040125  0.90445002094180693  0.91228456577785166
  0.92101063901693225  0.93003512814141931  0.94018909598226119  0.95112288123084388
  0.96242478579613844  0.97496246493177852  0.98756336610275752  1.00000000000000000
  0.03042072515347726  0.03806276796332819  0.04730825043613037  0.05650354417533610
  0.06591066873174148  0.07541482472292699  0.08428683007297243  0.09177846916596913
  0.09889815949487932  0.10757113024647766  0.11840480852064310  0.12982348367398719
  0.14099074339946413  0.15304476646337076  0.16590630023629294  0.17663561111999160
  0.18610993724318423  0.19558173207178586  0.20426700798145944  0.21136579699643535
  0.21791859446891704  0.22436342506230939  0.23334003733956091  0.24331143807298666
  0.25230498466290235  0.26079409246850199  0.26964599938064587  0.27935259438623578
  0.29015084068928348  0.30197149386295613  0.31382188361860353  0.32553216180517575
  0.33721179828750375  0.34773186866390360  0.35885050257388762  0.36978381667572424
  0.38057409820714916  0.39088899142381084  0.40048486275143197  0.40944162982372179
  0.41724934757362048  0.42505113756803820  0.43312521363612044  0.44453046043182909
  0.45807491630193758  0.47432562414439911  0.48912688803335230  0.50246472297895861
  0.51589832485079479  0.52988757854584889  0.54366643757487176  0.55772699365270417
  0.57117858598741345  0.58531789598190498  0.60000595374559174  0.61295010364974023
  0.62354590036209590  0.63300112437775180  0.64244391497553843  0.65198203561072487
  0.66156846950490666  0.67125742252177756  0.68029776490361171  0.68926629802846939
  0.69789749375104382  0.70660295021324016  0.71524861677074292  0.72290429616393115
  0.72882934422813039  0.73533389158444662  0.74209328479404579  0.74878082021117631
  0.75734860920979785  0.76783824214057583  0.77871684722941414  0.78704240560391325
  0.79468786806868108  0.80261738140756678  0.81042329209098674  0.81762881276714605
  0.82531227228038817  0.83626794272700666  0.85043308093807113  0.86545376022476550
  0.88001810565610439  0.89299012121840249  0.90339862275396055  0.91216676053499746
  0.92020408307839807  0.92890355329249641  0.93825490683073809  0.94894293971301480
  0.95755294605820240  0.96490163034173471  0.96867095303087614  1.00000000000000000
  0.00331169308266967  0.01189490148132863  0.02381796182970768  0.03621892404670657
  0.04794585933124704  0.05826702416438190  0.06963261265081271  0.08093453687495258
  0.09322331241964305  0.10237292824850788  0.11053089089840140  0.11876654116453039
  0.12673116821568026  0.13664034466497951  0.14908946109102955  0.16098280156877701
  0.17235771836220651  0.18215576713453874  0.19150971564051292  0.20173831384554747
  0.21091475071240176  0.21951249714798998  0.22890299273628187  0.23840284287888058
  0.24870667434634114  0.25942443872461429  0.27128246727235206  0.28099347405051806
  0.29089362404986979  0.29882195658273325  0.30632070348321189  0.31436774405238960
  0.32186370227361205  0.32983245171493725  0.33765247616234784  0.34499481142029353
  0.35291787442820760  0.36163850072377896  0.37102379925655549  0.38068773665240169
  0.39004644668079325  0.39849609900015359  0.40727262649808210  0.41587557426779359
  0.42554522499882541  0.43527904812018292  0.44491348241507245  0.45432192904195290
  0.46538674722596662  0.47921622180556039  0.49215109550985287  0.50764038211471074
  0.52187243988011822  0.53212977940105111  0.54145892208273771  0.55009897920397866
  0.55780315441374584  0.56517058388240871  0.57235412641130168  0.57918524968150520
  0.58740046611486441  0.59726533538578785  0.60791070691019466  0.61961977762927911
  0.63283178976893484  0.64696220822204420  0.65962317957302852  0.67168693978825822
  0.68281431427245565  0.69312566286448207  0.70299471471138542  0.71250696796009005
  0.72212421611412314  0.73497552141954248  0.74896760294860609  0.76445017789791470
  0.77781319144688565  0.78964718856593274  0.80057493969473381  0.81110518911291996
  0.82165036248964285  0.83327390193319895  0.84725230315992039  0.85878361217469368
  0.86845550616671385  0.87943055364001732  0.89177069108674922  0.90407900493308690
  0.91689454535183390  0.93041749142815633  0.94340152128843824  0.95560571149495188
  0.96506432638993811  0.97535712687208820  0.98586816986081005  1.00000000000000000
 -0.00029595823494676  0.00197159961447767  0.00358869645292872  0.00550267016009701
  0.00801899321795478  0.01153025688668845  0.01534492968407323  0.01845088858782844
  0.02209651021973301  0.02623567244140616  0.03152391311647565  0.03746824241335537
  0.04399356714789712  0.05083485867474824  0.05798393197771350  0.06525598314844168
  0.07309555002992615  0.08124554517244319  0.08844121897441716  0.09496240598590290
  0.10195558495246183  0.10985194887259182  0.11908582246410032  0.12884214244404063
  0.13899985997719566  0.14898604914716715  0.15907100304017666  0.16955722892710648
  0.18002295893135623  0.19015232568973661  0.19970492877552573  0.20857623923969168
  0.21689809840018243  0.22573442496537610  0.23492681487541606  0.24344898838720233
  0.25339675003403733  0.26559516775454445  0.27715099215852212  0.28898911489746198
  0.30171003700796251  0.31528188477474128  0.32877499120171388  0.34125627927709451
  0.35277999127146076  0.36435714912993000  0.37641006933321541  0.38795463646072759
  0.39904217062587144  0.41031635909770903  0.42234329439270901  0.43449415715103773
  0.44696802620254117  0.46031554451511947  0.47563499561974798  0.49123824074769995
  0.50540022000861629  0.51934945344450112  0.53142567976758859  0.54364839163165657
  0.55571587573817049  0.56770298677535025  0.57949641284960962  0.59128710465638024
  0.60591012073039807  0.62149724420075247  0.63730417070939893  0.65168653118950992
  0.66558070359648336  0.67889926286609503  0.69167769957218861  0.70401397908198338
  0.71604539808231393  0.72838919372397781  0.74150008023266267  0.75438421206464623
  0.76709000885159084  0.77950262664072201  0.79210259052883547  0.80507219847762534
  0.81850141650804353  0.83184842579103035  0.84450855663400692  0.85676251161547823
  0.86879071211655101  0.88471110916018003  0.89700197688342642  0.90925941549386491
  0.92132470137426237  0.93309576207383382  0.94459785817710107  0.95580887178517415
  0.96662648231300863  0.97760826743967888  0.98876413644631000  1.00000000000000000
 -0.00190249175339707  0.00893862360656481  0.01842418252095194  0.02869032087283985
  0.03902278497609654  0.05056786780239699  0.06195866362755796  0.07246457018463236
  0.08226394064652590  0.09196441023554221  0.10351384219060855  0.11494190109652348
  0.12598308704809763  0.13686210673967852  0.14757488401586172  0.15872889760093181
  0.16954277681881072  0.17986879041864565  0.18964419755667941  0.19834400793179915
  0.20755801078297312  0.21723184350717423  0.22769421486135755  0.23887825174363947
  0.24954608387746063  0.25958863363649226  0.26891054706286260  0.27976896834886972
  0.29230384341767468  0.30528793562063045  0.31867361199122646  0.33182787769368016
  0.34326298923547921  0.35234814794999308  0.36185974178751179  0.37242517060679786
  0.38391231090229805  0.39805780380787642  0.41234544487663760  0.42404404775095511
  0.43448278151461112  0.44469935961850399  0.45609781236967889  0.46572988173832353
  0.47480067229256151  0.48255941716391071  0.49194583259279512  0.50178529678860684
  0.51565739139827893  0.52839913059088295  0.54034231962862966  0.55199049427270597
  0.56389367150072600  0.57605503322814766  0.58661718382524197  0.59383132795652116
  0.60255196372186604  0.61212791388776733  0.62134735481268533  0.63030098957375658
  0.63872343182839753  0.64831433644715486  0.65969513313658201  0.67079349682294764
  0.68063512222817157  0.69078898696091018  0.69975246785955558  0.70860235836242125
  0.71723669553433678  0.72639634537253883  0.73631394170264697  0.74543509553255827
  0.75479690166320079  0.76497067820574005  0.77559336491913977  0.78699189757136090
  0.79956770225155738  0.81232081380256682  0.82363031821562682  0.83383750754263752
  0.84333724817837674  0.85326296614544039  0.86295276886186556  0.87151073587871164
  0.87968241906079525  0.88832265162613244  0.89841423874405912  0.90934841656311627
  0.92029349874741539  0.93138690198792140  0.94170916759723400  0.95221412730186750
  0.96262710682764874  0.97370263112066158  0.98483831500916674  1.00000000000000000
 -0.00236656049549909  0.00831119958780318  0.01822191250923754  0.02858168472382427
  0.03890184533473960  0.04888597906950085  0.05851515636817987  0.06825071845050637
  0.07848296641845179  0.08927677515315832  0.10083854826794601  0.11166651396544736
  0.12275004456341579  0.13281521532526533  0.14336547361597426  0.15503985744371043
  0.16576002742008145  0.17464758697765204  0.18244682824932318  0.19057336805338165
  0.19991236899630893  0.20917231706587369  0.21809751170275934  0.22786597389611327
  0.24171681994797634  0.25755815460312559  0.27284321772988035  0.28711484939660487
  0.29865769210436638  0.30813429633519768  0.31730553517194021  0.32656753783430248
  0.33612936972752794  0.34521674274839115  0.35450440695346319  0.36594007429799474
  0.37832084251775244  0.38859594202997322  0.39846324542789718  0.40826391150737629
  0.41830065311012327  0.42835582446215359  0.43827495120185639  0.44903575763661974
  0.46074334317089743  0.47227683801439568  0.48407371505673019  0.49375292300467294
  0.50422078491793687  0.51408001308493934  0.52368218044460058  0.53266652546585003
  0.54163445128107179  0.55159172840386639  0.56186036122723637  0.57235495750503174
  0.58301833079122278  0.59394353469390604  0.60506150486715438  0.61618370250924337
  0.62723880340050309  0.64052303614963124  0.65341343573665456  0.66425756402001057
  0.67507479488631628  0.68517120050237257  0.69559186558333486  0.70702643106242913
  0.71930815099878243  0.73149555892934581  0.74051053313095705  0.74906102850302525
  0.75762998109657786  0.76720183841052692  0.77712378827410666  0.78685436130767716
  0.79758977191946656  0.80813175637656420  0.81818933701706598  0.82700813716683608
  0.83548286917366343  0.84362977047304211  0.85195319729877061  0.86079761064165317
  0.86991903193544173  0.88263390328113045  0.89736956481031249  0.91172696560560207
  0.92500160005894305  0.93700475291656116  0.94854006354233789  0.95884894324481451
  0.97002514581786092  0.98077632894724809  0.99085818896942524  1.00000000000000000
 -0.00263693324639341  0.01084109212582561  0.02396726497698016  0.03832255273935890
  0.05042068792520431  0.06178441352277819  0.07296376166544591  0.08443169134332479
  0.09818422423519957  0.11235356993188352  0.12456504558221616  0.13491500469688772
  0.14533871098745751  0.15578844489629382  0.16490076890492911  0.17386943648983064
  0.18474115308636979  0.19874521917010407  0.21299026704686883  0.22574630578589508
  0.23955653113823117  0.25393210354359835  0.26830863292381857  0.28151029717098836
  0.29228537189085324  0.30117816215478982  0.30964347436725270  0.31844349320055265
  0.32750559814830016  0.33916226603012134  0.35250987704551018  0.36656677862623893
  0.38012600626832271  0.39185102014640488  0.40478708884525832  0.41942681149274907
  0.43349123140064921  0.44609815708393386  0.45781260263849843  0.46917674846770135
  0.48038754141104212  0.49159783608412067  0.50244565366077731  0.51311492713570239
  0.52283501556085654  0.53237572269825373  0.54227961336171293  0.55309550464470425
  0.56339417318632001  0.57191989821838329  0.57991392424621291  0.58825289052187513
  0.59607250754087759  0.60562838480856018  0.61446030686463959  0.62461081605442126
  0.63619931925475370  0.64736764344038600  0.65758665956834350  0.66734543730098794
  0.67771412436430123  0.68838598624307989  0.69905590197478507  0.71124973129681313
  0.72483782736624525  0.73920382268456197  0.74984271760223620  0.75682963920155566
  0.76334021906080785  0.77082587574032435  0.77989575647622000  0.78824313067508001
  0.79556291799461054  0.80284643411123446  0.81006250367719623  0.82218166530269687
  0.83462930467723573  0.84510371424685216  0.85514628083688760  0.86399403996420543
  0.87246819260683173  0.88082508307796004  0.88813541844597566  0.89565889658361819
  0.90438881332325294  0.91282091336085902  0.92064274410619218  0.92835916750145508
  0.93546145098535793  0.94206203002140743  0.95022131165487322  0.95842479850040252
  0.96729490160191567  0.97794862262116145  0.98892899218921837  1.00000000000000000
 -0.00286759826318633  0.00799359954250978  0.01823294036981312  0.02855145975811450
  0.03980140255112380  0.05191815328868497  0.06456414305291212  0.07470621718990508
  0.08390743453587214  0.09276517350105513  0.10213187960576732  0.11279978933312704
  0.12495642807876797  0.13483436139936486  0.14464947315225860  0.15592111815430484
  0.16578549094807313  0.17505108370485928  0.18398300725787151  0.19410539604383659
  0.20540370456342100  0.21741646844110218  0.22875343096185438  0.23940807447606388
  0.25012910347197292  0.26357896867945307  0.27771813214854507  0.28982794088497671
  0.29990398424384201  0.30937353766974407  0.31893103270761486  0.32893035316044134
  0.33970558560006836  0.34979682861447697  0.35939290366558363  0.36942167757371419
  0.38115833300558360  0.39354241354965341  0.40739898022650733  0.42186440913167772
  0.43341211861052981  0.44319222743025216  0.45295724367264234  0.46313278328905333
  0.47394581476758019  0.48461329047224549  0.49648286875088671  0.50778278704330992
  0.52013551923751777  0.53344666099282634  0.54770211596596752  0.56205042496957547
  0.57432858443454549  0.58591756637722658  0.59686015915367907  0.60680435520753284
  0.61860245346773013  0.62932348283377670  0.64143780678842033  0.65415952095159280
  0.66579196703075205  0.67459708895150106  0.68308158509419348  0.69297633893412081
  0.70334396709222147  0.71329784475292446  0.72304417049444780  0.73222450207720269
  0.74084224884385996  0.75026841734893146  0.75934176268343456  0.76736413338068188
  0.77436323448250577  0.78127595831700769  0.78857786551813747  0.79641049624334004
  0.80453067486263563  0.81246681240016361  0.81944610558073627  0.82662131872290345
  0.83399573170749952  0.84250196156451174  0.85104426131663502  0.86171729191513102
  0.87384487439663872  0.88552365820598811  0.89653684622052321  0.90784385859980399
  0.91866242672940657  0.92865110705643283  0.93986820327830389  0.95231235229790212
  0.96488433134570351  0.97603459692753902  0.98769981022721587  1.00000000000000000
 -0.00212431550649352  0.00908861109006422  0.01904110182611767  0.02857659843977369
  0.04014077546302247  0.05005746247981383  0.05933239265952337  0.06678149571994342
  0.07418771943119563  0.08172966720166376  0.08973157003715423  0.09744819479898272
  0.10565862155103621  0.11469958627866214  0.12230290342606494  0.12815790241966984
  0.13406001984478255  0.13996219547374381  0.14822828402771515  0.15546668024274610
  0.16331698905261546  0.17197122347210331  0.17992555957584966  0.18792057243320384
  0.19755745276875156  0.20947282445370935  0.22270264852898275  0.23558613600131703
  0.24822989523257188  0.26051298972834158  0.27213456799755797  0.28334111431619036
  0.29496013201718124  0.30741083462992241  0.31987108439638096  0.33145366817363597
  0.34403263288931624  0.35606375034213017  0.36791984094422786  0.37956462307946304
  0.39054046133985931  0.40152633660433690  0.41217437219931380  0.42128501085871184
  0.42944525826646557  0.43756514399128305  0.44691364804875150  0.45756045581643240
  0.46725616789568897  0.47559736691958709  0.48360508430718718  0.49187497480379039
  0.50096163698131746  0.51073796979822839  0.52157006978359599  0.53100911674402163
  0.54142855079886909  0.55426750365975463  0.56557685607086838  0.57605750367717568
  0.58602867264914738  0.59643488119635424  0.60798132872176203  0.61792584734839462
  0.62771743931399282  0.63711855695648478  0.64611559281311115  0.65418824741950177
  0.66232945875517057  0.67026301814784450  0.67954343097462699  0.69033063381031845
  0.70284236149474699  0.71669153393627338  0.73074384203215170  0.74434080622693122
  0.75542590070161042  0.76473178522790475  0.77392636525945013  0.78421016533342336
  0.79552215979640217  0.80511698366787299  0.81461418725225121  0.82803811668052274
  0.84307891531317514  0.85780785369949186  0.87233171393443587  0.88720693240435522
  0.90215963055244175  0.91906501631813975  0.93547236722479321  0.95015752755800553
  0.96301169091315708  0.97489811632727308  0.98684033383430281  1.00000000000000000
 -0.00196047227760366  0.00774688214914435  0.01584931133234219  0.02476017547701311
  0.03399089766954745  0.04239593615176323  0.05114219011394958  0.06028755231355946
  0.07011777965616656  0.07996832523031146  0.08994116587506928  0.09980712336095154
  0.11062741777558574  0.11999440573430634  0.12821257124582625  0.13606942893645785
  0.14419990805745017  0.15397991303715031  0.16487679391394741  0.17619611008652164
  0.18735528187181685  0.19944727237236151  0.21191757145716750  0.22300207560199872
  0.23213510582294525  0.24229311315778967  0.25150319150053918  0.26150615369235741
  0.27225823873678745  0.28309749835952569  0.29515870637071123  0.30700592259403886
  0.31843260202464935  0.32999949976377119  0.34214651532273554  0.35620513000772258
  0.36923942540134608  0.38130295905228984  0.39156213608473511  0.40130235786602930
  0.41176999892202654  0.42307830878317049  0.43562853875688695  0.45077462126985846
  0.46492917110460086  0.47846603663109832  0.48826455714596606  0.49936030922212954
  0.51093507861861487  0.52056659837097530  0.52793433562044179  0.53602045202829374
  0.54560208484993200  0.55482767377255982  0.56396339227926828  0.57248697820918637
  0.58146943868001866  0.59032375940694359  0.60162929141225985  0.61317478002133308
  0.62457962365330921  0.63281216488451109  0.64031955898506621  0.64852681782736832
  0.65661081244709196  0.66467338900405326  0.67368845823771883  0.68353410789139801
  0.69410539349095934  0.70664161006258508  0.71980876619631773  0.73326192427503445
  0.74656318258732823  0.75887691338428698  0.76926990345517066  0.77890019720439274
  0.78845312722472349  0.79840370783367354  0.80899629973973985  0.82035894167970147
  0.83248828808174302  0.84410346905920053  0.85556435496361094  0.86654819465770849
  0.87776229067624489  0.88855627373491142  0.89872536155111771  0.90821404207017919
  0.91684212842422186  0.92603463132050878  0.93631088422211772  0.94790215377640508
  0.96046808812156415  0.97352534232799937  0.98680920358932367  1.00000000000000000
 -0.00191793988204446  0.00794970662041085  0.01690633833927947  0.02555376783614167
  0.03412772989460341  0.04207710525843270  0.04941887778294177  0.05731974711356337
  0.06703488844050927  0.07866553640719835  0.09002420099979000  0.09805078847165535
  0.10629058485042246  0.11549524978856576  0.12441040193776902  0.13512564755446069
  0.14797717328457882  0.16192033998693364  0.17640835688599155  0.18885816560332847
  0.20016928483372654  0.21062697755472776  0.22166081011947145  0.23402629293226745
  0.24656692193307850  0.25555857741152133  0.26405121018287292  0.27317743712246334
  0.28356233801803671  0.29308400372677268  0.30148566248913744  0.31027898998495651
  0.31995181602391332  0.32962977176976199  0.33982123139271858  0.34961615266712887
  0.36069515071895619  0.37243307404532183  0.38356477465260919  0.39493410237474696
  0.40835960762025647  0.42190898605978283  0.43430187187781272  0.44553413766160271
  0.45711177510787271  0.46951268321648765  0.48192575084965195  0.49396350175635517
  0.50270656679170267  0.51295580428852905  0.52337936511583005  0.53624844943004224
  0.55075300638779157  0.56614599364102702  0.58126938226903602  0.59359753462344000
  0.60438919228941101  0.61431303543254534  0.62329766198600456  0.63201213399989220
  0.64067806832091589  0.65052974846470413  0.66159487577609055  0.67475086768286408
  0.68797541848370836  0.70061563162640583  0.71213519283733828  0.72384319065025393
  0.73385134618608994  0.74309918114673290  0.75290359791964290  0.76233508865117960
  0.77162441882877197  0.78055589643696732  0.78979115101612241  0.80180458819036127
  0.81439114172377602  0.82554978408885427  0.83633939207356367  0.84731696084495334
  0.85929138882132305  0.87143049390498872  0.88406251675523140  0.89468139790130552
  0.90332097929750066  0.91190434907809914  0.92132049671110849  0.93118206269164105
  0.94168642108566414  0.95334141350875135  0.96442882331408197  0.97276644133533563
  0.98137432118795764  0.98826075257750134  0.99440561544278627  1.00000000000000000
 -0.00688348518493814  0.03427412215602849  0.05426172748502282  0.07046449821251548
  0.08688559282857694  0.10267306155906415  0.11541555871351855  0.12797557471254503
  0.14089251866464034  0.15244608053108666  0.16329366571977152  0.17484543148932677
  0.18641449050068806  0.19812161271263212  0.20993573279607944  0.21938115414628206
  0.22700222063315986  0.23525033771658099  0.24420654281684906  0.25214279242717708
  0.26454473877118900  0.27597589109822973  0.28670839228947553  0.29600671822917357
  0.30397081757822469  0.31272054415548084  0.32138508062483134  0.33013749552657606
  0.33853686408046973  0.34574632123051302  0.35232878211357710  0.35925325445529743
  0.36762398940674040  0.37689552251400121  0.38714944695338921  0.39597482709889203
  0.40429804539755299  0.41305798118848774  0.42231262778847906  0.43230100268022553
  0.44220497052410668  0.45131910365405453  0.45979137915984292  0.46845519256953366
  0.47731972649939469  0.48534583740764858  0.49193065962327304  0.49765228137525547
  0.50302652822217497  0.50862986196796833  0.51485430924391895  0.52115556670868279
  0.52738193330991012  0.53407963014741910  0.54191939647944398  0.54984051877295692
  0.55702119003482464  0.56377872255829742  0.57065127364902646  0.57763398175973957
  0.58414048542708163  0.59069141472890785  0.59784727763791290  0.60592447800550697
  0.61503719600518691  0.62333999802723739  0.63145974759923729  0.64048329452780883
  0.64931578554059122  0.65820404876058791  0.66893286768237370  0.67979831777839417
  0.68807400373315830  0.69452825059947365  0.70048405414766934  0.70690042159746191
  0.71524922469625118  0.72454454082052344  0.73379631119175948  0.74331225147931379
  0.75401256762000346  0.76633704453055684  0.77840581018145627  0.79118003638640388
  0.80528443252975546  0.82070049656247746  0.83409791053731741  0.84600142529347844
  0.85872206538290297  0.87201271449926210  0.88500202318157706  0.89970047390830810
  0.91804709447153066  0.93920930678661640  0.96661443525862867  1.00000000000000000
 -0.00313818695565463  0.01315782355051950  0.02537999995512722  0.03673529318665101
  0.04799760172098296  0.05979045957083644  0.07304474496532894  0.08705448716447819
  0.09981989863544226  0.11078966847489234  0.12120484939899524  0.13165923475955757
  0.14489278380006337  0.15557558408459868  0.16612125455017229  0.17554145334486623
  0.18381145915856079  0.19146140633116479  0.19925994220228826  0.20831998466709450
  0.22122826808935966  0.23320253353389156  0.24426780908934448  0.25496194849863163
  0.26561729593159317  0.27642780543660478  0.28516758431692224  0.29454119452332084
  0.30419241346592107  0.31404241022296370  0.32505001417323415  0.33945357577621305
  0.35302555599015728  0.36329199700835285  0.37321762756239207  0.38361979093537374
  0.39345500465436534  0.40322353306283693  0.41234656068582687  0.42246302467856811
  0.43332222523992997  0.44464268209889207  0.45656198644171420  0.46961483628588380
  0.48110704341134364  0.49077203766515615  0.50017485168783560  0.50851515673014946
  0.51592575877102109  0.52287814385497455  0.52973832197775816  0.53884175195775108
  0.54824887746106765  0.55809809354130879  0.56815203275800485  0.57947299110208172
  0.59091308330164016  0.60249693182156905  0.61369499317835563  0.62357908395965767
  0.63338323329174806  0.64306446654106342  0.65279647983213618  0.66253825362649388
  0.67332974813037816  0.68606204616893429  0.69926371707151180  0.71046969215169253
  0.71905087972284309  0.72750357196167126  0.73566035050698442  0.74270181822677694
  0.75004256346191012  0.75773933649489122  0.76614385779753869  0.77694000301207988
  0.78996751723667313  0.80347949479982306  0.81552013709542326  0.82694469009232430
  0.83776621090806525  0.84921095875760144  0.86047456612749640  0.87306015181186447
  0.88820368822714346  0.90295661591961263  0.91544448186269112  0.92546809523022078
  0.93524815049722743  0.94569449357398705  0.95609004294509126  0.96504607770504613
  0.97338456744573443  0.98163411130525746  0.99022414280052728  1.00000000000000000
 -0.00323202811426505  0.18065426081942279  0.25136191411777647  0.29962085972400326
  0.33544932178457226  0.36730922497961044  0.39648923851798901  0.42356688134342058
  0.45373525382483104  0.48272148402992254  0.50591621464770664  0.52574889409479308
  0.54369852648414940  0.56012502309278822  0.57700899161075647  0.59156705629656225
  0.60535564953054488  0.61886429224969786  0.63171582416234651  0.64439953786185444
  0.65654584115533487  0.66801831701075964  0.67908396849097807  0.68937182999012925
  0.69880709622671777  0.70763552131882401  0.71559263737049039  0.72315080727092729
  0.73139395222127124  0.74052486285272834  0.74995655877679412  0.75814133696108110
  0.76507406551349944  0.77155340760534097  0.77797374455937518  0.78450743298341308
  0.79145845780693025  0.79705922380008909  0.80272305015205159  0.80828230892889230
  0.81349255612917748  0.81831379395633908  0.82342043548370059  0.82874940306605560
  0.83378298148316643  0.83843084998975226  0.84262066569268224  0.84648702474701898
  0.84998697678306379  0.85332125819919125  0.85646355201379265  0.85984143619723019
  0.86358710323002685  0.86768968083261455  0.87202560196911005  0.87635323001251042
  0.88059489466663787  0.88459126793465914  0.88814514445318971  0.89144387943724523
  0.89457170626004989  0.89772220732137309  0.90097077053550634  0.90399843603772245
  0.90695977597403588  0.90973961694895256  0.91243826858496013  0.91512486466809939
  0.91786124554209980  0.92063869059196479  0.92368681331685443  0.92634259335453628
  0.92870085714851547  0.93103190803147851  0.93342115379192081  0.93577631550160478
  0.93823341934398952  0.94079099440314407  0.94332799060880712  0.94587081984478538
  0.94851670480723438  0.95123248420717932  0.95376488109875801  0.95616489253752590
  0.95864082431083608  0.96100307111750516  0.96285343356552111  0.96486452153084945
  0.96712974839004617  0.96950832315190860  0.97180995707812001  0.97443297947773666
  0.97762342126735557  0.98187005241522118  0.98868637674068216  1.00000000000000000
 -0.01842851599888187  0.12755928580450232  0.18160931886273879  0.21600598432250706
  0.23746358906238249  0.25678424693960789  0.27457770026404421  0.28961129695644239
  0.30303308785444166  0.31549895120891625  0.32656459211896499  0.33882675625446462
  0.35306834362566358  0.36603637708705750  0.37828156275831282  0.38818919668025559
  0.39815431974445431  0.40772386471457955  0.41666793374447719  0.42430682697894750
  0.43121383235029787  0.43785766609223431  0.44433208536928925  0.45073346524540281
  0.45722141245264264  0.46370643307785298  0.47061719024209325  0.47761640625204943
  0.48346949986556803  0.48898938778723738  0.49312504009260805  0.49684453537705042
  0.50025081902107871  0.50337302232845427  0.50666088591969882  0.51105083615585278
  0.51592475890817324  0.52063893396545868  0.52513980503959767  0.52953436439443990
  0.53408309218110162  0.53915314738069553  0.54459709809306878  0.54995918996956972
  0.55505268396183216  0.55971913930514761  0.56385588960302002  0.56824384130750016
  0.57298288752072335  0.57736839955291241  0.58276611250015076  0.58893752278191058
  0.59533652867509623  0.60155251167725232  0.60702245472131178  0.61219423262599737
  0.61731707562813964  0.62256439205173364  0.62717125580986688  0.63142673814052996
  0.63649246365917211  0.64213434525680513  0.64741683952340845  0.65253844168567987
  0.65798436929274851  0.66358695542949597  0.66887747997142666  0.67365249582583686
  0.67842907017928766  0.68396775497811846  0.68963132624878165  0.69534216315659303
  0.70102695110537450  0.70663502149379886  0.71240975167230036  0.71844631831333849
  0.72455760334236763  0.73046211972608543  0.73613552133868176  0.74169096961463032
  0.74737393450836764  0.75459192493905236  0.76331347282419681  0.77179468085313385
  0.77997873155250486  0.78827666087420156  0.79657299254689284  0.80505653281949119
  0.81411732611267773  0.82478252795321916  0.83719164534634183  0.85079728528274112
  0.86655604877490711  0.88753928204499122  0.91935713001148645  1.00000000000000000
   9.1910327279310009E-010  -1.0000000000000000     
 F F F F F F F F F F F F F F F F F F F F F F F F F F F F F F F F F F F F F F F F F F F F F F F F F F F F F F F F F F F F F F F F F F F F F F F F F F F F F F F F F F F F F F F F F F F F F F F F F F F F F F F F F F F F F F F F F F F F F F F F F F F F F F F F F F F F F F F F F F F F F F F F F F F F F F F F F F F F F F F F F F F F F F F F F F F F F F F F F F F F F F F F F F F F F F F F T F F F F F F F F F F F F F F F F F F F F F F F F F F F F F F F F F F F F F F F F F F F F F F F F F F F F F F F F F F F F F F F F F F F F F F F F F F F F F F F F F F F F F F F F F F F F F F F F F F F F F F F F F F F F F F F F F F F F F F F F F F F F F F F F F F F F F F F F F F F F F F F F F F F F F F F F F F F F F F F F F F F F F F F F F F F F F F F F F F F F F F F F F F F F F F F F F F F F F F F F F F F F F F F F F F F F F F F F F F F F F F F F F F F F F F F F F F F F F F F F F F F F F F F F F F F F F F F T F F F F F F F F F F F F F F F F F F F F F F F F F F F F F F F F F F F F F F F F F F F F F F F F F F F F F F F F F F F F F F F
  <DiscreteSampler_grid>
  grouped_processes
  1 # 1 for a reference and 2 for a running grid.
  10 # Attribute 'min_bin_probing_points' of the grid.
  1 # Attribute 'grid_mode' of the grid. 1=='default',2=='initialization'
  0.0000000000000000 # Attribute 'small_contrib_threshold' of the grid.
  0.5000000000000000 # Attribute 'damping_power' of the grid.
 # binID   n_entries weight   weight_sqr   abs_weight
    103   10   3.594159486549415E-001   5.831412303304226E-001   3.594159486549415E-001
    104   10   3.594159486549434E-001   5.831412303304222E-001   3.594159486549434E-001
    106   10   1.930461774880417E-002   1.682292361239125E-003   1.930461774880417E-002
    107   10   1.930461774880437E-002   1.682292361239149E-003   1.930461774880437E-002
    109   10   1.930461774880417E-002   1.682292361239125E-003   1.930461774880417E-002
    110   10   1.930461774880437E-002   1.682292361239149E-003   1.930461774880437E-002
    112   10   3.594159486549415E-001   5.831412303304226E-001   3.594159486549415E-001
    113   10   3.594159486549434E-001   5.831412303304222E-001   3.594159486549434E-001
    115   10   7.188318973098830E-001   2.332564921321691E+000   7.188318973098830E-001
    116   10   7.188318973098867E-001   2.332564921321689E+000   7.188318973098867E-001
    118   10   3.860923549760834E-002   6.729169444956500E-003   3.860923549760834E-002
    119   10   3.860923549760874E-002   6.729169444956598E-003   3.860923549760874E-002
    121   10   3.860923549760834E-002   6.729169444956500E-003   3.860923549760834E-002
    122   10   3.860923549760874E-002   6.729169444956598E-003   3.860923549760874E-002
    124   10   7.188318973098830E-001   2.332564921321691E+000   7.188318973098830E-001
    125   10   7.188318973098867E-001   2.332564921321689E+000   7.188318973098867E-001
    127   10   1.930461774880419E-002   1.682292361239128E-003   1.930461774880419E-002
    128   10   1.930461774880427E-002   1.682292361239127E-003   1.930461774880427E-002
    130   10   1.036871813346342E-003   4.853211265956800E-006   1.036871813346342E-003
    131   10   1.036871813346353E-003   4.853211265956871E-006   1.036871813346353E-003
    133   10   1.036871813346342E-003   4.853211265956800E-006   1.036871813346342E-003
    134   10   1.036871813346353E-003   4.853211265956871E-006   1.036871813346353E-003
    136   10   1.930461774880419E-002   1.682292361239128E-003   1.930461774880419E-002
    137   10   1.930461774880427E-002   1.682292361239127E-003   1.930461774880427E-002
    139   10   3.860923549760838E-002   6.729169444956514E-003   3.860923549760838E-002
    140   10   3.860923549760854E-002   6.729169444956508E-003   3.860923549760854E-002
    142   10   2.073743626692684E-003   1.941284506382720E-005   2.073743626692684E-003
    143   10   2.073743626692706E-003   1.941284506382748E-005   2.073743626692706E-003
    145   10   2.073743626692684E-003   1.941284506382720E-005   2.073743626692684E-003
    146   10   2.073743626692706E-003   1.941284506382748E-005   2.073743626692706E-003
    148   10   3.860923549760838E-002   6.729169444956514E-003   3.860923549760838E-002
    149   10   3.860923549760854E-002   6.729169444956508E-003   3.860923549760854E-002
    151   10   1.930461774880419E-002   1.682292361239128E-003   1.930461774880419E-002
    152   10   1.930461774880427E-002   1.682292361239127E-003   1.930461774880427E-002
    154   10   1.036871813346342E-003   4.853211265956800E-006   1.036871813346342E-003
    155   10   1.036871813346353E-003   4.853211265956871E-006   1.036871813346353E-003
    157   10   1.036871813346342E-003   4.853211265956800E-006   1.036871813346342E-003
    158   10   1.036871813346353E-003   4.853211265956871E-006   1.036871813346353E-003
    160   10   1.930461774880419E-002   1.682292361239128E-003   1.930461774880419E-002
    161   10   1.930461774880427E-002   1.682292361239127E-003   1.930461774880427E-002
    163   10   3.860923549760838E-002   6.729169444956514E-003   3.860923549760838E-002
    164   10   3.860923549760854E-002   6.729169444956508E-003   3.860923549760854E-002
    166   10   2.073743626692684E-003   1.941284506382720E-005   2.073743626692684E-003
    167   10   2.073743626692706E-003   1.941284506382748E-005   2.073743626692706E-003
    169   10   2.073743626692684E-003   1.941284506382720E-005   2.073743626692684E-003
    170   10   2.073743626692706E-003   1.941284506382748E-005   2.073743626692706E-003
    172   10   3.860923549760838E-002   6.729169444956514E-003   3.860923549760838E-002
    173   10   3.860923549760854E-002   6.729169444956508E-003   3.860923549760854E-002
    175   10   3.594159486549415E-001   5.831412303304226E-001   3.594159486549415E-001
    176   10   3.594159486549434E-001   5.831412303304222E-001   3.594159486549434E-001
    178   10   1.930461774880417E-002   1.682292361239125E-003   1.930461774880417E-002
    179   10   1.930461774880437E-002   1.682292361239149E-003   1.930461774880437E-002
    181   10   1.930461774880417E-002   1.682292361239125E-003   1.930461774880417E-002
    182   10   1.930461774880437E-002   1.682292361239149E-003   1.930461774880437E-002
    184   10   3.594159486549415E-001   5.831412303304226E-001   3.594159486549415E-001
    185   10   3.594159486549434E-001   5.831412303304222E-001   3.594159486549434E-001
    187   10   7.188318973098830E-001   2.332564921321691E+000   7.188318973098830E-001
    188   10   7.188318973098867E-001   2.332564921321689E+000   7.188318973098867E-001
    190   10   3.860923549760834E-002   6.729169444956500E-003   3.860923549760834E-002
    191   10   3.860923549760874E-002   6.729169444956598E-003   3.860923549760874E-002
    193   10   3.860923549760834E-002   6.729169444956500E-003   3.860923549760834E-002
    194   10   3.860923549760874E-002   6.729169444956598E-003   3.860923549760874E-002
    196   10   7.188318973098830E-001   2.332564921321691E+000   7.188318973098830E-001
    197   10   7.188318973098867E-001   2.332564921321689E+000   7.188318973098867E-001
    202   10   3.594159486549415E-001   5.831412303304226E-001   3.594159486549415E-001
    203   10   3.594159486549434E-001   5.831412303304222E-001   3.594159486549434E-001
    205   10   1.930461774880417E-002   1.682292361239126E-003   1.930461774880417E-002
    206   10   1.930461774880437E-002   1.682292361239149E-003   1.930461774880437E-002
    208   10   1.930461774880417E-002   1.682292361239126E-003   1.930461774880417E-002
    209   10   1.930461774880437E-002   1.682292361239149E-003   1.930461774880437E-002
    211   10   3.594159486549415E-001   5.831412303304226E-001   3.594159486549415E-001
    212   10   3.594159486549434E-001   5.831412303304222E-001   3.594159486549434E-001
    214   10   7.188318973098830E-001   2.332564921321691E+000   7.188318973098830E-001
    215   10   7.188318973098867E-001   2.332564921321689E+000   7.188318973098867E-001
    217   10   3.860923549760834E-002   6.729169444956504E-003   3.860923549760834E-002
    218   10   3.860923549760873E-002   6.729169444956595E-003   3.860923549760873E-002
    220   10   3.860923549760834E-002   6.729169444956504E-003   3.860923549760834E-002
    221   10   3.860923549760873E-002   6.729169444956595E-003   3.860923549760873E-002
    223   10   7.188318973098830E-001   2.332564921321691E+000   7.188318973098830E-001
    224   10   7.188318973098867E-001   2.332564921321689E+000   7.188318973098867E-001
    226   10   1.930461774880419E-002   1.682292361239129E-003   1.930461774880419E-002
    227   10   1.930461774880427E-002   1.682292361239126E-003   1.930461774880427E-002
    229   10   1.036871813346342E-003   4.853211265956796E-006   1.036871813346342E-003
    230   10   1.036871813346353E-003   4.853211265956868E-006   1.036871813346353E-003
    232   10   1.036871813346342E-003   4.853211265956796E-006   1.036871813346342E-003
    233   10   1.036871813346353E-003   4.853211265956868E-006   1.036871813346353E-003
    235   10   1.930461774880419E-002   1.682292361239129E-003   1.930461774880419E-002
    236   10   1.930461774880427E-002   1.682292361239126E-003   1.930461774880427E-002
    238   10   3.860923549760838E-002   6.729169444956514E-003   3.860923549760838E-002
    239   10   3.860923549760854E-002   6.729169444956505E-003   3.860923549760854E-002
    241   10   2.073743626692684E-003   1.941284506382718E-005   2.073743626692684E-003
    242   10   2.073743626692705E-003   1.941284506382747E-005   2.073743626692705E-003
    244   10   2.073743626692684E-003   1.941284506382718E-005   2.073743626692684E-003
    245   10   2.073743626692705E-003   1.941284506382747E-005   2.073743626692705E-003
    247   10   3.860923549760838E-002   6.729169444956514E-003   3.860923549760838E-002
    248   10   3.860923549760854E-002   6.729169444956505E-003   3.860923549760854E-002
    250   10   1.930461774880419E-002   1.682292361239129E-003   1.930461774880419E-002
    251   10   1.930461774880427E-002   1.682292361239126E-003   1.930461774880427E-002
    253   10   1.036871813346342E-003   4.853211265956796E-006   1.036871813346342E-003
    254   10   1.036871813346353E-003   4.853211265956868E-006   1.036871813346353E-003
    256   10   1.036871813346342E-003   4.853211265956796E-006   1.036871813346342E-003
    257   10   1.036871813346353E-003   4.853211265956868E-006   1.036871813346353E-003
    259   10   1.930461774880419E-002   1.682292361239129E-003   1.930461774880419E-002
    260   10   1.930461774880427E-002   1.682292361239126E-003   1.930461774880427E-002
    262   10   3.860923549760838E-002   6.729169444956514E-003   3.860923549760838E-002
    263   10   3.860923549760854E-002   6.729169444956505E-003   3.860923549760854E-002
    265   10   2.073743626692684E-003   1.941284506382718E-005   2.073743626692684E-003
    266   10   2.073743626692705E-003   1.941284506382747E-005   2.073743626692705E-003
    268   10   2.073743626692684E-003   1.941284506382718E-005   2.073743626692684E-003
    269   10   2.073743626692705E-003   1.941284506382747E-005   2.073743626692705E-003
    271   10   3.860923549760838E-002   6.729169444956514E-003   3.860923549760838E-002
    272   10   3.860923549760854E-002   6.729169444956505E-003   3.860923549760854E-002
    274   10   3.594159486549415E-001   5.831412303304226E-001   3.594159486549415E-001
    275   10   3.594159486549434E-001   5.831412303304222E-001   3.594159486549434E-001
    277   10   1.930461774880417E-002   1.682292361239126E-003   1.930461774880417E-002
    278   10   1.930461774880437E-002   1.682292361239149E-003   1.930461774880437E-002
    280   10   1.930461774880417E-002   1.682292361239126E-003   1.930461774880417E-002
    281   10   1.930461774880437E-002   1.682292361239149E-003   1.930461774880437E-002
    283   10   3.594159486549415E-001   5.831412303304226E-001   3.594159486549415E-001
    284   10   3.594159486549434E-001   5.831412303304222E-001   3.594159486549434E-001
    286   10   7.188318973098830E-001   2.332564921321691E+000   7.188318973098830E-001
    287   10   7.188318973098867E-001   2.332564921321689E+000   7.188318973098867E-001
    289   10   3.860923549760834E-002   6.729169444956504E-003   3.860923549760834E-002
    290   10   3.860923549760873E-002   6.729169444956595E-003   3.860923549760873E-002
    292   10   3.860923549760834E-002   6.729169444956504E-003   3.860923549760834E-002
    293   10   3.860923549760873E-002   6.729169444956595E-003   3.860923549760873E-002
    295   10   7.188318973098830E-001   2.332564921321691E+000   7.188318973098830E-001
    296   10   7.188318973098867E-001   2.332564921321689E+000   7.188318973098867E-001
  </DiscreteSampler_grid>
