  0.02428961209148551  0.03304283006719076  0.04337973963848507  0.05380957023925693
  0.06409846595150170  0.07439078566908612  0.08433369558532677  0.09401822756423993
  0.10392251697813414  0.11387973064095583  0.12353066115849613  0.13295880551205749
  0.14249182737138658  0.15215034984533374  0.16189248863308395  0.17157440959460618
  0.18106834564013910  0.19029743861813256  0.19955579709302726  0.20895955701128513
  0.21816989450063354  0.22734859930072909  0.23701300184603138  0.24730232464224342
  0.25782599616101137  0.26832550185984222  0.27804732742434035  0.28779677283048338
  0.29803029228801375  0.30870813487151832  0.31955084787727733  0.32989856900627856
  0.34066406762731077  0.35145368465965998  0.36221729411088727  0.37264447849709081
  0.38295484305932248  0.39332190206212825  0.40414128835257440  0.41510671974661323
  0.42577734766714614  0.43621630770496200  0.44665501721596967  0.45702129849794160
  0.46644354368097918  0.47542055475131284  0.48459404689106383  0.49414680588270110
  0.50330674717936152  0.51199680124991787  0.52081845345145861  0.53011501075507672
  0.53941567085897724  0.54899167083725986  0.55860429550500701  0.56824330735081163
  0.57785866129284702  0.58768167838902108  0.59784811748889732  0.60787183311614656
  0.61678993499501122  0.62564113496236895  0.63493633670919813  0.64482532635666179
  0.65484424531898744  0.66499811085927607  0.67515330532704065  0.68547436546207818
  0.69576457232754130  0.70624420204917004  0.71680197402086732  0.72708350968816327
  0.73733505730571924  0.74701511671145771  0.75649474915618464  0.76606681872746740
  0.77606927248715896  0.78649394102980907  0.79727158956475308  0.80838458778608835
  0.81984205742059435  0.83119796295868487  0.84267159252939883  0.85412161160396305
  0.86533552373741374  0.87628604231622487  0.88692224672180586  0.89739111435455710
  0.90794758434449963  0.91868560963802270  0.92995400046141052  0.94206388048935097
  0.95430176916549936  0.96505204294530889  0.97137949373633370  1.00000000000000000
  0.02414267766349899  0.03327084234457778  0.04455040696222718  0.05588527307036503
  0.06743791528115572  0.07914731297270311  0.09026541504619023  0.10084052381087619
  0.11102665128019447  0.12084309474573997  0.13054176085992411  0.14032833710055928
  0.15016734488854316  0.15993021236451005  0.16950070852377752  0.17910625482294029
  0.18848205756271660  0.19792448421806697  0.20781572293962075  0.21797508623608550
  0.22786939513668450  0.23764205068006081  0.24685636077545631  0.25674333470877603
  0.26667312587484887  0.27688432832692184  0.28747908310936193  0.29888181361326144
  0.31047477113031419  0.32205289786657348  0.33348987067446906  0.34474493440174087
  0.35571981263613200  0.36629782752791629  0.37717207291050120  0.38783043400314304
  0.39859061508176491  0.40912830317909737  0.41922810476330374  0.42909377316607378
  0.43872510668580206  0.44897244471415021  0.45913150556676324  0.46882430059825697
  0.47847715939850688  0.48807865492903135  0.49773770873161177  0.50746035485863494
  0.51724675190936287  0.52733782282088171  0.53790250129528772  0.54857000732327488
  0.55887427526465860  0.56933166202986940  0.58008519541722481  0.59227229188713215
  0.60352512171875805  0.61391404345980150  0.62370528817065585  0.63346530436618265
  0.64311475306685151  0.65252717200171317  0.66152958253300309  0.67072109901197208
  0.68052732352440903  0.69077336466257000  0.70193509268471088  0.71312423590650986
  0.72447595886466576  0.73542503821409999  0.74620788209846678  0.75655021870444039
  0.76631169811465394  0.77607501581604443  0.78607616180620876  0.79656939906474167
  0.80726510645362082  0.81766954799800984  0.82768158298433359  0.83721101255221753
  0.84651497005732368  0.85583574683439023  0.86498271829626427  0.87409296665125613
  0.88324764176559034  0.89248613533121035  0.90226642795887846  0.91243792460736495
  0.92238088298412968  0.93163125883873177  0.94061263490829761  0.94963868391094441
  0.95845469134958305  0.96647964986451806  0.97069191714886649  1.00000000000000000
  0.00855291548711103  0.01793406475902382  0.02860842041043226  0.03923591158665064
  0.04994892844356024  0.06085745706733897  0.07106985270047377  0.08107259325368735
  0.09183891428722578  0.10328141556454674  0.11364984033280824  0.12372216955766416
  0.13345823967052373  0.14340462384981945  0.15393734281589369  0.16490325733009512
  0.17663267453363335  0.18797315957796190  0.19915502226841014  0.21029006603881753
  0.22175717068177084  0.23311107362123354  0.24394005954419251  0.25527081160838860
  0.26673060962332112  0.27832263534737173  0.28892629459082125  0.29933052956456541
  0.30924615286138768  0.31887209809713490  0.32814280998004663  0.33768388836495988
  0.34773632396293497  0.35794069014534030  0.36813025243428649  0.37853351611667019
  0.38915209343623275  0.39952731643600514  0.40987593384411525  0.42099723711433207
  0.43282177322185122  0.44457609306383722  0.45636312327556705  0.46752802144337485
  0.47804008327767350  0.48797593504062564  0.49780210665491709  0.50852553571961157
  0.51946987979240056  0.53096863536126349  0.54198660332930648  0.55159098114716798
  0.56060863889211709  0.56954137013884887  0.57883093865750601  0.58879650400873518
  0.59878724334260935  0.60779918960572477  0.61702819084991933  0.62591473866210789
  0.63579115842450129  0.64549465591792943  0.65448390188677152  0.66363177486389902
  0.67263203104574032  0.68257435448727533  0.69295937896474147  0.70423682227935502
  0.71527744857090969  0.72631058220613343  0.73782354314624798  0.74947121951368623
  0.76067958530629454  0.77230384464880097  0.78356581743930598  0.79506961611249150
  0.80573757200254026  0.81667473009447755  0.82715396492124915  0.83816123669307085
  0.84931864790552347  0.85976004995074862  0.86983499982005530  0.87986058090194630
  0.89049410227124048  0.90039387066132348  0.90978517204183196  0.91963070212345643
  0.93017763774941631  0.94127245563629125  0.95196461479784267  0.96319908060580606
  0.97470215600582866  0.98389921376167366  0.99122045094576228  1.00000000000000000
  0.00162505281787336  0.01593373436872725  0.02981511832220875  0.04269709445537371
  0.05500089049263810  0.06682273443047665  0.07857943933059397  0.08966527704648138
  0.10054547722387544  0.11140256665782269  0.12244086084230013  0.13228150176087725
  0.14175999581514348  0.15160666738527120  0.16204883024216415  0.17247197310986975
  0.18222087971742543  0.19262720679996992  0.20350502938722276  0.21373226886387803
  0.22276309817852727  0.23210855620059603  0.24095279023138574  0.25023247947051330
  0.25986356415500128  0.26939531891593871  0.27964633485788093  0.29126464924472878
  0.30323574098238520  0.31573299963663953  0.32725961422182243  0.33846322239705640
  0.34985367882550306  0.36096745782055878  0.37177266654870317  0.38259280168001941
  0.39333838851293429  0.40415951971885589  0.41446053543521261  0.42475287338692003
  0.43476075224493343  0.44560015192870550  0.45623891328194932  0.46704614966203967
  0.47798891041463831  0.48860846215891218  0.49915256199385488  0.50970297867220415
  0.52107709972173455  0.53250151149488467  0.54349070395383803  0.55404844855794289
  0.56411340599904625  0.57389332878717148  0.58366152020367912  0.59325051319509325
  0.60264535956103071  0.61239976702743060  0.62260754553901732  0.63312801472613067
  0.64351356585978758  0.65381219530744106  0.66396160991713138  0.67413736587339201
  0.68474623807281654  0.69569398803757077  0.70576775527441982  0.71546753918741390
  0.72478652722454529  0.73431300414511924  0.74361718361601403  0.75321606278371112
  0.76321656500301149  0.77369295360716706  0.78430050638541038  0.79548068355651580
  0.80481927761232164  0.81399371470742532  0.82303272380890624  0.83277212791839050
  0.84300839180736420  0.85324267392450104  0.86314016772670354  0.87283895080267038
  0.88198843074174882  0.89128980956015769  0.90140658058087986  0.91273560489183159
  0.92412965781713230  0.93523207188024837  0.94631303320892202  0.95686212978586760
  0.96745784173115945  0.97765005948497397  0.98858048294580891  1.00000000000000000
 -0.00061455600826316  0.00328155233617649  0.00536455720704176  0.00755515431926677
  0.01030130072518190  0.01342182137872506  0.01672414901645342  0.02047634279242314
  0.02459048713184198  0.02896095213685079  0.03361937011195191  0.03847183170299542
  0.04375120395985581  0.04935204384103043  0.05532897132143948  0.06138872526158595
  0.06746714227783182  0.07380900858883134  0.08101306256736991  0.08895532272761181
  0.09657844632826329  0.10432623404837627  0.11255092413463864  0.12102451190222009
  0.12983548476518386  0.13872362295125529  0.14780953208731576  0.15730640494854728
  0.16695581463352180  0.17613535988192958  0.18495548941077794  0.19364183618945321
  0.20248305405853365  0.21192248399007990  0.22151276340905174  0.23154590213454232
  0.24200384571897943  0.25233762648163366  0.26241554888910862  0.27235674079895611
  0.28187624280592577  0.29135190098332225  0.30115417579462977  0.31111637827441385
  0.32104428815763686  0.33113338902694933  0.34184617418363478  0.35303680848716901
  0.36409683303583473  0.37510183962163873  0.38672476488766000  0.39841990949793210
  0.40966629316623776  0.42112023294711293  0.43289869452868662  0.44522897619414797
  0.45790795630655079  0.47054795019002882  0.48388267395039564  0.49806037672105163
  0.51166370070190004  0.52504867304157898  0.53810705869273967  0.55095075241858160
  0.56370141637437354  0.57634871746071159  0.58886124904025716  0.60100631033184559
  0.61362595194566005  0.62627276042414304  0.63890615226301961  0.65184530128558904
  0.66483947033116442  0.67760073625688200  0.69098279127837881  0.70457080533269378
  0.71805066039536347  0.73131435756569718  0.74447248432299240  0.75792098771919703
  0.77189017982645503  0.78679246357178123  0.80238485202392063  0.81792593248628653
  0.83307713464829425  0.84873394936456614  0.86350210927267934  0.87795288926707815
  0.89332726309389521  0.90908680206850634  0.92451032145517109  0.94006543708658152
  0.95531732971529104  0.97046763041964057  0.98543263219001254  1.00000000000000000
 -0.00228977308055683  0.00945283084539839  0.01880593464070321  0.02862952050314913
  0.03835113510261313  0.04852270386102892  0.05886767798701852  0.06893582976002474
  0.07879825618035115  0.08918596924460739  0.10021491863217907  0.11066227562520108
  0.12061066388310547  0.13005416302601197  0.14026025053743840  0.15029809879804079
  0.16078311899084030  0.17150444049988603  0.18231065601530377  0.19335472090690017
  0.20413951256075394  0.21459449956684906  0.22487801128809004  0.23561771899577783
  0.24661469737010489  0.25659297902339812  0.26605705052955880  0.27642984514001778
  0.28730582571338026  0.29769092439056943  0.30733569458787230  0.31781908436454603
  0.32946016982955484  0.34119060701895504  0.35326095528123858  0.36541357044510103
  0.37761939692541791  0.38989119704026665  0.40174395835135768  0.41281811901459586
  0.42373288633304518  0.43406858304030888  0.44444743873628390  0.45504092890656467
  0.46620418143587294  0.47757351949309429  0.48833488427805816  0.49892194681960772
  0.50990776667861215  0.52078980991916379  0.53122220043513702  0.54160968486535976
  0.55245632286396029  0.56344720172710883  0.57407298731340906  0.58462088106066912
  0.59526518315096388  0.60607264920775739  0.61665068099554754  0.62714716987014851
  0.63772859870322596  0.64830234200310122  0.65853832167500914  0.66853762527615268
  0.67950138844679231  0.69043074793404191  0.70122440936352970  0.71204150912692987
  0.72329819495996517  0.73371702355103940  0.74323466260814885  0.75259947813627370
  0.76197962823829857  0.77197116287471168  0.78177072664226388  0.79063773414578742
  0.80051712657302476  0.81018394117928250  0.82059572554795790  0.83088733803549120
  0.84240964368744553  0.85373934921756800  0.86491347926431517  0.87634871488005817
  0.88814699741411318  0.89976609122167073  0.91033635495286924  0.92036882162310152
  0.93014065849705618  0.93995150508234659  0.94974766454177773  0.95972938194577428
  0.96984770482512817  0.98034182162296857  0.99035209819734249  1.00000000000000000
 -0.00276172690720989  0.01048113549760002  0.02121533301072203  0.03253583921022558
  0.04398997352017654  0.05601900144885625  0.06705603163953318  0.07770581383114550
  0.08802517182323458  0.09879912987963767  0.10954629225854390  0.12071778857454937
  0.13145712754840266  0.14239216476579017  0.15318806405916557  0.16378839973831721
  0.17489804532684011  0.18611911578703777  0.19740015564933044  0.20902567306807368
  0.22057030029879870  0.23170297956589103  0.24244491645677266  0.25346006111447200
  0.26507118291784132  0.27639951048932093  0.28747374868598785  0.29862576970770072
  0.30977169437035279  0.32069983288207810  0.33164545534339956  0.34233416313824261
  0.35276528092425430  0.36299490551460767  0.37334009737712598  0.38431201627676082
  0.39558679131660041  0.40690300447773536  0.41810908964636923  0.42935325743030422
  0.44105766018752424  0.45305434882724727  0.46442182702316859  0.47465911186217513
  0.48478612159869960  0.49519383840405157  0.50582052315726589  0.51605151132389637
  0.52565544284440735  0.53562372160992089  0.54577012955056525  0.55644923148997871
  0.56685530523480676  0.57712257841011705  0.58754018963686416  0.59772405400843898
  0.60744909168795225  0.61685001817381402  0.62630154902720103  0.63535382453241174
  0.64447242740671473  0.65349476382974969  0.66246110178872342  0.67130515236190447
  0.68033208946093104  0.68979982718035138  0.69955436032882734  0.70935706009747357
  0.71938896471675851  0.72959112932732306  0.74036156246129581  0.75131584048753319
  0.76200492275143250  0.77225372137056425  0.78267905157596351  0.79293829733716559
  0.80336447280160583  0.81379570082415753  0.82456495708841959  0.83524093222455031
  0.84552560226969564  0.85553699772026481  0.86491285621636982  0.87381662745049360
  0.88286141718432842  0.89200957262225566  0.90177444879726720  0.91202051618637314
  0.92238929738178421  0.93336337938743197  0.94475891091256836  0.95681753540841119
  0.96828894666788556  0.97907424534217002  0.98950627670241842  1.00000000000000000
 -0.00270879705325180  0.01123514426808415  0.02271486318979514  0.03310402781448460
  0.04305550360472958  0.05232336068162960  0.06202110146869590  0.07164613349705407
  0.08185034133779558  0.09287465999206494  0.10423557793985266  0.11535165248873440
  0.12660489150057810  0.13756461102895537  0.14833772377397808  0.15865720707710101
  0.16936099843389010  0.17997517885121012  0.19009517620605218  0.19967274671321417
  0.20928036280104137  0.21876989637891223  0.22807013367395659  0.23751615656912975
  0.24711405362112915  0.25659950449590863  0.26600950411766655  0.27577286158008402
  0.28574210904498210  0.29557190292926921  0.30521473477899713  0.31524637788150789
  0.32567424307473763  0.33565234853639991  0.34556385209234552  0.35536935191658631
  0.36531663416932270  0.37558115262602060  0.38615975820512011  0.39686525935685235
  0.40720432280946922  0.41743062289065019  0.42801175323420632  0.43885329242709920
  0.45008943175204963  0.46114635940298665  0.47179322682553343  0.48213633467142958
  0.49252107101300158  0.50294482211825475  0.51350992566277043  0.52452004820533460
  0.53595421382387121  0.54747095684920744  0.55942327063686104  0.57065400679112965
  0.58122468614482148  0.59180738179280634  0.60247399200998519  0.61257839959767557
  0.62198586598335892  0.63181149563685024  0.64244137041760507  0.65392681071026704
  0.66645851227358799  0.67892980980746742  0.69150168483642904  0.70306031714675188
  0.71534335789736314  0.72753879984312753  0.73958933457959641  0.75134745125886138
  0.76319595153692665  0.77347951191740683  0.78285895121755400  0.79233410793272574
  0.80207556550238046  0.81098472371787100  0.81998521189841211  0.82931203713715140
  0.83994709155614589  0.85080945059654423  0.86143647439850102  0.87203170654803475
  0.88287080286658048  0.89441486838677164  0.90592511097564132  0.91704014524677047
  0.92705637665609453  0.93636175908828345  0.94596479741210393  0.95568332395240529
  0.96620889332229343  0.97684515253076776  0.98822853614142103  1.00000000000000000
 -0.00272258532130901  0.01128692465790720  0.02329801716361707  0.03502728564463072
  0.04586359917069014  0.05630496043753663  0.06691173223032226  0.07777884451096659
  0.08870250423728776  0.09941300300959525  0.11043954647619746  0.12121848788610626
  0.13146376327417958  0.14203356788044375  0.15234491395094552  0.16401397577220866
  0.17564903801100715  0.18689587312481945  0.19824131954581661  0.20888535146701284
  0.21881244371377406  0.22852763335724252  0.23818631187801709  0.24794682741884799
  0.25746507323762985  0.26689267719695187  0.27683192292954745  0.28710023478006202
  0.29656760436491569  0.30555162045917539  0.31432466920760038  0.32317113375396428
  0.33223203228560344  0.34154222284770475  0.35115529130258472  0.36062372019276467
  0.36989186687034142  0.37953394470349583  0.38969208612189382  0.40024147752427808
  0.41097707351311275  0.42225874555206955  0.43376490244907229  0.44486839382710375
  0.45540554609817557  0.46577095214675795  0.47601916371627384  0.48651070310215699
  0.49702481214948158  0.50717393701113445  0.51694858390364762  0.52667889031387616
  0.53629375380771271  0.54590479788429946  0.55574713902104156  0.56605263159709895
  0.57670027385449130  0.58712820413700018  0.59719717853606946  0.60724052892478764
  0.61723934957455506  0.62760104422449070  0.63909635710287482  0.65045488991056777
  0.66217801145253408  0.67339362790665502  0.68433001539634108  0.69516309972018786
  0.70661299010283962  0.71725680701521033  0.72751869445920814  0.73784298168263673
  0.74868730951054174  0.75988717560968633  0.77100337732918567  0.78263340050070251
  0.79430760537130896  0.80588639031199227  0.81696497495273834  0.82754926568154463
  0.83843963155482337  0.84925307720111909  0.86080258484042349  0.87271686844029372
  0.88423531801899968  0.89448297430561452  0.90439002826969350  0.91437772601842393
  0.92487443270065661  0.93522163586145979  0.94700280561062744  0.95855629724067959
  0.96951931866204644  0.97984870864046780  0.98992094443388123  1.00000000000000000
 -0.00293197357836550  0.01007319942300104  0.02105819031692403  0.03193135047586941
  0.04293376717126190  0.05394854286274475  0.06521064060338061  0.07671634737229494
  0.08801150748502393  0.09902464899588913  0.10988803011370532  0.12108095487653470
  0.13262094156568774  0.14425485585452752  0.15631036394501169  0.16856185067973375
  0.18036028725912068  0.19103686402278103  0.20087590329318139  0.21069214588249446
  0.22118099585623774  0.23150870344523186  0.24195584110297333  0.25278260704657396
  0.26426362491194033  0.27557607592131339  0.28659071924735058  0.29755099522690781
  0.30821757050186538  0.31857849072629069  0.32897972726391389  0.33934768906825302
  0.34914625010816130  0.35884683173410764  0.36878439318922918  0.37919731034503207
  0.38953878852776319  0.40033718417609088  0.41188311208448325  0.42319999267854441
  0.43387927235568191  0.44487840360429293  0.45603415662670921  0.46609247246707369
  0.47608365920931062  0.48588996457017780  0.49604847225434828  0.50596610109684403
  0.51579012757678055  0.52556963769018084  0.53498779151061726  0.54458367020773368
  0.55495358166511233  0.56567754317737284  0.57725518204433868  0.58833568595770169
  0.59906540250791951  0.60963111898861155  0.62030441801716685  0.63113592095700022
  0.64173976821310819  0.65239168178925566  0.66309881795276393  0.67322774949141317
  0.68353285715254652  0.69453396571964676  0.70579194239725584  0.71701919810463022
  0.72824653114889126  0.73924210463967266  0.74958386667061838  0.75898460157390457
  0.76790974033559634  0.77709097067183186  0.78673076674836673  0.79762635956052663
  0.80868885812157099  0.81961538897700414  0.83093431861473732  0.84245375035786541
  0.85400962686542392  0.86492584261187033  0.87515204839259630  0.88449507717258191
  0.89428061477918352  0.90437170981777348  0.91407850566219528  0.92358329763833691
  0.93240792661119665  0.94207622650921230  0.95249221470366086  0.96294612840283156
  0.97296383861909419  0.98234313665858353  0.99105783570867867  1.00000000000000000
 -0.00263827759140496  0.00790788877333849  0.01767678368563605  0.02739894219783859
  0.03745089656576327  0.04774587670521240  0.05788794547208485  0.06740941217953386
  0.07606694644006270  0.08456325437799862  0.09258773470962797  0.10039383805217629
  0.10883116306692564  0.11776286928217897  0.12691171833631917  0.13650842168249305
  0.14629306683999121  0.15558624763508025  0.16482416110403458  0.17322398147657095
  0.18159718482523854  0.19040764111864111  0.19961652012428882  0.20881149656018141
  0.21858275057426657  0.22910378993003425  0.24020565301293345  0.25065585980788213
  0.26062050172290729  0.27080218279096174  0.28132799987661300  0.29188317450116730
  0.30284354982050204  0.31408701725587651  0.32607322851145587  0.33804698373206865
  0.34967203646664913  0.36174706480024388  0.37412079591228287  0.38603643782336000
  0.39739035530267663  0.40895485575783552  0.42125404835357733  0.43384070584164991
  0.44608471985316789  0.45839017801310916  0.47033942092409009  0.48137395325437293
  0.49216976539691337  0.50314588077132472  0.51424667092742626  0.52548430796288348
  0.53714727577361221  0.54882827323010674  0.56023227387837571  0.57152822767439904
  0.58364679669769282  0.59555716331485209  0.60871753147109409  0.62233409598652700
  0.63541222220512084  0.64747000830050261  0.65968527748103789  0.67201033411823641
  0.68459232275353965  0.69689089976776264  0.70917232062278002  0.72082067133472372
  0.73294364698702019  0.74427900276132852  0.75543971556764100  0.76608333108881888
  0.77693061389764784  0.78737019297412025  0.79797827247702513  0.80871216000061785
  0.82057838315491194  0.83192165595580447  0.84300950029848210  0.85337979921099760
  0.86306996020131788  0.87233447390434438  0.88173803734336698  0.89077198169961158
  0.89990659467656275  0.90901572697750754  0.91830103009229658  0.92817193614158255
  0.93816781990989950  0.94704365107973210  0.95634079520819260  0.96515630517611606
  0.97421687306425819  0.98280316595126238  0.99151120975006612  1.00000000000000000
 -0.00227739668591075  0.00952417003724092  0.01910062161757149  0.02960100037381369
  0.03998649570453705  0.05097248845994198  0.06252152280063930  0.07403298728572351
  0.08496157914589889  0.09542361357579889  0.10623314443826298  0.11735375477480513
  0.12840874454532539  0.13896854183626234  0.14972531362985325  0.16060334960949393
  0.17151392664863549  0.18251162280379066  0.19340251139791284  0.20389122522911818
  0.21486519302941512  0.22580981533323752  0.23665253890899746  0.24673088710278646
  0.25736363497513204  0.26775274678806976  0.27829572051519275  0.28829497130880005
  0.29862921754563820  0.30919103228603739  0.31952916105140322  0.32988526582350997
  0.33989164942407668  0.35053288559789442  0.36169566705525363  0.37244522697469556
  0.38299781364529462  0.39333511494492085  0.40398219735547641  0.41443807930140530
  0.42577101868110939  0.43683282063456558  0.44793031526914245  0.45898168315909427
  0.47061246610685020  0.48138520818104708  0.49138711960529785  0.50131167278703348
  0.51149289774318352  0.52215382653919740  0.53277928268654640  0.54349690265795925
  0.55454190186450136  0.56586434243227035  0.57722122922737584  0.58831529071534339
  0.59944636940685092  0.61084245024891359  0.62228775721078733  0.63366195366648381
  0.64452331541756791  0.65442504361517628  0.66355436521269073  0.67278232048194386
  0.68246936788231849  0.69224699134372902  0.70146670566085134  0.71078020434497269
  0.72096432379800490  0.73139709719460588  0.74190025214456745  0.75256274223777109
  0.76348497435667706  0.77430480343828301  0.78495708010768661  0.79587883160689066
  0.80713398530849711  0.81802721372589537  0.82853839932049667  0.83827524603753434
  0.84801270196132617  0.85770525390789032  0.86824744233293849  0.87924400457801666
  0.89038601013102103  0.90125878779597624  0.91179717742899202  0.92176472181937719
  0.93153087897207687  0.94186798197191335  0.95255221308992311  0.96250940840725130
  0.97154794454158255  0.98056004145479336  0.99004188385826963  1.00000000000000000
 -0.00333960480758648  0.01722417613132380  0.03450668975867163  0.05122437005105174
  0.06718887662367339  0.08209956060446470  0.09573803858863170  0.10905590375118278
  0.12264740695620775  0.13589222377838217  0.14861757456917299  0.16101626126326318
  0.17256556170464807  0.18393162115316503  0.19572923949256038  0.20740831456376918
  0.21830502302546440  0.22924139307663169  0.24061770105119784  0.25249645580391455
  0.26341880916620625  0.27393011824692765  0.28433801991720609  0.29464529909549442
  0.30509784583818822  0.31508875538526865  0.32469775636215858  0.33383394934231442
  0.34253798005798086  0.35098144475417897  0.35930341539590360  0.36765152793775491
  0.37599148190510273  0.38397430733358634  0.39149295548133761  0.39865391325838612
  0.40552913837565480  0.41255781367097000  0.42008582925626087  0.42834377005097435
  0.43690705153828624  0.44554826618347421  0.45415980100553716  0.46269393244797374
  0.47226250530939501  0.48113360562205448  0.48968679699337281  0.49801412915666649
  0.50609605173907346  0.51420165776915794  0.52225961781351149  0.52957829857169192
  0.53702369482384515  0.54451502027904897  0.55276508825326554  0.56125002007681235
  0.56965620414449603  0.57770657177398188  0.58560379901358706  0.59373817943150475
  0.60204848253592080  0.61044029971070268  0.61877309702714500  0.62694292374524319
  0.63554860573343075  0.64432372664364923  0.65375938328548255  0.66325922039808138
  0.67249871922668480  0.68159228213632306  0.69083254870848210  0.70011845404427120
  0.70922960213459740  0.71836919838720215  0.72777866812310887  0.73767961509517799
  0.74817899308188240  0.75873568766794186  0.76949570264804090  0.78038080697796819
  0.79171155451601738  0.80393006100112752  0.81644485975556103  0.82758876102379397
  0.83802823575979035  0.84854807872924820  0.85992489276812012  0.87311159082257417
  0.88647426282052366  0.89957321207266816  0.91304899523566341  0.92756221339153966
  0.94308754700068986  0.96013322717312066  0.97948833814639091  1.00000000000000000
 -0.00241694477744711  0.00940011824538087  0.01891961212625174  0.02858443427202235
  0.03857400052794152  0.04924326321673320  0.05990923796780504  0.06957846876019620
  0.07905819604546357  0.08819857375240621  0.09714426566495341  0.10588175073629773
  0.11447102903233336  0.12307490509439412  0.13215119323510768  0.14181796988374024
  0.15218193978060024  0.16313837874027698  0.17451464638443390  0.18568054720980179
  0.19612605007134726  0.20634490387954532  0.21659183838836654  0.22726406861782156
  0.23846651545781300  0.24976672120331975  0.26109130190570706  0.27241863019638268
  0.28354666255673122  0.29458232434978143  0.30577479112793532  0.31723208848505779
  0.32955587510184398  0.34043353989684344  0.35125413452273829  0.36144353645187194
  0.37170213956494419  0.38185953016119084  0.39204065870698446  0.40265569842033166
  0.41373510147541215  0.42522896509128638  0.43639757920129080  0.44701693958351552
  0.45725470733707285  0.46768466507230999  0.47815590924122769  0.48864675053247997
  0.49970833417775634  0.51165187150001434  0.52425076404859650  0.53683660247667031
  0.54907367167618282  0.56115586759002800  0.57350208700211369  0.58625805091228944
  0.59889054080566395  0.61102298869264160  0.62273519124270837  0.63458385407925788
  0.64668367221788503  0.65898678605959893  0.67039858561466659  0.68030454889186920
  0.69080905262440973  0.70172379449897682  0.71249634262560313  0.72281713869748865
  0.73267863020628055  0.74213557849391876  0.75132565874762236  0.76092889658552898
  0.77137371733171778  0.78221815822782226  0.79293660630673668  0.80356491413776865
  0.81424767247426832  0.82503870624351683  0.83594926451045481  0.84679441998741678
  0.85728593809728515  0.86738264296823886  0.87684505524727174  0.88598257195357022
  0.89544128588743788  0.90556842573096308  0.91553116722721617  0.92499236487066339
  0.93421521581760303  0.94379782568599790  0.95404006017843590  0.96406636976633464
  0.97379287006925974  0.98295864405895761  0.99145541014101168  1.00000000000000000
  0.02823316658537368  0.17610630549485326  0.22590560708869112  0.26286438150156216
  0.29490381912763775  0.32173114414439596  0.34566950692628023  0.36731553654493482
  0.38630432656661712  0.40389807886819085  0.42117907469310933  0.43775990734747605
  0.45429952199316292  0.47020588527141877  0.48520571740064006  0.49845712331501396
  0.51063992657041390  0.52239343458208509  0.53391213322439246  0.54528985991614021
  0.55662656726249049  0.56769606140699191  0.57846251707317853  0.58874735767709108
  0.59860685193266772  0.60808038603603698  0.61713503431103722  0.62573879082210782
  0.63376351928156882  0.64132903233283733  0.64865013447723430  0.65594149014504199
  0.66303173418922645  0.67005748327474746  0.67714806700968044  0.68405226295879706
  0.69059773794482826  0.69663592457267587  0.70246384659021244  0.70832265018664820
  0.71408495045249809  0.71989446938955259  0.72556522455513450  0.73125127952093705
  0.73683447829951965  0.74246474646798699  0.74812190445886606  0.75397332300292941
  0.75998662275654405  0.76585245263875112  0.77138187025643179  0.77640715044634967
  0.78103906170188986  0.78575747090613490  0.79057314702535342  0.79552997315709795
  0.80074643723176375  0.80575701974063463  0.81048963166278110  0.81492585299247677
  0.81922381023847302  0.82354561915868441  0.82785243849709245  0.83209052276901230
  0.83644616385402115  0.84094853202067332  0.84542571580914916  0.84992340835386671
  0.85430008472874297  0.85854191239959055  0.86279768788400024  0.86711800365594927
  0.87146151246264025  0.87580311094742147  0.88012338313819460  0.88455163882720711
  0.88886303306898007  0.89329405394215111  0.89774748657195103  0.90211286120457312
  0.90636922379439910  0.91056090627038055  0.91470899986484577  0.91880155912020689
  0.92302012752877483  0.92743577040984138  0.93181006326378768  0.93631966935868383
  0.94090948700664445  0.94577195024732363  0.95092004281183051  0.95650482461380837
  0.96293394782427677  0.97048551115198389  0.98116998504824815  1.00000000000000000
 -0.01887255376643402  0.13364521465053852  0.19201473514384546  0.23140276345273533
  0.25786756810204675  0.27970186938254765  0.29837127196358315  0.31428334870277586
  0.32837488526610259  0.34120959711500226  0.35315080576556029  0.36371867957704307
  0.37360357276333439  0.38349012811797789  0.39300281674610915  0.40201517476499687
  0.41028532645246213  0.41836060981539652  0.42650383420486865  0.43454619984757004
  0.44197147591665581  0.44864465918311769  0.45515006154083315  0.46153864952577728
  0.46786476944154826  0.47418398424550628  0.48036153123609404  0.48611696144092098
  0.49175984928629463  0.49745409796571949  0.50261656688264877  0.50776823320425024
  0.51293632852922477  0.51824804584650208  0.52328317295712945  0.52798257158676609
  0.53247767895210862  0.53700118202427372  0.54156146287432116  0.54630819790010876
  0.55105266275144338  0.55558883279918070  0.56002904728973368  0.56459641655174475
  0.56929339703335957  0.57402032252944846  0.57871225341227672  0.58348876270418093
  0.58813427095414483  0.59292123491339122  0.59788842103366624  0.60284297070862358
  0.60786241669858831  0.61263134457761648  0.61729817835973311  0.62206341310982360
  0.62703428080396473  0.63226557637316350  0.63749041729990485  0.64264840633095144
  0.64772662429636374  0.65290942510434069  0.65852288017377758  0.66413333280626319
  0.66946967435740112  0.67460414062621843  0.67965907075194976  0.68463591606996133
  0.68980336894356087  0.69505753757393773  0.70038000407345180  0.70577830212059378
  0.71119284033100216  0.71672885774262018  0.72250140408390051  0.72859523633302137
  0.73504518697005672  0.74166289961684062  0.74806777634650912  0.75438463130783506
  0.76095656126367250  0.76786467090073596  0.77533144031958467  0.78295418716549192
  0.79035289600296710  0.79783350893734406  0.80572437786612416  0.81464997075814172
  0.82416502302996075  0.83370612857059545  0.84431788483463344  0.85672569720296188
  0.87179964125092890  0.89248838715146162  0.92343743933793676  1.00000000000000000
   1.1345372615927607E-010  -1.0000000000000000     
 T F F F F F F F F F T F F F F T F F F F F F F F F F F F F F F F F F F F F F F F F F F F F F F F T F F F F F F F F F F F F F F T F F F F F F F F F F F F F F F F F F F F F F F F F F F F F F F F F F F F F F F F F F F F F F F F F F F F F F F F F F F F F F F F F F F F F F F F F F F F F F F F F F F F F F F F F F F F F F F F F F F F F F F F F F F F F F F F F F F F F F F F F F F F F F F F T F F F F F F F F F T F F F F T F F F F F F F F F F F F F F F F F F F F F F F F F F F F F F F F T F F F F T F F F F T F F F F T T F F F F F F F F F T F F F F T F F F F F F F F F F F F F F F F F F F F F F F F F F F F F F F F T F F F F F F F F F F F F F F T F F F F F F F F F F F F F F F F F F F F F F F F F F F F F F F F F F F F F F F F F F F F F F F F F F F F F F F F F F F F F F F F F F F F F F F F F F F F F F F F F F F F F F F F F F F F F F F F F F F F F F F F F F F F F F F F F F F F F F F F F F F F F F F F T F F F F F F F F F T F F F F T F F F F F F F F F F F F F F F F F F F F F F F F F F F F F F F F T F F F F T F F F F T F F F F T
  <DiscreteSampler_grid>
  grouped_processes
  1 # 1 for a reference and 2 for a running grid.
  10 # Attribute 'min_bin_probing_points' of the grid.
  1 # Attribute 'grid_mode' of the grid. 1=='default',2=='initialization'
  0.0000000000000000 # Attribute 'small_contrib_threshold' of the grid.
  0.5000000000000000 # Attribute 'damping_power' of the grid.
 # binID   n_entries weight   weight_sqr   abs_weight
    133   10   1.435309654652470E-002   8.751710643332382E-004   1.435309654652470E-002
    134   10   1.435309654652908E-002   8.751710643340056E-004   1.435309654652908E-002
    136   10   7.708918003669255E-004   2.524483418760186E-006   7.708918003669255E-004
    137   10   7.708918003671395E-004   2.524483418762166E-006   7.708918003671395E-004
    139   10   7.708918003667874E-004   2.524483418758886E-006   7.708918003667874E-004
    140   10   7.708918003673626E-004   2.524483418764267E-006   7.708918003673626E-004
    142   10   4.140542896736813E-005   7.282831243211897E-009   4.140542896736813E-005
    143   10   4.140542896738740E-005   7.282831243221586E-009   4.140542896738740E-005
    145   10   7.708918003667874E-004   2.524483418758886E-006   7.708918003667874E-004
    146   10   7.708918003673626E-004   2.524483418764267E-006   7.708918003673626E-004
    148   10   4.143390450836519E-005   7.297874182739705E-009   4.143390450836519E-005
    149   10   4.143390450838447E-005   7.297874182749417E-009   4.143390450838447E-005
    151   10   1.435256638305282E-002   8.750740362869382E-004   1.435256638305282E-002
    152   10   1.435256638305719E-002   8.750740362877051E-004   1.435256638305719E-002
    154   10   7.708918003669255E-004   2.524483418760186E-006   7.708918003669255E-004
    155   10   7.708918003671395E-004   2.524483418762166E-006   7.708918003671395E-004
    157   10   7.708918003669255E-004   2.524483418760186E-006   7.708918003669255E-004
    158   10   7.708918003671395E-004   2.524483418762166E-006   7.708918003671395E-004
    160   10   1.435256638305282E-002   8.750740362869382E-004   1.435256638305282E-002
    161   10   1.435256638305719E-002   8.750740362877051E-004   1.435256638305719E-002
    163   10   4.143390450836519E-005   7.297874182739705E-009   4.143390450836519E-005
    164   10   4.143390450838447E-005   7.297874182749417E-009   4.143390450838447E-005
    166   10   7.708918003667874E-004   2.524483418758886E-006   7.708918003667874E-004
    167   10   7.708918003673626E-004   2.524483418764267E-006   7.708918003673626E-004
    169   10   4.140542896736813E-005   7.282831243211897E-009   4.140542896736813E-005
    170   10   4.140542896738740E-005   7.282831243221586E-009   4.140542896738740E-005
    172   10   7.708918003667874E-004   2.524483418758886E-006   7.708918003667874E-004
    173   10   7.708918003673626E-004   2.524483418764267E-006   7.708918003673626E-004
    175   10   7.708918003669255E-004   2.524483418760186E-006   7.708918003669255E-004
    176   10   7.708918003671395E-004   2.524483418762166E-006   7.708918003671395E-004
    178   10   1.435309654652470E-002   8.751710643332382E-004   1.435309654652470E-002
    179   10   1.435309654652908E-002   8.751710643340056E-004   1.435309654652908E-002
    193   10   1.855614534872918E-002   1.467316642082221E-003   1.855614534872918E-002
    194   10   1.855614534873486E-002   1.467316642083506E-003   1.855614534873486E-002
    196   10   9.966337759863314E-004   4.232563536999138E-006   9.966337759863314E-004
    197   10   9.966337759866088E-004   4.232563537002454E-006   9.966337759866088E-004
    199   10   9.966337759861530E-004   4.232563536996963E-006   9.966337759861530E-004
    200   10   9.966337759868976E-004   4.232563537005974E-006   9.966337759868976E-004
    202   10   5.353027363689729E-005   1.221043708866008E-008   5.353027363689729E-005
    203   10   5.353027363692224E-005   1.221043708867631E-008   5.353027363692224E-005
    205   10   9.966337759861530E-004   4.232563536996963E-006   9.966337759861530E-004
    206   10   9.966337759868976E-004   4.232563537005974E-006   9.966337759868976E-004
    208   10   5.356705202627247E-005   1.223562116808896E-008   5.356705202627247E-005
    209   10   5.356705202629741E-005   1.223562116810523E-008   5.356705202629741E-005
    211   10   1.855546060112189E-002   1.467154202970267E-003   1.855546060112189E-002
    212   10   1.855546060112757E-002   1.467154202971554E-003   1.855546060112757E-002
    214   10   9.966337759863314E-004   4.232563536999138E-006   9.966337759863314E-004
    215   10   9.966337759866088E-004   4.232563537002454E-006   9.966337759866088E-004
    217   10   9.966337759863314E-004   4.232563536999138E-006   9.966337759863314E-004
    218   10   9.966337759866088E-004   4.232563537002454E-006   9.966337759866088E-004
    220   10   1.855546060112189E-002   1.467154202970267E-003   1.855546060112189E-002
    221   10   1.855546060112757E-002   1.467154202971554E-003   1.855546060112757E-002
    223   10   5.356705202627247E-005   1.223562116808896E-008   5.356705202627247E-005
    224   10   5.356705202629741E-005   1.223562116810523E-008   5.356705202629741E-005
    226   10   9.966337759861530E-004   4.232563536996963E-006   9.966337759861530E-004
    227   10   9.966337759868976E-004   4.232563537005974E-006   9.966337759868976E-004
    229   10   5.353027363689729E-005   1.221043708866008E-008   5.353027363689729E-005
    230   10   5.353027363692224E-005   1.221043708867631E-008   5.353027363692224E-005
    232   10   9.966337759861530E-004   4.232563536996963E-006   9.966337759861530E-004
    233   10   9.966337759868976E-004   4.232563537005974E-006   9.966337759868976E-004
    235   10   9.966337759863314E-004   4.232563536999138E-006   9.966337759863314E-004
    236   10   9.966337759866088E-004   4.232563537002454E-006   9.966337759866088E-004
    238   10   1.855614534872918E-002   1.467316642082221E-003   1.855614534872918E-002
    239   10   1.855614534873486E-002   1.467316642083506E-003   1.855614534873486E-002
  </DiscreteSampler_grid>
