  0.00000045689676661  0.00000104720075571  0.00000174833588088  0.00000263022648393
  0.00000366426808247  0.00000484957615163  0.00000574886855940  0.00000647466743945
  0.00000712360209331  0.00000792114309321  0.00000877007521425  0.00001016199476379
  0.00001121991113685  0.00001181176827323  0.00001244416993673  0.00001315739146553
  0.00001423241444010  0.00001517937959590  0.00001575353262785  0.00001624605385281
  0.00001672599410763  0.00001763409493470  0.00001901721809714  0.00002041126944308
  0.00002158954466914  0.00002255336350890  0.00002336044708380  0.00002408360134780
  0.00002485685969825  0.00002583653360183  0.00002683843990540  0.00002792450481896
  0.00002900084116101  0.00002996237371241  0.00003093459474221  0.00003189350161045
  0.00003279428052972  0.00003354627631799  0.00003421740171114  0.00003480265851199
  0.00003542132256631  0.00003606495142986  0.00003691465299755  0.00003788333468561
  0.00005459681361219  0.00006312395417738  0.00006418518969079  0.00006495450034758
  0.00006567016521508  0.00006641966343698  0.00006718740463687  0.00006800204279727
  0.00006894561146380  0.00006998632655914  0.00007094784671720  0.00007172395902019
  0.00007253369799434  0.00007346669123340  0.00007450228457989  0.00007556215425805
  0.00007668628847419  0.00007793260817137  0.00007919323635477  0.00008008178521317
  0.00008108519787778  0.00008331291585613  0.00008574517500537  0.00008843823529339
  0.00009181190594743  0.00009541110427405  0.00010055043365988  0.00010582624432650
  0.00011149916006311  0.00011732161612986  0.00012379196512334  0.00013082544265254
  0.00013830964352785  0.00014782541391386  0.00015999276333879  0.00017779867565342
  0.00019885920631916  0.00022198551048957  0.00024384024642451  0.00027337117697791
  0.00031315129873031  0.00036267785611002  0.00041593187299724  0.00047695369024635
  0.00053033674699927  0.00058540373342264  0.00070369884057919  0.00083435686612641
  0.00104182792652762  0.00165617886807262  0.00203785998065647  1.00000000000000000
  0.00000005602393916  0.00000031065050869  0.00000066084605627  0.00000141326411078
  0.00000270675695684  0.00000347295474781  0.00000402603657963  0.00000461600849637
  0.00000532947011399  0.00000623258553415  0.00000721279945119  0.00000848862938470
  0.00000958370983368  0.00001064508960626  0.00001184592980123  0.00001294406759217
  0.00001399997636675  0.00001498856831722  0.00001623557683112  0.00001794442941513
  0.00001930751898465  0.00002013947018411  0.00002077740088090  0.00002140868151222
  0.00002206086929250  0.00002274498106508  0.00002374406733437  0.00002461222533696
  0.00002550244394867  0.00002643320919463  0.00002744292377525  0.00002825212869815
  0.00002883435560293  0.00002936503748868  0.00002988477655897  0.00003037809570346
  0.00003086263315142  0.00003139501552298  0.00003190825367445  0.00003241295898176
  0.00003290945457859  0.00003340588075364  0.00003390851555784  0.00003441672536678
  0.00003488886712671  0.00003530902229902  0.00003569267743712  0.00003607322871550
  0.00003645887106407  0.00003690111604912  0.00003767880181424  0.00006031765103467
  0.00006290078500343  0.00006496369176810  0.00006650119832436  0.00006793861542848
  0.00006924590798095  0.00007041530471831  0.00007149836457166  0.00007252115141514
  0.00007355389859651  0.00007467550633623  0.00007589390989049  0.00007717846427940
  0.00007846350633510  0.00007974135728002  0.00008105461235179  0.00008249446939684
  0.00008419701065052  0.00008627102096087  0.00008886741143589  0.00009231106132136
  0.00009612296366191  0.00010011997602829  0.00010626583354208  0.00011520936271210
  0.00012702727343778  0.00014133647452501  0.00015586159095805  0.00017081497611561
  0.00018515724489858  0.00020067666420573  0.00021961730320691  0.00024621121431858
  0.00027909092918771  0.00032426672325069  0.00035989177588418  0.00039716683426848
  0.00043936784232627  0.00048999306690839  0.00057112172687575  0.00072745306698599
  0.00095555549252516  0.00130669763157187  0.00211137817197307  1.00000000000000000
  0.00909613481035032  0.02038949265802817  0.03242581270133080  0.04194918174752449
  0.05069914627389863  0.05943595939464213  0.06801880177917588  0.07753816106110491
  0.08900279701864169  0.10238167898958737  0.12157003677822020  0.13711769558237308
  0.14817985947982704  0.15911149085084622  0.17000762575733289  0.18086904437372375
  0.19206711658674386  0.20406198681804213  0.21702902917229869  0.22842481940123199
  0.23721937476772662  0.24598479676015303  0.25394764577026824  0.26253384682500747
  0.27209492403884916  0.28171241870184616  0.29238823094287220  0.30918621259596313
  0.32563776149848378  0.34153641718248778  0.35765567582263036  0.37158267480160251
  0.38575991126965120  0.40160057963147949  0.41749026485711160  0.43364731860251826
  0.44760424635514329  0.45783215360659568  0.46723389426683071  0.47613668450852065
  0.48525257975537012  0.49584044639959707  0.50690885232230920  0.51731149610610461
  0.52860956519865865  0.53768023694847167  0.54534116384968778  0.55295285785070436
  0.55764969245768115  0.56239676148646833  0.56790411617554082  0.57477085780274928
  0.58422411052905254  0.59289913398092642  0.60230896517511590  0.61129041793375194
  0.62100616657393271  0.63504209973596737  0.64995114320535918  0.66366423606761848
  0.67304540277110181  0.67929841037098582  0.68615421103497098  0.69205607790461754
  0.69844198245685774  0.70401013443259486  0.70985286912137768  0.71582221317115602
  0.72333800616256350  0.73424074914112547  0.74724328255497441  0.75900095540377366
  0.77072282152694249  0.78349651134117038  0.79768628596407942  0.81293748282119760
  0.82309641146869439  0.83324897304287771  0.84216780155648108  0.85149105278490400
  0.86127184748333896  0.87150449724976264  0.88190849306612862  0.89242687501977358
  0.90313375345525071  0.91454054237388338  0.92327667275479341  0.93263120432965974
  0.94196237234318436  0.95070306457863718  0.96109988060894691  0.96975919122953502
  0.97777146039971963  0.98498567669709913  0.99033376751653013  1.00000000000000000
 -0.00152764371135506  0.02660143749534257  0.04229196093334615  0.05455920477078920
  0.06597379377126977  0.07737447389806998  0.08702759747929863  0.09574720652442859
  0.10344536583821232  0.11037981940995326  0.11781593700813914  0.12609393176849248
  0.13354905600720274  0.14019542181224420  0.15051897797693300  0.16740994101674544
  0.18556099387489580  0.20103019815245432  0.21442686714532341  0.22618888971884318
  0.23585434866480323  0.24353145731977852  0.25228725530940527  0.26084339493894393
  0.26728573370085656  0.27429993704037003  0.28399439717802261  0.29394860110887200
  0.30370859016460755  0.31494038859538742  0.32569253224729450  0.33805673189817576
  0.35275219075825570  0.36315765288612961  0.37054752805817875  0.37744236706497292
  0.38462753878904021  0.39349130769753260  0.40466735231489720  0.41978648632752974
  0.43308184551252060  0.44232316904463598  0.45016213180162445  0.45752869367876042
  0.46375721012020327  0.47060579855648671  0.47790578722994498  0.48459140136719348
  0.49118553255788783  0.49863641211258825  0.50751887798121276  0.51564827264484059
  0.52223689466815126  0.52865224237076136  0.53569702256717644  0.54389119877655878
  0.55392901528940941  0.56453074990417729  0.57510089709188106  0.58621871292232597
  0.59791461432552040  0.60861977317367211  0.61677945087262609  0.62577752841213674
  0.63507601869679642  0.64551829582213027  0.65839354308584330  0.67184515237026576
  0.68693774695216570  0.70598899685775485  0.71992726399725937  0.73197628795623348
  0.73950870996318685  0.74450826946266579  0.74963521252918530  0.75471552533656072
  0.75983307086358898  0.76842928520400300  0.77747158985958731  0.78619066704079321
  0.79355050777872860  0.80365085587127649  0.81357665782166277  0.82422047600843940
  0.83812300997450662  0.85439564470818219  0.87489520532668053  0.89275203602581477
  0.90642874333033085  0.91896005925536484  0.93221632247060182  0.94386062928240244
  0.95783558636736654  0.97170831057948182  0.98619296832283898  1.00000000000000000
 -0.00021567508115224  0.00158810644400914  0.00311196933555146  0.00503671681492718
  0.00735516025923712  0.01021792055044001  0.01268939562994757  0.01621426246611447
  0.01980625923431063  0.02463656457805058  0.03151071935118729  0.03921771782082223
  0.04711729278799594  0.05360879622035356  0.05805772042091196  0.06187688051959769
  0.06616379698442773  0.07112929396839368  0.07758925627433276  0.08416750219166361
  0.09114196215904111  0.09855608831355657  0.10695096254833887  0.11361571337030817
  0.11877706773787547  0.12365324772593599  0.12920848500343421  0.13527749220755617
  0.14267614004120638  0.15163817532791293  0.16102665103018865  0.17266419979053041
  0.18447583623360336  0.19643637448090281  0.20988779591645940  0.22447020918849450
  0.24026716240756971  0.25360141733806452  0.26451556865396952  0.27513429431703756
  0.28552289160618083  0.29233519006016428  0.29806991045283154  0.30540981006530976
  0.31331052184706881  0.32019632497332901  0.32680442711928515  0.33352378427498719
  0.34128013371575838  0.35047846257075932  0.35929838834034611  0.36829503208747116
  0.37673208484524862  0.38457257147795110  0.39283771134198464  0.40745129947007841
  0.42563278466857218  0.44355733905430822  0.45741185446800986  0.46879400560519696
  0.48031142971388857  0.49213595347125444  0.50512403375488923  0.51729100183732901
  0.52959263152223046  0.54186764264648946  0.55377942101027022  0.56731072741558097
  0.58190671761014401  0.59724856398392323  0.61272015376380118  0.62539786751930249
  0.63192599916877878  0.63882789748470215  0.64616412094463971  0.65407132739606744
  0.66196258093238514  0.67582482510105990  0.68950277196936860  0.70349851198693347
  0.71771983843879994  0.73056982582843810  0.74312959992036198  0.75563094675514242
  0.77732606084914069  0.79908196941615650  0.82117566518669272  0.84359512192804831
  0.86426924203366706  0.88390324996279113  0.90243184899436302  0.91952385736920383
  0.93701544313303131  0.95554826679222271  0.97604834402650997  1.00000000000000000
 -0.00258482041747596  0.00923527436586985  0.02121207504661349  0.03737470562488043
  0.05622274107572930  0.07135788596698851  0.08366686292153706  0.09537092136487792
  0.10745369555158538  0.11853587038665186  0.12719967265199242  0.13562268602153071
  0.14422187071921627  0.15314710465442377  0.16192223059776545  0.17078729567262180
  0.18535275258517253  0.20101489330873526  0.21370410422030289  0.22460160073708693
  0.23497175413975580  0.24481715874235088  0.25395537040253929  0.26403444818967775
  0.27440126262440478  0.28401185810369606  0.29568544529849200  0.30747789357350397
  0.31882204103873030  0.32813276333088692  0.33661342098104730  0.34428502102334024
  0.35191261793760420  0.35766853764362977  0.36396528567943182  0.37083329608369880
  0.37908887877948155  0.39161159237653692  0.40345893235089358  0.41368683930542277
  0.42424266480462153  0.43510999420437851  0.44958432077925931  0.46750455801582863
  0.48605833582647379  0.50491852478969990  0.51999313852134754  0.52795876454153334
  0.53506710877403896  0.54232526548959714  0.54877475033639256  0.55427702633909470
  0.56007305857045042  0.56612242865203422  0.57143835181331870  0.57678729443942389
  0.58320647375157519  0.59661567528443782  0.61050245387117019  0.62379060963865374
  0.63766676349849605  0.65001200471959775  0.66292845361835873  0.67643091742883310
  0.69005211545553802  0.70346093933858456  0.71545741816407582  0.72675055766294494
  0.73725224745616447  0.74655495933788674  0.75494909866378579  0.76319995026143972
  0.77227061466934588  0.78450248667269484  0.79691668322328402  0.81006830471214597
  0.82430205253626354  0.84103035793239034  0.85721479520239152  0.87252748059907703
  0.88119701558181163  0.88617318313759186  0.89151086433957027  0.89826482977875866
  0.90652936041029875  0.91506562468205277  0.92272897720408775  0.93093604804363916
  0.93884026603378745  0.94899808240415018  0.95828966750359834  0.96494730374020510
  0.97135683708080511  0.97746348799226423  0.98637551247910904  1.00000000000000000
 -0.00210691813626773  0.00753581451358175  0.01694182691598133  0.02718758018563374
  0.03692851887005590  0.04683254599349630  0.05761253528528285  0.06522992287001964
  0.07024190078511683  0.07615909605501621  0.08228312663421535  0.08823729101340107
  0.09498396576521798  0.10406134588656189  0.11260296059853117  0.12053192415603572
  0.12809516775220570  0.13563698138032598  0.14435732072970581  0.15452369717825232
  0.16528451167617794  0.17848442987695223  0.19038396488787329  0.20137555869438203
  0.21202503945989506  0.22208257470070589  0.23209880544533368  0.24121034605415184
  0.25162455761094038  0.26392465800082143  0.27574803797977704  0.28898581122766798
  0.30145770307826714  0.31342369662368597  0.32551642690480054  0.33469144207075552
  0.34386778498804793  0.35402948756395114  0.36565793750445957  0.37781901273063900
  0.38960508214859951  0.39900889582751853  0.40881464648433824  0.41885089030257133
  0.43058225480830614  0.44403468248956385  0.45989524215659727  0.47325868706218460
  0.48362537693231672  0.49312260791982249  0.50367121024901995  0.51730687010678889
  0.52673006855733140  0.53493265418294433  0.54430957700442106  0.55582959591530368
  0.56794802433520497  0.57946706360749911  0.59048222810097306  0.60248805732963695
  0.61385085457126443  0.62439237837452444  0.63592246411542941  0.65093051361190302
  0.67120898571026977  0.69155818354983223  0.71050437196256933  0.72700524010014889
  0.74134613931095461  0.75501922039559988  0.76661376156768379  0.77778610798650105
  0.78847137949028911  0.79911621722230097  0.80951753502974055  0.82027619581485289
  0.83108490334853780  0.84155253134293984  0.85322186145144074  0.86608598424787575
  0.87665267646050937  0.88369776280868872  0.89104817349072607  0.89889375186448628
  0.90849680941444433  0.91698258764757246  0.92488773650350820  0.93059945799241828
  0.93749785489150494  0.94780656895227955  0.95859725261871942  0.96785449912869792
  0.97579114406091449  0.98388695132907911  0.99186703462049142  1.00000000000000000
 -0.00108586470259449  0.00530529622473997  0.01226853030404084  0.01883051882754075
  0.02443417991023364  0.02976327575811653  0.03480178130778386  0.04085717533278987
  0.04937128966676261  0.05912504873998772  0.07098018925214371  0.08451061130483033
  0.09698510811328925  0.10752709248179206  0.11797815988355062  0.12962279541442531
  0.14248245083970348  0.15484371820425960  0.16539169722306654  0.17817563595940950
  0.18898691854213112  0.19827125775862972  0.20908249587130301  0.22120793229290270
  0.23229984948039925  0.24345370756360815  0.25495125031638233  0.26637374753285636
  0.27994830612049532  0.30095005079915804  0.32262755019155498  0.34055889912927118
  0.35625663003938118  0.37165088370553961  0.38389098786562981  0.39328611219001453
  0.40229137731593534  0.41114414522548531  0.42101749221711204  0.43232938755639699
  0.44156327825630992  0.45440272402802540  0.46765541710296243  0.47816608412826345
  0.49094638677469177  0.50282744165358340  0.51319302030818092  0.52367053059072055
  0.53467605630004622  0.54564302673118259  0.55589371598298898  0.56404575304925486
  0.57223741359443514  0.58116711461659776  0.59068686951279825  0.60114851863617469
  0.61319292636798306  0.62964364393135985  0.63758161129998125  0.64637974740704052
  0.65570756295984600  0.66466661371424862  0.67227938202734006  0.67964217203967137
  0.68686973112185112  0.69680885656150771  0.70933144919580216  0.72330264218184914
  0.73746723688436466  0.74880155217755406  0.75945776736479476  0.77062769728262781
  0.78057682348258994  0.79240603078608274  0.80009581815514041  0.80796631952043207
  0.81529620691513338  0.82328222767051917  0.83265553896753486  0.84014167210182966
  0.84623604310741141  0.85208335515453459  0.86007744791894070  0.87051416245670576
  0.88366078515195268  0.89682334376626149  0.90521288290994617  0.91331365525761954
  0.92229327149289053  0.93024001567013215  0.93738798676131430  0.94439901249577085
  0.95157703445542274  0.96434134550261530  0.98225913805507237  1.00000000000000000
 -0.00146183744814936  0.00922990844089350  0.01711825416234634  0.02589410313828644
  0.03613614720931976  0.04775816886366684  0.05960062833946461  0.07506208883316214
  0.09150142984679999  0.10732772377767175  0.12015652836315849  0.13185276755359598
  0.14229446565762174  0.15174275619368707  0.16030145010007266  0.16918181516090314
  0.17846928346905852  0.19281497631763869  0.20836159936258147  0.21993914495489270
  0.22820374874697780  0.23561552082789267  0.24195743084806523  0.24831333955846308
  0.25596660768495039  0.26302519696312743  0.27249842239554145  0.28470451773207189
  0.30013675440507209  0.31374290858089088  0.32324841360879852  0.33234705070845744
  0.34096986043457905  0.34927536333699416  0.35786462628692806  0.36609079239000164
  0.37598330285130699  0.38588625359879875  0.39500909325527178  0.40384698091933136
  0.41330741437968549  0.42283249060955430  0.43187703709970748  0.44035786603037919
  0.44849697272393552  0.46286621898730990  0.47534392205494497  0.48730956763008831
  0.49836253048756668  0.50688585565822064  0.51338258400240289  0.52009666543296440
  0.52783008722330782  0.53681747398806767  0.54511632141444744  0.55393849088305458
  0.56450385238063527  0.57964701661320261  0.59579331289748449  0.60783802625740257
  0.61568987463058356  0.62363632404167579  0.63481443562683815  0.64747564480976483
  0.65787970956800568  0.67050143533802897  0.68368188124317197  0.69113957189681485
  0.69558491396554878  0.69931659820325887  0.70333258887264327  0.70929278265656626
  0.71664816412807153  0.72380469615302212  0.73297394995399956  0.74160910030022664
  0.75267750188222993  0.76745422705689814  0.78023029674357935  0.79093924531410076
  0.79982521052915723  0.80785436210621198  0.81614439464401112  0.82518341318921395
  0.83469112511096910  0.84676304934282931  0.86369473462248258  0.88399819820919689
  0.90280558959888135  0.91834484169293329  0.93271658065897856  0.94587236372096406
  0.95890856223058696  0.97193183199173827  0.98612839661902651  1.00000000000000000
 -0.00246412758188484  0.01177023618547560  0.02126337332541805  0.02917390570212409
  0.03639742779398186  0.04348944061666497  0.04949669063087993  0.05643116620938468
  0.06583380166253035  0.07685890765548364  0.08679901370993855  0.09812401254448672
  0.10984269327425342  0.12047016642475089  0.13196100926858836  0.14332251053189241
  0.15656259206435730  0.16665187309854321  0.17511163740105651  0.18329895689532341
  0.19158790152226438  0.20238162244914526  0.21532296623970296  0.22732373171007322
  0.23864615235739225  0.24927098021713240  0.26192594430183902  0.27369845344845922
  0.28343066293614555  0.29301481368284421  0.30392727040214412  0.31286546115138714
  0.31801122830729273  0.32276580607490152  0.32878601151218867  0.33516813075424146
  0.34109335535635410  0.34803573847362990  0.35554089365168240  0.36248953090299513
  0.36899399146189327  0.37718799856975782  0.39186881924588784  0.40415434974891873
  0.41565302761280420  0.42548364046272447  0.43522108108741425  0.44432112568732357
  0.45356834924332989  0.46357353953031866  0.47536080512292833  0.48836053472810903
  0.50134407099234568  0.51712267129121159  0.53579190074638228  0.55364167797239727
  0.57008570531032987  0.58741432915318759  0.60156301643002796  0.61392758442391271
  0.62546617260484549  0.63676786586534784  0.64778032540910679  0.65770860151020061
  0.66559887877818946  0.67380192860917509  0.68189597177986871  0.69106332627474976
  0.70245332521311921  0.71332589424465598  0.72286649808698400  0.73068345129063161
  0.73865001608817382  0.74715905743096434  0.75832326135463768  0.77427640933359432
  0.78997699174064406  0.80588071748943568  0.82143763992400765  0.83096287573431571
  0.83865299467818644  0.84557364246329991  0.85212541752023629  0.85840724044252337
  0.86419694632733735  0.87265445216627058  0.88303962460650931  0.89307819805722655
  0.90179673838936847  0.90917232493666889  0.91631353482659050  0.92574943529350129
  0.94014720965631560  0.95903737270426259  0.98148132880647931  1.00000000000000000
 -0.00231137494045504  0.00872585372658839  0.01807378408631914  0.02780758922935744
  0.03830388172990868  0.04735372116251144  0.05549473032350107  0.06281818432713768
  0.07027265258047428  0.07745248628844519  0.08401393368656293  0.09005958071570973
  0.09678196895776073  0.10263691099510378  0.10784380721585943  0.11489864079939455
  0.12119413169520073  0.12938680643610986  0.13830478952379752  0.14647599449238885
  0.15556520188905529  0.16499128253145762  0.17558068036371630  0.18696189441255023
  0.19939035349022630  0.21351633179441923  0.22814013386075005  0.24202046962348184
  0.25525846426715443  0.26816739456087524  0.28129051419654300  0.29527309306205890
  0.31028845216597661  0.32883004060941184  0.34025703088731429  0.34860757663284825
  0.35574230364840398  0.36390786251332430  0.37162945997163416  0.37967819139714126
  0.38549891639103756  0.39107688849295347  0.40031034979003050  0.41618370091248119
  0.42753437876364225  0.43592093937472870  0.44457429389338121  0.45441535981461750
  0.46358091086076264  0.47289044692366405  0.48121509389637995  0.49326956389225324
  0.50711812517160004  0.52389001730551432  0.53868337183997073  0.55377755094681935
  0.57067245407722922  0.59230997525857321  0.61507614400832877  0.63367380456372691
  0.64893964405205962  0.66253321390589259  0.67612217425390075  0.68923953156508011
  0.70295269164176621  0.71519546279718393  0.72465618465113657  0.73435949769656861
  0.74271880886944086  0.74999662910314135  0.75754337612572775  0.76591519056483803
  0.77515777251105122  0.78426382914848125  0.79226841182004171  0.79967565539254959
  0.80625973904338899  0.81306841711606126  0.82012653072569697  0.82660024561234258
  0.83291082293663377  0.84033720776879173  0.84663096497361090  0.85248214225340513
  0.86514412631783078  0.87949975308804740  0.89493980757062253  0.91146932150450344
  0.92252531328272669  0.93262244675031858  0.94197700583391297  0.95082489607980092
  0.95994899849017079  0.96915043340084284  0.98277445585397427  1.00000000000000000
 -0.00298583130097234  0.01352022844023440  0.02400480927141649  0.03155623459184328
  0.03827431200790654  0.04451996276247724  0.05215634474088383  0.06231440266799197
  0.07128985132333369  0.08010180186149629  0.08783331012252749  0.09496526929796782
  0.10231901516257803  0.11097782673753775  0.12010131718347268  0.13186778300249724
  0.14422817116762957  0.15768071620663002  0.16815965810418096  0.17582779363303702
  0.18387766598730496  0.19241706434595118  0.20372033515333376  0.21750950783012238
  0.23254731294730199  0.24781160659003160  0.25853463913088609  0.26869978341169226
  0.27864194966282496  0.28855834783470657  0.30631591952830489  0.32231764995384427
  0.33811039198468779  0.35361449928658656  0.36845388852458089  0.37724027050256809
  0.38365410494364777  0.38918537874521264  0.39558107144759763  0.40442283221645575
  0.41401333662086209  0.42335376994304091  0.43223200911174864  0.44112351590262999
  0.45112132340757760  0.46364054600501980  0.47352139937419291  0.48205482264721156
  0.48966642221131562  0.50092124261888615  0.51796311771469383  0.53279940547253501
  0.54613289968590706  0.55693529142203191  0.57032684105476639  0.58486061043063053
  0.59797090800163832  0.60980314810506142  0.62086038654039333  0.63060194070950815
  0.64067702106467572  0.65080236407218262  0.66093807517635983  0.67146310772624951
  0.68262000197063233  0.69506568295601501  0.70728507250059292  0.71818280514952604
  0.72788836626549969  0.73758275645741544  0.74634150118186615  0.75764074384342273
  0.76912077830804748  0.78127427835146979  0.79281075529025125  0.80104328358452570
  0.80802430619844001  0.81534938630965892  0.82483928405339579  0.83543214872675964
  0.84323254498994626  0.85182218136477161  0.86429470414058307  0.88177397430188265
  0.89936882943796459  0.91419855571896758  0.92441319657061194  0.93240289612789884
  0.94140185736176318  0.95262728472225611  0.96387405102930834  0.96974231113624521
  0.97467240547953859  0.98087541545952439  0.99070438857790888  1.00000000000000000
 -0.00771087324741933  0.03064916290176032  0.06650504139481840  0.09152473539220431
  0.11211431958415213  0.12959208722777285  0.14528878333169148  0.16188864456142449
  0.17558054224599762  0.18701624498635130  0.19925484992817996  0.20917747153927208
  0.21901894718353412  0.22616105239528933  0.23143487023729953  0.23827968822925902
  0.24685860969569018  0.25597831783283737  0.26778230702126488  0.28014171560165796
  0.29131304728205298  0.30213163046242519  0.31123201776750170  0.31794126821600188
  0.32410272060794637  0.33211378634851912  0.33960881026573442  0.34799701888672790
  0.35724783348033745  0.36580744430107487  0.37313085868088219  0.37862144655589342
  0.38393665932880694  0.38941208392044874  0.39486690287938792  0.40071311263283671
  0.40734709751648601  0.41596957907948362  0.42669754480500249  0.43911890620596628
  0.45423604414212354  0.46675054756561818  0.47728987791687494  0.48792059463352777
  0.50022581089730167  0.51399317257405797  0.52671710518608217  0.53778027330518374
  0.54767771858846293  0.55639073624718804  0.56466609771316767  0.57318643832248339
  0.58076554789731072  0.58754526373542293  0.59206013036625427  0.59910656442518195
  0.60696628789420159  0.61432891829385083  0.61999157525487458  0.62511606627920624
  0.63055940804776656  0.63716884226889803  0.64548581524068838  0.65751557378018777
  0.67300847583543677  0.68739581019659746  0.69657054971174293  0.70255790641897031
  0.70811484887320353  0.71270468810476739  0.71771581204610913  0.72442179637091564
  0.73084373098061950  0.73844161637122274  0.74448394241175631  0.74890653624239789
  0.75405828504368366  0.76079221333448988  0.77042593831402295  0.77908318364109530
  0.78577076099460508  0.79409704721115393  0.80673542564643363  0.82124191008317560
  0.83696966776777393  0.84842177742584146  0.85854082612812055  0.86838087847543977
  0.87716481236879684  0.88573450163884682  0.89524816455252154  0.90581205821444410
  0.91977948736346404  0.93674598966521117  0.96182020427840897  1.00000000000000000
 -0.00221752124636161  0.00654052370941624  0.01550262125842828  0.02399786078373589
  0.03281565843346190  0.04279308322148193  0.05295717861912640  0.06293249015763930
  0.07240108241318821  0.08143170347576061  0.09085579693292825  0.10047215933702973
  0.11349489149666125  0.13228491984661647  0.14845449529772128  0.16753605513667907
  0.17508431461312815  0.18261177429376860  0.18993101353555761  0.19728054837280307
  0.20542119263211872  0.21670622535751033  0.22899889436840060  0.24182454041326337
  0.25592661444487913  0.27535213963757676  0.29057939229339741  0.30100602936058146
  0.30884035052577918  0.31649595774121592  0.32564270924212457  0.33347128160695644
  0.34023301361772679  0.34659100446593405  0.35177608006426764  0.36615930339882702
  0.38492148093368966  0.40766198645283397  0.42850327058304927  0.44715260119415406
  0.46230851429069603  0.47473154267766399  0.48838468668267349  0.50300348229738623
  0.51695859977784797  0.52814578795591349  0.53658235272575250  0.54389231149957473
  0.55154511014232455  0.55998482396190563  0.56906024130181299  0.58089260907515794
  0.59266733039005448  0.60229985417005683  0.60968064158540181  0.61527603412901066
  0.62228778358170800  0.62999444908915003  0.63936415768395538  0.64897358797680837
  0.65956115847926344  0.66649647992513283  0.67120345622685240  0.67628821617364931
  0.68159810383429720  0.68700094548338719  0.69462200599928658  0.70361951624475949
  0.71301129160342092  0.72284763990918033  0.73523735570120019  0.74655087067600834
  0.75573454926484640  0.76367606627403772  0.77237857983339342  0.78243313885314592
  0.79551409433884512  0.81159947553217382  0.82736159889673011  0.84020697618676832
  0.85245116903693674  0.86590055086170192  0.87874883974027229  0.88791598962928076
  0.89638753465606347  0.90447082449939953  0.91277747694477462  0.92081328807269114
  0.92983403597559311  0.93933838199928599  0.95048667366511630  0.96151560945674930
  0.97219286027993201  0.98123886820204509  0.98995883795651585  1.00000000000000000
 -0.01426512270947373  0.16475934323496880  0.22063834142096886  0.26201096714516597
  0.29345307896134959  0.31932894344021923  0.34822386003229011  0.37863460731041143
  0.40788346468332254  0.43438389862106369  0.45091902533500455  0.46409188578440269
  0.47722213219366449  0.49038689211476144  0.50683168168698056  0.52535053557809464
  0.54083621878463772  0.54982648226795372  0.55895464035225417  0.56620234508142064
  0.57231550974824330  0.57890395795762062  0.58750253652140694  0.59586506133215378
  0.60169364889428212  0.60759138407048274  0.61469518033965576  0.62296801871536589
  0.63047007003971611  0.63766850168382438  0.64448871941549157  0.65337319131503147
  0.66359641237984590  0.67332192322083095  0.68180942427720104  0.69015496728433623
  0.69931958499387015  0.70847283566988584  0.71651786380746141  0.72416475425206472
  0.73114319409107098  0.73919699868576416  0.74728431798001915  0.75591146425801825
  0.76384652859590352  0.77022970841821548  0.77655317219074316  0.78281003583498654
  0.78781723729555553  0.79095525437551428  0.79395556795782951  0.79687009510600693
  0.79987954031569641  0.80345304057623856  0.80693761460587177  0.81221417281584052
  0.81656471948231546  0.82045786073836691  0.82479532139687084  0.82891317257280506
  0.83267101256383025  0.83624804448745460  0.83990675027422590  0.84384008604419403
  0.84796757765892050  0.85218297344060623  0.85665446447442317  0.86129920400297866
  0.86564034710353166  0.86936307519014344  0.87302582458222233  0.87665540914274565
  0.87977177717551891  0.88317391101421938  0.88748838527353546  0.89121294550090735
  0.89486336860334859  0.89892166369431215  0.90385567117392984  0.90927731736544926
  0.91444925548282929  0.91915442221170574  0.92345879007559128  0.92760140688630444
  0.93172006754192971  0.93576147734848580  0.93942752420273135  0.94262446355343421
  0.94640949265557284  0.95157734827669527  0.95816827218423062  0.96545010289494659
  0.97261208429992541  0.97983894967425045  0.98806539646732505  1.00000000000000000
 -0.02339806247832929  0.14225299081798845  0.17667864622782764  0.19233900887518901
  0.20385824353412968  0.21325597751728337  0.22190444167920609  0.23043545628698975
  0.23715185002115566  0.24254775552858032  0.24781211937031192  0.25481953638486832
  0.26266697041382925  0.27117169213544284  0.28138188666097258  0.28950184454199118
  0.29803849801451099  0.30668631871997576  0.31532602401281412  0.32473256023511876
  0.33296980974235674  0.33846822292561962  0.34368115523094850  0.34993372892317814
  0.35765002390003559  0.36481692324997328  0.37217049140754238  0.37779407129708664
  0.38288747123617795  0.38795552727945226  0.39136239361037478  0.39423602407308378
  0.39906053062134195  0.40463705299565433  0.40949869151993362  0.41433829579272480
  0.42100282797069849  0.42889634229767248  0.43604103576802089  0.44219301673313299
  0.44817734088500155  0.45448128547599237  0.45990155998905785  0.46438786574016155
  0.46898656711273567  0.47393801832447302  0.47915418990652753  0.48543706510169465
  0.49160824812083581  0.49746947421953913  0.50299389420147733  0.50819723967849673
  0.51316377871558649  0.51869441567647689  0.52612461743260963  0.53385853506908076
  0.54128182459187779  0.54865258937903838  0.55518978355133886  0.56206306000945261
  0.56925282282066580  0.57744973347786410  0.58587010840452158  0.59442227357484989
  0.60287284807878572  0.61079591401753619  0.61876542165679538  0.62501026606011223
  0.63118716696562327  0.63613425056036144  0.64039117861882233  0.64412516187534996
  0.64780784585706253  0.65265968495839377  0.65773587812970546  0.66239998559889735
  0.66633101705073405  0.67051241653392535  0.67465351841741528  0.67867503890234460
  0.68245883794832163  0.68699327757595718  0.69259528464575515  0.69816142621836574
  0.70436880246446709  0.71175087416005378  0.71892778855943829  0.72600018033581981
  0.73670494842994749  0.75318432591944962  0.76937972239719032  0.78558769467277889
  0.80822425815986720  0.83941444748312233  0.88238331888349641  1.00000000000000000
   1.0537453857910465E-015  -1.0000000000000000     
 T T T T T T T T T T T T T T T T F F F F F F F F F F F F F F F F F F F F F F F F F F F F F F F F T T T T T T T T T T T T T T T T T T T T T T T T T T T T T T T T F F F F F F F F F F F F F F F F F F F F F F F F F F F F F F F F T T T T T T T T T T T T T T T T T T T T T T T T T T T T T T T T F F F F F F F F F F F F F F F F F F F F F F F F F F F F F F F F T T T T T T T T T T T T T T T T T T T T T T T T T T T T T T T T F F F F F F F F F F F F F F F F F F F F F F F F F F F F F F F F T T T T T T T T T T T T T T T T T T T T T T T T T T T T T T T T F F F F F F F F F F F F F F F F F F F F F F F F F F F F F F F F T T T T T T T T T T T T T T T T T T T T T T T T T T T T T T T T F F F F F F F F F F F F F F F F F F F F F F F F F F F F F F F F T T T T T T T T T T T T T T T T T T T T T T T T T T T T T T T T F F F F F F F F F F F F F F F F F F F F F F F F F F F F F F F F T T T T T T T T T T T T T T T T T T T T T T T T T T T T T T T T F F F F F F F F F F F F F F F F F F F F F F F F F F F F F F F F T T T T T T T T T T T T T T T T
  <DiscreteSampler_grid>
  grouped_processes
  1 # 1 for a reference and 2 for a running grid.
  10 # Attribute 'min_bin_probing_points' of the grid.
  1 # Attribute 'grid_mode' of the grid. 1=='default',2=='initialization'
  0.0000000000000000 # Attribute 'small_contrib_threshold' of the grid.
  0.5000000000000000 # Attribute 'damping_power' of the grid.
 # binID   n_entries weight   weight_sqr   abs_weight
    13   10   1.636547882786077E-007   1.080945227636566E-013   1.636547882786077E-007
    14   10   1.636547882786070E-007   1.080945227636551E-013   1.636547882786070E-007
    16   10   2.168080834103581E-007   1.919554193394743E-013   2.168080834103581E-007
    17   10   2.168080834103571E-007   1.919554193394715E-013   2.168080834103571E-007
  </DiscreteSampler_grid>
