   0.0000000000000000        0.0000000000000000        0.0000000000000000        0.0000000000000000        0.0000000000000000        0.0000000000000000        0.0000000000000000        0.0000000000000000        0.0000000000000000        0.0000000000000000        0.0000000000000000        0.0000000000000000        0.0000000000000000     
  0.22199690659473451       0.27174937955737699        1.0877621316279916E-002   1.5091951224741783E-002   1.5776609129250371E-002   1.5121202446375716E-002   1.1277166040087078E-002   1.6311555242785148E-002  0.21340578852890338        7.2922367415317588E-002   6.9575869465744511E-002   7.6885697994069635E-002   1.5276871244904967E-002
  0.55202612223963665       0.55202612223963665       0.65977341399453027       0.59028828048525328       0.64566860747086685       0.59996830023009251       0.65544581766171395       0.60578715564619656       0.55202612223963665       0.55202612223963665       0.55788809587056187       0.62641736846186491       0.62082020653177039     
  0.32184815922263493       0.30811266188893527        2.1532921378351676E-002   2.9993446353328391E-002   3.1976034360255035E-002   3.0487938900113955E-002   2.2560784482736233E-002   3.2707366504110727E-002  0.34792070856691354       0.12863577211952737       0.12485328100264757       0.14001195869036809        3.0459587599946960E-002
   1.6640842139657805       0.96059265163317287       0.60768666964571150       0.67270904533847475       0.58713001346440874       0.63990457186154226       0.63357380474214897       0.60349661672880073       0.99105467694485028       0.70212755466336485       0.73958244620591707       0.77974236899567850       0.59164427541748332     
  0.33822237597799593       0.34040996651907124        3.2115381947306738E-002   4.5419045596499494E-002   4.6790772165545155E-002   4.5678774153314734E-002   3.5103329943958365E-002   4.8889580356033774E-002  0.39267113184566904       0.15373616894846071       0.16031695751520822       0.18112933051663374        4.6193170220317242E-002
  0.67772823618816769        1.0721392233440472       0.64371275296186259       0.61985362792492660       0.63276793609161130       0.56433783987439812       0.62757545721020458       0.67016259545243251       0.65625001450186304       0.64922254819335068       0.67190521150036120       0.66954096691646403       0.62497312218677148     
  0.35391109212598754       0.35107839664422991        4.2679388085842006E-002   6.0393953963248384E-002   6.1169105050391998E-002   6.0942495902001806E-002   4.7895916566001492E-002   6.5268151984982162E-002  0.42872344270943208       0.17592966603525267       0.19088644473352873       0.21669909428818093        6.2414683597081140E-002
  0.62018169892937125       0.73142652989636558       0.62750350284328760       0.66937770671075969       0.71171726943887104       0.64364374301692229       0.66239401940483611       0.67642607326588022       0.69872265046664783       0.65084027333053751       0.77180613352803462       0.78227942314177534       0.64424389859414388     
  0.36968265055345523       0.36329565614880577        5.3224528821552590E-002   7.6310220647653762E-002   7.7080515650686146E-002   7.6125667455865964E-002   6.0934209505381531E-002   8.0313577725020888E-002  0.45104815924484637       0.19023080361197506       0.21339151389983582       0.24509389466577625        7.6759761729955078E-002
  0.66425471303203909       0.61723278157118733       0.62711459560973692       0.60407987178877620       0.75282317650074626       0.66425703829560401       0.70072371530583322       0.65569299393028391       0.56560860309100480       0.56495138993690353       0.61937775129181427       0.64211548499071658       0.59749651150013949     
  0.38440726021963850       0.37532744375114868        6.3829264832906976E-002   9.2421094625777786E-002   9.3027343376304347E-002   9.1178482915503178E-002   7.3954477933178664E-002   9.5761951006868434E-002  0.47291563596037156       0.20449986936684209       0.23551639534846730       0.27213794263596058        9.1134049846456247E-002
  0.61750622313032710       0.66129745858108890       0.61951121059861802       0.62280607932869825       0.58524050224116897       0.56802164662104238       0.72431639789574809       0.64100241637874367       0.58864868586552910       0.66190329191941155       0.74947224756189657       0.66604531770727082       0.63260500799781760     
  0.39640771241017569       0.38729166476207649        7.5231105991101027E-002  0.10881183887295169       0.10959169985439254       0.10673463871271839        8.6927188931111427E-002  0.11168271673752155       0.49334957134751234       0.21607120445076594       0.25553251886961342       0.29680630651860995       0.10686769670918243     
  0.65963577168807452       0.61181869341776518       0.65860421811949887       0.64116178242611421       0.61173153517611134       0.64594201721120914       0.61188697052425778       0.63981878776401790       0.59054820885318493       0.69935216736584782       0.70323261873651643       0.64756569643650541       0.68665767575782588     
  0.40857253626069334       0.39859406400816094        8.6895958464361198E-002  0.12500930660156337       0.12627877825012546       0.12224252614848900       0.10004054991895091       0.12742649552344679       0.51258273970174983       0.22807805782199009       0.27536527839173397       0.32023897641007310       0.12242802260639346     
  0.66069802593379789       0.61860655148869503       0.60736911173147856       0.63639587074114556       0.65050644471472829       0.73932499583665212       0.57422372346624351       0.56096748738364255       0.56000134867760498       0.59720684452770101       0.63966443575329479       0.67543849100576980       0.63646098451458932     
  0.41984136430909569       0.40963965287685755        9.8705912104558854E-002  0.14166171184439280       0.14243855627104221       0.13885900039510615       0.11412903208222661       0.14195666413184038       0.53095017120504806       0.23732118128749521       0.29383163556013203       0.34124774334064556       0.13839422921513839     
  0.65398141604411708       0.58336958974476227       0.60638896889133320       0.65421543023368600       0.60982184538587236       0.59337579417129915       0.61204562395337869       0.60310670283987666       0.59306296060719776       0.65130045825312843       0.63352740928302387       0.65858537744231038       0.63086322612637324     
  0.43118872798734031       0.42063906082184110       0.11050436049891192       0.15842868311054548       0.15848293453880985       0.15525957933977058       0.12860485430359192       0.15652174208900793       0.54767081551227303       0.24672065201559920       0.31278141570268114       0.36150269622097192       0.15398412923496690     
  0.55811746657366690       0.57017459332122244       0.68654881004153245       0.65494421624708632       0.66643447903990072       0.62655859704620598       0.62062978396911250       0.56276372155088483       0.58076680019603366       0.64210028937503949       0.64949498118003324       0.60623037626873744       0.56879598539521070     
  0.44241563962725261       0.43150616213465004       0.12256986118563916       0.17487885566673542       0.17424199206928481       0.16860431484320065       0.14258205681946207       0.17106561351119734       0.56340467462833466       0.25555027501987382       0.33067459140239108       0.38073199156746823       0.16917748643345498     
  0.59594048774162311       0.62981706742296317       0.58598404597738263       0.67479934887562121       0.59728660790511512       0.57160741429797768       0.64459272212922047       0.64220181355635597       0.58234742247685412       0.61607289398481946       0.58699589297915067       0.69841398388794773       0.63758737923419440     
  0.45366957181244127       0.44218582501524284       0.13493083681757700       0.19113783186264113       0.18997510430473286       0.18228638059864183       0.15640183486204443       0.18589480075647688       0.57834445091161235       0.26440159838898891       0.34773628240867316       0.39942781524380394       0.18429167062640850     
  0.65086934529748874       0.58757543757519348       0.72753515663118429       0.59959973910073427       0.60249516175903284       0.61402690343179189       0.63060471925546735       0.60151797040119970       0.59694096479990866       0.58857194694651627       0.59665209630827198       0.67769536784965845       0.61992368513560336     
  0.46474810890846219       0.45276065685130523       0.14657075534372704       0.20793383063938403       0.20576100801257208       0.19762546882789259       0.17114458308558944       0.20229857922256569       0.59298200931264555       0.27231535728260992       0.36386485081059849       0.41721394818506119       0.20016089665814876     
  0.60126370937261797       0.58560150041485459       0.61363237777480062       0.66988206234933723       0.68597922321442240       0.68625472458316739       0.61844396067886542       0.65528206723802096       0.59469211849580339       0.60825765048168767       0.59066043236607746       0.66604598757655886       0.68980694011303945     
  0.47590156910695064       0.46344297225160441       0.15792178639914348       0.22480372650040775       0.22162381935425191       0.21286180315827430       0.18602938402908167       0.21832919690391958       0.60621116455977120       0.28020306947431478       0.38031615145653069       0.43456606320512808       0.21606024915176447     
  0.60316898320402967       0.57550663691157844       0.59849148105806615       0.65807691211290142       0.66745181277190846       0.62708009211608873       0.63735760672872910       0.59201783011490094       0.61702055503736153       0.68532324759731289       0.57785284375295232       0.66250494806223670       0.57460962840297114     
  0.48734599173024079       0.47422679284475228       0.17051112006621100       0.24130305026227908       0.23726636540248128       0.22867588821112489       0.20109964968755001       0.23356453640532837       0.61902858206982048       0.28780642321433664       0.39761213115745359       0.45128733125369030       0.23162797552198175     
  0.62475720470110396       0.67304457472673862       0.65656218468427829       0.69380311507664616       0.71166280086959610       0.61281974032309905       0.59810025028727831       0.72603004543032912       0.55821391264815257       0.66212569263597354       0.61665991959862876       0.61446780734360285       0.76165857476900845     
  0.49874850344913801       0.48503686703207849       0.18305509190889022       0.25781100729666556       0.25270161593974172       0.24447354488979539       0.21623693894199772       0.24893574376967376       0.63147988233796692       0.29520667976040238       0.41489331304683524       0.46716412986700734       0.24728369742527653     
  0.62447119948444829       0.62383784654416374       0.67164073960256143       0.71767470819216039       0.63640048554254902       0.70501624522015161       0.66155893540404587       0.58879243557506089       0.62358153377295333       0.69134094744294927       0.62159552238716687       0.69760457592264258       0.58583027428413237     
  0.51023589871911967       0.49589615946226323       0.19680435253132739       0.27373282717622549       0.26822511148914063       0.26048321516862200       0.23242980388287701       0.26425811836718843       0.64377250733036728       0.30270177804828835       0.43213161717986931       0.48195545410178670       0.26273464912760425     
  0.58610976208476173       0.61368603138968825       0.62267265899499791       0.67909813036092059       0.61024521503398266       0.61266754977452742       0.62981898820743765       0.68167104268840717       0.70658951987332896       0.58667653306022616       0.58244383145505396       0.57885729460296498       0.66752814496353885     
  0.52155699835262481       0.50668661928429337       0.21021471080587983       0.28968184610658043       0.28376153925922815       0.27625182511396801       0.24875486878991304       0.27965274632623821       0.65513789862403249       0.31014481936294785       0.44889264864595413       0.49623162956342426       0.27803121862923902     
  0.60332838382878573       0.61007732165917672       0.62724589957881471       0.62922080722457563       0.60378589088177481       0.67074443893344249       0.60546742392287711       0.62359770766875033       0.61178255506941903       0.65724008908996057       0.66450398092989960       0.56394234891421202       0.59330689780689683     
  0.53259715089927029       0.51745703544276744       0.22401576641288845       0.30594612730991844       0.29958832163874760       0.29177696707323492       0.26548250547577612       0.29505927669571752       0.66628607824430985       0.31758584214890545       0.46506535161723161       0.50972905865764706       0.29420743631882496     
  0.56686458868433132       0.61587289238799969       0.61566066030772593       0.65649637884439394       0.67995259745632097       0.61457936922778855       0.62289117035366481       0.65845280415737728       0.59396060468200473       0.59476233166395831       0.60050509270245844       0.61812452200700718       0.57777187282944820     
  0.54360032604869701       0.52830104142526380       0.23770118534051443       0.32204184242604622       0.31568967299735801       0.30732658514048405       0.28267355907204944       0.31002481477040400       0.67696409944757563       0.32516801792273303       0.48115698136101759       0.52314756149303776       0.31023819183062740     
  0.65108702893944603       0.58364719720750036       0.61463395566838730       0.69265041956820839       0.67228122416075931       0.56458098913491028       0.62810425824111460       0.57509279789879442       0.56478772899280971       0.64679376919152243       0.58831626395492720       0.72136437449845126       0.75592873782767611     
  0.55460060201307593       0.53910694985150787       0.25225581226735044       0.33770418935732116       0.33176588357822528       0.32293203804075377       0.30044611854655312       0.32383149306688996       0.68754285046821961       0.33195944887031970       0.49711599974537751       0.53646233409951749       0.32654364748597614     
  0.56786645455939555       0.63057185553470241       0.63722934953686483       0.61605645695742250       0.64169711922084338       0.62032161171420541       0.61395960723558174       0.58848989809182428       0.63355849059838665       0.66261300480706642       0.65291792713248609       0.62302638580238623       0.63764542991961071     
  0.56563792420850290       0.54996599039029426       0.26688164182095864       0.35336950802542366       0.34769672207397373       0.33868448363320852       0.31839753659184988       0.33813117456914038       0.69729549985345440       0.33866612675866448       0.51283748569690690       0.54898412282339637       0.34275735248790390     
  0.57158653196255227       0.57158433135700570       0.63431783149285870       0.60798863926882851       0.62824086506947752       0.60381694615155512       0.62389517644572090       0.59003077374425217       0.63893338386679643       0.61606863045916760       0.62586633569618078       0.61652066982224774       0.66060334181166436     
  0.57672115398006618       0.56087185723375321       0.28160124461105074       0.36864453301527728       0.36298173236552778       0.35452727699121472       0.33666126814713587       0.35302798936276475       0.70684247609810436       0.34562378759319878       0.52785287067585052       0.56048604525267298       0.35892868062092825     
  0.59759952252474302       0.56766243629283475       0.64729501596133809       0.59084404485866959       0.58542760572602959       0.64672873676081044       0.64987140128703957       0.57639905668009039       0.59923011866009834       0.62474613429342429       0.66838794423547032       0.59539634586982781       0.62444355752834002     
  0.58774288175736700       0.57171698195889031       0.29627396925012239       0.38408962994452001       0.37796350967176628       0.37010989127998234       0.35513356045440991       0.36830162175848791       0.71632108704053388       0.35269138156280605       0.54270435907817272       0.57187777846182120       0.37512085940363632     
  0.60974187474269759       0.55979435518088017       0.58063070393882366       0.59782257002820127       0.58063119011499309       0.61021738245912804       0.61485396765144862       0.62345631864525708       0.61262388146722635       0.56333776213266396       0.59129230187020176       0.57610421495513253       0.68785845614224006     
  0.59871082046967750       0.58237239488878823       0.31304445658946678       0.40050698682769820       0.39359664075347944       0.38444870504666934       0.37354237776792948       0.38413216410621881       0.72584012094747552       0.35923977677561353       0.55701499537413124       0.58302600407240024       0.39073310884047080     
  0.68542805016698238       0.60365613441459487       0.62186521315810772       0.58304746507062266       0.61098028561015028       0.69538908049553383       0.65270870666793901       0.64956719194199364       0.60551927400134109       0.59366075751686553       0.58578181466531365       0.61487864024915617       0.66417512495025410     
  0.60981802570266841       0.59293427136813615       0.32984811204682929       0.41722757414389844       0.40937266335751832       0.39895902998815747       0.39240005949850160       0.40012661057317167       0.73461433403257614       0.36565919701757038       0.57112356564893862       0.59453885338980461       0.40650717055418417     
  0.58137134788311129       0.68383139758090383       0.57200910414184925       0.62269125822207361       0.64252692806816425       0.60915030249337454       0.58701016453022403       0.58991192612925536       0.60617878834129635       0.59184923333567607       0.59879839451492334       0.57836093667923938       0.58832881330607056     
  0.62128758095530301       0.60351741629702771       0.34680059639026284       0.43304501949443791       0.42471664431983075       0.41362182576435852       0.41145147285592165       0.41662012047912311       0.74312154525125629       0.37218117115647098       0.58494031610413344       0.60653329654617971       0.42207537520328198     
  0.57320165031571746       0.62250799355331354       0.61548925581064684       0.65125554013570619       0.62842678949234887       0.62486500297751879       0.59235667792430857       0.60583749734911907       0.62004125894967399       0.66967272536510092       0.66254634113682631       0.60350919318749019       0.62068015321696812     
  0.63279303453411195       0.61438413262288694       0.36350815372448830       0.44857220398773145       0.43982105851583003       0.42897637157091317       0.43034010294126041       0.43270620237882274       0.75149392567749573       0.37867139146015727       0.59876381245631882       0.61838086862885855       0.43762002691492785     
  0.57699294917528154       0.61212412143273021       0.68880755098786739       0.60365158055756196       0.58565575520540314       0.59565489203479560       0.64193682944976316       0.67293569776692985       0.62181558644470181       0.61410664802610915       0.64925994830754519       0.63795888962083658       0.59589865642451700     
  0.64458774125492546       0.62555163828058902       0.38157345709202711       0.46451019496543194       0.45551897362058730       0.44547936846023795       0.44894628561767047       0.44804857141819121       0.75986947008769268       0.38577118550488526       0.61255284225637641       0.63002225386080568       0.45297228473497797     
  0.58323862618002564       0.56514979044838665       0.70644002828095520       0.59491600857465499       0.60004216841804836       0.61233297187190316       0.66882203054242240       0.73573925884548663       0.61184804956911842       0.65516146388580654       0.55793409163102525       0.68216194244654582       0.59426519305168213     
  0.65627785078643752       0.63668353721138471       0.39968096119839858       0.48043178924537366       0.47143545578112356       0.46163197851678706       0.46729013123808155       0.46351237674436635       0.76730391048936319       0.39293474388201388       0.62618837241614522       0.64160997498200956       0.46831495334918155     
  0.66796774421387473       0.63417347904401766       0.62765478546373787       0.63356276536801048       0.63253754067305346       0.67145598852615473       0.60099077487553365       0.67177911624324937       0.57588011967889807       0.59071268656477460       0.58737097182940967       0.61363693586797674       0.59493769758743775     
  0.66735659861438890       0.64782263216855573       0.41864361677559753       0.49671084551611611       0.48777397805693684       0.47762139603695208       0.48586220067751745       0.47924618825598087       0.77454512984053892       0.39949944195215814       0.63969965871951739       0.65264976313815193       0.48441865140225920     
  0.65188732731227550       0.61799338996121778       0.78334909513661921       0.61414643661908275       0.64668736362919177       0.61917961442679670       0.62743586376306892       0.63329104743222109       0.56439575142991194       0.56469074714503220       0.60342162285442824       0.58632880852267300       0.58457632956725947     
  0.67856786479795617       0.65891891053473461       0.43767518027492591       0.51325605624079429       0.50406576171770612       0.49341565410133204       0.50453286687934706       0.49505597274604329       0.78190106547364802       0.40601753563849113       0.65300043362261218       0.66371973278031959       0.50049589586427279     
  0.61884415343858001       0.56328793798008048       0.62296209675491576       0.65888864422808857       0.62449123101143611       0.61760128337457854       0.61180913128957903       0.61139281190054173       0.58225842707007947       0.61843594394620627       0.65502887120888509       0.65578669968549663       0.63276376002972556     
  0.68970767467206961       0.67004862335047277       0.45669233066319848       0.52939339312992517       0.51999995365878071       0.50877826079777955       0.52374397730845790       0.51075360334578523       0.78922890108021704       0.41251534046838900       0.66611656171577927       0.67457038535268432       0.51657975011466417     
  0.59773506587870984       0.62698864500409335       0.60239982323518360       0.59334736120070541       0.61578580272696049       0.58475666024129969       0.61434404738528203       0.63925785563400817       0.60252379764666286       0.64310266912823932       0.57074480343178602       0.62286315747333798       0.67157454891135804     
  0.70088089822957034       0.68118431540968305       0.47567809063148420       0.54537115926392621       0.53584754459659067       0.52414947274840151       0.54290226307274991       0.52659728343850543       0.79641777137170877       0.41894752268226654       0.67865958695566775       0.68539475707639841       0.53251839773097764     
  0.58277050657044305       0.62434329425829549       0.58879385056800282       0.61648466540592528       0.62519453181750528       0.61950564938516361       0.62521111428194420       0.61235672708375000       0.64704590195383627       0.59000938633762889       0.60087083308313816       0.60532671977248154       0.63262684726086027     
  0.71220198019463687       0.69235629156204193       0.49519676268907464       0.56063956656042846       0.55190080055715318       0.53943231488594368       0.56138749171805313       0.54250655047429464       0.80350454248835523       0.42609258145898915       0.69068969029852911       0.69612733306883279       0.54799360860806912     
  0.58982877963850311       0.65774711630675875       0.71115974077414124       0.66977265145102005       0.61936549476447567       0.66570461460810493       0.63692647216271581       0.64738345002295494       0.61550731815916704       0.63053729250864676       0.56111074810680905       0.60890963928117547       0.61983545554266373     
  0.72352722396850588       0.70355838403965620       0.51496963650382666       0.57564572182375695       0.56811078714013263       0.55500784583171758       0.57977922301178186       0.55848299659288014       0.81043304374930047       0.43323564128859049       0.70255707696816039       0.70701661867802723       0.56353113969011037     
  0.59733496219847004       0.60482450681151356       0.60315350648326993       0.59993668083850749       0.61111363337136027       0.65438287924010619       0.60845050556111435       0.62000870697674992       0.60583746640952807       0.62683374718107843       0.60730335657335377       0.63908250807080458       0.62629942692611817     
  0.73486824433953390       0.71449331151329132       0.53493008962329913       0.59114541540908438       0.58416271633869032       0.57096242342197701       0.59832966911123098       0.57479050717097624       0.81741381326204365       0.44051011052582878       0.71406639577706621       0.71836398151611647       0.57823926128538039     
  0.62819523790672704       0.58574041237349539       0.66886353818417887       0.67986322388808418       0.67768646792402687       0.60418775632711652       0.61172795988300677       0.65744584655826177       0.60813092588798834       0.59461279350204688       0.69046189764233779       0.62256368605937629       0.61209392403616480     
  0.74610286863604180       0.72537674106695382       0.55523995503668389       0.60675956375216578       0.60022460759312912       0.58684515768474932       0.61685144084592947       0.59083647536462724       0.82429081714752905       0.44778206168729340       0.72518201955618855       0.72995234701052647       0.59317182989542327     
  0.62589863477363517       0.58491566331089673       0.61058575544944838       0.59500550045326661       0.61844595539696046       0.67131319690949021       0.59941603468375548       0.59285595999945107       0.61982237648239591       0.61210837063670898       0.68951617694491163       0.60494783489043402       0.59619846910607799     
  0.75715020917719622       0.73624703907047417       0.57584863023803756       0.62252394949380874       0.61598798090941609       0.60287975067011002       0.63568039930589093       0.60505893937610977       0.83118162700464260       0.45516753091786988       0.73614103733722791       0.74114498253497074       0.60958555308948792     
  0.59527050718678298       0.59021886245982125       0.60355495710687401       0.61026175640807390       0.57257852343730242       0.67455254346681837       0.70102627040046162       0.55641453000862484       0.66762045769350720       0.68525425165660825       0.58442339632558882       0.70260199798178147       0.64500682076314653     
  0.76813779762522094       0.74699999722935473       0.59587699645223080       0.63846814975041788       0.63156614722721638       0.61904071604215871       0.65444536638383310       0.61976534842221342       0.83772377953833621       0.46246667376960471       0.74672580823735735       0.75238868922363866       0.62577807783157857     
  0.59029661785666410       0.62456874688593389       0.66076390258248485       0.71058106690665990       0.66147826395774934       0.60075239745578524       0.62664756142347200       0.66266316387788249       0.61007434210741740       0.67317591776573582       0.60617900321324358       0.56952692587364573       0.67717493082585778     
  0.77890844728963027       0.75699888169649654       0.61462049194525270       0.65420281938276803       0.64719295044995728       0.63479478768904429       0.67237021700007249       0.63560324256991019       0.84421921358165963       0.46971072448646906       0.75703558654931258       0.76333280451864693       0.64204774530547026     
  0.59766121623586743       0.59821808719277014       0.59277305265589286       0.58892900290848449       0.71779713375747511       0.57233555390762569       0.63526079909455524       0.67682981598417824       0.57525975662079565       0.62655079288302029       0.61921672182668475       0.64584418299705504       0.69733935183679130     
  0.78972444085063764       0.76729490135143941       0.63354084959650647       0.66944440571433461       0.66266299311563459       0.65050051412197329       0.69004221303924906       0.65099586208644011       0.85056308625414168       0.47696174375499156       0.76781744791984008       0.77434507428855459       0.65834351739090025     
  0.59526847830555618       0.56446996167115771       0.64090090619436779       0.64434444228600807       0.63361067729245057       0.64256469358278623       0.65636346746509755       0.63622523206265968       0.63490025247036497       0.69985142169481418       0.61468810526046214       0.60970911470274214       0.62899784775953671     
  0.80054246106201621       0.77829393311018114       0.65155004665290150       0.68455553582922746       0.67827972312944151       0.66640644714847830       0.70722776038831836       0.66626132273980487       0.85680737876657864       0.48456832327451066       0.77877191952690106       0.78544154922458953       0.67469056637819169     
  0.61761325353698437       0.61991159438430010       0.60980425306543629       0.58974980756059225       0.64346853924981418       0.59569536176151738       0.63764899545226972       0.60915757458848108       0.57577081091308990       0.60365496372659555       0.63456055887932750       0.64038481529242852       0.59961705379319086     
  0.81138016420105474       0.78921364545162542       0.66964298866049066       0.69971646409110178       0.69413834343593084       0.68244009445156262       0.72445508850132878       0.68160931192554197       0.86301363119163854       0.49246408193065672       0.78957603835625823       0.79649388092154549       0.69067253560483532     
  0.59023047333604861       0.60430906702834597       0.56377454081587586       0.62485599006712444       0.67062216169504341       0.59964342714565144       0.62226845496304273       0.59794025764621606       0.65414874797720834       0.62525364935978756       0.64028524798234288       0.58770220150766539       0.63475199098432389     
  0.82221282796477912       0.80025049609796195       0.68808723790333370       0.71510183964638352       0.70913686579054669       0.69806793495744768       0.74107403930818316       0.69744207333597197       0.86919226329970944       0.50081608376948472       0.80040941563803103       0.80799534275443841       0.70685569518928126     
  0.56903509386310069       0.64374748285234717       0.59687497547736013       0.59779819548934610       0.66451226450009193       0.59834479649188355       0.60741552039899604       0.62987956116934762       0.60766143781334947       0.63107505515434670       0.63627170161881486       0.66852720221817763       0.62631106941769332     
  0.83304629699340293       0.81127705083297441       0.70661375488673006       0.73061749748875038       0.72419256730280601       0.71375539131652666       0.75753778521299786       0.71320779894347230       0.87533224392767195       0.50941440924738657       0.81097817919331838       0.81965341418087034       0.72298498257169663     
  0.59419880590659335       0.59223295832888934       0.66847951324978505       0.65284903325759069       0.62467724744608999       0.69161696500175529       0.56390925140561909       0.68198748040806090       0.67351235969429490       0.58891657396562902       0.62108092900914280       0.59973390239517010       0.66667740412802112     
  0.84388037020964335       0.82229411285760723       0.72511757839623137       0.74638321201599378       0.73916388143392819       0.72982345041002394       0.77447013662841824       0.72877370714512812       0.88142628613558893       0.51832030573019505       0.82136301774837206       0.83035175810860007       0.73893382962797016     
  0.65800134782625319       0.66289230424636447       0.58625428382130895       0.68989393508438135       0.58617886214185599       0.58561164697043799       0.64625631994425881       0.60736344398601150       0.59220665058055966       0.69391766834009561       0.63069708939061908       0.63344991504412052       0.62821427871521718     
  0.85469252552577679       0.83320203641744117       0.74346317487132729       0.76255006839147499       0.75434336375022604       0.74602004380585230       0.79149878384167327       0.74446394369957125       0.88753321077839353       0.52740562845461814       0.83201263026620165       0.84105211037696681       0.75465827178164802     
  0.61093198661436177       0.62851220594386437       0.62402938908275329       0.69959371508869472       0.58560322734616177       0.57559543198292351       0.66738270962425061       0.73597538095363890       0.61433845927929764       0.58682036820421279       0.62344431442719117       0.64333754718427905       0.63346082667558168     
  0.86519114721196000       0.84379740900241995       0.76167759678985081       0.77876969516459416       0.76939367468605890       0.76288136983010102       0.80673630624036818       0.75986665376112339       0.89357592744822079       0.53681078624903622       0.84269799947076640       0.85204381345568536       0.76983582515273707     
  0.56523028031447831       0.59778883909987468       0.63600863506353988       0.60161845462561425       0.67659476679234021       0.65279184876222318       0.61982002850354467       0.59330360501836898       0.61549748090044887       0.61754153539009138       0.70391225259162904       0.59479389554138429       0.60399124739773180     
  0.87566716029266611       0.85421845277657205       0.78015932576994673       0.79480801188500372       0.78450031363029193       0.77946228855401112       0.82195478560453028       0.77557353104922655       0.89953074029517199       0.54647302091568406       0.85364906283242981       0.86303125719919260       0.78501496922360803     
  0.65937701957055250       0.61776300310963550       0.60632084513401641       0.62753036200400669       0.61027316182506708       0.64228493172925349       0.64915708476627798       0.57274972082606046       0.64720231084004431       0.61211300860080176       0.72023342602035456       0.57181106780067648       0.57647632224763712     
  0.88614721094042981       0.86458243522117872       0.79828791863374438       0.81064746546434396       0.79917249976036409       0.79587496808838398       0.83640315688858158       0.79186693646760942       0.90551502789275018       0.55638704775151937       0.86469931846543746       0.87315167124471627       0.80026624629590060     
  0.56699139904694995       0.58158317646389723       0.59753001001096662       0.59997595674748039       0.59289967925222753       0.67135706929685157       0.62775340293133830       0.69439582206339490       0.70932516957500757       0.64051820821938632       0.66509278149889117       0.58715656265394855       0.61109062120003077     
  0.89666631339884328       0.87509950074756571       0.81618173664917903       0.82634745773140028       0.81346775615563016       0.81226062001923993       0.85103187762505461       0.80824854520894118       0.91142280949994559       0.56658846076035385       0.87547234973428478       0.88339027417722849       0.81528656456280790     
  0.58859978697838755       0.62284759975009485       0.61465063793019348       0.60457039385124423       0.56721352258779667       0.63701449369249030       0.65344377227843697       0.64191173336367258       0.65275779612281526       0.63714086062664244       0.57767353606921867       0.58237721294758982       0.66430329697957147     
  0.90724106910178737       0.88595057325032311       0.83307566524930854       0.84105931036571091       0.82925942301180366       0.82838311049389157       0.86355143525875144       0.82447398272709038       0.91717300542585511       0.57711039700082301       0.88610940512130865       0.89320716998022887       0.83046416567957915     
  0.65664240166356658       0.63656587488699257       0.63038712478373182       0.56999140310504615       0.65841280778047584       0.66137599602234276       0.59166700319956755       0.64658629082225927       0.63642315351446055       0.57705786895766253       0.63099936997296346       0.56045510501409690       0.60145898071676485     
  0.91767666731529585       0.89673041796615005       0.85027519805284935       0.85530135318843548       0.84483656517653505       0.84477559227565213       0.87589842319790634       0.84080771030710222       0.92298680802750821       0.58796605580396788       0.89685615483772740       0.90316657538809719       0.84566743514553921     
  0.57048167215612733       0.60771617775341680       0.65198706380907578       0.57111688424712137       0.61537446480969515       0.68445616234961804       0.63421087976012203       0.63647528898640904       0.62381338596674041       0.67474437162596890       0.62130584436629688       0.61077393267652602       0.67336790995568363     
  0.92787090070430034       0.90727317193554091       0.86626034027198795       0.86958357942568809       0.86064419966765282       0.86059485583890327       0.88999340206327016       0.85729894952423247       0.92890055754443268       0.59941324621957548       0.90757390445931774       0.91340323399237355       0.86051886972111946     
  0.63247814394047308       0.59065366888024318       0.55796041385314532       0.59682312089620670       0.60756915559884483       0.65269515673255374       0.62732430434923914       0.60026376860089348       0.62333678226265599       0.63129529872246715       0.62678919582632342       0.61033524422018526       0.56517051836573429     
  0.93808360839112259       0.91793805199495437       0.88209797574348714       0.88359710617922893       0.87586661216823469       0.87636082429148410       0.90374100828442172       0.87381134917199521       0.93465463973979557       0.61132002338384095       0.91800887681011156       0.92369257268354654       0.87576236755780079     
  0.61419473173812111       0.63487271776617538       0.58584001682210518       0.59535719669635023       0.66705299353912095       0.57270621410046074       0.59465772860465793       0.63743244282739797       0.66888109933550755       0.56676915819555962       0.61992353278719781       0.60317146717999137       0.61902599320346130     
  0.94827909659320919       0.92875796464416893       0.89828502735018834       0.89782349387569393       0.89157423278231573       0.89167537120870277       0.91679134284657604       0.88999226081347105       0.94062843900504800       0.62433606384186668       0.92821457108136196       0.93323422380847532       0.89144486514753352     
  0.59154656249729931       0.60839295870328092       0.61745505947802004       0.64664817055368429       0.58200091924899700       0.65745488989710810       0.62470600835905699       0.60096535198934298       0.73041328871878719       0.62456438252677338       0.57839195596945536       0.60919597960351235       0.65124662117466581     
  0.95822045676707523       0.93945034500640678       0.91422728938439513       0.91213588289989034       0.90755547865743913       0.90706691707218279       0.92991160568134290       0.90619358317687659       0.94671213913704688       0.63832467937690496       0.93837727993934850       0.94285111041772807       0.90737772511939452     
  0.64678577701604545       0.60692542866966015       0.66439025991979050       0.59060261067405107       0.63085732761059177       0.60142019379160949       0.58667487766137782       0.64862350206320152       0.64313184304313076       0.58930672287701236       0.62246297522286909       0.60977398714923992       0.59653046618905803     
  0.96768300610700109       0.94985647332759404       0.92930169443445299       0.92716491589453509       0.92274990175739890       0.92237478421677133       0.94236248851863169       0.92204234825873288       0.95318239594626597       0.65430204101871714       0.94856870449937447       0.95292849617797881       0.92253284296280735     
  0.59319308178918262       0.65035761251583901       0.58939995590355587       0.61050684017907186       0.57163817380672455       0.63418516156639815       0.67287762465756229       0.58920669725900621       0.71975750374021363       0.59543275565527221       0.64224545867180383       0.61343934072994488       0.65926542220137219     
  0.97647093610326374       0.96027332983151603       0.94412689939596761       0.94243481489771708       0.93807662406560832       0.93732800677005412       0.95510334869184010       0.93789866560825064       0.95960806625282613       0.67111245041642742       0.95881116844272751       0.96309182898368395       0.93747111349284373     
  0.59455572977183624       0.64828756018735501       0.56357296410844737       0.62318379147212699       0.59960979905894274       0.65138256311666354       0.63205950528453192       0.63379601412903197       0.66206127968033279       0.60233910250285794       0.68144280827292369       0.62201699185455628       0.61552406281464755     
  0.98401231563113289       0.97084210723409559       0.95844678342206302       0.95756132545307227       0.95340826913273091       0.95335572695193116       0.96627801539839597       0.95334356621202676       0.96725671942216640       0.69806233108865012       0.96904664593371592       0.97243143261695852       0.95313929295855004     
  0.56094304118683869       0.57176654431879270       0.62900993681262629       0.60341680159529798       0.57920322686854042       0.67471509758850878       0.68052843216517955       0.58698153046734269       0.78728513107158238       0.73890836997286702       0.59860077005874224       0.60694332157829944       0.59938692634290935     
  0.99054996836710096       0.98133092401685140       0.97260104659690705       0.97287647493456086       0.96863849590222362       0.96903416550533850       0.97767505774521368       0.96888948511326112       0.97499929608619518       0.73393810010455895       0.97914551929300864       0.98184313661494260       0.96888177560212840     
  0.60090215059807450       0.63241644862752344       0.60944362855999745       0.56222587243466726       0.61097150637730635       0.58419633681513483       0.55768193448833558       0.65421408305206974       0.64090879758032648       0.62542883302105667       0.62888316583100445       0.62217125696091080       0.59583272245235097     
  0.99539647641667239       0.99075204108975967       0.98634455964600831       0.98638759336244608       0.98433733919244493       0.98460530424211812       0.98891958937325497       0.98440657237059470       0.98688028592489452       0.83225512251116929       0.98963734075662102       0.99093616921940375       0.98444161632867833     
  0.58225842707007947       0.64034067501359804       0.66444910635843668       0.57196920465652912       0.61366874523223558       0.61687653000521314       0.57283543468561160       0.64125044245559581       0.77061231147957676       0.80708447521260207       0.63489020405981256       0.58877670814530070       0.58742133598200064     
   1.0000000000000000        1.0000000000000000        1.0000000000000000        1.0000000000000000        1.0000000000000000        1.0000000000000000        1.0000000000000000        1.0000000000000000        1.0000000000000000        1.0000000000000000        1.0000000000000000        1.0000000000000000        1.0000000000000000     
   1.7914546882685587        1.2126889496621309       0.68618610239952038       0.69457169418553033       0.60665483890225513       0.62193155089181495       0.64984181833654009       0.59787231811547836       0.62617738361691788       0.55202612223963665       0.58968530893219784       0.63469609167199137       0.64805444865495176     
   5.3272298038684740        5.1127951821564102        5.3271377358368817        5.2456594794682054        4.5566889057050757        4.4472489016085763        2.7109120318010476        5.1955563313024280        5.5354926716115864        4.3834855071816250        5.0296684223811772        5.4046510723196839        5.1104653994290725     
   5.1074515623403611        5.1078997453871464        4.8321258245161083        4.8941179930875807        4.3281011924365149        5.4916853579099278        5.6153517910360451        5.1495558806403130        5.4344959516828997        5.3131037366697065        5.4025670636986378        5.1429127832415524        5.0398170951325643     
   5.3423249877217200        5.1572931609527783        5.2469194559721490        4.2445776444537975        5.3655826033980736        5.1180974124784893        5.8455378295390110        5.0399957251951610        5.4501248837363221        5.1683499396253696        4.5806548260736113        4.8530749950612169        5.0255534723825352     
   4.8564003309957648        5.3049485400639904        5.3738506416872234        5.4502531620371091        5.0458875386801214        4.2523480235471380        5.9145129550377709        5.0433981911780101        5.6233983101496605        4.4520187812312297        5.3013550178840729        5.2826808368838138        5.0424222373121683     
   5.1559667309235309        4.4385326221489860        4.5078174689243067        4.8504188114336104        5.4075170370906775        5.4654914150365084        5.8877186552365970        4.8250494664648729        5.6025255209540923        5.3254513508371248        5.0471537593130211        4.6704541912129462        5.4456858622199693     
   4.6277527438469219        4.5735167482832333        4.2061531475617873        4.7698033369636041        5.0987648167925537        5.1296258265916101        5.8865834651758790        4.1770968564212998        5.4631232703898762        5.3972924843826897        4.6986431461881635        5.3385509634860160        4.5394673953002913     
   4.8216192835570100        5.1710765124034506        5.1198978395794352        4.9550905598298138        4.9147737345555358        5.3184434524968154        5.6616218990426042        5.4165410095664015        5.1786877421880950        5.1093093218945720        5.1934110075051114        4.5656404755591451        4.7241026592340365     
   5.1240014289769160        5.2182522918888470        4.6834647630745252        5.1209098890145182        4.7506648067990982        4.5379337006640919        3.9488424279854168        4.8404597379994563        3.8382797624576361        4.9536263040009354        4.9225059496825088        5.1974101781276199        4.2985877659383434     
   6.4414656013778182E-005
           1           1           1           1           1           1           1           1           1           1           1           1           1
   4.3817614198183365E-004   4.0599341873274986E-004   1.4144169916987918E-007   5.3125189120501597        3.2025819482300417E-006   2.8783791590222667E-008
   1.9620083640747565E-006   1.7952428514200755E-006   3.5028629489128491E-007   1.1561354742912699E-002   3.5015970486461703E-007   2.0988310356177592E-009
   5.0000000000000001E-003   5.0503593663647601     
