   0.0000000000000000        0.0000000000000000        0.0000000000000000        0.0000000000000000        0.0000000000000000        0.0000000000000000        0.0000000000000000        0.0000000000000000        0.0000000000000000        0.0000000000000000        0.0000000000000000        0.0000000000000000        0.0000000000000000     
  0.25712028105681128       0.28210950069491947        1.6340700328792264E-002   1.5915022000105628E-002   1.5910377681623299E-002   1.5339412571519741E-002   1.1044154302194428E-002   1.5653465071801893E-002  0.19105711539739267       0.16322311688180172        6.5398736934734372E-002   7.7386623987934319E-002   1.6142485004035416E-002
  0.58083375894618705       0.58083375894618705       0.69521853780053389       0.65652191768125012       0.68780756426279732       0.66829004299168537       0.69892620984922926       0.58351750123534130       0.58083375894618705       0.58083375894618705       0.61409957392090597       0.58083375894618705       0.62805508047407466     
  0.31456647612495947       0.31317054622921647        3.2841370818172441E-002   3.1526702616111839E-002   3.1716714545433018E-002   3.0773782282420250E-002   2.2172259060806686E-002   3.1337315985886766E-002  0.34537803676862538       0.26455052891787151       0.11869359463848293       0.13943908329091881        3.2329403961868161E-002
   1.2215840580899002       0.92144513322029098       0.64800898808269236       0.63862506530933738       0.62197853963146021       0.60741770018536811       0.60511614237212363       0.63198154879870372        1.3074095416152878       0.86159960538730618       0.68542153131274008       0.70486017161092251       0.68362391314851545     
  0.33862369207635451       0.34068743048922578        4.9097161033067049E-002   4.7803075055635441E-002   4.7228145193897321E-002   4.5910922779842447E-002   3.3575396410891724E-002   4.6252004753184583E-002  0.38522306919348387       0.29839289931432417       0.15381716935731124       0.18043624781864778        4.8370421609058079E-002
  0.87287231893110429        1.0847037911928716       0.63456254532826950       0.61849412308298446       0.68345363845721852       0.68381643256244151       0.65983207288115098       0.62110875168679802       0.65133090184521036       0.73170882656772285       0.67265024721613542       0.76565357896891650       0.61740954685083971     
  0.35782985394578487       0.35794477368095257        6.5074943206253580E-002   6.3794068235897131E-002   6.2957484643280423E-002   6.1144585996401303E-002   4.5209957357369990E-002   6.1164973207663245E-002  0.42411581071348148       0.32409204694423721       0.18218417939287065       0.21580455734201290        6.4577121291682388E-002
  0.83812743260241696       0.72250982733999347       0.64239320190589144       0.66420048364128803       0.75878301330872833       0.63338438485333637       0.65953770521733046       0.65431694749687763       0.73755121823092795       0.67324194706267282       0.72861959024492740       0.72389474175944046       0.62196473920595430     
  0.37030160950706592       0.36989654705327263        8.1190933001524690E-002   7.9922419423674604E-002   7.8639823507937287E-002   7.6163450042905118E-002   5.7232424076871943E-002   7.6008403389917906E-002  0.44758415904979998       0.34202653708028041       0.20462867926407527       0.24525381503104612        8.1141313004936572E-002
  0.66426718508341076       0.61626224036689958       0.63581042874852423       0.63809539939405124       0.66037003582938114       0.68744412643249320       0.61215461231571233       0.62734304097047322       0.63784899284157170       0.63981107382019109       0.77807472996551119       0.74598026059526812       0.65002982474012716     
  0.38402646987678246       0.38272288820867606        9.7263098331647938E-002   9.6146306711256471E-002   9.3974934240121460E-002   9.1031447219144732E-002   6.9331025439067703E-002   9.0826553604123353E-002  0.47109352591175385       0.35838136849499602       0.22555744190427909       0.27243589352707648        9.7572608081862480E-002
  0.65950648384681254       0.70423705653297208       0.60519809504180422       0.67986932623661211       0.64540252018697253       0.66084111912906141       0.61504003153426656       0.62464526203745319       0.65970769511203065       0.59146727876836147       0.68243761002391301       0.77449326831499365       0.65262705703870805     
  0.39625487194048498       0.39494820192120728       0.11363673291748405       0.11199104625714772       0.10921856430702999       0.10660975272237151        8.2077813049220641E-002  0.10621892166931997       0.49028626691146376       0.37307126930978535       0.24533969151771967       0.29724854785159499       0.11397303664353030     
  0.60821829106699932       0.64457446577313715       0.63543777629203524       0.61447805954330781       0.58805379140823877       0.66520214769094710       0.64472339962987113       0.68920646562254095       0.61241946039862338       0.63060418847263977       0.65563145588054206       0.63629777602789306       0.63999438920705931     
  0.40900149800842495       0.40712002546105297       0.13035974285716789       0.12795797865373426       0.12419593665426504       0.12227566280358190        9.4640013073199566E-002  0.12149066489724751       0.50916434651697684       0.38652573799119755       0.26431615866824887       0.31986839438242476       0.13058246609327981     
  0.71587625008488498       0.63081131924481781       0.66597579663126938       0.66884381278642580       0.61065378114895652       0.60432899151171815       0.69953238805460438       0.64603954182340440       0.62162308116224696       0.60316480461721411       0.68988492667328905       0.64088965899699946       0.65511433982972000     
  0.42029629486602443       0.41801679016216620       0.14603325440822704       0.14292032190925152       0.14095762769803036       0.13783919056082661       0.10869692195556904       0.13787175790291270       0.52719744614393171       0.39911919028537124       0.28254257092405677       0.34015577935876351       0.14642940818791328     
  0.63636229076390594       0.63232978494331660       0.67828095641088726       0.61787912998448080       0.63230140119626443       0.66169389038952442       0.62730771330336332       0.74409478231682935       0.59593996976615582       0.61587847177450317       0.67304863292536798       0.60213459537892045       0.61267307951597338     
  0.43164876855213424       0.42909997784571058       0.16171003868906444       0.15793571341033261       0.15774340422564273       0.15345248619104410       0.12276787682032571       0.15398057809986007       0.54383648350746694       0.41042274196233358       0.30066087468100205       0.35967889178048906       0.16215853850573672     
  0.62483962901104806       0.61936519264153256       0.62582990593511345       0.63997949301547730       0.74582479658835088       0.66350924089566221       0.62540085067882223       0.66425233063928246       0.60897792651349381       0.64356505355714788       0.66976779413623122       0.62783980655908045       0.66954103614832983     
  0.44290143248624447       0.44037622476934929       0.17638157208782107       0.17355313234867320       0.17366945347517829       0.16939163490920298       0.13729965084024531       0.17013765241098427       0.55799487450987018       0.42091197918152345       0.31881901462793932       0.37858871229315588       0.17768065466838281     
  0.65880763002509535       0.62780444620474596       0.65834467348953640       0.63033127325067206       0.63462082244553297       0.71853966313414763       0.62982266074126259       0.66999085709124673       0.63567407802943798       0.62206849566656475       0.61777393535331204       0.64845453790790053       0.59625270568509703     
  0.45418359208467940       0.45158971452895208       0.19091082669785836       0.18928400643262569       0.18947597257161453       0.18527369214601447       0.15186375577402680       0.18632369248745190       0.57214099577586941       0.43130364448644398       0.33695861818286010       0.39675299219095012       0.19332183102430403     
  0.64323985365726188       0.65088193750993539       0.61932288281977677       0.61982449580004184       0.59550938579580548       0.65207679741871638       0.62970362816628445       0.70894413050136662       0.60044019024205564       0.58924351892538718       0.60179014978955980       0.70378311096155455       0.61469402076791113     
  0.46515978476315023       0.46273914235034619       0.20608110278527722       0.20455732677277727       0.20468164867176877       0.20132316412478934       0.16678522495064718       0.20207272703278237       0.58606804733314144       0.44156684219153386       0.35514158193630957       0.41398040456452906       0.20858354885225805     
  0.65367310816174395       0.64761234123017752       0.61996743735810955       0.62551371419078128       0.61256459261295793       0.66507987830799098       0.68839560001594480       0.64139941539871514       0.63540134147372906       0.64970226599047243       0.61679203901709201       0.64779723915413390       0.62514747366129708     
  0.47607492774587457       0.47387018544714454       0.22132668542724146       0.21995758438891458       0.22013823370646313       0.21728406810747070       0.18177584340099837       0.21795985396490120       0.59925055950246220       0.45148178915584714       0.37299055914039952       0.43066741559693822       0.22354882398892589     
  0.61433812813003263       0.66439275534710596       0.67719086062721900       0.68066312759801528       0.62849144635402121       0.63833952588279530       0.67511543713170408       0.66142382990012927       0.60105882840638070       0.63542807714629856       0.62434612472531059       0.60742749868530344       0.69949718089932023     
  0.48695283021871849       0.48486886758785636       0.23676467252115835       0.23481120162304392       0.23408223482518539       0.23287395697491892       0.19692919775532111       0.23399638743456022       0.61190851663970569       0.46119795397860880       0.39048280448731632       0.44668134320679787       0.23881564082888307     
  0.58468665141608223       0.63309964505940464       0.65179792784078316       0.59263395893505910       0.66601538337824284       0.64773002338712227       0.62920885796000892       0.65533183855798893       0.61574422001152362       0.63214535175073094       0.62324420232229094       0.66012773189028662       0.63552377830313200     
  0.49788392283572480       0.49604443551059474       0.25215908420154154       0.24942016441654841       0.24801348022490244       0.24835236306872446       0.21214458783606097       0.25001909485645812       0.62414495170248729       0.47046146735792688       0.40748553394228754       0.46237677986098047       0.25398305008021721     
  0.62932782104204976       0.61032695238829615       0.63136284956902156       0.68607047459472914       0.62649074636077173       0.62899263983274190       0.60951142116567969       0.61919502561663764       0.64767125077332832       0.63342178233598612       0.61328589081840990       0.68963268166126157       0.66119700764731226     
  0.50869732791946265       0.50697190927947522       0.26821997427648753       0.26558125831818047       0.26342913229573856       0.26381959948987266       0.22876375152735851       0.26525178642659053       0.63602865357331839       0.47942988925709629       0.42417005293461763       0.47766241485348193       0.26964770610376976     
  0.62982409761850233       0.62288268282954540       0.65784774644829624       0.64150203365019554       0.62864319889120335       0.63144919572779667       0.71449013491524782       0.61007173419574945       0.61592274561365201       0.70799690154796102       0.61377759800335807       0.65566288589427313       0.64876539405048472     
  0.51944134908456552       0.51799485844587834       0.28447838632102307       0.28166622310957301       0.27872142064489885       0.27945078904677179       0.24545316673412848       0.28057638450729755       0.64746625691678750       0.48801123449039235       0.44050002338446231       0.49237356644101576       0.28547554209382625     
  0.61714193732779565       0.69005589964274039       0.61652673526088098       0.69176228745773527       0.61997359812069364       0.70296644115357132       0.62095089020286398       0.59587365873633802       0.61418362648998670       0.64878277879882817       0.60826087704857845       0.64996495590725378       0.63459068506540040     
  0.53041649032343363       0.52889432900232403       0.30021114192126169       0.29767361139995852       0.29363996792018143       0.29515308283434660       0.26261975563325723       0.29528871146929958       0.65872089774061870       0.49629569514117949       0.45661473632914990       0.50637793838752243       0.30165864592619618     
  0.65370301001563635       0.61718700495014922       0.65857081188283439       0.65864482839291283       0.66478273400095667       0.71867234313295980       0.65907919329884168       0.59220286498701202       0.65765840816938759       0.64893619112936451       0.61925737048645035       0.60328385605585300       0.64451572483677166     
  0.54142075135914203       0.53985728433487234       0.31578454204685957       0.31376377819356471       0.30863741284800045       0.31089226784248697       0.27984262458124942       0.30962632588710376       0.67003247952423339       0.50450195682414156       0.47232621619437021       0.51993550519655507       0.31802644860575097     
  0.60813764574088980       0.66222472871588456       0.64729043858501567       0.67079844513436304       0.67619653576618033       0.66544263387508762       0.62959114162433227       0.60817775082423897       0.62984498344441464       0.62148655444975187       0.66294997442156811       0.66788372945514263       0.67569288395322691     
  0.55240729314453940       0.55085727968793874       0.33105799066921326       0.33015394353479161       0.32424074745557269       0.32610868463648257       0.29739908704300294       0.32555604872416671       0.68132249700440439       0.51264296395246900       0.48787505318614965       0.53288046899801533       0.33303847925728047     
  0.61365323107786018       0.62391106823641884       0.66831250484600746       0.64411816102145547       0.61800946205063712       0.66008971909776570       0.61523280249832668       0.58162121720166637       0.64899926242222616       0.60390290968935956       0.61872556691583958       0.61857426173442276       0.64463759822105104     
  0.56343112303035181       0.56174589157122001       0.34592054329052357       0.34644087801247558       0.33969389619731261       0.34134730013686093       0.31498493557693075       0.34150085542406500       0.69168962533865241       0.52071735004982100       0.50294998047240302       0.54574070679185627       0.34778189960212058     
  0.60563244861011256       0.59530943075686826       0.67505351901971655       0.64454613676670280       0.66803645251603527       0.65025417148105247       0.62017091336428642       0.66829102041241273       0.63865480529374818       0.64969618206502033       0.62144792164727847       0.62377107940026333       0.64881464425955049     
  0.57427138401774480       0.57245102157077121       0.36068208100220639       0.36201185066786667       0.35532786415852841       0.35692170346963886       0.33311922482983208       0.35699842060736053       0.70161635518136345       0.52860190173973409       0.51787860502480032       0.55840701598765918       0.36315308585507983     
  0.63260088259168112       0.59276014976787139       0.61288223978661371       0.63783330399829263       0.62259227894724090       0.62503823016093274       0.62258073162987981       0.68313912499817353       0.62469988320353398       0.65591890101507810       0.64350693527220182       0.65652362975088563       0.63126598505946252     
  0.58505071080613369       0.58316095062351725       0.37551243974337517       0.37785453077598424       0.37114636397051282       0.37241810619300292       0.35161058947849577       0.37255699515532698       0.71139248868089477       0.53637100466684329       0.53250597504013375       0.57074204997841504       0.37846562925011690     
  0.62745626060838455       0.66345157352950146       0.63122312138549730       0.61294648714128197       0.65013761592394892       0.62237711040037214       0.60098010144712000       0.62424144073471033       0.62898232311126157       0.64710897908573062       0.63891939282804200       0.63053125299291579       0.64642145796442674     
  0.59575193244450797       0.59427285667124896       0.39139459904646218       0.39264901548360670       0.38764820768996200       0.38866651186911100       0.37024041690692744       0.38853374351070474       0.72107642750394252       0.54400124985319553       0.54700083840755920       0.58247999231233394       0.39410975044930213     
  0.63618993001841706       0.70249133890480886       0.70700838532904675       0.66702236662536496       0.65483080229329005       0.64938177979892020       0.66160837382964477       0.61545951084196060       0.64667876143811631       0.63674323815413314       0.58616462252766888       0.61719049951594163       0.62426943237473531     
  0.60639488232765848       0.60547425446570802       0.40739247505730991       0.40775155921147277       0.40399437416665568       0.40481458913427215       0.38874215001196177       0.40444526104736966       0.73016761554772980       0.55164048402082477       0.56149110891016918       0.59409587010342868       0.40966130845560883     
  0.61354148788289031       0.61974065144551327       0.69195108466358490       0.61421032014222676       0.59126463829955600       0.64346768010103450       0.61401993978802871       0.67162132078274439       0.69835152755130825       0.69909392501017498       0.62509765238844628       0.59855286103595240       0.66120602192265598     
  0.61712928247311183       0.61623342315784191       0.42329796483018467       0.42333477185991542       0.42027400757334832       0.42114273682210640       0.40727031689375953       0.42053917345701686       0.73888682442712417       0.55915582969963906       0.57598161659406222       0.60548172112599663       0.42553336819281201     
  0.62053825875019886       0.65074939866308024       0.64608981605904980       0.63014575672065531       0.61374194655680758       0.66460438361348106       0.65887509731640026       0.70882911004920113       0.66836959482653113       0.64845280255544324       0.59563197857464167       0.64168689233816678       0.62935711979651443     
  0.62782679026011923       0.62693662150143625       0.43920144221673113       0.43875831251397912       0.43659731139838115       0.43731450432786745       0.42592990482436432       0.43653386776208580       0.74756158234446191       0.56665256045368961       0.59020758281505492       0.61670957264334691       0.44161030886770480     
  0.67540093244486721       0.64254169035075792       0.62551952794532251       0.67483601908812052       0.62754673196051391       0.63090071328458963       0.63934689373014952       0.63083115948747759       0.64280865889467464       0.60180222546303186       0.67557343908198730       0.64195868815268464       0.69871819125693235     
  0.63831024251516388       0.63780100433215925       0.45523607327356125       0.45363400080077143       0.45317422866989415       0.45327023421909007       0.44480911859842137       0.45251885879663323       0.75604359944815025       0.57414426824043086       0.60432469573394865       0.62778827730264253       0.45758003259432423     
  0.71639046355483926       0.62345400817528684       0.62922746073710512       0.61173599110396648       0.63300478153465856       0.72331017136523834       0.63077540800218057       0.75612100028418094       0.62599625749819776       0.67543826357107295       0.61264374501175622       0.67203392339690304       0.64319865551342459     
  0.64883742211509632       0.64873829178421050       0.47129977735719197       0.46847413639681867       0.46968452077755435       0.46914626957839062       0.46377484127535840       0.46869468849792306       0.76428619011881327       0.58168209299149887       0.61833172436607631       0.63883486062138284       0.47350276850795248     
  0.59727868961056763       0.62401088858253362       0.61871169902978829       0.64713388449864095       0.73132536758493227       0.64805673426483335       0.65752573645876744       0.68448666496818944       0.60352589874760154       0.65514656334287480       0.61353914786950947       0.63098067448694151       0.68983914578568284     
  0.65968079079940600       0.65971526301407002       0.48777396064096046       0.48385337023712777       0.48582447736487588       0.48499561151683501       0.48277151541531510       0.48509213492528686       0.77229529209813330       0.58899900737790067       0.63224660524560039       0.64978800404099413       0.48896737697035747     
  0.67222657341056535       0.62627032817231854       0.71820466212692458       0.65729212218105659       0.69247389865868003       0.63728514800648928       0.65342073542956902       0.62728276469115818       0.62158341294672514       0.63702197187987641       0.58764782336579446       0.63907862589952136       0.60868766926817020     
  0.67050708418192817       0.67066648974642917       0.50437386150887931       0.49906796047474522       0.50207389589518425       0.50103616544829832       0.50180843918830975       0.50169256512790117       0.78025147392763428       0.59630805820355004       0.64623837796615435       0.66057545516171901       0.50452238582521747     
  0.60252875211959867       0.62575486333937813       0.62260744878758434       0.67040245075164917       0.62781975566001680       0.68356702510711953       0.63457826956777297       0.68682037963665743       0.64855440387933971       0.69402262947470983       0.66853077828557061       0.64128951409987311       0.61272581641057888     
  0.68151026059216535       0.68100041420398894       0.52009455144469396       0.51542277627292110       0.51808656298724087       0.51655414264984334       0.52097185806185364       0.51641693636275920       0.78822229303608182       0.60318195785205642       0.66018877821731248       0.67111020921846987       0.52005118861898791     
  0.62341200468379421       0.61445511050009094       0.59985916002384077       0.67889048733146462       0.64988762485415719       0.61413468760209533       0.66104613501641618       0.64125960071914756       0.61955286092638084       0.64895302284264145       0.60255605173721416       0.64830371754349847       0.61079568540682605     
  0.69259936544313117       0.69124518179196648       0.53578154678355561       0.53161245274354674       0.53396504621821750       0.53226823329378015       0.54018160316197328       0.53121740798728823       0.79593909973088417       0.60998344784530500       0.67359539944450442       0.68146826458235776       0.53546180227970464     
  0.68350887342979361       0.59780106431035829       0.63431836695786548       0.64618901851554389       0.70109325010135182       0.62719399715369217       0.67189922609649988       0.60705636378804262       0.62804450131560130       0.60107015783964834       0.66335699391081704       0.64122219515282508       0.67967152309643797     
  0.70354211444587689       0.70176747457396160       0.55069944746746236       0.54724564277400622       0.54933580616850775       0.54723652089607366       0.55929078447903580       0.54611507012665050       0.80321841212744360       0.61675924577777075       0.68670190990356361       0.69164779365165852       0.55067652231528064     
  0.59869739554829859       0.59217318832262655       0.64544947952903919       0.64122036708316643       0.76967406712920050       0.61510246732768226       0.68427483688519097       0.64701327510533801       0.61218416373128670       0.63173570386225952       0.66280331172555440       0.62935005464680682       0.60433067601400281     
  0.71450460487725298       0.71228973021594733       0.56552828675430433       0.56278603749807321       0.56474507643829652       0.56228689726706194       0.57815930947451866       0.56107394048697745       0.81042889130585516       0.62354727320243752       0.69923319814136209       0.70207378300585921       0.56566490705933059     
  0.67890789605060575       0.65444016810457328       0.60192261344550224       0.65291114838952602       0.69252661768539003       0.67531828644900405       0.64118433430774735       0.64091481379578952       0.62989484168025789       0.66292897715306021       0.61847651787908409       0.68039415010960247       0.59471094380288503     
  0.72511345097234048       0.72302134377667637       0.58083655606899498       0.57869418943079409       0.58028352800606908       0.57816980256327200       0.59707066149219401       0.57660839692164145       0.81750670144443516       0.63024560116838657       0.71132768581204064       0.71321145228749150       0.58087438475357556     
  0.60476776124117526       0.63812565961103263       0.64001022681670583       0.62654905794841353       0.60085561707712720       0.66946718463941868       0.63401553021577728       0.66046207341245711       0.64405660678372012       0.63484998108288693       0.67544545667338263       0.67871763009627928       0.64664517636747010     
  0.73570971200205015       0.73367083675482403       0.59616050026922507       0.59441628180614436       0.59590135083102003       0.59372539652951917       0.61603280556706319       0.59173640183181342       0.82451257490082819       0.63692489301438548       0.72321557707551454       0.72454343290483703       0.59611922079046897     
  0.67746935188624668       0.62730443273767056       0.78113099432490096       0.72875693425793298       0.65588935545999749       0.64349111457351538       0.64280695309182700       0.58792702993589085       0.60230680476744425       0.62199923772324150       0.68634902556163280       0.62654478500946487       0.66429126478287914     
  0.74621052823354994       0.74434575577167994       0.61150227182706363       0.60985486760911800       0.61204051214717614       0.60925620783700063       0.63455890884669763       0.60730354400022080       0.83126150396926191       0.64363667573561811       0.73492628612953315       0.73617436084972532       0.61111027750655222     
  0.61557159764929215       0.62822390751602852       0.66327192809156210       0.64215377412911001       0.61983248569364313       0.59678930470189506       0.61401447635275741       0.67675889775433429       0.62527273343306611       0.64239673163818700       0.73981283723317059       0.60347518362671193       0.65547588429932191     
  0.75673145358414651       0.75492958436864188       0.62677438434588151       0.62552542539515643       0.62798977642403397       0.62458355572517366       0.65318270143165968       0.62278529947351746       0.83794545150748789       0.65028183978544274       0.74662420639626070       0.74771657065702979       0.62598033167543166     
  0.65426033322817601       0.62516918487703399       0.63591332119230026       0.65366511822904350       0.63560876627358998       0.63969623953994548       0.60120770144291980       0.62852023861583328       0.66125192725141779       0.67526688746985419       0.63018929008135471       0.64753736169181286       0.62662603565324071     
  0.76687074534202726       0.76600524440424222       0.64219323885986301       0.64105301180227681       0.64391504033854408       0.64011169684634162       0.67085688561180223       0.63935618277846351       0.84444823079615428       0.65728556627287626       0.75819714662049542       0.75943654456736664       0.64108394847889405     
  0.61521427235663861       0.62446391348990760       0.65233848179362774       0.65342509639250035       0.64211758631523663       0.64084219621144012       0.68334419754997344       0.69294053124560806       0.64164995898793353       0.62581573112662503       0.63359479826061849       0.64144401101532622       0.62824161150490876     
  0.77704619604304015       0.77697021127375310       0.65762222573038809       0.65663696264932225       0.65966309245085220       0.65558465620304873       0.68868044853379973       0.65600649396758071       0.85096957789049177       0.66431606185304670       0.76965246324549796       0.77110535562730631       0.65623126500508788     
  0.60568050594807687       0.66967581114302144       0.62948046590702089       0.62152786526224324       0.64602512248963628       0.62248882885262191       0.64192077064891673       0.64313627508944071       0.67041299403907606       0.65798699272059602       0.63531343647395011       0.65055566271293341       0.67722998379475030     
  0.78725934730400238       0.78835758592586391       0.67276744340227179       0.67189058550914538       0.67558689627675672       0.67172172831988608       0.70626493526812095       0.67178179885393241       0.85734537538531308       0.67115389163087869       0.78106399377171132       0.78224213631082518       0.67115952089552322     
  0.63588353131997200       0.63273395172719782       0.63646166963493633       0.61357645946826411       0.63828742800588734       0.68775141527875761       0.67889475039572100       0.72482148986595718       0.66790576072576546       0.71189575035456332       0.71316652549598247       0.64799747655604123       0.59338690366642832     
  0.79760817593302080       0.79969107326036404       0.68794223850984382       0.68726932619788672       0.69151011534404749       0.68769762070481588       0.72370084428780357       0.68772447119337410       0.86358610000680036       0.67795727072673750       0.79243243790660667       0.79347318383687537       0.68603999557442763     
  0.60829437799471597       0.62006909129928511       0.59709226272334859       0.64766873656670154       0.66598613007113983       0.64592020271846873       0.68255284559415241       0.65010681668709125       0.61029693502235083       0.58529322414158846       0.67023708288211592       0.64742751977011981       0.62698667145614562     
  0.80774295677008823       0.81064461079612382       0.70401301098199787       0.70236850844849696       0.70651761013517100       0.70391885875463334       0.74051765640694178       0.70240927951134724       0.86953887289586163       0.68498470613891682       0.80378074869847682       0.80497112848991881       0.70146738699927547     
  0.64215070599875212       0.62597278032577586       0.62368550153194635       0.61776129467642782       0.63876772461587739       0.64224420194057574       0.65184089800154466       0.61274895965405374       0.61582321286579367       0.62164766855928044       0.65882338914308214       0.61659703390597920       0.66156422183156871     
  0.81776776476606949       0.82159736033804032       0.72000810725222719       0.71734591297957406       0.72137713598392728       0.72015748154453907       0.75736563676071145       0.71710463386821177       0.87552289118755122       0.69212583291584417       0.81506780538726509       0.81636197197467220       0.71696228682165764     
  0.61937572705484856       0.58797666081754352       0.65618953521905743       0.58440400016105454       0.61033248390078043       0.60114199319687600       0.64528321611526163       0.66417324489459828       0.65088841779062023       0.62112339022981333       0.61115897025368116       0.64014498670391873       0.69928294146049852     
  0.82832734518851248       0.83228248006986527       0.73623538436607339       0.73228788247617216       0.73697384732956439       0.73678595097362753       0.77428577063768855       0.73286384816525008       0.88163337311896672       0.69934863921963453       0.82614205493688764       0.82852449378122839       0.73232378631288342     
  0.62071652846844250       0.64577859856364106       0.61380366972229528       0.67206607751853464       0.59648009659340573       0.68130420802320002       0.69017925911246258       0.62958673904495221       0.62188470349024449       0.62105693818652574       0.65654283022058102       0.67620906971461581       0.62511044001779748     
  0.83877968838969086       0.84301795916217870       0.75243423538683840       0.74737897537260045       0.75267360743270029       0.75357349195975609       0.79113438622904197       0.74849903052904321       0.88771410426853792       0.70663307789140406       0.83723202920525974       0.84080748677311334       0.74781294376429275     
  0.63292615019243115       0.59540889102475392       0.62324500357806900       0.63705424109967779       0.65913227330461133       0.60251884065774564       0.71440057801372447       0.61041873161549476       0.65693199035081828       0.65425021598338717       0.66560308603022911       0.62352631541871950       0.64775674139662609     
  0.84920302700212125       0.85334063047324493       0.76797718920400648       0.76304278780577683       0.76771272859022188       0.76812061594556125       0.80540026531497266       0.76488133351518661       0.89368298645254873       0.71427780170280630       0.84794719730842982       0.85191616308733009       0.76375347848396213     
  0.61331418613816535       0.63797010978909519       0.66615970964667504       0.66994836591261320       0.65950649682196938       0.61304013160825754       0.59942227239531876       0.66651127622148187       0.65457046434891564       0.63035487476623220       0.66203868601886584       0.63342679315797323       0.66013454323516019     
  0.85963708109278680       0.86358692440123597       0.78364215222675149       0.77866812340687630       0.78270035033780527       0.78257555727631389       0.81972684375289950       0.78112720434233651       0.89958224909801965       0.72212949756720890       0.85871428353865153       0.86293287609331493       0.77937099207957472     
  0.66190180465717918       0.60793739472038177       0.74756974310031088       0.67584366154711617       0.62917151274372440       0.63538837470261800       0.59739715581885933       0.61769535373774520       0.64926132479207732       0.65548850882144893       0.63964763910104683       0.67833007421942959       0.63505912167015199     
  0.86958207165238999       0.87382082397879179       0.79977009510001684       0.79398446865948746       0.79801373183888658       0.79797259358554407       0.83430727261279292       0.79658906924173889       0.90528006821790941       0.73027770610899756       0.86916391770692980       0.87374849919681485       0.79576043699657584     
  0.59892942493931900       0.70453950554060307       0.63525726243056446       0.64783878423295360       0.64051469259698601       0.60717101966960652       0.65457529234748224       0.68999762711984947       0.66183089264182160       0.63002031052831664       0.72246658854437684       0.66392591589151795       0.64372584735043126     
  0.87945277940632771       0.88396146062961878       0.81585777638076584       0.80947111920577031       0.81338860872991414       0.81338796678463965       0.84868261803816514       0.81192212851544965       0.91099507111631894       0.73856952793557384       0.87958647146015678       0.88443432242483011       0.81219912624801394     
  0.60888547465815790       0.61374033718833154       0.63224967424523015       0.62212731043590996       0.63491661912485364       0.60504989720402480       0.64965309902910873       0.62667849264982289       0.60249095362112226       0.68297270301491741       0.61732290187177419       0.64228485069382135       0.64728189209278442     
  0.88971999994003259       0.89427268908974433       0.83124598473223443       0.82502079888006052       0.82905099155343831       0.82893393409986860       0.86297900936570715       0.82758478851697337       0.91688839730033289       0.74717458077411292       0.89001629067528942       0.89480972301241768       0.82847279000526253     
  0.63000381297030894       0.63038419781946797       0.63640219781752205       0.65458976139292380       0.64406710315815552       0.64593532532114750       0.60608626662016796       0.62355612054320730       0.69274552620169361       0.64668932466127860       0.62796420014010002       0.60658256987591941       0.68481899897290555     
  0.90000177816567517       0.90466720361493325       0.84672880629526737       0.84061772275568858       0.84455001079495295       0.84437999946466480       0.87710261488335817       0.84323563121090095       0.92273180594538451       0.75589968585773704       0.90057192617297843       0.90515641801829272       0.84498371210654011     
  0.60450887477520765       0.62789727897067193       0.62270974847459681       0.62481204625196973       0.62980657966167641       0.70452291961445823       0.63336046175048111       0.63233710147405220       0.63651197886470989       0.62062188598316637       0.68796301983854491       0.60820396704210200       0.64473641705010953     
  0.91013902093137922       0.91487145527247016       0.86221285876589049       0.85586003619655360       0.86025176743803267       0.85983247156781151       0.89074260736504085       0.85891136400704537       0.92872513156347114       0.76510153340938336       0.91096861284797259       0.91552605918432550       0.86131238598890225     
  0.66631806843899355       0.64271969006567964       0.64493540429955665       0.61464400512320527       0.63756971478085278       0.63571871773530853       0.67526104862135483       0.68440954875930926       0.75833120186314118       0.60845051137755068       0.63867098665383459       0.61765548595780984       0.68859235710847211     
  0.92025752789679860       0.92513262626042292       0.87773885580568445       0.87104730129954111       0.87599101028520088       0.87523754396828690       0.90450002753848779       0.87472179445092690       0.93471902087238790       0.77465638777840173       0.92154065591188550       0.92594885239804559       0.87793408949132890     
  0.60272396973310416       0.62394033648502212       0.62135810114718526       0.64313498364570032       0.66742664993752865       0.65607907218881101       0.70233835518419940       0.64768167066251214       0.66803385206417976       0.63157913063919746       0.64807544407612172       0.65401599105897767       0.63281149452098451     
  0.93063709332759781       0.93519437146630813       0.89271671152782706       0.88697279154688247       0.89113629546563566       0.89111572081454560       0.91659479739210792       0.89029445348100000       0.94083054071247518       0.78545966840582893       0.93151462748713421       0.93558734628719464       0.89318334013045797     
  0.59240783024661348       0.61443541600622131       0.59415238832210471       0.69184798846049733       0.62167118704003665       0.66110122797431337       0.59020631116318523       0.65826068852808683       0.67177165604044553       0.62888348632798474       0.60917117446497071       0.67424032344747920       0.61936835400396650     
  0.94096336280533821       0.94524402256127271       0.90785190766015367       0.90290205585422145       0.90650958131224524       0.90685050417468605       0.92863616412645067       0.90607513598021738       0.94694246855307929       0.79709429562473000       0.94150006067195746       0.94527802917857950       0.90850867494860654     
  0.63218962712645543       0.59314526338668661       0.68626308417058712       0.67161198114217802       0.64065496941338906       0.61769779364481392       0.61665750068350489       0.63522722729985970       0.60632180437016436       0.59150638364539931       0.65538199711851519       0.66408151664095316       0.67989434040526509     
  0.95133240711331690       0.95518636830118953       0.92287491635968044       0.91917786997354878       0.92181500731241051       0.92180113761234950       0.94135057041708348       0.92165839777152625       0.95325624809727083       0.81021272470705619       0.95150939647817001       0.95478809045878943       0.92397991880826202     
  0.63959932338970338       0.63311059526117652       0.68619190232426130       0.60940406757585608       0.63974218988622988       0.61107654566417191       0.67506069535955060       0.67608375532618792       0.64035934277663331       0.73515079727018917       0.64698031292291636       0.60768562950287719       0.64124325683228722     
  0.96163859795181594       0.96510727081678349       0.93787433820981103       0.93530101316813696       0.93712316800917628       0.93698175063090861       0.95408860923712624       0.93716282173718468       0.95948491509101919       0.82444172519640591       0.96149459515651881       0.96421875021315695       0.93944532155647109     
  0.63005260868010993       0.58259506727760124       0.66336716441476107       0.71187250703323268       0.66804256970223730       0.65084654672227449       0.66515903087609607       0.62322304175952692       0.63970063388034548       0.63425302610569023       0.61648142941494688       0.62431640863254689       0.65685480435082766     
  0.97151584749058162       0.97427967488823086       0.95363233342285636       0.95134302865698717       0.95293889959869260       0.95265684707083065       0.96561035717764332       0.95272501739965054       0.96698523233927858       0.84446693224985703       0.97120151348154837       0.97328479381384703       0.95475546963824565     
  0.65418592553043808       0.59888902683352074       0.70520538674520994       0.63701521644607428       0.61550680565453952       0.62200224036730445       0.65498958044439015       0.62824500716930931       0.66038594382663252       0.73880505281350439       0.66475150056054311       0.59998494308658235       0.72561406260441497     
  0.98135688186535286       0.98352724478436415       0.96944820428363754       0.96741481426725506       0.96858072555435382       0.96817480157991898       0.97721025961567431       0.96830623778478797       0.97455916583408309       0.87004268948898500       0.98084077065766029       0.98235721228576200       0.97025388753772135     
  0.63848431683134399       0.58397416580076900       0.62116402700507800       0.66678942600754432       0.60874747917867833       0.60691534475351705       0.67672189814527184       0.60498224523910493       0.67872171807743753       0.68985771721056377       0.67180584968737611       0.63283237049071916       0.70234034791248467     
  0.99065172305074090       0.99181625258446149       0.98464536600466424       0.98367319654573560       0.98437941975264109       0.98407313454220224       0.98858554683892641       0.98415095121725027       0.98655157423499085       0.92263401987055171       0.99041107684353646       0.99113715868698649       0.98506107020741163     
  0.72290233046913754       0.64485732048022415       0.60029455080871541       0.65324757340721573       0.71248251633755189       0.65326067843534041       0.67916420675295319       0.64710325500106236       0.66750429767902575       0.76643299559781408       0.60565666869742019       0.61784583254821579       0.66276847074099965     
   1.0000000000000000        1.0000000000000000        1.0000000000000000        1.0000000000000000        1.0000000000000000        1.0000000000000000        1.0000000000000000        1.0000000000000000        1.0000000000000000        1.0000000000000000        1.0000000000000000        1.0000000000000000        1.0000000000000000     
  0.68637844641811696        1.2347577029888879       0.66234566977427844       0.63098963112366979       0.63033679488977257       0.62355091316351419       0.64271991324419553       0.65073705461331455       0.59821147304118594       0.58083375894618705       0.64591238919359950       0.64619583920707246       0.62057260581598406     
   0.0000000000000000        5.2379678587712144        5.2764890734446155        4.6885246245462007        4.7484210048788587        5.2048362195078139        2.9314344062905193        4.2187149352987046        5.5363364606506860        4.6088352932030867        5.4025913023402818        4.4554762553148510        4.7952954001352994     
   5.0729749744823218        5.1247049464642949        5.0092339041828664        4.5919945372510851        5.1414817354648061        5.0279124268001425        5.8015900094266737        4.2703747511001158        5.4850897682248352        5.3862021474141226        4.6518795122082164        4.9327258578725166        4.8931106551665575     
   4.8918281108178681        5.2080150743798894        4.0228546987474809        5.4128240451477252        5.0093309225135485        4.2371444515843146        6.0674897422153062        4.3975307114065991        5.5293009272289417        5.2898272805783932        5.0926330123263215        5.3390217433437721        5.0030781066998031     
   5.3918983632641702        5.2369835074006366        4.4596007216115163        4.8609442144046930        4.8607499715904492        5.3808092254518947        6.0835614906266322        5.5945284352627667        5.7974887590982584        4.6350960750457988        4.3544811792990217        5.2546766765569410        4.9583447603640254     
   4.8127497223635753        4.7556032753834794        5.0934540008561635        5.0298394510174456        5.0817999543085444        4.3965372854633733        6.0032663822657408        5.0177253667097128        5.7236039944694044        4.6619990436874756        4.5026193820876825        5.1576238617282417        4.2533899668972799     
   5.1633760986048332        4.1810878108705163        5.1860815233689639        3.8948440792314281        4.1630385765055831        4.8668661309100045        6.0202326827705965        5.2379424618159867        5.6119248239320321        4.5954132454708256        5.1099291373701812        5.3337709694636173        5.1610379962941728     
   4.0267912471455682        5.4020917561095327        5.2601944128518303        5.4158038048865125        4.9717055746982446        4.3259011583101348        5.8176113000329339        5.0159278174249922        5.1668670478916914        5.3685394424159911        5.3317844893612785        4.7931432906273654        5.2028107498060905     
   5.0771462644705219        4.7291356510116129        4.5025364539990509        4.7383241390847273        4.4288075460620293        5.2045396659530763        2.9157496069412066        5.1419759950029276        3.4452838305012867        5.4751564211905963        4.7102826130974309        4.2760430235727158        4.4287090118068271     
   8.8177664799104404E-005
           1           1           1           1           1           1           1           1           1           1           1           1           1
   8.4211922924715328E-004   7.8516527712997294E-004   1.5851939051643253E-006   5.0302728311569505        5.6026689487780897E-006   1.0029171943031219E-007
   2.2427769209634361E-006   2.1716968229054753E-006   3.5515210876115897E-007   3.3255503753763335E-002   3.5460421393796341E-007   4.7132846221012298E-009
   9.7320853945170281E-003   4.9806201044388212     
