  0.02274885249452038  0.03878508445515164  0.04955045619641434  0.05807979326351323
  0.06571562515052762  0.07374827348711792  0.08282746437343570  0.09419463360756929
  0.10592212885054306  0.11757343708810476  0.12886795301396420  0.14030140754034348
  0.15051782425678700  0.16039638416134572  0.16924848645676069  0.17649691834675246
  0.18392839048743143  0.19122570954159812  0.20027512181422702  0.20962149893882986
  0.21854438838183271  0.22726930304854720  0.23780604196398375  0.24767692456103993
  0.25676433183963210  0.26562125185763308  0.27484320293715170  0.28438048961634949
  0.29345292707050225  0.30216652068911271  0.31029033368980119  0.31850076508538827
  0.32620403459800612  0.33466759165355420  0.34560619694139721  0.35910177258484055
  0.37361729208473538  0.39035532884789964  0.40553530831551327  0.41922478657526374
  0.43153333141032696  0.44273430606713410  0.45395018681222021  0.46439386212199008
  0.47444932243971527  0.48447834262959072  0.49344902344546299  0.50274432647388245
  0.51189789250162820  0.52147344994479838  0.53374140864180963  0.54586044730711081
  0.55557411457167016  0.56465404736349023  0.57339933894000061  0.58205080080410099
  0.59064996169999839  0.60236003877273314  0.61384718678953820  0.62718296187870681
  0.64285407685526463  0.65704737799459068  0.66974478400840887  0.67859402245306455
  0.68749999992820399  0.69628331247262010  0.70954662045265704  0.72108411990254051
  0.73016969158256906  0.73802826038277436  0.74645644316804138  0.75602976310264625
  0.76909869792640051  0.78251535775931658  0.79340812559247897  0.80199860162355752
  0.81042180320425772  0.81865070746666080  0.82684489463643074  0.83402682229563074
  0.84132652479451742  0.84855290888421098  0.85785295880081425  0.86861829999149698
  0.87803063003454684  0.88597287914867096  0.89307824431547056  0.90009520703922430
  0.90848807634724482  0.91941223107786174  0.93150518072029831  0.94250853399803658
  0.95314091955974756  0.96303330661694353  0.97158886609421979  1.00000000000000000
  0.00000005566462363  0.00000027002794065  0.00000060069379496  0.00000108208075969
  0.00000177971447175  0.00000271281306821  0.00000359333305427  0.00000437345363920
  0.00000508681057099  0.00000575516994526  0.00000641244247748  0.00000703283821908
  0.00000771756201517  0.00000844912064787  0.00000921722736333  0.00001003430744246
  0.00001080418534321  0.00001173660114273  0.00001268222581894  0.00001377072678455
  0.00001478871068361  0.00001570766476011  0.00001667282431778  0.00001763137589098
  0.00001862623979118  0.00001969975427443  0.00002066523789605  0.00002156736833308
  0.00002242460247603  0.00002325551266703  0.00002411433355019  0.00002503680877033
  0.00002593569977355  0.00002683024498460  0.00002777131117768  0.00002860392983908
  0.00002935935418586  0.00003007640039621  0.00003068396950119  0.00003128842829651
  0.00003187368747202  0.00003242832985965  0.00003298817142779  0.00003351987710509
  0.00003402234197516  0.00003449504369606  0.00003497612822539  0.00003546615030075
  0.00003603165441696  0.00003667447743837  0.00003751924047902  0.00006103148410272
  0.00006224132882849  0.00006321024915856  0.00006410972934704  0.00006491151553195
  0.00006570818603168  0.00006662065220397  0.00006754924763086  0.00006851389683030
  0.00006951042568584  0.00007052740991692  0.00007153387758346  0.00007284375577124
  0.00007446404671400  0.00007636839710714  0.00007876681330836  0.00008140030021743
  0.00008408894504188  0.00008709758069027  0.00009064661079440  0.00009432691557868
  0.00009827198646979  0.00010287147538846  0.00010863397150426  0.00011534695703368
  0.00012178092475014  0.00012921898566709  0.00013820222367429  0.00014932630292340
  0.00016320549266094  0.00017865815816284  0.00019706704924467  0.00021617743037278
  0.00024352608805727  0.00028456804862329  0.00034574409067062  0.00042793453873459
  0.00052553124439918  0.00062693358671987  0.00073418004673686  0.00086286710676458
  0.00101405229010769  0.00128923713276141  0.00159019317353043  1.00000000000000000
  0.00931013897741207  0.01751560545887566  0.02874233764210737  0.03911932060677969
  0.04732607935213980  0.05502426219790524  0.06335370869222480  0.07153167042169500
  0.07963177317783030  0.08802533304445885  0.09667644894195493  0.10474075798747674
  0.11682073407730316  0.13101679238920630  0.14602078706592625  0.16015502532147613
  0.17235231350811250  0.18359978022824192  0.19557504970314940  0.20811395986318476
  0.22107010165742472  0.23344627091006123  0.24490268912208299  0.25436125018129885
  0.26339389910670086  0.27271402698823877  0.28224753313610518  0.29262748846072995
  0.30325233026113319  0.31339790214505919  0.32349963724347564  0.33451885471531473
  0.34774154591898065  0.36026700341658163  0.37179799252962531  0.38207963363502140
  0.39373967996373332  0.40838370958237469  0.42424097420370738  0.44015859463973250
  0.45314696358996609  0.46618469596487860  0.47855072548564376  0.48980014733952532
  0.50003590672414489  0.51029868396999789  0.51994741131948341  0.53015155906506151
  0.54016334283590761  0.55028485604788169  0.55914606917298815  0.56761719104415909
  0.57622430742856823  0.58515300027380590  0.59660702120953057  0.60675569317556288
  0.61731839550046708  0.62784045263940824  0.63956084611729258  0.65320920401624349
  0.66909678415730578  0.68487666802461344  0.69665347971464942  0.70712659310538617
  0.71665540274413120  0.72606503844171144  0.73616620267403243  0.74693476663448544
  0.75624080969228558  0.76209401257259346  0.76803506765644880  0.77338527991932982
  0.77850798285064071  0.78443533572675272  0.79406051033483582  0.80382062917059605
  0.81365028136527073  0.82439075473511159  0.83515423981368420  0.84590161686584830
  0.85652540357193074  0.86707913060110353  0.87888363767387467  0.89244384730109283
  0.90411210660435459  0.91497029718355316  0.92295997233366112  0.93192119754989722
  0.94251635422731350  0.95299211075005286  0.96272279050146858  0.97269106069311162
  0.98157797062283259  0.98927005907799448  0.99132664501727330  1.00000000000000000
  0.00039116075841296  0.02023693720357929  0.03773682428077348  0.05188249787834513
  0.06344347308578155  0.07313366992088446  0.08132897562052299  0.09031663014053490
  0.10051631168741777  0.11286346167392725  0.12574927519042620  0.13578415206829667
  0.14488070068097009  0.15147838990056176  0.15936575883170034  0.16617800471578159
  0.17373783108945895  0.18195983015788969  0.19048471952168294  0.19809498314671997
  0.20642449810783670  0.21805178075282883  0.23069406462073194  0.24185932372670679
  0.25321648282027853  0.26471601730563238  0.27703371637205526  0.28839681899645986
  0.29831789735181813  0.30837422310434132  0.31891344632846391  0.32962721751798513
  0.34005195394779070  0.34987919063602652  0.36019675418790398  0.37119769615010323
  0.38093689507700079  0.39017668391228638  0.40098370455013638  0.41260928080839165
  0.42474828078766280  0.43592470675272382  0.44698588647291654  0.45794967077273896
  0.46867134522271853  0.47806655992776270  0.48527983381956247  0.49148680635360709
  0.49819833099573613  0.50539293096085214  0.51571697638337410  0.52682566132056230
  0.53668698481209298  0.54919328439013959  0.56198454261805553  0.57464695480093320
  0.58760845941422302  0.60107637612328246  0.61837402390627139  0.63492463110005992
  0.64770008045435679  0.65693606246227010  0.66567841934229321  0.67539365963775155
  0.68574619361091516  0.69692820998805105  0.70714998180047139  0.71733260987512426
  0.72665151216456347  0.73606492880378016  0.74490077189252246  0.75335248476115579
  0.76176289654497276  0.77082412435171055  0.78168475682482652  0.79193337020671528
  0.80110651776031339  0.81010715534606226  0.82080628895410612  0.83294726291051724
  0.84490808209842772  0.85533665227715916  0.86529564822815008  0.87485470443729596
  0.88317461277295617  0.89225146060461191  0.90477948678865994  0.92061176233744657
  0.93618507090604997  0.94933845927478600  0.96263511462756191  0.97454065480899277
  0.98250401633145823  0.98836530589458682  0.99170407875530631  1.00000000000000000
 -0.00029319486544392  0.00199645632651719  0.00351340362912604  0.00484768210372792
  0.00708915551393209  0.01004044340179400  0.01293559562375444  0.01595808857575457
  0.02013004859964611  0.02326546419669114  0.02756867440437683  0.03325680364689118
  0.03821889916672384  0.04213856970881233  0.04601841004944581  0.05036825314261303
  0.05501312196047424  0.06122753083443669  0.06741303893286943  0.07277758197158059
  0.07776171255743454  0.08303644255757710  0.08892760787212609  0.09525894449192773
  0.10188170913319186  0.10932981269984658  0.11777996122734470  0.12670310419185057
  0.13479132570266164  0.14265974161996645  0.15182352981730901  0.16274906912918832
  0.17710871354182389  0.18949723219290682  0.20039631976420283  0.20872995756483628
  0.21692345396389678  0.22446409126179839  0.23128090787817235  0.23768346802711693
  0.24468347354352085  0.25307669981758341  0.26298421649220943  0.27093799553246434
  0.27759557479179542  0.28453308085562740  0.29097766604487940  0.29806633507765279
  0.30448471390793475  0.31290856238682208  0.32368321536199046  0.33496752618128239
  0.34762493110576276  0.35967187888384883  0.37058877515667404  0.38100974759299855
  0.39179521569503262  0.40404862787516149  0.41737661913412594  0.42759771204112085
  0.43607683849182366  0.44524639240362524  0.45637347382480686  0.46584023191443980
  0.47513021385579751  0.48618811834498477  0.49922229328839379  0.51239894118185658
  0.52588004398310895  0.53920238413064026  0.55084384952931986  0.56235310708263209
  0.57476423641404695  0.58768013779733796  0.60149114588353347  0.61971466876474990
  0.63792475373115143  0.65616571969006920  0.67454806980388748  0.69577749270700540
  0.71967466859743157  0.74412053496330577  0.76688283355364695  0.78751906725629739
  0.80568815280898665  0.82457948184374874  0.84347800819711916  0.86059225216883684
  0.87743643833400287  0.89378478736295208  0.90942604414342387  0.92685414646880038
  0.94447143852024307  0.96171123106103928  0.98050311994106609  1.00000000000000000
 -0.00237486126336249  0.01177941585394967  0.02236653163592435  0.03103013304315971
  0.03916378561724175  0.04692957133410928  0.05473518015381909  0.06288978863977304
  0.07086696894551353  0.07821981380507628  0.08496139289959787  0.09240077356898405
  0.10117728617026361  0.11175225539154991  0.12461839402537948  0.13945839168837931
  0.15404416536569629  0.16828468418242565  0.18139366770746546  0.19415758315939524
  0.20658110865494592  0.21952770325524920  0.23009078708908484  0.23992515434329009
  0.24790156562851545  0.25570188573839780  0.26403135355244517  0.27299848593817783
  0.28118478098559441  0.28991737465767164  0.30053177087932220  0.31047226493459112
  0.32042122726884570  0.32903567212995144  0.33652549819819833  0.34347583728462083
  0.35088061477669930  0.35877120246917976  0.36815947397480497  0.37607718105621490
  0.38326412346926370  0.39062674110790674  0.39769980183012549  0.40912181155861510
  0.42279823714924386  0.43686622912569778  0.45100965505917118  0.46400805305246906
  0.47539883106151420  0.48623628866998458  0.49721847760863735  0.50804105459922699
  0.51717652936591429  0.52517468474753259  0.53336224371123098  0.54236843394391232
  0.55613039006278597  0.56853546446733061  0.57847050300635783  0.58695113056362014
  0.59549895179442580  0.60533792038168277  0.61593775260847972  0.62715446971425648
  0.63702077780183175  0.64444476106097615  0.65340807008675617  0.66380387136556696
  0.67403561754821162  0.68796110371046171  0.70376729977812191  0.71943486991903793
  0.73103967592496411  0.74151602084897794  0.75081761128084490  0.76028713862914965
  0.77108642587701182  0.78394666907862265  0.79735547330634715  0.81001306828670161
  0.82227124041285515  0.83451230073841065  0.84572632062953679  0.85628255879402215
  0.86620266877172725  0.87867292830357668  0.89524682187479132  0.91166861254476661
  0.92256979664470651  0.93242672971063822  0.94142642018576250  0.95099776561931626
  0.96293773450916031  0.97557691170145699  0.98809491622045986  1.00000000000000000
 -0.00239095252405733  0.01022487820693405  0.02157002416323407  0.03327585945549415
  0.04510010442195370  0.05470135809158511  0.06520188594389326  0.07673427239401776
  0.09035970848609987  0.10329801740734597  0.12034092573482733  0.13390607741815835
  0.14448763876597567  0.15506282387562448  0.16542405985487446  0.17741432870330329
  0.18727476754934036  0.19594943300683740  0.20326205293839039  0.21012619523309939
  0.21679302155952662  0.22335374175115547  0.23089319083822213  0.24286234399769457
  0.25895280049495595  0.27340005080409369  0.28595823584063496  0.29685279982468576
  0.30695818703588895  0.31789307839317910  0.32938415856424497  0.34080674554172474
  0.35097481933668256  0.35936537530272772  0.36705079681125469  0.37528284654087968
  0.38384763426782176  0.39396001740422970  0.40413751397259057  0.41321285301253102
  0.42155765907793785  0.43086775601460109  0.44250388791878731  0.45355759230088871
  0.46467901322163424  0.47484634454256575  0.48545762263628978  0.49861722979172468
  0.51209319770738004  0.52538206711454871  0.53736542159009004  0.54829805187224234
  0.55842605621776098  0.56662591802747198  0.57457521094197439  0.58215519101486102
  0.59077083341159553  0.60191204857955227  0.61165898536241836  0.62111558838054226
  0.62952785075762396  0.63692484263189686  0.64554303874600283  0.65370770247785936
  0.66039297357871074  0.66632214998139649  0.67273742121035551  0.67999909945033399
  0.68883707647306480  0.70111655641930415  0.71192342537496756  0.71988250970942558
  0.72758648592485209  0.73615076009897396  0.74679551112830900  0.75865580493645068
  0.76921684193574602  0.77968777839773318  0.79112372359849659  0.80270513605927341
  0.81598297429042022  0.83142246480795867  0.84696305973055086  0.86209063263106211
  0.87569962258337719  0.88727818047629214  0.89906518024283810  0.91084802802080733
  0.92226549629783638  0.93252167777626815  0.94195048812529103  0.95162750754243508
  0.96233789600783459  0.97403726536304103  0.98778196567572107  1.00000000000000000
 -0.00202605261150935  0.00833018803188107  0.01745571510960410  0.02923671922988817
  0.04086412275585614  0.05070278153328603  0.06002644942141987  0.07106083358840011
  0.08443195084778987  0.09747272918481778  0.10916730147057978  0.12010661557020141
  0.12897711452637550  0.13671273450286847  0.14476773132165438  0.15260972571866896
  0.16160258369762059  0.17529796607368842  0.19117417318393656  0.20540048830726859
  0.21778257962002417  0.23014336953983200  0.24352312493317210  0.25750528476926537
  0.27224230059462728  0.29208616711046470  0.30915972701557198  0.32136333701520142
  0.33115051240317722  0.34198076251065007  0.35402340644566832  0.36548791671108488
  0.37570373482365088  0.38611158111498961  0.39712487168248040  0.40792484449340882
  0.42016399138669452  0.43248339759873267  0.44486389557533651  0.45543153624095961
  0.46627908554015934  0.47743030732900177  0.48528884773099151  0.49355941231230027
  0.50061364220457494  0.50693824581764557  0.51299205416346172  0.51870217238616545
  0.52691803020733452  0.53687913490382966  0.54637396157651685  0.55502272254035123
  0.56325841507092766  0.57188889527768949  0.58137968004972573  0.59192284384520222
  0.60318279674538722  0.61395202290901085  0.62376724820522556  0.63257169505497113
  0.64179985010665797  0.65124661528495076  0.65991587301486043  0.66953253545591462
  0.68159346823669742  0.69429458063321137  0.70391853370436486  0.71402191125568093
  0.72398601059656054  0.73404785500033587  0.74306564731071978  0.75169141195100075
  0.75997520027351417  0.76895072564906375  0.78003095139768497  0.79322751185976303
  0.80711737985681764  0.82099616846341306  0.83341147912685665  0.84405406617338397
  0.85389775788448596  0.86305459649482652  0.87227506030734703  0.88288256162749856
  0.89299294486274361  0.90465809346007442  0.91533672440966141  0.92448750537052815
  0.93234529769721197  0.94012457998604193  0.94876487300081869  0.95823647110101529
  0.96808556287014158  0.97728027740915968  0.98890380155868840  1.00000000000000000
 -0.00346902938511197  0.01394598887026313  0.02837950795813784  0.04144006679403029
  0.05223703371334035  0.06272699687469928  0.07459313953020898  0.08735397658261804
  0.09625321788760184  0.10681729444025297  0.11821251117775973  0.13108781211992235
  0.14461727572090260  0.15543866844780696  0.16490517821415629  0.17494416166542545
  0.18569402753364275  0.19693356718823876  0.20777075206435955  0.21864056246552985
  0.22726885140133021  0.23534365939893420  0.24403773054528641  0.25238720711408097
  0.26023715685185056  0.26898533242821615  0.28026940275285389  0.29072286898937005
  0.29954498318408673  0.30792224559855425  0.31660905549485435  0.32513917712487655
  0.33304284568458459  0.34335390348821315  0.35546626600503778  0.36764273734621827
  0.37750215369271894  0.38740712017275558  0.39718514755987677  0.40574900647556722
  0.41371162932079630  0.42315316745107218  0.43493617918042621  0.44376303832871739
  0.45201442472906278  0.45959930771762780  0.46811994047913980  0.47663928670532896
  0.48692999150294797  0.49571597874942974  0.50590942199686506  0.51761302281975774
  0.53023363639428200  0.54302303022713994  0.55618680631897144  0.56865552869097025
  0.58123118140102459  0.59537733597404374  0.61050986843456656  0.62464482816978550
  0.63671957789430278  0.65031071891817527  0.66329566203479151  0.67454361767646154
  0.68600523341903685  0.69547876784481666  0.70313184677943963  0.71085265067209136
  0.71842456263562926  0.72762176266859846  0.73570812440489119  0.74510229763230607
  0.75549938548518125  0.76602225326440532  0.77699917571323707  0.78718183547323006
  0.79689711724682855  0.80686231977903167  0.81726430775557013  0.82794743912207458
  0.83832295052740580  0.84779471917587645  0.86220136047689766  0.87380471388698122
  0.88376194911094696  0.89346864530479198  0.90291333455256317  0.91053670067705339
  0.91758523780502377  0.92497670277117305  0.93552644853479794  0.94513364870808114
  0.95448892394098594  0.96689067713850285  0.98407877577755920  1.00000000000000000
 -0.00207908526207934  0.00796845005821649  0.01750709019878725  0.02971713115052088
  0.04145247375987722  0.05457104592164307  0.06789690912767009  0.08142134774618498
  0.09567429069831807  0.10874587291095723  0.12100010223317628  0.13246134912078505
  0.14267828623876974  0.15247810874051598  0.16162794196986613  0.17144222382135710
  0.18192982757297405  0.19449242383747845  0.20813878276936679  0.21884677975215647
  0.22864521038597369  0.23863050257263058  0.24854007991043384  0.25738519968788071
  0.26630739502026551  0.27728388127833209  0.29013491102266509  0.30099696722343749
  0.31203112497139285  0.32343049265668183  0.33534812527113078  0.34803234087146295
  0.36083994727789348  0.37342903761666590  0.38530720566539728  0.39613349977453016
  0.40619505238172365  0.41580338326371691  0.42531767489291139  0.43525339700011167
  0.44631143171029242  0.45930153082531588  0.47087234312032866  0.47983463750463690
  0.48773664058514060  0.49641884421001514  0.50696340708860754  0.51602211524134389
  0.52335566412098911  0.53043648348493355  0.53901608103740195  0.54985732396566533
  0.56007762670013239  0.56990342377643954  0.57979918129744290  0.59054768525271939
  0.60147271718885187  0.61305951797844271  0.62489819239214794  0.63755914864144969
  0.65028554595478882  0.66241857939396942  0.67538221031875423  0.69013090250092901
  0.70312697891324638  0.71683821852598795  0.72909637461440602  0.73998456275600377
  0.75035423208326457  0.76064994575498479  0.77225221672158673  0.78067420892246220
  0.78837755059924863  0.79613491077971688  0.80416228481722496  0.81332157140331252
  0.82554565081347575  0.83817125343733057  0.84897026013361920  0.86076528721214984
  0.87013004992314458  0.87795745469664632  0.88586320797662843  0.89388854529700101
  0.90268310207294500  0.91252459330612479  0.92313656322175697  0.93345990269137558
  0.94174540831106235  0.94934484239860861  0.95741522537640622  0.96688945587398500
  0.97623691419116676  0.98460292352582268  0.99221711762197984  1.00000000000000000
 -0.00297278273975328  0.01078549764098679  0.01995206314732139  0.02774127657377926
  0.03469955866339441  0.04128845677066317  0.04810972187243313  0.05543140628128499
  0.06242819383077196  0.07050078651728064  0.07896803261176191  0.08708051776004606
  0.09486897521890110  0.10273658114629512  0.11072361939908723  0.12136408852949004
  0.13101563757232093  0.14091050216735146  0.14964335080861610  0.15874821306784373
  0.16871458648544446  0.17893793991767099  0.18859354286680372  0.19918519277458674
  0.21031734166512778  0.22067610607429233  0.23178874520721798  0.24245691261371430
  0.25632013555435634  0.26904581837116565  0.28042104437627485  0.29120356821479215
  0.30221039476097561  0.31259389142639299  0.32171452930514627  0.33010271367480876
  0.33943789261086871  0.35118118436527190  0.36329073942068107  0.37610487995715458
  0.39065211076084866  0.40408867263533510  0.41702152862681524  0.43072516871299193
  0.44549646028297213  0.46036968533843403  0.47357371834516504  0.48634868933520781
  0.49841058416806122  0.50858455334083774  0.51824384458972461  0.53014775719026852
  0.54170307694408215  0.55383728234203444  0.56569412427128829  0.57450937661844903
  0.58253853560862245  0.59083204130089839  0.60078124160346680  0.61145142231865945
  0.62023147419931912  0.62860861566699766  0.63776658374698036  0.64759156996858314
  0.65871156799734132  0.67123335119928251  0.68032219587906717  0.68915805001933206
  0.69788332123619212  0.70840573264742213  0.72009797602849990  0.73100081224620805
  0.74202455757345254  0.75432894333865208  0.76865591038404857  0.78526402183733390
  0.79783590431926943  0.80685333955062788  0.81534717858766081  0.82499530440044799
  0.83333541518163468  0.83933269275058642  0.84516908406275615  0.85093211493426812
  0.85972195744179269  0.87249426441585032  0.88599009157411157  0.90000688765609271
  0.91396159726630721  0.92755910880986914  0.94315313910276577  0.95526300151745591
  0.96691928624400203  0.97795843752120870  0.98862448454037533  1.00000000000000000
 -0.00254692719530966  0.01185281538348874  0.02371471928351871  0.03483359655595634
  0.04736450428833886  0.06025851912895118  0.07311134385863585  0.08510411985374799
  0.09503433913956907  0.10404751626559859  0.11285940745680680  0.12153977438359193
  0.12977927076833440  0.13748282328831871  0.14412328887724482  0.15295478368971144
  0.16254848863240223  0.17065055340704507  0.17957888747623499  0.18951595055981255
  0.19778009241580227  0.20428525565587630  0.21103965903359631  0.21750571449249556
  0.22565068623668919  0.23603350386107758  0.24793387276334361  0.25793586257441731
  0.26733883617868265  0.27815000835040404  0.29105369400864378  0.30515922437676951
  0.31939775511079677  0.33495642607687987  0.34991877563214963  0.36187631085493027
  0.37202837955784490  0.38148778735619548  0.39151831876105037  0.40088397305536327
  0.41125898920720455  0.42342235463444533  0.43840780033210491  0.45574894530684817
  0.47534623780303387  0.48777577707723446  0.49744344921928446  0.50561655325462584
  0.51339070045720336  0.52148511377365203  0.53432823823130160  0.54753708791463507
  0.56093837177829642  0.57160891714587558  0.58025034130306696  0.58912324245041636
  0.59780256134766430  0.60704564359415103  0.61471442505070917  0.62217881264006059
  0.63154718377460894  0.64061426266869581  0.65154214765934260  0.66253253005771406
  0.67298065204116819  0.68346815176467868  0.69450199395428291  0.70676423609832473
  0.71780103732126421  0.72898663247913420  0.73965951956935527  0.75072474975906567
  0.76103801241158442  0.76923143314215792  0.77675196304407035  0.78377287611089397
  0.79264404671190336  0.80364649799981380  0.81414820898978757  0.82569853924956438
  0.83884160307612643  0.85380112016423160  0.87234434193070265  0.88980269333009288
  0.90110689002146305  0.90961941765105980  0.91788502840926856  0.92507095134874517
  0.93263306470859308  0.94021889381380475  0.94935231446725143  0.95971547194015905
  0.96986081261653767  0.98037349894751324  0.99012685377271403  1.00000000000000000
 -0.00657356565205082  0.03697635983310693  0.06334901374034936  0.07650603236357935
  0.08569131121385022  0.09419607439869271  0.10580505246768279  0.11954423600816773
  0.13435169284625925  0.15044181253979694  0.16413251447423061  0.17489796405414132
  0.18474151176025647  0.19418625244047935  0.20334494542843606  0.21245583298448067
  0.22181472042428993  0.23238478868554802  0.24467455210108263  0.25372897702706498
  0.26349544391617613  0.27418478498816529  0.28492972352035956  0.29561144710991383
  0.30478200393189064  0.31318105504766369  0.32176922992503720  0.33094239549769511
  0.33946600363766921  0.34708518611084010  0.35556757463570093  0.36459918924479706
  0.37220835761993670  0.37937986028254761  0.38719317193199332  0.39539264293970500
  0.40644904859912012  0.41727225540594814  0.42771658786911260  0.43701469985567754
  0.44430638147352997  0.45111435917515125  0.45743853664415796  0.46380144165258158
  0.47107605721038026  0.47878849454363120  0.48718196998890850  0.49536384904453795
  0.50377849293418409  0.51156827931897852  0.51944056649179671  0.52864546897744857
  0.54033020730857195  0.55089260195156764  0.56069441438472800  0.57010953560823796
  0.57974104637921142  0.58938782950143431  0.59924100628099441  0.60839384166566135
  0.61691952967424646  0.62535549096241871  0.63435356870871562  0.64383450841156353
  0.65396739630639189  0.66370584088085705  0.67368486999197241  0.68394446353034077
  0.69375117573200917  0.70285837775634241  0.71016760590576156  0.71613568534059524
  0.72206415872444729  0.72836129583013576  0.73483435861261670  0.73944824506849538
  0.74368614040055847  0.74744416433179028  0.75241925025068768  0.75954875939245470
  0.76821632618431646  0.77777664491403609  0.78669350685781736  0.79600219754905299
  0.80757709844275327  0.82260764004314102  0.83879872394944366  0.85086192835747154
  0.86338322244576204  0.87559954395879658  0.88943908009309625  0.90241199542709494
  0.91540680937114061  0.92917987623003950  0.94883150511868763  1.00000000000000000
 -0.00247385403056846  0.01072017861079999  0.02171885023671049  0.03342714824772622
  0.04732839757423862  0.06237047572639892  0.07547060612713265  0.08687040852342728
  0.09781868984162964  0.10904167243265217  0.11828534891433329  0.12652567442383120
  0.13382439392640183  0.14115116646467166  0.14884698594437334  0.15714119671062879
  0.16505600492185565  0.17514336473019460  0.18682847844274358  0.19998290863197310
  0.21662321664405748  0.22866979188392619  0.23920610891544491  0.24885285966265086
  0.25728589578672600  0.26571090237333578  0.27359710138568089  0.28029261639728897
  0.28735880865137942  0.29547050091798566  0.30510686228848261  0.31421130766734640
  0.32510025056446840  0.33583489299085290  0.34609011532362804  0.35687478332314659
  0.36839064375126962  0.37946136688177445  0.39060460632360988  0.40370656698562962
  0.41380986325132030  0.42450097229278144  0.43474780723138662  0.44449348835209113
  0.45499943272487353  0.46712849696464148  0.48101635982628721  0.48900181693552119
  0.49694068971126198  0.50522759010591767  0.51471833362246333  0.52316317595244266
  0.52952421105155589  0.53657589596025657  0.54464185946581511  0.56131629946673756
  0.57831012488188882  0.59456882186664650  0.60860752495882064  0.62129670961304218
  0.63165911725157353  0.64123185722007170  0.64943545376698775  0.65973791335119114
  0.67097340757209212  0.68461228018126452  0.69736689729195378  0.70911776520854597
  0.71847479638000977  0.72920521728336862  0.73862912327040775  0.74866155096553255
  0.75760197496266668  0.76787300988565610  0.78067612812785203  0.79740156426921827
  0.81346306923167544  0.82790605274162454  0.84129248982117177  0.85284349753893163
  0.86132362037348431  0.86803200953157889  0.87471783548845383  0.88166261241552535
  0.88898101736537405  0.89707329157519533  0.90535907490489342  0.91340277234913947
  0.92219097142351225  0.93172615307053464  0.94122201669449512  0.95215997755142423
  0.96478883182272324  0.97779086413226468  0.98981991817727533  1.00000000000000000
 -0.01132883115414387  0.18220490226446268  0.24803567124151971  0.30650532931275570
  0.35073251147683393  0.39003266430899358  0.41804072472309306  0.44086329201164726
  0.46333343058849408  0.48454162379494026  0.50224404305968184  0.52514657243060614
  0.54655822956464717  0.56774918059281609  0.58583978315857388  0.60057144635480397
  0.61512948742800799  0.62777283514973836  0.63806206150697853  0.64685656712375728
  0.65577004632174940  0.66486420075083685  0.67446178194117556  0.68402500460806981
  0.69318045095971925  0.70304677055764808  0.71239969858262864  0.72220222216114172
  0.73092556486895544  0.73830245253950744  0.74574272172570155  0.75303330816718861
  0.76000113118923229  0.76700781430185749  0.77289816530140365  0.77830469028492055
  0.78412731987349304  0.78967108406900721  0.79535658511150864  0.80131943741325307
  0.80696966410846216  0.81226889830234628  0.81679901606974925  0.82127027331840208
  0.82570540379115065  0.83033687503076314  0.83543535505422728  0.84037420965282517
  0.84497165700380061  0.84908994030710017  0.85281756057836644  0.85660871373972292
  0.86075356136153802  0.86549958730760668  0.87019872853361169  0.87506317477168039
  0.87984290267433596  0.88453526244142833  0.88892443318778469  0.89275176167714509
  0.89680223068863918  0.90084340006280317  0.90455333822510164  0.90795448465754636
  0.91125172948142452  0.91439514274929412  0.91732042375539002  0.91971924361427504
  0.92229421424673252  0.92506566268079671  0.92805485998203718  0.93109726983378782
  0.93396970881593733  0.93642636780634703  0.93874991569519106  0.94089391255088495
  0.94285524151391586  0.94489767607145903  0.94710792740668803  0.94987616611010506
  0.95219178528927462  0.95416691847699575  0.95615527956830670  0.95807320774295646
  0.96004334357158472  0.96202393886285487  0.96423577465386978  0.96661979863069203
  0.96912033573732514  0.97164881738342257  0.97425120471705384  0.97726237937074956
  0.98099112182111892  0.98546492529756280  0.99197205640507835  1.00000000000000000
 -0.02159841531461496  0.15256092124013743  0.20528605956647461  0.23927702422251682
  0.26356218629294792  0.28123972049048590  0.29632463309099483  0.30985520164540614
  0.32255423141087292  0.33519827539325792  0.34870805372079572  0.35931697549268021
  0.36801567091028320  0.37714099298780779  0.38718584542984769  0.39505142829904377
  0.40144795216094004  0.40714931007308919  0.41326685810841746  0.42027113134042243
  0.42724658475674454  0.43352124468553443  0.43969039059356918  0.44597251643831060
  0.45281196436333998  0.45745238782797953  0.46376217991591229  0.47028691186826072
  0.47772225270335328  0.48612215548276622  0.49390984594743681  0.50147112884806277
  0.50959466424628208  0.51772912951025385  0.52475006657131185  0.53046262509912168
  0.53582813957829301  0.53973276632748235  0.54309449642526675  0.54653361351244689
  0.55002910460444510  0.55451239296800292  0.55911247110958096  0.56386670598868094
  0.56901384193055138  0.57461196447428753  0.58011698654724364  0.58539229767508061
  0.59032729482063540  0.59515042842091004  0.60008579781944460  0.60523068860296148
  0.61178636044428947  0.61714096965916920  0.62244092419374353  0.62775123009927303
  0.63271386291978837  0.63901586896374574  0.64545939364351312  0.65173435946441460
  0.65787504155976051  0.66340232118545950  0.66978525318264892  0.67744788438761006
  0.68530398169134599  0.69199306471622790  0.69729296260288731  0.70165410722520738
  0.70556346777394330  0.70948801420323471  0.71381365676359387  0.71850680127566180
  0.72295095960610589  0.72732503086322597  0.73237133883721683  0.73841987749103533
  0.74422579787195386  0.74937406593313149  0.75443209948430423  0.75947068041925925
  0.76412277404690887  0.76862147513657919  0.77288940475635881  0.77909824199662481
  0.78524220905509390  0.79135297957992390  0.79781326537454345  0.80688149581967594
  0.81802354721681114  0.83031958542429640  0.84154860515322605  0.85372639216114976
  0.86882442967660345  0.89002527842361490  0.92045866868082793  1.00000000000000000
   4.4816270737108197E-012  -1.0000000000000000     
 T T T T T T T T T T T T T T T T F F F F F F F F F F F F F F F F F F F F F F F F F F F F F F F F T T T T T T T T T T T T T T T T F F F F F F F F F F F F F F F F F F F F F F F F F F F F F F F F F F F F F F F F F F F F F F F F F F F F F F F F F F F F F F F F F F F F F F F F F F F F F F F F F F F F F F F F F F F F F F F F F F F F F F F F F F F F F F F F F F F F F F F F F F F F F F F F T T T T T T T T T T T T T T T T F F F F F F F F F F F F F F F F F F F F F F F F F F F F F F F F T T T T T T T T T T T T T T T T T T T T T T T T T T T T T T T T F F F F F F F F F F F F F F F F F F F F F F F F F F F F F F F F T T T T T T T T T T T T T T T T F F F F F F F F F F F F F F F F F F F F F F F F F F F F F F F F F F F F F F F F F F F F F F F F F F F F F F F F F F F F F F F F F F F F F F F F F F F F F F F F F F F F F F F F F F F F F F F F F F F F F F F F F F F F F F F F F F F F F F F F F F F F F F F F T T T T T T T T T T T T T T T T F F F F F F F F F F F F F F F F F F F F F F F F F F F F F F F F T T T T T T T T T T T T T T T T
  <DiscreteSampler_grid>
  grouped_processes
  1 # 1 for a reference and 2 for a running grid.
  10 # Attribute 'min_bin_probing_points' of the grid.
  1 # Attribute 'grid_mode' of the grid. 1=='default',2=='initialization'
  0.0000000000000000 # Attribute 'small_contrib_threshold' of the grid.
  0.5000000000000000 # Attribute 'damping_power' of the grid.
 # binID   n_entries weight   weight_sqr   abs_weight
    19   10   6.679676534318708E-005   3.870971728831837E-008   6.679676534318708E-005
    20   10   6.679676534318633E-005   3.870971728831744E-008   6.679676534318633E-005
    22   10   8.590603935288763E-005   6.405735679859632E-008   8.590603935288763E-005
    23   10   8.590603935288670E-005   6.405735679859476E-008   8.590603935288670E-005
    25   10   8.590603935288765E-005   6.405735679859634E-008   8.590603935288765E-005
    26   10   8.590603935288671E-005   6.405735679859481E-008   8.590603935288671E-005
    28   10   1.103170420056748E-004   1.057090501152970E-007   1.103170420056748E-004
    29   10   1.103170420056735E-004   1.057090501152944E-007   1.103170420056735E-004
  </DiscreteSampler_grid>
