   0.0000000000000000        0.0000000000000000        0.0000000000000000        0.0000000000000000        0.0000000000000000        0.0000000000000000        0.0000000000000000        0.0000000000000000        0.0000000000000000        0.0000000000000000        0.0000000000000000        0.0000000000000000        0.0000000000000000     
  0.25751883590268043       0.26138494314488353        1.3956951476065892E-002   1.6490905287735693E-002   1.6376607817731103E-002   1.5764657356428392E-002   1.0832189363523606E-002   1.5352303645625440E-002  0.20344113638057496       0.16858211658550920        6.6985191611248635E-002   7.5697287368975769E-002   1.5710643859032664E-002
  0.60857914139540792       0.60857914139540792       0.69183199576712717       0.76884862233108120       0.68492915141059674       0.69406223480231222       0.71498494900779597       0.64991409188093829       0.60857914139540792       0.60857914139540792       0.63721395085637600       0.64931051745193946       0.75644837334446657     
  0.30894410520444798       0.30388926800519600        2.7888869006938533E-002   3.3223767799692633E-002   3.2802005688860450E-002   3.1561967579499695E-002   2.1734440002307467E-002   3.0694393077471245E-002  0.35256745948902735       0.26525051958161666       0.11966878992829726       0.13803283088986198        3.1425404613822872E-002
  0.93792064296913302       0.75482138261706655       0.66329709442892115       0.71223463452047375       0.74814060923951387       0.72227661500723050       0.64638614028036478       0.65329521053281137        1.0423272826449230       0.82756935819562816       0.69495733522942427       0.85484538901060081       0.68737884700697116     
  0.34061510368683140       0.33360981979325188        4.1959196907449814E-002   4.9664192158134168E-002   4.9101413263416618E-002   4.7028889967336542E-002   3.3145662685609978E-002   4.5943838952875571E-002  0.39379417005587497       0.29916008645789260       0.15457883388694682       0.17939340925485942        4.7301842349975511E-002
   1.1732360119577665        1.3024980528308301       0.71774458045729705       0.69705600637286436       0.69037766011536550       0.68309882006886791       0.65090834852784707       0.68159176704341040       0.67725098149514540       0.72990755626032933       0.75889899668440852       0.92764358092831956       0.70401394190579392     
  0.35932281649422065       0.35116329190902346        5.6173703435663032E-002   6.6102940779986852E-002   6.5396947290716684E-002   6.2730732740121156E-002   4.4499850820121957E-002   6.1124254447984222E-002  0.43057693972599825       0.32420509346702708       0.18575686262157565       0.21474238408879187        6.3249522272383521E-002
  0.86044685148639755       0.94093297014897881       0.67473385558256782       0.69484954188498071       0.66433613860519081       0.65721528225725712       0.66625836148418283       0.66970403577519422       0.67963093804433727       0.69370711032338972       0.81019634667858198       0.85293257000285128       0.65302574408502823     
  0.37054558757831535       0.36222815734220798        7.0224038204141886E-002   8.2232934515822143E-002   8.1218727044112343E-002   7.8398533078088001E-002   5.6409376676165524E-002   7.6232051996714040E-002  0.45294924397140179       0.34193455784981325       0.20874227399396744       0.24394883627496458        7.9567561637113954E-002
  0.65787350519963517       0.71919393033651124       0.65568311930833501       0.69825511389589656       0.67439227270596247       0.74895361383421144       0.64959106707660563       0.67414368228829502       0.64514687073983790       0.61497151643086323       0.89193219654364919       0.77946653011270739       0.70305734348957949     
  0.38282522266259306       0.37414996680369161        8.4899458025000610E-002   9.8415529463311599E-002   9.7202315712035234E-002   9.3974624118915093E-002   6.8452212744025867E-002   9.1594982681100071E-002  0.47506411364892026       0.35802943935066273       0.23162204107172629       0.27043159898751151        9.5754857550035752E-002
  0.67788739768059236       0.66662127163050122       0.63290299824423690       0.66356823234726170       0.68118330241120084       0.72905978510129787       0.65316773355090607       0.62623192891904222       0.64364665871489346       0.66596346886041558       0.74352926533871455       0.70579384462852168       0.72542939089897607     
  0.39511522125837822       0.38554858693970101       0.10024702203161219       0.11367168790644422       0.11241384484045168       0.11015424310199110        8.0698019543801597E-002  0.10690942984902879       0.49537865464917014       0.37240505169405669       0.25312663519111972       0.29490115822347157       0.11162116246430281     
  0.61823458684854282       0.65227498308853205       0.64668849725985844       0.66196439129283347       0.72883061614289746       0.65244473178206142       0.65402066772273215       0.77524806448353745       0.64190863319820368       0.65631369017633201       0.72020074258195221       0.68368169966631265       0.66155869420704549     
  0.40726312898927597       0.39689396484179218       0.11549017943391243       0.12878775615266713       0.12790247340108754       0.12623800978313221        9.3012600490347819E-002  0.12269170302050779       0.51453007853330379       0.38573784601218158       0.27449648915821778       0.31705550040986807       0.12764187937748703     
  0.67592191184782580       0.72275129560397211       0.61867880370390482       0.70792103873194445       0.68134879330537845       0.68223985896028361       0.68569193838439402       0.68831524799773902       0.68368735181970497       0.62696413635447112       0.80999867204302589       0.70356953690981894       0.64214956143478408     
  0.41922443497658912       0.40782637035190705       0.13177419644338928       0.14392950157283496       0.14293133989726281       0.14205003045019327       0.10595955040885516       0.13835678503885579       0.53261721397284312       0.39836283442261733       0.29438127188313534       0.33765647362305190       0.14282599614305463     
  0.66312821109090836       0.68335094630778748       0.67075507700794890       0.71954832688845338       0.71286079736208530       0.73307064546145051       0.66926583743242107       0.66321729768511550       0.66212972004137005       0.69411579256737077       0.67592153160444224       0.65778043903157479       0.64117748259384810     
  0.43104504398760485       0.41888188189720926       0.14811775836604565       0.15925097916494818       0.15771407611125965       0.15778230917496036       0.11911683874712176       0.15353947047523286       0.54838178620870259       0.40986793334527327       0.31414721788948780       0.35672681150214136       0.15797440208856270     
  0.65060150120981575       0.66653550356471525       0.64190863319820368       0.66400994685607739       0.70517358000791541       0.72687128895694331       0.60940405919438401       0.69893148088134049       0.62672311054686625       0.64001243958280718       0.67471234999910012       0.68508933489234491       0.72314614797378851     
  0.44261370467033240       0.42988451556578189       0.16571920171951049       0.17487989616447766       0.17310652342087238       0.17382705370597820       0.13235145967188652       0.16777915810093608       0.56258003611778606       0.42075893489677180       0.33355645911876780       0.37499951019744621       0.17325140705998479     
  0.67280831838387900       0.69353504761841978       0.67940449039495976       0.67446726094641019       0.64727289394461707       0.73864790031968630       0.61120293034551443       0.65745507206402487       0.60857914139540792       0.71593559623938730       0.70569641730901167       0.74460097970013861       0.67361521368173227     
  0.45401332764574381       0.44093329147891891       0.18378564120157198       0.19059778941540292       0.18844207489543741       0.18982561880776988       0.14543340221933573       0.18204449967236924       0.57644004275969185       0.43122658994816382       0.35336162109689706       0.39205983056442395       0.18858216546156265     
  0.65925902831346139       0.67278214798943115       0.65594934561959739       0.68913316070194786       0.67949149456858171       0.71774521044644413       0.69127384070273989       0.66001284662393189       0.64656264443593048       0.70887046461367176       0.76186572629284921       0.73792523598991921       0.72635012581564573     
  0.46514687970319069       0.45177982275548390       0.20105776534959002       0.20668077739617613       0.20380589840249644       0.20516830091556507       0.15976091636375994       0.19823579489016913       0.59003843509681630       0.44134321213089961       0.37125250868827880       0.40838447648546167       0.20411640530177236     
  0.65083224099330117       0.73020328600730278       0.69494351127036502       0.73804453935640868       0.70779465007304332       0.67092256698656361       0.66092140450534831       0.67119029253859253       0.64330109896010335       0.68466486559230588       0.70776583649177693       0.66980331139028881       0.70229480749412809     
  0.47631125633518195       0.46268021093652045       0.21839230452746797       0.22314488223148152       0.21939863522302211       0.22065397126926578       0.17389911893781870       0.21437444708349207       0.60289144257922156       0.45122344312315393       0.38927914863997776       0.42429265888734391       0.21956397820226314     
  0.64280502848314680       0.68816890244008844       0.65055329142649931       0.72829146212523954       0.69746118825194969       0.65747654112035470       0.70046208014785971       0.67879790882845770       0.66542429963955763       0.67637078145512453       0.62450181477868982       0.67000237691402076       0.69524127645509692     
  0.48752623216513696       0.47343387400263565       0.23613843206527668       0.23971845650271253       0.23487647810569273       0.23607855838346861       0.18887345653952345       0.23082000975021988       0.61558061451302148       0.46095684590639374       0.40598099789027919       0.44020711321794531       0.23551753740681050     
  0.64533158133625956       0.67917634068360477       0.74386891473792904       0.65578387234128388       0.74952964346494322       0.67323292734751172       0.70534871691040735       0.72133725859784681       0.65491096560967643       0.70798551693713119       0.65057934383918115       0.65556905184848768       0.75098230044901326     
  0.49872442579962756       0.48419820903663996       0.25398652712018738       0.25643036199291064       0.25031500162819426       0.25140521230973056       0.20387086360528378       0.24747125245698404       0.62766940740524901       0.47047633380942322       0.42277157566566531       0.45602784063356688       0.25123057076385918     
  0.71889499645165256       0.69023183140888322       0.66058715815115310       0.65097593163784584       0.80299476682879978       0.64379728044656681       0.65344881819443534       0.65784316465604054       0.65113898083606758       0.73205615787425138       0.71386614178143382       0.67139498047900459       0.62438432835512814     
  0.50987966604031798       0.49483729530019782       0.27374782277204973       0.27270576370204680       0.26733599685780068       0.26759971427587326       0.21956862557717241       0.26340536407641968       0.63960126718475896       0.47987754611935896       0.43863620016190441       0.47150320602215323       0.26830054329435288     
  0.62518968247483742       0.66436420011622821       0.71734301287044910       0.72446929828763496       0.70417716190596924       0.71025615325219216       0.68114540686581104       0.74949819948961827       0.70132229009436853       0.73164625582991805       0.65077651175507756       0.69071155333177936       0.68012361212659556     
  0.52097433216498334       0.50550063328516925       0.29337589293194483       0.28855173417764424       0.28423594578079808       0.28356584138408741       0.23470509542820892       0.27927487486627312       0.65053559114695481       0.48901353981506579       0.45459719214716793       0.48593898866277591       0.28521943649779213     
  0.63730167798990611       0.66675283077640546       0.70876188762756320       0.70374351270875657       0.69282547705298481       0.69973587635410306       0.67477284081417710       0.69895125786936851       0.64774026680743035       0.64761917864199492       0.76069200986910612       0.68197334373145091       0.75624712798472671     
  0.53180171632078954       0.51608818855563854       0.31287324463087046       0.30392870768231706       0.30086213699500741       0.29968449485786980       0.24986205173319453       0.29495647711987638       0.66136409089221260       0.49779362761958601       0.47038141466647149       0.49974626490352370       0.30217607775344035     
  0.74014384435321035       0.69259957324336507       0.71054165357565779       0.64005223511294795       0.68250944804613733       0.77057369497544093       0.68580439541378135       0.70660309672868271       0.66998402063991147       0.65503473564268433       0.66886897723459648       0.66005103370595075       0.71677822296939786     
  0.54244565654849175       0.52667763658241717       0.33255087503019592       0.31897763434926663       0.31753986822575980       0.31576992294794465       0.26497854120372683       0.31065739270475307       0.67189748792368664       0.50628310134227750       0.48593842599144782       0.51330326441246266       0.31912862472342585     
  0.67549041790199538       0.64328692153169731       0.69729067734800931       0.68082406084723046       0.69051210497550397       0.73997527797073637       0.66324839539250169       0.65833688014842329       0.61735550979552412       0.64623612320245349       0.67185437759747269       0.74381923534805805       0.75192226427706654     
  0.55317357484323415       0.53742916074330349       0.35325102934422720       0.33459657408830185       0.33396941590559776       0.33219050497946628       0.28152835616576782       0.32593603488710043       0.68241948462841839       0.51450099148101647       0.50067231800170919       0.52669942772412726       0.33541976188417238     
  0.67651435112675029       0.64282438913376183       0.68556820070135593       0.68987863240029368       0.67465472040435459       0.64802577263440575       0.68345285720402649       0.84461252595026870       0.64658918619155592       0.63713516798515768       0.65209526615112412       0.66160155768675244       0.71316710411721140     
  0.56393294862409293       0.54824993001828848       0.37390381777726273       0.35053771776098352       0.35035366617771163       0.34861304115255431       0.29832394198731033       0.34133156497957146       0.69202084654768936       0.52256696420234994       0.51516524049470391       0.53953928206284552       0.35141718030709135     
  0.65090277485798931       0.65845439574164299       0.66706822216681483       0.67572748566500618       0.69875969981637287       0.72553311133799370       0.71574892674699964       0.69572562580126329       0.69554420152087570       0.62516308489762507       0.67319110903164359       0.63780109736015267       0.67284847391401903     
  0.57513537269986748       0.55914682768672896       0.39409926189824196       0.36647797262938259       0.36677734928530203       0.36507398100408417       0.31535462002262776       0.35673421966167379       0.70158551235490629       0.53024014311105605       0.52925470471270608       0.55204309911519289       0.36711558914100451     
  0.62351037540869703       0.65074646069334119       0.76512136030021138       0.79469277497543855       0.69112275110421650       0.68918557342841980       0.72930332118819696       0.76002809438105168       0.67163985801572568       0.74543176114541676       0.63217553897774459       0.61446672640607070       0.62187591728084612     
  0.58631287669867216       0.57013639571073360       0.41454396399795962       0.38271749763364671       0.38331637373259120       0.38168684825040289       0.33217083351440985       0.37183597235803850       0.71072828538831279       0.53790792483799066       0.54317447180735146       0.56431246191069440       0.38256688442688930     
  0.69483328419067025       0.65009604416142786       0.65407740847792306       0.63626984035869472       0.73167963330135122       0.64809959948474505       0.70736000142306732       0.76493154822441423       0.67572712366062693       0.69129885740634578       0.66963784079807664       0.68121674352371209       0.71342083639959464     
  0.59725897378089099       0.58142156461893513       0.43404899181391093       0.39818229508646724       0.39945072272673166       0.39783417465878224       0.35007166337273665       0.38790862255048902       0.71985544495438358       0.54519269659873537       0.55709117873393066       0.57655664674678930       0.39742937979421150     
  0.68610313565721170       0.69516308186474907       0.67543855639781369       0.71828687536786329       0.69140990057253215       0.72266346363371836       0.77796093759265550       0.64056416503256275       0.64760508454558596       0.65015219814916192       0.68367468345547378       0.76091267050223954       0.65520189148253050     
  0.60832500351825169       0.59263929974853369       0.45374179701203626       0.41321466005081303       0.41555574846468296       0.41398057397556898       0.36818329135521277       0.40409555670592218       0.72803322502678469       0.55259488908515353       0.57087845371853374       0.58848652756754460       0.41218040220287977     
  0.66543888409488328       0.66158681817132592       0.77523916536651127       0.67783785832994026       0.68346775664905335       0.66309097077164125       0.66187901654298487       0.67121154788335169       0.64190863319820368       0.67689330909749379       0.66066682660357434       0.71130064279112737       0.64574993356300847     
  0.61945978607074759       0.60385625512334351       0.47303138721068999       0.42848836291110365       0.43173285220495178       0.43008032850446981       0.38637578644693249       0.42088053290395772       0.73632040473497806       0.55989317123949600       0.58436354357403630       0.60015630633478911       0.42790143388252622     
  0.66516714010690470       0.73590843345251045       0.66680039866654173       0.72859297054356098       0.73047842982234745       0.72378575699567638       0.70361970158072673       0.72231814159562646       0.66053257928341724       0.73925490324223897       0.66631762892126245       0.66039599586162889       0.79544488737524366     
  0.63056097626716390       0.61511830895142894       0.49240835750989748       0.44388501301197381       0.44790708013435387       0.44638928278602630       0.40478623295778532       0.43787249890812940       0.74439998010936714       0.56711571402923500       0.59777058937342331       0.61163314864056728       0.44381251332182264     
  0.65017219172781926       0.63384468518493120       0.70484096157292409       0.65931403051390869       0.65275485689284130       0.77721595847510649       0.70707366184999554       0.71378571674244795       0.65665824254358784       0.66814072578047545       0.65245295152438698       0.62919899986420158       0.68953128766549021     
  0.64207993755251169       0.62636047512749116       0.51250617912342478       0.45890090245968235       0.46343255645727099       0.46195058306201919       0.42445235487965283       0.45425531831805260       0.75233756760742032       0.57393839506168953       0.61105283272004352       0.62305997577742034       0.45924243379528712     
  0.74619097291452741       0.71077827744494082       0.65830164170193151       0.66514342159661966       0.66285038801463125       0.71420083810194834       0.68023141146377730       0.73556075538651733       0.69245165276165488       0.66996155387908773       0.62259725107729524       0.65765648977186164       0.67059670536214877     
  0.65359600649172223       0.63752329059095969       0.53217888830544935       0.47354708607577145       0.47892142015714884       0.47726365090942513       0.44437507043064106       0.47060295636611299       0.76057480412230927       0.58073864687201038       0.62419140097040737       0.63409346093339636       0.47450416367234999     
  0.74403416235746000       0.66076832961290743       0.70341354751202001       0.68768333718508501       0.72789325646007574       0.70454676015280515       0.65839496981925927       0.69684511861604947       0.68792201210916359       0.69855888158202473       0.67972659156538529       0.72507502862930617       0.68499978755164748     
  0.66519273192495698       0.64879687833183108       0.55127049817529472       0.48884584747731791       0.49479118467077449       0.49247838296576285       0.46396519824201304       0.48673737806909806       0.76873981710244643       0.58749061581277284       0.63709232849383446       0.64491600568585317       0.49075810277469933     
  0.67394994627031490       0.70195562058871208       0.75296466365322134       0.71348742350128858       0.70606677972396992       0.67168371299359253       0.75563829064163568       0.65831397826118110       0.66327501576117021       0.70156263275317499       0.62666261153707448       0.66502022897006241       0.70320965062958396     
  0.67675043830804438       0.66011257650706723       0.57027635218980699       0.50409961496968214       0.51071553562978589       0.50763777708624458       0.48350282346229279       0.50282784006320336       0.77667703113835795       0.59426128716762783       0.64960652549898101       0.65568838997126200       0.50713710037288584     
  0.66915747253271218       0.74287026677165768       0.67972560335251664       0.69396672771469547       0.67326450652727265       0.67243350435609739       0.71973777980072629       0.73882091673505668       0.66456685396610649       0.61330263730421375       0.61341278715090974       0.72762650238493454       0.68042499529744893     
  0.68818770359927106       0.67127430774341257       0.58785798406350975       0.52071785206663102       0.52607669477148289       0.52290756048636666       0.50351864296414284       0.51889548739347147       0.78455390579287998       0.60100135568670665       0.66190423624220907       0.66638177985377456       0.52295611408552012     
  0.63771148284970391       0.72318897065345245       0.73507946799188095       0.69595066696819752       0.74707410902809746       0.69095556780325007       0.87645784328596221       0.73857463233137399       0.65411647098800674       0.70117807435549817       0.64519191627287198       0.69148899583317747       0.65992163632631973     
  0.69949624256824039       0.68238954294181486       0.60557325318247546       0.53719000379847792       0.54176994627348696       0.53819170391944826       0.52337012440564445       0.53478063454785796       0.79174273027194619       0.60776367957118449       0.67446029828184639       0.67702978464176655       0.53881333017098398     
  0.68520004461672057       0.67677826524807094       0.68658038103205221       0.67694371281043297       0.65278713165266589       0.67851668674305388       0.73963289304341573       0.71778980678629045       0.65853604869734184       0.62235985525447013       0.65396127613753896       0.71513943489649723       0.67207624930946841     
  0.71063797520544714       0.69336514311630659       0.62309750827875166       0.55325271438882206       0.55691281187878927       0.55362810659822193       0.54347861665128250       0.54984721393506453       0.79893473541599369       0.61470338319285711       0.68717402493128843       0.68749286389633923       0.55402717824099568     
  0.62807683056737285       0.65312754440751086       0.72730404113601133       0.75371668823893190       0.68064046258766320       0.65850554801988714       0.73069078767763007       0.68069624080662527       0.68726706979514307       0.76268108410077284       0.65064340571098822       0.69014680783617366       0.62895153062444364     
  0.72172234848830541       0.70462536398279063       0.64013391669427511       0.56860466649533359       0.57232594146533122       0.56975561385860363       0.56359732329640666       0.56476470480704521       0.80631726679800275       0.62158999753216859       0.69945324083256144       0.69803858005580421       0.56897157422787570     
  0.68461337951293844       0.72318962153720079       0.76341650371744385       0.66010398834101569       0.69729668208996642       0.70268294259548825       0.73190299187730234       0.67237424751972108       0.68346153472235838       0.66604350016251623       0.68107615194543003       0.68683183656911295       0.65400167520120345     
  0.73277781205611392       0.71573306162960693       0.65661573544630281       0.58432453370343906       0.58722300212888912       0.58584961891223941       0.58378362644018411       0.58041151669793045       0.81368514597068253       0.62881645290888766       0.71139317131686031       0.70873390852369211       0.58413261242625614     
  0.72812196815482855       0.76652067617532826       0.66638544619303242       0.71088112223406086       0.70069193251526929       0.72284753749558739       0.65479151958186799       0.64593761851655540       0.71098789910329052       0.66547284817516916       0.68928753344219973       0.71957109668777197       0.64119423625744465     
  0.74394833438312780       0.72692819241962836       0.67260652681195199       0.60029306979176078       0.60222475403093301       0.60181951236872555       0.60377203138973712       0.59601369862230247       0.82058593732130503       0.63591268345300811       0.72302149512301106       0.71977289250454413       0.59935333289506498     
  0.60857914139540792       0.67251860384227691       0.69952511799088724       0.70118872280751299       0.67905827376483818       0.67753022365913163       0.74059161771292925       0.68434738901957815       0.71953339568122432       0.65909150633099867       0.85800620359842428       0.62932024889938387       0.73991188716300860     
  0.75533518359439888       0.73788217508445852       0.68778271770607835       0.61606137648923998       0.61821862416294504       0.61785661280564730       0.62295091096960942       0.61229238236604011       0.82741456336033270       0.64295225705458914       0.73456268373637346       0.73115963198565059       0.61490083951938268     
  0.70585213786784173       0.63162667942506112       0.64475556157382374       0.69354495107864211       0.61969039000491288       0.70390078016362323       0.66309356512390139       0.72262474795355913       0.64190863319820368       0.72950526007252792       0.71321847351803280       0.64710542159822182       0.69648046858027945     
  0.76664953179184780       0.74890660558091904       0.70265472761957759       0.63189688853873449       0.63458455245182233       0.63385048269202060       0.64202236305384852       0.62856684933179596       0.83390430951579675       0.65004475665514683       0.74619253016774911       0.74258776814870842       0.63047602009045733     
  0.63307926414798144       0.75780966088368851       0.68831329544661957       0.72129116788410608       0.67759377858822423       0.69889762389523269       0.74250362554829230       0.68237860068174416       0.66817001553845889       0.71368688652821066       0.78234009898025281       0.72965442133162239       0.81658986875847761     
  0.77804757593078455       0.75924952013449365       0.71735169017151357       0.64734554008282319       0.64956302339563310       0.64928023461576589       0.66042066351159245       0.64414195072866087       0.84038305516690226       0.65692015294496398       0.75789472440687522       0.75398629162350661       0.64623899519066741     
  0.66024090861154650       0.64190597007811456       0.69763612881475667       0.70760975284670824       0.67012786070205155       0.67231201309474420       0.66109081322288510       0.69806622139796481       0.74273982077134659       0.73121508632762977       0.63253573867124724       0.68677501866679325       0.73272486760612443     
  0.78950291437789699       0.76969224136746806       0.73198563208952439       0.66253516962785330       0.66455049853805981       0.66441852401460766       0.67902351745179768       0.65957986465448515       0.84694256340120577       0.66383759817972576       0.76943668647593866       0.76528975408605704       0.66217666705775180     
  0.68234358080566293       0.67056896536050803       0.64074489536457169       0.72014222415067319       0.69216064419882883       0.63539939201763662       0.69058398965101686       0.69869868163959725       0.67274122634685518       0.71461166053845127       0.68633100067209341       0.65290304119168197       0.65357974361315996     
  0.80070619503508333       0.78018970868531878       0.74606276268983196       0.67713277039551678       0.68006266888234623       0.67938922786219513       0.69776068947385717       0.67495641154395847       0.85351943554097276       0.67077950873993553       0.78079412090043210       0.77652851198609130       0.67843329941310793     
  0.66925875500643794       0.71485496702467133       0.73606058551411480       0.61017394150637827       0.66921102595158877       0.71369675306046287       0.71441147555582485       0.72799400608776377       0.67821316119544894       0.69910856800941723       0.72070075268722622       0.70285666157950866       0.66459718528296163     
  0.81193190035893725       0.79071185564367263       0.75995839828313938       0.69178385127812292       0.69553166302297098       0.69418558892229465       0.71642209918892141       0.69043916144154538       0.85988820192076876       0.67755034715893414       0.79200616096545151       0.78767671000525308       0.69484147536332075     
  0.68563226791624199       0.64270083167681158       0.63254760792303433       0.70672132195491177       0.72321855498324294       0.61684415876916054       0.63846087860110767       0.65480208045940935       0.69271737626065177       0.68445711391687170       0.78615755625730077       0.72613712219957494       0.68079095271429702     
  0.82306893479540988       0.80161757026485736       0.77353627689579096       0.70707663091121609       0.71118401453308111       0.70964556240348187       0.73356970372783503       0.70589369437068350       0.86629502096413569       0.68451123025122784       0.80305983344571863       0.79878216447997963       0.71080747840272951     
  0.64014796489897541       0.63255693529144574       0.74135126029474097       0.66768950190298859       0.66329228635893622       0.72104486974953752       0.69102267619813518       0.65116037984380759       0.73463678976207236       0.64983414257108718       0.65439351301796478       0.73662476167881630       0.66257568641497133     
  0.83418518992887225       0.81244498377062391       0.78713108425848999       0.72272378849511698       0.72686441653174794       0.72526652901945621       0.75058712535975602       0.72121883447916257       0.87252044804194129       0.69152326861074276       0.81408262421582300       0.81003910310827310       0.72661085127924907     
  0.70409684462838662       0.68258455648658001       0.73111906558470974       0.61911643106849723       0.68197353146066064       0.70745032933394025       0.66219164616404547       0.72064192313615694       0.70549648532733555       0.69330840523410842       0.66660667372409588       0.64442422566367019       0.68023784898059347     
  0.84489480572607656       0.82341505649372115       0.80042818277485206       0.73874020968753562       0.74215923531653138       0.74077441329564797       0.76739303248029322       0.73664473685372311       0.87866679076562804       0.69889889185854115       0.82501977379443647       0.82142986758541603       0.74225968957514787     
  0.67625152777090625       0.65853406202026155       0.65196735183021415       0.75639948457250727       0.67896722577265145       0.67274217759312571       0.65599648654022091       0.76999891047384117       0.74592620435515744       0.74914213947385244       0.69632066223601852       0.64493743291019978       0.67398734310192121     
  0.85565042269407632       0.83436098963453242       0.81347221642969969       0.75497336463547904       0.75810973348443034       0.75639607974753875       0.78410143343257699       0.75212374637557877       0.88475866864046093       0.70636051290438873       0.83612901974973586       0.83287743533545600       0.75814930858920182     
  0.65755663644401841       0.65980213190462267       0.65023856147213377       0.70270040079533436       0.66829119481937693       0.66453891693720546       0.65796454578337493       0.64931048648320888       0.73423652259029015       0.62997848808817047       0.68701155947322001       0.63370411059312581       0.70852954096243304     
  0.86608982576346516       0.84512543829613374       0.82602989141335748       0.77019763231888783       0.77316428689503947       0.77203225382332885       0.79856241916697024       0.76741824598887942       0.89083077576113412       0.71414497589490689       0.84756484983926483       0.84444801011533233       0.77321673034184368     
  0.63818937127778397       0.64119659633228043       0.65587765759870387       0.63510514150740605       0.67658650876899873       0.70403890543190417       0.67661108480142351       0.64934912601478567       0.72045592944386116       0.77197721657928264       0.70224015435905707       0.61738602044629409       0.64380505030585411     
  0.87676510622072645       0.85591337382588051       0.83859549515478038       0.78523507407465232       0.78811577292277213       0.78786108409015609       0.81321358286920165       0.78273657427393983       0.89685966119675653       0.72207270014308456       0.85882777572350077       0.85589796211044156       0.78804347619819781     
  0.67731402075238389       0.62161520839408502       0.62907177512865997       0.78558968132815077       0.74980655622873693       0.66103371725165672       0.64180569724830627       0.69015329690627158       0.67335224221082302       0.77803190018393054       0.74673158065871559       0.67187670786639209       0.72770548160450077     
  0.88704441799267175       0.86664392806596302       0.85102667364506734       0.79959910299623160       0.80315167132332455       0.80372083902192437       0.82770387047120153       0.79747504725728346       0.90280381158308587       0.73015480196532689       0.86978646423753792       0.86723631411044644       0.80370850141208028     
  0.67875713769331447       0.69566296611969980       0.67220652496635902       0.63302461913965680       0.63972706426729653       0.66427054515421669       0.73000567000926286       0.65252109424740712       0.71121950538307088       0.70297582474595843       0.74467698045661912       0.68670980147728211       0.70749151041817426     
  0.89722455092539033       0.87733222526065791       0.86329851656952117       0.81380730989729189       0.81830244838326005       0.81949132791715529       0.84196202014048549       0.81241383439521431       0.90878136709481860       0.73831082895250200       0.88055549438904079       0.87860638530598523       0.81947249410902057     
  0.68109909954746672       0.64908580772175528       0.66812029779805171       0.70399971099576697       0.62999804259029468       0.68100039983411687       0.65669384627573768       0.64863106786238245       0.68104663369119067       0.71080492341452917       0.66053773618049982       0.70800560298340443       0.66377769596571412     
  0.90754730035392039       0.88814861697892578       0.87551770345953461       0.82862720030244508       0.83380604337113506       0.83482324264542918       0.85604322738380767       0.82742152697231497       0.91489166441960579       0.74684869433893419       0.89062692326231929       0.88972629166047756       0.83493538617532681     
  0.66508822834348225       0.62763952221243491       0.71495165014757911       0.64698658132060871       0.72404182993625832       0.66007744017867731       0.69851996311992459       0.65542494631518311       0.72380241104330401       0.64026746390951550       0.65744847053723265       0.70206607785495878       0.68730808550465650     
  0.91802137831153996       0.89884813483097381       0.88761457657316334       0.84341646612655274       0.84932674024547983       0.84994863142934440       0.87016197797853967       0.84246774197384056       0.92108299722344955       0.75554128182834090       0.90068604933876517       0.90051999247326631       0.85024244214444478     
  0.63535072250463753       0.68516507531915749       0.76610082101098609       0.66563136869808470       0.74601252411620878       0.66975825155884905       0.71129033224123928       0.64603105558243168       0.69513778655318548       0.73781263065652591       0.66371446668508371       0.68619032897906496       0.68370719311082251     
  0.92844364219202447       0.90953073375569837       0.89949134065959946       0.85836998816789556       0.86443631172050261       0.86509333549795708       0.88427017178520828       0.85816476944407549       0.92724849694530520       0.76474738446698298       0.91093118476301838       0.91074012844126118       0.86501876746549555     
  0.72936199487524644       0.66773721601491609       0.69257276762068765       0.66023674218210093       0.67457722161756972       0.68226738410099408       0.67110885097413786       0.65029229652739806       0.78276890955270595       0.70150213452921872       0.64192114399744971       0.65337660833240352       0.67328716419568613     
  0.93885405609586825       0.92024808300253502       0.91125316331476169       0.87347893794871356       0.87963323626314227       0.88018815676755457       0.89820912220961613       0.87379803931662936       0.93345311376244755       0.77424753772698418       0.92114944855851644       0.92083672939594818       0.87990538677286056     
  0.65593712077904653       0.67044742956069248       0.73621347555833627       0.70534733355456247       0.66325078117774583       0.72969128761644231       0.63699400863894429       0.63045516957079129       0.72909936081362614       0.67217620017617874       0.68553508740669744       0.64547496762636980       0.62140480624903693     
  0.94853278056266799       0.93098009990774144       0.92280732475757521       0.88878570965669978       0.89435096114226842       0.89501797480947287       0.91171539527488854       0.88935252706025081       0.93978090611129528       0.78482054482773822       0.93121308084653531       0.93063868030378427       0.89501912697130270     
  0.69907586131347055       0.61677099071191610       0.82042199625554468       0.71593527513487976       0.67031732521277310       0.65281443259623395       0.70206749190465323       0.69887901014672327       0.71606278949856661       0.70373170800359042       0.70858309229268912       0.66172798841063996       0.66531545590996122     
  0.95803040251520810       0.94180874340368859       0.93430089141015482       0.90424797586466743       0.90935727933545041       0.90986494333172363       0.92503180508802518       0.90485475221246825       0.94611597588330176       0.79628161590708413       0.94131719807338432       0.94052915369022272       0.91003949701361231     
  0.65252513156509595       0.65777042066053093       0.72975267851155246       0.65604201364648929       0.73610630676400657       0.70342909449796609       0.68160007289176916       0.70326307862986948       0.75389088114385838       0.70480193541730607       0.65562141342111702       0.66716115514783314       0.65472207406999727     
  0.96686451751336533       0.95231723546361668       0.94554135706876297       0.91957417716934564       0.92506335237980897       0.92435771798475730       0.93799804267230202       0.92051490163881344       0.95241855917905138       0.80898962560865395       0.95117436000996303       0.95030340695391824       0.92493437949628388     
  0.64699659008639865       0.67740689255595443       0.66975654769539106       0.66176471449806495       0.68490790940983381       0.63981015968381227       0.73929293762906545       0.73397649830830558       0.71156909992595085       0.70414013634119144       0.64434418509852387       0.70535581875944464       0.67636408004554827     
  0.97543603338651474       0.96275078619972787       0.95677640265699460       0.93473803601226413       0.94063250221576233       0.93888357842193571       0.95105084516216809       0.93603496594809277       0.95854603726579568       0.82347574431595383       0.96104073970462289       0.96019778588661786       0.93977251213539259     
  0.65610024450247595       0.67061278474597907       0.65271275657106387       0.68330625807750078       0.68121375911070448       0.75036075904733956       0.71127458505773611       0.71771889641545905       0.71701011005949422       0.62763199945956383       0.68466917069962108       0.64473270517276937       0.71084521682807578     
  0.98296455199689825       0.97264455803619931       0.96789086902989607       0.95111533845404994       0.95560044990122261       0.95418165869041838       0.96342420619914193       0.95216358104647492       0.96590982843618101       0.84200751208168667       0.97083965057611887       0.96969519315341945       0.95531749079585027     
  0.60992884715513107       0.69656714556313515       0.68903892756992746       0.65930956523819828       0.69332338487737921       0.70735328789291652       0.74658524951277427       0.67416006210428125       0.80722526184301413       0.64868214644271860       0.67996073529653223       0.67362593052462860       0.71490546347640593     
  0.98982368849010782       0.98249431618931116       0.97884737102696062       0.96745166764452040       0.97058914194773749       0.96941464463366922       0.97574309456560726       0.96829493822972612       0.97333357343249871       0.86685543872709214       0.98054579784993567       0.97916267225563314       0.97091159988021003     
  0.62662704699660721       0.61983637930401736       0.72943362016131841       0.66118298724686608       0.66139605434296733       0.64324438224262814       0.66740714237922394       0.68856644024645297       0.84947717302881176       0.80013434208515055       0.67277840504691522       0.66194973696037052       0.67101177408373081     
  0.99503795511947823       0.99140440283022757       0.98940603534338023       0.98372090996673023       0.98527891604124040       0.98468077892128203       0.98788653968845397       0.98421004987771199       0.98580507096044567       0.91797979683826592       0.99030916508474209       0.98967217934206764       0.98515454109286305     
  0.61612757062111090       0.67378101573027638       0.70215014379700424       0.68978463760218967       0.62869200134656056       0.64707862958764129       0.73317126103671315       0.68258441270127723       0.89296740485222126       0.87567810277589264       0.69571621154271945       0.70660940985687004       0.72513491503271588     
   1.0000000000000000        1.0000000000000000        1.0000000000000000        1.0000000000000000        1.0000000000000000        1.0000000000000000        1.0000000000000000        1.0000000000000000        1.0000000000000000        1.0000000000000000        1.0000000000000000        1.0000000000000000        1.0000000000000000     
   2.2195936713327469        1.0155843902725095       0.67384673755589630       0.72189113204779254       0.67746291802148417       0.65031388948009894       0.73934704384970151       0.69374401899174210       0.60919692328706065       0.62872897110123593       0.65921104063711744       0.67956992920082748       0.80617794775394935     
   5.0695891702669584        4.8810035257539628        5.1529113170310685        5.3122329487839952        4.3502999375015738        5.1189390640322685        2.6886744710581416        5.1002344078456181        5.5291353679980473        4.6695739028637950        4.9661082086627903        5.1366043992145043        4.8912806636992237     
   5.0872320794456938        4.6977990908044278        5.3759615619734138        4.9051329197668405        4.7000667818524624        5.3451982391155006        5.6518812840438848        4.6214393948786503        5.5198865294779722        5.2737276580924410        5.3112493320281047        5.0302677868215264        4.3852168149018613     
   4.8682229938949790        4.1227558675648526        4.6901648768722533        5.1172757791262562        5.5636082731017860        4.1584749928941571        5.9885715485284070        5.2630748317303793        5.3715491513520872        4.9573651509150025        4.9929558157414942        5.3893680736835670        5.2031299272133538     
   5.0090453741913628        4.5404871237491653        4.8418080095604648        4.2490492841325684        5.3023864094515094        5.2340115946782095        5.9674203794060841        5.3645944581812159        5.6026984068978383        5.3529770776479904        4.9364708325467737        4.8788711669814457        5.4188996054489795     
   4.8717712848051615        4.8821371941758027        5.2892603380460752        5.2705940485183920        5.4147032803895438        5.3004925319997520        5.9231143547363851        4.6213307495143878        5.6215511787292076        4.5465765705715500        4.7887828944754238        5.0607748382916951        5.1394325356657591     
   5.0034757851249312        5.2843510061344459        4.8518184935607502        4.8037008860098309        5.1221881859725382        4.9321774383234276        5.8824595817835403        4.3649232731127547        5.5492581335285474        4.7869838001403533        4.5774416167817344        4.7422588627476285        4.8845550313472783     
   4.9936335246305177        5.0419241222973170        4.1130378710159841        5.0586144559588719        5.1686460233460085        4.8159857745344610        5.7015050846039816        4.5947389601241992        4.7423312002519031        5.0853124606856976        4.8997080131979951        5.1256781250604071        4.5972303632444094     
   4.6771378775652481        5.1441225553888126        5.2017508337803449        5.1509753182183742        3.8453869638603044        4.2485792509870963        3.8171311568577142        5.3959079089853299        3.7457203762916977        5.2074570006597236        5.0431871196747400        4.3358532606950622        4.7286260145564754     
   2.4490751842385814E-004
           1           1           1           1           1           1           1           1           1           1           1           1           1
   1.5551929378207984E-003   1.4450601153219145E-003   2.4062388929696579E-006   5.0419471922611674        1.1399036841831413E-005   1.0252404704351817E-007
   5.1706893400965899E-006   4.9904388720600319E-006   1.2417458040065616E-006   4.6820471182068397E-002   1.2407712043263459E-006   7.5772457794954015E-009
   5.0000000000000001E-003   4.9821614476346916     
