  0.02173689499693267  0.04129767246216273  0.05531945158937569  0.06908168704867200
  0.08205454546236490  0.09532950649626849  0.10736542391248925  0.11728994249552729
  0.12706780578578919  0.13624662815136898  0.14473996835888309  0.15310855635605319
  0.16197771259013327  0.17285070972273484  0.18494690833626917  0.19622719873336325
  0.20619755321983449  0.21563045082627286  0.22466491753929005  0.23429480387661469
  0.24386728629526636  0.25283105853628657  0.26116974559461287  0.26947959845309211
  0.27897957624877162  0.28914809246138939  0.29931594948188178  0.30848008706060681
  0.31786429242139114  0.32861531650221554  0.34205071220662880  0.35607120374864970
  0.37229297730509847  0.38459894655612425  0.39506363611042938  0.40481445648211023
  0.41363191574617708  0.42115380817193138  0.43081088699748427  0.44121604452731755
  0.45458320122088952  0.46747822673196193  0.47945398483811302  0.49049934181828519
  0.50167134501901778  0.51230036757409614  0.52409143174493178  0.53595140128863838
  0.54633809491834040  0.55548900601932483  0.56412956695262628  0.57216092803451712
  0.57879837896748743  0.58612940488662590  0.59598640929904312  0.60620116819507674
  0.61707157734981466  0.62845107924717236  0.63953781966196999  0.65161003537230444
  0.66263579013062135  0.67369840311366025  0.68530565279405853  0.69622921696445861
  0.70603062233360725  0.71695607284558693  0.72782485333025237  0.73812121939498221
  0.74775518662285900  0.75681257367846311  0.76598687121244735  0.77744464992298501
  0.78792824676980766  0.79415684695572564  0.79818333833233646  0.80262552893017969
  0.80877141321673351  0.81505928969634855  0.82242378803347793  0.82956046280366824
  0.83593587509762790  0.84222371311904110  0.84798409173724043  0.85536620471558367
  0.86765261280143735  0.87340874915821598  0.87850214456177611  0.88371541087362426
  0.88939869825901796  0.89745196887826229  0.90743221890520587  0.92141180396587563
  0.93842655256187968  0.95705657703694602  0.97408796048061730  1.00000000000000000
  0.00000005489959598  0.00000031743440073  0.00000070998899123  0.00000122931608286
  0.00000176050622393  0.00000243447587853  0.00000314709135559  0.00000400782292748
  0.00000497651154278  0.00000588875611135  0.00000679000101264  0.00000778309971450
  0.00000876067776786  0.00000980549099014  0.00001084808546932  0.00001200560614347
  0.00001333793640272  0.00001463366934477  0.00001592228372048  0.00001720501972991
  0.00001837111500904  0.00001947885130353  0.00002060882603215  0.00002158989135449
  0.00002242428222366  0.00002331559056556  0.00002420441571969  0.00002508199202184
  0.00002603383682074  0.00002697878238755  0.00002777918390335  0.00002822546711422
  0.00002860156291197  0.00002903696251297  0.00002947826589622  0.00002988960209970
  0.00003028593519173  0.00003070344377572  0.00003112694846848  0.00003151553581803
  0.00003192254187438  0.00003234532490184  0.00003279279306837  0.00003325090398136
  0.00003363774251044  0.00003401584504393  0.00003442920762622  0.00003477508600759
  0.00003509364933301  0.00003540278368507  0.00003570989319281  0.00003606342640384
  0.00003671272065180  0.00003750408996646  0.00006238810939672  0.00006332008076519
  0.00006413542632898  0.00006489600868396  0.00006562678881952  0.00006649707868376
  0.00006743201116740  0.00006845089791092  0.00006960848846715  0.00007066983021574
  0.00007193580439165  0.00007366924181528  0.00007542369631314  0.00007727645477801
  0.00007930134731832  0.00008153869723273  0.00008387851341759  0.00008622145541078
  0.00009002916820572  0.00009467313828474  0.00009874478089582  0.00010246080471034
  0.00010683073973902  0.00011255060033137  0.00011886688215715  0.00012548871803052
  0.00013279686035713  0.00014412983768727  0.00016096277880027  0.00018230906100649
  0.00020603303901666  0.00023243303649288  0.00026156939702348  0.00029893496347128
  0.00035296105325699  0.00043177771672933  0.00053480657381422  0.00066163283488336
  0.00083349356538214  0.00114281893572407  0.00158696559783382  1.00000000000000000
  0.00596707612319750  0.02320088458640688  0.04010326839499221  0.05793396979163518
  0.07484087192876630  0.08828331657883592  0.09943791043890160  0.10906293697670828
  0.11870686721145551  0.12997431612996466  0.14212128852674083  0.15886997372941963
  0.17761959246608783  0.20002063059939976  0.22041945562342105  0.23588849630606973
  0.24883747205963669  0.26059771259674619  0.27237925950419972  0.28487258716406183
  0.29360982095167132  0.30108009089619059  0.30850021509194586  0.31791117270227365
  0.32973523078241290  0.34423399710979452  0.35973916801556338  0.37428594178724667
  0.38867021874056673  0.40207122723963312  0.41634030641405501  0.43000486431450397
  0.44018019296307870  0.44553565354021241  0.45159298959156313  0.45728242758320869
  0.46255405696175783  0.46927657047531796  0.47644254879145409  0.48444293389626630
  0.49174743080180378  0.49871587434900372  0.50911492198726860  0.52176994726539694
  0.53315069424114947  0.54414248183469338  0.55249301274911533  0.56167362225813489
  0.57127184804808784  0.58085519701337640  0.58890927533759574  0.59616091523097603
  0.60441201249326271  0.61149521295993114  0.61717850205630154  0.62259357902312729
  0.62739235713742303  0.63300384429250234  0.64257698963104215  0.65368362350056464
  0.66298470895964812  0.66975820808099429  0.67709012003885782  0.68475638703512831
  0.69687176859008737  0.71107556397616167  0.72657967153057079  0.74254310676398960
  0.75830352844875659  0.77222493277323978  0.78223509932086011  0.79264358876767738
  0.80115743756481428  0.80944078016328203  0.81811387068226760  0.82866574115794811
  0.83551845338439834  0.84296105176575631  0.85115136814161074  0.85776320894747371
  0.86581354262998411  0.87377297758309691  0.89125991419773987  0.90812894690562518
  0.92128757868454259  0.92830455571199888  0.93457482354399279  0.93877462503799136
  0.94368329653819316  0.94872612504421916  0.95443265065867611  0.96374552957137760
  0.97355525792377251  0.98294340148554782  0.99035087871031524  1.00000000000000000
 -0.00024365165731942  0.02382432587458268  0.03480798475686182  0.04549829670732611
  0.05544916732817213  0.06526996610807848  0.07629485829014811  0.08552902423198647
  0.09937978043679531  0.11482236891090784  0.13489892364730352  0.15247084391063626
  0.16527312511296249  0.17648461428671128  0.18650546174474067  0.19801965307209846
  0.21077529989290264  0.22775517586062946  0.24188951119992805  0.25272221766183628
  0.26222271321778984  0.27134718816227454  0.28079043526954739  0.29101651656279215
  0.30077935965939878  0.31047162470372397  0.32004086711609764  0.32834639277088556
  0.33696639860621169  0.34613379676307943  0.35137018751550331  0.35955792398314379
  0.36765213545479225  0.37543136638922131  0.38387221779046998  0.39344941793423754
  0.40418111168751775  0.41548306461494949  0.43281945003318040  0.44070074977658225
  0.44621492992056672  0.45256028448804331  0.45916213476691747  0.46630559388785553
  0.47315729469526596  0.47936922831155804  0.48397856590988586  0.48898756015102834
  0.49512313822106496  0.50190236778749253  0.51199514687988867  0.52075278999277730
  0.53075099946269300  0.53938769648660634  0.54655327557604683  0.55303115160085525
  0.56060957761111174  0.56773276925816341  0.57351716819045884  0.57901505153663835
  0.58409640698402632  0.59092205014822108  0.59781612860969524  0.60572255333333980
  0.61596148392562677  0.62784819894802979  0.63999374762435934  0.65084206712489556
  0.66192473034184796  0.67325429255658886  0.68571850974322557  0.70109893344938812
  0.71636436134984782  0.72790817125508922  0.73911000955288197  0.75106449546018950
  0.76455918554074564  0.77928945277185246  0.79327638876593443  0.80517660205011077
  0.81565509842708483  0.82704566950031888  0.83829069916419374  0.84937725558296095
  0.86079436245189289  0.87175098853500832  0.88203931218959697  0.89113319321133244
  0.90281559710932746  0.91617573655824147  0.93090526863478884  0.94749858711161672
  0.96117455297134602  0.97267098143141228  0.98564382414315133  1.00000000000000000
 -0.00030816717131393  0.00219522024779072  0.00377448637040901  0.00577498370691952
  0.00795467326413958  0.01028167091754411  0.01312178493263604  0.01701959789009707
  0.02118557072890195  0.02445971982216784  0.02844807370177140  0.03300849667858089
  0.03785670254705821  0.04382408210941650  0.04992406985965334  0.05553728926810733
  0.06162905352875835  0.06922067480339651  0.07794261663260973  0.08506443250804557
  0.09231720255146030  0.10006750673095335  0.10745757117739967  0.11447856608051214
  0.12006596703944150  0.12622437602463474  0.13339327374472218  0.14034915155153521
  0.15084565049978904  0.16138996002195535  0.17111083734785454  0.17987018832069926
  0.19075638797415348  0.20367430233036821  0.21838937299388811  0.23203163707179247
  0.24719065192679376  0.26185850053917820  0.27889957595416559  0.29509239469230775
  0.31205552788893237  0.33011555574371632  0.34924833802194677  0.37026252877415738
  0.38683271859126489  0.40123943939620105  0.41358086127517701  0.42494324664513239
  0.43756019237753868  0.45067994147549628  0.46401535331113331  0.47754628188869669
  0.49057126348220298  0.50410582043902319  0.51641217902496706  0.52844264693195409
  0.54114327566581777  0.55338402633002071  0.56602607088576851  0.57593785301011646
  0.58357639266326577  0.59141339875694909  0.59880770807404926  0.60512854944246297
  0.61176509013283520  0.61882459655394972  0.62873793111382004  0.64551995142092222
  0.66169635717954522  0.67270829625431128  0.68261026076492337  0.69203841448190850
  0.70195231539378089  0.71157041263660825  0.72317838448778804  0.73546507294695540
  0.74875523415317458  0.76056483746933479  0.77272012572184479  0.78168870040261373
  0.79179608758893283  0.80115991096852768  0.81365812428834827  0.83225339424262912
  0.84911237282652730  0.86486106273530650  0.88130965875600664  0.89701066482590719
  0.91308526665404333  0.92994094714429132  0.94483278169602414  0.95976968918880778
  0.97153175343974052  0.98210459143470585  0.99105229571735287  1.00000000000000000
 -0.00297889615383474  0.01010029202722859  0.02117072538711522  0.03372477627667357
  0.04803368116718550  0.06292231623690697  0.07787675532126398  0.09299234884877489
  0.10840434185314904  0.12203187421778001  0.13193876279176894  0.13861490317395006
  0.14475844811294097  0.15104542043290209  0.15772147447515369  0.16503257452307421
  0.17389662385024826  0.18488799041907397  0.19486346483608638  0.20400799866804750
  0.21330144350418523  0.22343426212762257  0.23519273001241348  0.24829080350139190
  0.26149010559757091  0.27366640898007416  0.28297994908298491  0.29119505586810612
  0.29914595204892508  0.30721057250175510  0.32204951404531773  0.33580070973389892
  0.33968986134417983  0.34290769140645011  0.34661792724405888  0.35070201285705732
  0.35768343340195424  0.36476560549650094  0.37242201778855122  0.38017578904874572
  0.38650022418192692  0.39289383271246903  0.40110239227019373  0.41018679389138774
  0.41900813555179683  0.42852080587602770  0.43976564389256900  0.45413574232144988
  0.46951113578526188  0.48567231547085571  0.50242322689170837  0.51682376901246330
  0.52709816581895153  0.53668916565919689  0.54506255544475402  0.55330498677156426
  0.56076275476914272  0.56722218943912761  0.57271852056872097  0.58040472253081932
  0.59048821422975917  0.59709441210096048  0.60231207863086411  0.60757981855948773
  0.61417573118273094  0.62123704317009287  0.62981745932473765  0.63976235250337410
  0.65030862780772147  0.66533757363555124  0.67885730095726937  0.69110797957784642
  0.70406644400241891  0.71781301535519049  0.73291842301615240  0.74567410726808858
  0.75543279370199712  0.76387194837257910  0.77285986911379345  0.78251647030197835
  0.79224949779158393  0.80307290482167404  0.81597320659796635  0.83144879396316351
  0.84754830382179613  0.86169498946886858  0.87505598350303526  0.88850874846543171
  0.90350074195892383  0.92081882151218164  0.93872141019081023  0.95400020363557336
  0.96736836010365235  0.97879423190027459  0.98910277503466804  1.00000000000000000
 -0.00247937335298781  0.00852357926683972  0.01941309726895717  0.03284765631757909
  0.04264466354239981  0.05003894359648064  0.05800210579242721  0.06720687975029652
  0.07724508340113657  0.08758904503441865  0.09638312147814922  0.10601456737518633
  0.11610769624750443  0.12745450829097416  0.13405778031057425  0.14165853484789243
  0.14966182260509925  0.15974378465201708  0.17048601160397547  0.18108764095704483
  0.18851066280835099  0.19669689349347064  0.20499935183850160  0.21397424789260094
  0.22384076323631250  0.23382458863548769  0.24241219251877905  0.25061680411631104
  0.25863202349787756  0.26678554619816591  0.27597299815782189  0.28629536512067877
  0.29750124736816780  0.30901521448249780  0.32095002003816420  0.33132804304971808
  0.34106438438613296  0.35180987788524076  0.36331082888085703  0.37649619901413217
  0.39506819669130949  0.40601373890949666  0.41557078243329737  0.42553581759492792
  0.43661580576198405  0.44991796397077771  0.46364413595905962  0.47876035468280814
  0.49264056286740432  0.50840533345098571  0.52536053599285737  0.54000267282762893
  0.55356972806074245  0.56458023611032604  0.57676452436274783  0.58893868328385712
  0.60365370469877100  0.61759436557231873  0.63046079448633330  0.64204871653658313
  0.65201293903674884  0.66066432248158025  0.66759508849781057  0.67401041707532416
  0.67993200742994386  0.68524335353194443  0.69038147326726362  0.69625428940991008
  0.70447090490639475  0.71264911100451045  0.71969778221494607  0.72615768452014917
  0.73456779652527071  0.74426213803052288  0.75356265793748323  0.76242754460293927
  0.77207723061279376  0.78564405780913138  0.80007024808727578  0.81518002832456882
  0.83252456152580390  0.85069067049334135  0.86791497540606199  0.88257730316698502
  0.89438001721037763  0.90687763784069497  0.91734259501262161  0.92721161814111908
  0.93651205810620397  0.94660218921938433  0.95918702706613812  0.96988944800137267
  0.97891814190834692  0.98635746056557749  0.99301485359950270  1.00000000000000000
 -0.00227919514717116  0.01282194489663545  0.02746341030842981  0.04318401262536693
  0.05632350011171774  0.06687003754637437  0.07679625271195438  0.08496682166462922
  0.09409867559670279  0.10498476107288909  0.11726289449123609  0.13024291205869098
  0.14324303134284030  0.15763536302939385  0.16788548238277154  0.17681569129747024
  0.18673699806271959  0.19715756020645739  0.20660207873185116  0.21559577938429733
  0.22355423760516466  0.23165328930419046  0.23889957072935608  0.24779957659676208
  0.25689751375247905  0.26581289645210532  0.27963593467757997  0.29586535044999795
  0.31221255070191040  0.32922841324089602  0.34552865411453526  0.36233816689576720
  0.37373311067496023  0.38436303746340511  0.39500643807366603  0.40453238856189627
  0.41220134893834443  0.42496651868873309  0.43499253777106611  0.44195142399735260
  0.44728929075025842  0.45230395580671773  0.45735306323386010  0.46215648000674847
  0.46728350044173822  0.47297768917086291  0.47898791640954935  0.48405705460426218
  0.48964916488326321  0.49620026708533699  0.50609852969523295  0.52067127041004468
  0.53367999800016186  0.54619712735809034  0.56214426262485317  0.57470408134476569
  0.58500754539028998  0.59361994719618250  0.60128968236324765  0.61100967982937882
  0.62081903747025924  0.63253563096185972  0.64399980973998949  0.65562768786970160
  0.66697733001343151  0.67803463717260037  0.69023088933083465  0.70569937664076421
  0.72051406025369635  0.73278006496612813  0.74258128921846778  0.75209202940287756
  0.76034607258612552  0.76782386668578717  0.77373104065788856  0.77698114168483046
  0.78421091410169641  0.79041329969762397  0.79650988699479897  0.80222205219204556
  0.80950977034267979  0.81772984937613380  0.82602824547263176  0.83610992607319556
  0.84929754464176743  0.86413915476226688  0.87658128846335648  0.89090522220258039
  0.90457159221588090  0.91905431616243083  0.93186777730121473  0.94253991662234793
  0.95193899118698677  0.96403852605189211  0.98196002416431971  1.00000000000000000
 -0.00231523863510101  0.00910046326435901  0.01916006804609637  0.02642233735179051
  0.03545732295529992  0.04544387587987635  0.05495590853798848  0.06452505348888370
  0.07317265943099466  0.08210165760509924  0.09319037084797845  0.10312260735986037
  0.11283468280077900  0.12230713620967712  0.13594244098167757  0.14858747382477011
  0.15589675664560912  0.16258583657598108  0.16980938210972341  0.17717221038146902
  0.18445025932157072  0.19170162198752858  0.19894867302212163  0.20747926378009987
  0.21931130265500262  0.23279371982318886  0.24226394353236494  0.25232078352610188
  0.26201371507168475  0.27098211562115299  0.27863514257829419  0.28549955976299252
  0.29344207895904878  0.30184866821009593  0.31190959051248290  0.32381663164964841
  0.33075402105893587  0.34016969882051556  0.35005988244034691  0.35910511885614504
  0.36693866468368275  0.37448441835522622  0.38378439525753083  0.39431309196343911
  0.40630928268179162  0.42063895586076683  0.43440989955180226  0.44381773366987076
  0.45287063299289881  0.46098676021317758  0.46824043353775219  0.47667226038654359
  0.48530782046949023  0.49324939708404530  0.50072799993120287  0.50972694313601408
  0.51629211612340109  0.52551269325776107  0.53667045231874777  0.54736638082008293
  0.55935712648948122  0.57117787243700291  0.58447698780130219  0.59890353916381034
  0.61313802280447061  0.62543900109048445  0.63380202402150865  0.64180722004497059
  0.65077684575862504  0.66333635004871772  0.67544573486133830  0.68882205455379519
  0.70374062712585750  0.72001385907640258  0.73426741163632936  0.74685996914148256
  0.75661919903616803  0.76530780043056990  0.77481485465470235  0.78454476103504367
  0.79355804172358557  0.80414100845528491  0.81586980985101554  0.83232837936581050
  0.84727903149200856  0.86155453003473970  0.87408037598312760  0.88548878701278921
  0.89667832482826082  0.90918286079223243  0.92401678845771806  0.93885835644412063
  0.95339271754852795  0.96858922768544431  0.98415035770651749  1.00000000000000000
 -0.00288422598903704  0.01370791060970648  0.02731918348896510  0.04165953932828730
  0.05851742266111296  0.07268619608692481  0.08030153345266483  0.08669405432376594
  0.09329759492899053  0.09966431702018982  0.10631279280475101  0.11486348877641750
  0.12425908554119597  0.13218738084899773  0.14030366864006008  0.14874524255913824
  0.15569008175157931  0.16129819316699273  0.16667448434193691  0.17143291226720814
  0.17585927226817524  0.18006469704088593  0.18444706374475889  0.18940889557560014
  0.19538759036692274  0.20122355534474376  0.20695064465337717  0.21186718105182167
  0.21712998820337562  0.22487385212760658  0.23224262241652430  0.24137387706695135
  0.25283493484046993  0.26734021164048194  0.28372077218070368  0.30001146258733363
  0.31429244255825528  0.32855820295926697  0.34007201927054237  0.35123796356700410
  0.36239881929016599  0.37267945906816208  0.38223655042221050  0.39218892046440973
  0.40745782741798242  0.42565330577399074  0.43857426178879544  0.44870311300880195
  0.45814851889991209  0.46742620536134355  0.47597278246034025  0.48328125801635285
  0.49070041949450555  0.50044391941989697  0.51214622832200329  0.52508459319193490
  0.53820695323940559  0.55122534973456183  0.56339358060505407  0.57596464834467587
  0.58942284948343548  0.60446701517742885  0.61974399763582155  0.63054304730715038
  0.64123321739325467  0.65125054876302380  0.66163559078085743  0.67433935051898841
  0.68651942185494297  0.69601192974302784  0.70378252291638621  0.71381175886224990
  0.72391700308061924  0.73240014442832435  0.74334529110860170  0.75586835924711171
  0.76679527712431816  0.77487964313368485  0.78164472122978568  0.78807490689536153
  0.79568540915382435  0.80674674600450047  0.82061654912620907  0.83767592884200015
  0.85505471256630416  0.87391756696636280  0.89567330178569726  0.91378617907558746
  0.92657001323883015  0.93794489115493218  0.95191358987732966  0.95981433668931992
  0.96808237473870606  0.97655611522632269  0.98419215216703981  1.00000000000000000
 -0.00455535420138371  0.01671091702493444  0.03070666281321755  0.04411586126488491
  0.05435236834676850  0.06020163167364279  0.06499909452962228  0.06951198321025809
  0.07496080608793693  0.08016088495629783  0.08483320510241837  0.09603519729958671
  0.10392545735057632  0.10871795470771478  0.11351428687206257  0.11868800960527282
  0.12445703700327565  0.13037328528984246  0.13594958765652732  0.14146890972960341
  0.14764127815154354  0.15301572928943252  0.15778823744042025  0.16436485859280273
  0.17311823709152580  0.18366144287035696  0.19251140469697856  0.19975334427263433
  0.20958038035665227  0.22903253644522659  0.25102360083680969  0.26718576335723343
  0.27825806817198540  0.28648433004534485  0.29473631754934237  0.30315392791433332
  0.31242208149708439  0.32238315827506592  0.33681558261278066  0.34992336284175890
  0.36177363719818190  0.37269659646012782  0.38465505776619030  0.39862060003955019
  0.41344821844455176  0.42713224757518908  0.43861907939929662  0.44810428863608120
  0.45710714650083117  0.46470627089824135  0.47271097030379827  0.48040459802994528
  0.48853443842486899  0.49691505716111667  0.50570920029375710  0.51472335362223287
  0.52105242554318976  0.53155499904415637  0.54177366450472908  0.55109913053119597
  0.56150189749722379  0.57274303532903681  0.58547902462991985  0.59843856698089570
  0.60735323142457187  0.61297703695329053  0.61867571373945873  0.62477611517239307
  0.63588369138243561  0.64560096679231227  0.65549958864743141  0.66735586924376467
  0.68112686963787394  0.69344696638195569  0.70653663286263113  0.72017353824751507
  0.73547179661181505  0.74915462248964337  0.76263336322785968  0.77441951980633572
  0.78746820088387526  0.80297331251044457  0.81864836639063043  0.83531369214638407
  0.85287193357816027  0.87125824131792373  0.89014328373284879  0.90674423108386848
  0.92112106834162222  0.93430345062930609  0.94928318281726509  0.95880917009168676
  0.96566310449711767  0.97340552181434514  0.98203803946728174  1.00000000000000000
 -0.00226409845388107  0.01170541725567573  0.02247375101510559  0.03340022178432801
  0.04309969874605272  0.05261845394398262  0.06443841969426031  0.07834771200128977
  0.09262571159284105  0.10524865822707841  0.11425591967171903  0.12365096492387377
  0.13398954609226346  0.14545047017627008  0.15534123869876801  0.16347289401573448
  0.17103473462014490  0.17842008294368733  0.18426547788437048  0.19054199304509573
  0.19760122804869026  0.20638400558433193  0.22151282445110795  0.23515100375802689
  0.24802649577253350  0.25941804793301093  0.27177142675871019  0.28318850488416125
  0.29455176057606675  0.30506543556741872  0.31303370291650989  0.32122064910723508
  0.32958323541313650  0.33549118952220092  0.33988868779134113  0.34549203100760301
  0.35245088127287355  0.36168475069872086  0.37276571028546812  0.38178450164286731
  0.38935917341296611  0.39542223781686703  0.40144926212825394  0.40787026733835091
  0.41427668856819844  0.42098749594179241  0.42828738678955486  0.43350171049579950
  0.44071645990964470  0.45402239265125527  0.47264986576921098  0.49389641919090654
  0.51509326744572281  0.52875655947487388  0.53841068462987396  0.54802509302629021
  0.55729788929591806  0.56868963591455013  0.58154349088472668  0.59424690140323821
  0.60688882801521682  0.61823163154085459  0.62906156575074479  0.64495812486322512
  0.65730427864388796  0.66716244322413953  0.67526006686003015  0.68312843061301953
  0.69119081048864639  0.69917324895693778  0.70921650830229510  0.72273782716067658
  0.73831188611122389  0.75147608176082648  0.76097299897470527  0.76976948491871888
  0.77896013338802017  0.78903862523415946  0.79796011986179693  0.80614190208183967
  0.81388079398993629  0.82016074207141598  0.82732276261977711  0.83511783685590368
  0.84368247567262911  0.85291926611861002  0.86674633243583921  0.88135591835940752
  0.89615098120229042  0.91052696727223370  0.92457728958263319  0.93728336291949665
  0.95191058025292086  0.96703832747306351  0.98361486547132815  1.00000000000000000
 -0.00487186332610808  0.02072396609827138  0.04424799906996776  0.06417224641221467
  0.08202726297809983  0.10285435365064637  0.12081730604015070  0.13840997498749591
  0.15209285395050640  0.16320872712082013  0.17286746260463029  0.18150043552256323
  0.19270356973653172  0.20415554187904963  0.21693159336465193  0.22894554789838115
  0.24044298091492089  0.25221516244704179  0.26227329214167511  0.27650923833678653
  0.28911446340066649  0.30208050978825668  0.31348494209716032  0.32136842064412935
  0.32858425558836951  0.33537362325807940  0.34134797323614458  0.34704691187939329
  0.35264302412272114  0.35833854256811759  0.36432365037183251  0.37095209303884125
  0.37686416567856279  0.38292526851342812  0.38978065828530400  0.39544208267688696
  0.39888036764999241  0.40342389152744240  0.40951001401679232  0.41666175992055138
  0.42369461156852140  0.43015807250637128  0.43769066112295046  0.44582494052463251
  0.45689913529023407  0.47057789436916070  0.48343685711170642  0.49498808428773394
  0.50397422496282906  0.51213699545424185  0.51966106039854187  0.52515217259200497
  0.52983112196215409  0.53553073951399022  0.54124739174176983  0.54674038045076612
  0.55272194104428973  0.55909137561824240  0.56658156608050070  0.57574485152172039
  0.58584499982571481  0.59612383325560492  0.60558446339477645  0.61396241958216069
  0.62150463781797682  0.62966859722499224  0.63832834210889910  0.64722581837177884
  0.65807221615351996  0.66656991094223539  0.67335794594413312  0.67927083504656682
  0.68580591249495282  0.69244399167777815  0.70065926712483317  0.70867007057011111
  0.71605845692066505  0.72163201958197498  0.72732087013036173  0.73420711584338183
  0.74469760784358929  0.75858887831822963  0.77018872776519820  0.77959703236598965
  0.78894400971942258  0.80216707030833012  0.81483911106281670  0.82744179135873552
  0.84209159494150898  0.85877415115186417  0.87817447573315210  0.89387769361347602
  0.90966116819164922  0.92796787753895060  0.95679707926299062  1.00000000000000000
 -0.00137627452630451  0.00679953423367967  0.01559500111007609  0.02415472382984560
  0.03337199662327229  0.04547697443513814  0.06162876530567758  0.07367039772352391
  0.08516583646258975  0.09548365673059112  0.10456073830320052  0.11315153380069509
  0.12167094002232599  0.12977879412962112  0.13745445426879724  0.14534431372849663
  0.15297576352045203  0.16109904641933162  0.17029236067192882  0.18245529550830880
  0.19138886902348770  0.19733706636850804  0.20399292878001651  0.20934926118158831
  0.21410836084531146  0.22053417849939164  0.22674330153392305  0.23276534109502556
  0.23874407262905781  0.24494100106902889  0.25261817706672240  0.26251808894336004
  0.27284113026682810  0.28254295217918968  0.29215653563001787  0.30195472340644242
  0.31204641656190635  0.32494178145443281  0.33608842890324581  0.34620647115511821
  0.35634108913452989  0.36845970902317965  0.38285320666553768  0.39430934425823999
  0.40501137779123764  0.41607780159078717  0.42821845987743518  0.44210095712597813
  0.45567728612048874  0.46845637163780801  0.48145468342800152  0.49393557014642292
  0.50455462896632708  0.51408342130152651  0.52352139151751054  0.53292774765510298
  0.54129909079651373  0.54999646117609435  0.56019699914307364  0.57604555618379782
  0.58926403644248448  0.59956736379210052  0.60844348824888872  0.61736099715405812
  0.62408044332458601  0.63192280404425261  0.63921496114528520  0.64933852748591936
  0.66445423290888284  0.68236397635815782  0.69766790492934683  0.71278455369976246
  0.72579133667961904  0.73749182996515961  0.74910110572693878  0.76220591766505208
  0.77624372957568022  0.78973214816510529  0.80514159235928406  0.81907470049814202
  0.82957646762785942  0.83720410142737334  0.84424454985519348  0.85124504628286857
  0.85920629239607593  0.86885054497807523  0.88108162702123483  0.89532600286030684
  0.90939291940838751  0.92195992382749903  0.93311445882202981  0.94550763821750949
  0.95755960814996377  0.96997153612407083  0.98385451423710379  1.00000000000000000
 -0.01114241674204968  0.20247517137105947  0.28584411773730617  0.34126347849698357
  0.38623374672467292  0.41372210030532686  0.44066981313527520  0.47415289102987440
  0.50089367271177232  0.51959470179420719  0.53691117104354535  0.55207417417078264
  0.56776731902975719  0.57949532067284859  0.59023418146734241  0.60000721206836027
  0.61479999683708497  0.63013974232679193  0.64576271442261235  0.66106144145906331
  0.67185557909660598  0.67784662170417631  0.68441137250813122  0.69098664418120881
  0.69640868036552372  0.70122734928498665  0.70639737379332168  0.71259646693445333
  0.71898215244196662  0.72436556409857356  0.72833205067868234  0.73407715703760468
  0.74263736356216836  0.75071191591549691  0.75961815778533814  0.77038263741591129
  0.77608212868471327  0.77979800054239767  0.78338118924531563  0.78725219008106928
  0.79184286835506779  0.79720156180427559  0.80183587466763429  0.80663184544899558
  0.81133007490738296  0.81586378318703001  0.82051872662400327  0.82503821431060853
  0.82876584210818249  0.83230191224673111  0.83645752439128906  0.84124188218594020
  0.84631992614935048  0.85074780180813825  0.85391707949477569  0.85635449704000133
  0.85863414835350771  0.86103461216852895  0.86354127020226445  0.86596519942401284
  0.86837917620283744  0.87091450719955454  0.87336675031664401  0.87676043199941789
  0.88140975749460915  0.88663359725072255  0.89196798340844541  0.89658769258228410
  0.90069146287506341  0.90415958246927108  0.90724382416306260  0.91017726366057494
  0.91312578245920206  0.91664399926527873  0.92064512186492753  0.92472230083656937
  0.92896487996107513  0.93240063553671981  0.93569339078939562  0.93895674815393448
  0.94222384152892058  0.94550158583927935  0.95038240726089795  0.95527079242603274
  0.95913245471675412  0.96209294505396714  0.96459642971509452  0.96681504387568507
  0.96900175990584791  0.97105584696055913  0.97310820433939216  0.97613556045074712
  0.97965648029342978  0.98402066005842115  0.99170154583487569  1.00000000000000000
 -0.02383726341662839  0.14627692705551729  0.20235188003508309  0.24264937293960051
  0.27223840675731692  0.28967649760819991  0.30373891276858267  0.31519987991736331
  0.32573052797747332  0.33862241580393604  0.35004037805749794  0.36216242332734433
  0.37339993212404854  0.38205638402071246  0.38879557952365962  0.39574780731918136
  0.40382299348666828  0.41335176399128370  0.42324340293558538  0.43222712014574688
  0.44118573493721508  0.45187029912400833  0.46303096537635602  0.47135352342475434
  0.47921875778937928  0.48643714922309639  0.49287363886659991  0.50035013525754912
  0.50741672799232962  0.51367329112092919  0.52055662888401799  0.52778554360851060
  0.53552003265431725  0.54398977172596286  0.55264451769892986  0.56061900075697668
  0.56687513718684246  0.57179935915200464  0.57726619963487458  0.58341271842797482
  0.58974944738369905  0.59603829042312750  0.60145501754032649  0.60745659585933331
  0.61375537227351307  0.62076678209339986  0.62723406249642688  0.63202101147418599
  0.63689258130788773  0.64182071188849188  0.64565554018897775  0.64804502436068823
  0.65091331259230345  0.65454219067606478  0.65865069015223054  0.66237146418447435
  0.66578240831255575  0.66932837947309720  0.67366541073802244  0.67812392156400292
  0.68235130615916939  0.68643471545418711  0.68951538980876859  0.69253818666133560
  0.69583053547135809  0.69958929034422657  0.70338349175835302  0.70781600569497904
  0.71332487949107892  0.71871929135864743  0.72371112397839255  0.72817250253780808
  0.73277259401744665  0.73784647190442132  0.74308190942069674  0.74913002023844821
  0.75497879008759261  0.76127858633861989  0.76773557292159922  0.77451568883163857
  0.78201681361241182  0.78965143911190883  0.79826368533322067  0.80670650637255226
  0.81418474094577542  0.82289531760562840  0.82953091452330918  0.83602512959549780
  0.84224254671886289  0.84809574600803783  0.85378644855067576  0.86128912850941186
  0.87571298160241096  0.89692223204837673  0.92982643084784589  1.00000000000000000
   1.4007862090335635E-012  -1.0000000000000000     
 T T T T T T T T T T T T T T T T T T T T T T T T T T T T T T T T T T T T T T T T T T T T T T T T T T T T T T T T T T T T T T T T F F F F F F F F F F F F F F F F F F F F F F F F F F F F F F F F F F F F F F F F F F F F F F F F F F F F F F F F F F F F F F F F F F F F F F F F F F F F F F F F F F F F F F F F F F F F F F F F F F F F F F F F F F F F F F F F F F F F F F F F F F F F F F F F T T T T T T T T T T T T T T T T T T T T T T T T T T T T T T T T T T T T T T T T T T T T T T T T T T T T T T T T T T T T T T T T T T T T T T T T T T T T T T T T T T T T T T T T T T T T T T T T T T T T T T T T T T T T T T T T T T T T T T T T T T T T T T T T F F F F F F F F F F F F F F F F F F F F F F F F F F F F F F F F F F F F F F F F F F F F F F F F F F F F F F F F F F F F F F F F F F F F F F F F F F F F F F F F F F F F F F F F F F F F F F F F F F F F F F F F F F F F F F F F F F F F F F F F F F F F F F F F T T T T T T T T T T T T T T T T T T T T T T T T T T T T T T T T T T T T T T T T T T T T T T T T T T T T T T T T T T T T T T T T
  <DiscreteSampler_grid>
  grouped_processes
  1 # 1 for a reference and 2 for a running grid.
  10 # Attribute 'min_bin_probing_points' of the grid.
  1 # Attribute 'grid_mode' of the grid. 1=='default',2=='initialization'
  0.0000000000000000 # Attribute 'small_contrib_threshold' of the grid.
  0.5000000000000000 # Attribute 'damping_power' of the grid.
 # binID   n_entries weight   weight_sqr   abs_weight
    13   10   8.161349429844360E-004   5.472840026350641E-006   8.161349429844360E-004
    14   10   8.161349429843216E-004   5.472840026348951E-006   8.161349429843216E-004
    16   10   1.052501506479581E-003   9.114013421790475E-006   1.052501506479581E-003
    17   10   1.052501506479434E-003   9.114013421787666E-006   1.052501506479434E-003
  </DiscreteSampler_grid>
