  0.02402310525972546  0.03519653531856298  0.04540933238915255  0.05564483745198388
  0.06458882062033916  0.07141296958274719  0.08010699242136811  0.08916580680528599
  0.10049022213791374  0.11360107879006268  0.12576430317911941  0.13694186810378009
  0.14738796972206061  0.15695652698093218  0.16703215216579212  0.17642741533917547
  0.18528390465346728  0.19406521102243973  0.20363638735941131  0.21330821981959278
  0.22199351401666112  0.23039015592266010  0.23891853549578840  0.24749562752333132
  0.25925180382466678  0.27037842054036426  0.28226889231925661  0.29487848552946971
  0.30730794329315297  0.31892701994553097  0.32996446527068224  0.34035893022033253
  0.35199813116050749  0.36107316850201115  0.37054644764428329  0.38104787527353468
  0.39112273399133596  0.40098964395014669  0.41114669430765882  0.42243935860397325
  0.43511792020929047  0.44822107913422327  0.46213597621634089  0.47219466012457706
  0.48207738209689110  0.49224874975129013  0.50293273422697982  0.51354114589132782
  0.52552408729550404  0.53843438644584318  0.55023259846056560  0.56271651716096771
  0.57477075693854585  0.58506179963126492  0.59262772440056144  0.60018072988043181
  0.60854575373914677  0.61724830032435030  0.62610608628460562  0.63494576574117689
  0.64391319375572365  0.65279799924696313  0.66062271469789002  0.66868166327221823
  0.67683928233028201  0.68599713460374712  0.69383208381547568  0.70229316740242231
  0.71143094791431460  0.71943868544150358  0.72649081210159894  0.73357200413712609
  0.74111690959388143  0.75010511528391899  0.76084551791372634  0.77179690848782745
  0.78130057971597999  0.78981757409796727  0.79819172458417009  0.80696243321172967
  0.81772910646077179  0.82984343303606978  0.84204449817109395  0.85434019997847221
  0.86611167886084406  0.87777423669977916  0.88931853253658433  0.90214276244434488
  0.91476217368322499  0.92586067738183575  0.93544196211507114  0.94443292100158860
  0.95338404938151688  0.96288161926788518  0.97147634638674341  1.00000000000000000
  0.00000005758965353  0.00000027586992751  0.00000056026925347  0.00000096607832378
  0.00000160971279548  0.00000245000881276  0.00000323064670863  0.00000396704921585
  0.00000483181226256  0.00000573492323091  0.00000666595485032  0.00000778203149108
  0.00000887449383337  0.00000998530798382  0.00001106745593545  0.00001207626086478
  0.00001306377061863  0.00001405622141249  0.00001496837254251  0.00001585600853172
  0.00001669050584258  0.00001744882050549  0.00001815616057360  0.00001881882440383
  0.00001956469679341  0.00002032397610048  0.00002105780486740  0.00002181035759619
  0.00002256275141854  0.00002330252355261  0.00002405973383772  0.00002480545616164
  0.00002554048287743  0.00002629722151098  0.00002704338658065  0.00002772994056557
  0.00002841600785105  0.00002910004895363  0.00002972099994706  0.00003033531352069
  0.00003094184969639  0.00003153740441451  0.00003213612328328  0.00003272704598526
  0.00003327882565270  0.00003382356077907  0.00003447983175552  0.00003514960683828
  0.00003584777687150  0.00003672159860287  0.00003782673540492  0.00004145983580425
  0.00005413960202052  0.00006175741297225  0.00006372867093340  0.00006526483985411
  0.00006630974658455  0.00006742014306494  0.00006872429889021  0.00007002794771578
  0.00007133108028650  0.00007282520042528  0.00007440370058453  0.00007596782894380
  0.00007742788088693  0.00007883636226438  0.00008039730957367  0.00008215002331559
  0.00008436847821364  0.00008758410572593  0.00009099944135726  0.00009477046873852
  0.00009905269718733  0.00010377430576020  0.00010952945232282  0.00011587925283580
  0.00012228377332227  0.00012918321381594  0.00013714807469828  0.00014797723211752
  0.00016198144749650  0.00017911710192740  0.00020214768790352  0.00023434376082233
  0.00027109728530160  0.00031702194951513  0.00037291999672562  0.00044505223951809
  0.00052549181916378  0.00061280299161813  0.00072146383962174  0.00085522144270700
  0.00102552187971532  0.00129847253296391  0.00154786230647122  1.00000000000000000
  0.00842136241928351  0.01922109987775671  0.03161783368318691  0.04369084087790117
  0.05510174354685600  0.06805714667178983  0.07843682393717187  0.08786259047637390
  0.09589055364700680  0.10283343314464960  0.10883796949959879  0.11455943002412666
  0.12088631406102378  0.12799576962387443  0.13478779002538135  0.14160843119788075
  0.14901212099552039  0.15749907213491174  0.16622304789249201  0.17663774088178691
  0.18870263801925508  0.20137703221061215  0.21394820058009614  0.22546006329731172
  0.23484868025524439  0.24409354891691923  0.25493013229287736  0.26781514642537291
  0.27976028055254915  0.29121681695588553  0.30123291188962925  0.31007923841659785
  0.31926942710547923  0.32834741292380620  0.33636202817032113  0.34518919715856572
  0.35552788999992663  0.36598038287311718  0.37781571861824104  0.38839922774408520
  0.39721304361024468  0.40640492219193869  0.41755983272896180  0.42861802457633530
  0.43820386895467855  0.44692491425634556  0.45723964660866218  0.46697396021826337
  0.47667481344938267  0.48699751583582418  0.49634382512454539  0.50650630285056697
  0.51920426481311743  0.53078283135978443  0.54573724114128119  0.55847439651536568
  0.57014988693843482  0.57941472841586927  0.59023256676202585  0.60093116763226140
  0.61105377698264840  0.62145034959806678  0.63450376562904887  0.64849005064016785
  0.66289971908633505  0.67833875255731058  0.69228438505865431  0.70403960390811449
  0.71506347592492570  0.72517105340299082  0.73467700086232313  0.74288308448212659
  0.75492011162118944  0.76870779828894975  0.78106811012563859  0.79114158866369377
  0.79972579065856941  0.80857187358227967  0.81668165694621431  0.82628347920552603
  0.83634045919842759  0.84353894568546073  0.84996792009878552  0.85710972769549276
  0.86540097302326202  0.87469779298665484  0.88478125865523016  0.89657424513785644
  0.91072257978844684  0.92446626990359493  0.93651341642728647  0.94705483788156342
  0.95720258063068231  0.96832194268496341  0.98030089523925279  1.00000000000000000
  0.00217416390767291  0.01524457556473948  0.02722824594820156  0.03809164091814508
  0.04836884480116169  0.05751768322545946  0.06844044741806790  0.08056599113378585
  0.09217664173751389  0.10686470513149231  0.12538317382576847  0.14595795862966537
  0.16557991201814545  0.18123092985710190  0.19396242732744073  0.20640622929882674
  0.21822648311406304  0.23062495599930380  0.24353435630183537  0.25565786958189890
  0.26743382519422093  0.27463904327599648  0.28208414672881221  0.28924533598515306
  0.29611687906801459  0.30397443082510628  0.31217511889427363  0.31941620645825919
  0.32586281806817857  0.33200145961761957  0.33854561829294127  0.34629976166164184
  0.35546091100811367  0.36712799536252905  0.37611777293377358  0.38478464750035052
  0.39241691540280199  0.39890793738859581  0.40496945080966756  0.41248014145513534
  0.41972357006513650  0.42728429551473895  0.43614186381056902  0.44593954132403230
  0.45748184769973321  0.46683876006902592  0.47509665140938778  0.48243381229281906
  0.48920949163122229  0.49639670342722186  0.50412253751533653  0.51188529472222133
  0.51994100446256108  0.53577996057510169  0.55170560240623057  0.56517944297648359
  0.57493515241555215  0.58353416334496400  0.59148615009435968  0.60060535040092888
  0.61026102786196523  0.62021269047617911  0.63170940955985633  0.64610780634267773
  0.65809155136363928  0.67035759662316619  0.68197938880342457  0.69333343771391920
  0.70373285522196827  0.71528823200435765  0.72815909162341885  0.73914953046173348
  0.75005844171393710  0.76098167482612689  0.77252985825840514  0.78475181181661569
  0.79685837956473127  0.80983832730820970  0.81939714577553890  0.82671823144677348
  0.83380944890464015  0.84341411004595523  0.85276554644857616  0.86258735143474863
  0.87307833786157429  0.88398405624703724  0.89552575274637525  0.90747457115048069
  0.91998113934370984  0.93264370354823700  0.94622153242328222  0.95967365160545637
  0.97258474222478875  0.98389196544032398  0.99253024378673282  1.00000000000000000
 -0.00033952055387640  0.00201394612010094  0.00351637789421025  0.00558225850094054
  0.00774043555352029  0.01090280909504559  0.01420855540169299  0.01846647285786557
  0.02193226954902414  0.02507905747118002  0.02933872218913426  0.03381971807846329
  0.03823441777832439  0.04201189636716867  0.04713067482918664  0.05306565792279731
  0.05823936553357748  0.06298746201980408  0.06834573764803277  0.07537071830472047
  0.08301436270110898  0.09139610074973759  0.10032410296647884  0.10902070936123028
  0.11751156956738036  0.12761059270761893  0.13900841615038262  0.15020087818497052
  0.16071700223174312  0.17110930840440280  0.18069635651657640  0.19061802883861872
  0.20124346528699524  0.21338151213043555  0.22645265413975457  0.23977956270682918
  0.25352599977283735  0.26761909593064637  0.28018611045703090  0.29376644990590745
  0.30553670406489691  0.31743042584965570  0.33022266731521488  0.34424201052390641
  0.35912328493980922  0.37401262554519427  0.38850856257853339  0.40269039120023969
  0.41641862964757093  0.42926635465059243  0.44073978609147330  0.45046595020031938
  0.46041830344043050  0.47036172980633906  0.48110798566760637  0.49344008808098488
  0.50598818026512937  0.51666540193601174  0.52743711746711297  0.54045126114555730
  0.55531552173744536  0.57248906734173999  0.59158521090747906  0.60749862632514462
  0.62110508774703410  0.63360443847663639  0.64650767503670759  0.66149708339159907
  0.67607861206558839  0.68722822906738879  0.69732723067159741  0.70738034115317239
  0.71805607768191582  0.73015562980233994  0.74037795788111993  0.74997828894787266
  0.75937545514235161  0.76915998071612846  0.77999521826173479  0.79145561232118122
  0.80334081116598255  0.81416122302056637  0.82374485550755339  0.83225169726258130
  0.84234028184661880  0.85318510314288609  0.86512219426898507  0.87885684250779250
  0.89154740918443975  0.90448333672019032  0.91734001026912571  0.93111005603333330
  0.94618570627209031  0.96249066531940430  0.98074548212020685  1.00000000000000000
 -0.00214796561384189  0.00886889999752342  0.01769008392991000  0.02634419319128998
  0.03545531587218705  0.04625176636645370  0.05876137531024808  0.06923925454558823
  0.07892130997081465  0.08937120639747106  0.09966602871070207  0.11070266698980745
  0.12108531781378952  0.13304750591184836  0.14531006418616274  0.15530380788756551
  0.16521432366541688  0.17396124859427159  0.18368517004609106  0.19510185146567363
  0.20590204150961611  0.21620072750322528  0.22724033483954559  0.24000943853656356
  0.25407225662835731  0.26689760741975393  0.27886766634897570  0.29000309772946442
  0.30194040878455780  0.31396983041309096  0.32793795827565758  0.34400783675209390
  0.36323559735876537  0.37559092399069433  0.38669865439790629  0.39706947365901490
  0.40892898775877723  0.42290276033311447  0.43543222299305168  0.44621849696619748
  0.45778254615551262  0.47239295661494091  0.48561922128581897  0.49677432660374587
  0.50658664782753093  0.51558031546549421  0.52422416736047572  0.53287150997496879
  0.54352462564489956  0.55612671796692814  0.56966492444507189  0.58146042610685034
  0.59499640082863314  0.60532529813778946  0.61540879649559466  0.62319722861412430
  0.62956043406985940  0.63693120386953772  0.64531606026234234  0.65409211450580318
  0.66256029008558026  0.67034521263515645  0.67975484232187244  0.68937907587284475
  0.69709113014051594  0.70540109814128338  0.71390133462321448  0.72185270829788140
  0.72942069082525030  0.73763849742399901  0.74581742267819384  0.75355936253608891
  0.75983654063843442  0.76653498680969456  0.77526545234360267  0.78479500027232652
  0.79287627253765158  0.80028991907335334  0.80847590989869123  0.81896845891673120
  0.83161866063984180  0.84299980374519135  0.85402830639442273  0.86531711249385523
  0.87491818676705757  0.88330620838580653  0.89149974071214877  0.90108104678811041
  0.91318491582854222  0.92745580251674620  0.94134443672520762  0.95453138281218897
  0.96572029815281146  0.97755646375296046  0.98915634984360867  1.00000000000000000
 -0.00178982536741323  0.00633269782461800  0.01304284086723734  0.02078752471562009
  0.02854278153533279  0.03617565717197635  0.04392970111176071  0.05123535722433629
  0.05857275749081908  0.06729412856904543  0.07727993433857445  0.08565572554436214
  0.09332161895733804  0.10146344979269604  0.11231942055124762  0.12306386974069325
  0.13511191520129018  0.14636639912709593  0.15643090253143685  0.16626342631013660
  0.17676587558559856  0.18704270933995243  0.19756574375650726  0.20873674619446092
  0.21858860795040444  0.22691451286167674  0.23550301726139325  0.24456738197019237
  0.25475526938141652  0.26622421158678705  0.27942797603521063  0.29477474452448454
  0.30858860392165477  0.32156871045483187  0.33251198874088678  0.34281545262042384
  0.35376785022089313  0.36560743643434029  0.37750766110657319  0.38800606679008603
  0.39876040001335350  0.41073933964763848  0.42204808522941156  0.43108162557600715
  0.43992353892359864  0.44904061519455213  0.45826657472444754  0.46564962223855555
  0.47359892518816621  0.48204122943402888  0.49107884734088086  0.50167558141306789
  0.51216118733772487  0.52276838395696201  0.53499063883046194  0.54411246787594036
  0.55310696340459153  0.56266742349684384  0.57310445328977855  0.58309054248466397
  0.59292141471192306  0.60527635433446836  0.61878389584640814  0.63174903960744211
  0.64191230717754821  0.65246733960265346  0.66378362961711546  0.67699746745222145
  0.69015103433531866  0.70264629115153843  0.71502024262832675  0.72754366905102652
  0.74049748213978406  0.75213335086980904  0.76339717022141762  0.77479835279968257
  0.78604387489777472  0.79683931302855426  0.80757638710436608  0.81963563942286977
  0.83049840407954356  0.83928542260795558  0.84729749507979257  0.85492982323158084
  0.86578577515269517  0.87736087146534925  0.88953949903515239  0.90262519367357519
  0.91650096745409759  0.92885813013821328  0.94021747212634721  0.95103093420113638
  0.96245568603233744  0.97482352988960708  0.98781798265163712  1.00000000000000000
 -0.00178359499970998  0.00923114302857180  0.01821937455495164  0.02766593873391075
  0.03638871701935661  0.04659341977383680  0.05860431077759192  0.06991439099296499
  0.08001501083805852  0.09079801582000163  0.10152304687711983  0.11173948586299957
  0.12166803052345911  0.13291187623562001  0.14530790823671288  0.15496244401925469
  0.16433705359948431  0.17319805892254170  0.18210729577505336  0.19261200028429720
  0.20366510242917082  0.21351487847831147  0.22248700565033677  0.23165188503815923
  0.24275706543474221  0.25561693946522990  0.27021285351907154  0.27902243756090517
  0.28723859690680342  0.29554288373409426  0.30177478357562870  0.30647879684248847
  0.31071687539020509  0.31594264408455747  0.32202063133936459  0.33136660659568790
  0.34152906179689607  0.35224819141526786  0.36443850195053573  0.37804585881536623
  0.39209454016072270  0.40331436289096417  0.41320239869186759  0.42158314030632799
  0.43070680246118082  0.44105407550489462  0.45164484278232275  0.46188608544158588
  0.47091935047025280  0.48024221337369172  0.49050422751211070  0.50194604273143317
  0.51509844984326847  0.52862382249337192  0.54181298405790623  0.55317806495443200
  0.56327173182373957  0.57393635999309545  0.58367875447922712  0.59456695018957229
  0.60510280279962592  0.61630015423297746  0.62725885862723574  0.63753677472607206
  0.64760527523439559  0.65790711710881267  0.66761066920071432  0.67615237928704730
  0.68564011106743217  0.69616813709389191  0.70734777446908792  0.71857537920381875
  0.72984590771637248  0.74162427975692069  0.75427343334782415  0.76686552450276102
  0.78023191980956996  0.79365860309211933  0.80718049762920696  0.82153926654296228
  0.83560611879850666  0.84917157012924815  0.86386394988695259  0.87877664973421388
  0.89299147790139111  0.90322529634825621  0.91089630375224206  0.91764913269857284
  0.92486569487160841  0.93270107554587145  0.94146934772219371  0.94923431716122764
  0.95757491117297289  0.96924704175067677  0.98418922768857431  1.00000000000000000
 -0.00316143699418423  0.01667932718614529  0.03134940203927062  0.04414358763344339
  0.05580013039562292  0.06847522852206134  0.08146710082528670  0.09327871403271651
  0.10408790179644326  0.11490883555834419  0.12456858973586406  0.13377960006795653
  0.14344187311967618  0.15502006011920025  0.17037242295491714  0.19133389032485970
  0.20908475559550099  0.22096775014612133  0.23128871003999840  0.24068931861271844
  0.25034096739815181  0.25823635736900441  0.26480113372860387  0.27122305974352584
  0.27801410481823141  0.28540905061466804  0.29301729510054009  0.30222216138900238
  0.31346407173142948  0.32443137907003017  0.33271232315533988  0.34123671108699227
  0.35088150985336714  0.36092179337264235  0.37189563105695556  0.38635617376311820
  0.39941606926540940  0.41234232888177169  0.42261983244144435  0.43186548443980421
  0.44009498964663346  0.44726406746217140  0.45450544901728746  0.46254755689841021
  0.47329378918062981  0.48437108123328343  0.49493560012967286  0.50425885178762120
  0.51342129570266815  0.52266218567829215  0.53318018118653332  0.54498942707563824
  0.55714098752659280  0.56881948057381126  0.57979477153184245  0.59063466177448853
  0.60194050382881292  0.61338874333809557  0.62469133260179321  0.63625728483818977
  0.64855001872335138  0.65952404942092824  0.66896287074435590  0.67775237089209872
  0.68705238834268090  0.69534335338663089  0.70435265151476900  0.71326889911318181
  0.72203968547914876  0.73015295607731789  0.73865634618181664  0.74823309767187451
  0.75920614652824336  0.77111608052193847  0.78225214068122317  0.79185130965943995
  0.80254200011277566  0.81347518789147855  0.82642059181231931  0.84164271713598549
  0.85790669243268458  0.87422673520560157  0.88928644822885439  0.90006621303810019
  0.90836939700898078  0.91541996344327348  0.92309975269412881  0.93204698584675050
  0.94165723087459940  0.95111985809271271  0.95763403964323834  0.96516405902954894
  0.97283651575153640  0.98046320966296940  0.98967390255730026  1.00000000000000000
 -0.00351174147835228  0.01214739066113175  0.02771114520587332  0.03914171528170468
  0.04853371304079879  0.05624552545194048  0.06429283323526697  0.07386542177054288
  0.08345964485608538  0.09346306106918711  0.10522107163800493  0.11785452487422042
  0.12821429376354404  0.13563205825703969  0.14422790937781571  0.15384035374355379
  0.16261406392948782  0.17161325906275279  0.18106642711684667  0.19504281702408402
  0.21235381361715908  0.22334418970773454  0.23291584370269816  0.24261863174091189
  0.25185948003978303  0.26089987219301097  0.27131455097605162  0.28440188878632122
  0.29741609049531909  0.30946901669643412  0.31936198318725056  0.33114369490747619
  0.34533683218865335  0.35789444374772700  0.36982904262133198  0.38058969897420780
  0.39124328597900687  0.40223183271225726  0.41241531868856918  0.42253761453684180
  0.43153845983206079  0.44058381344163300  0.45032640577291044  0.45988370956368896
  0.46899836293216796  0.48047157627974313  0.49267568763869679  0.50270291135923373
  0.51032912529302832  0.51817658774101527  0.52731326169717385  0.53746215097588901
  0.54892368323303642  0.56077491709439753  0.57251810447812179  0.58375320198342440
  0.59447407260246843  0.60492763454018428  0.61522283355130225  0.62609164628134928
  0.63637123862955769  0.64767308942037072  0.65959745873992515  0.67080324907937783
  0.67786012331902001  0.68456136340762364  0.69123330180802800  0.69870790385066484
  0.70743506632563735  0.71656547243449442  0.72296656280886717  0.72862051005682305
  0.73701780606815492  0.74722653343856926  0.75929534359555406  0.77139414533352468
  0.78282869019416879  0.79420233865779899  0.80530236922659526  0.81688768190359407
  0.82873033452951095  0.84084310578739141  0.85290831172958137  0.86410173750752262
  0.87563583447649207  0.88826068117641499  0.90074890496777738  0.91349590403624437
  0.92556707101624558  0.93655442016649093  0.94602114597360931  0.95508952190697960
  0.96535067172887135  0.97663514718816291  0.98838151860851253  1.00000000000000000
 -0.00520277826858351  0.01270342436314893  0.02693322659150146  0.03714193062448921
  0.04744478972015818  0.05786098879612538  0.06861823207153966  0.08058526363505676
  0.09362944556683275  0.10778389406254590  0.12352957946072193  0.13316771213120215
  0.14207020218320285  0.15046375915120036  0.15882436346535125  0.16869509215546868
  0.18031599744961674  0.19083938955333604  0.19917919859242067  0.20706757646459906
  0.21500407519341461  0.22529483225141134  0.23618749835779670  0.24620114978995261
  0.25693640996074296  0.26678527782871103  0.27684111627214669  0.28721248506911112
  0.29677766327245181  0.30492588987989733  0.31186205600284378  0.31943367759998320
  0.32785387831127771  0.33752704339115680  0.34992547089421711  0.36241068678516292
  0.37322336930130406  0.38340318504634774  0.39275678088326016  0.40429485707886714
  0.41629972071679733  0.42878550491198014  0.43791421949120596  0.44611610550520980
  0.45414467682351894  0.46455765105291047  0.47544497988268258  0.48734134360381220
  0.50259567295104579  0.52064631792679095  0.53691488531628084  0.54858653189426265
  0.55806444995312188  0.56671130535235248  0.57388491758935978  0.58087751795724785
  0.58805756579462110  0.59563141257488650  0.60350440029683450  0.61263732133059812
  0.62291127198588447  0.63427994356192308  0.64651325340571020  0.66234564779419602
  0.68110009352571288  0.70037892511659161  0.71490829711111514  0.72631610098456312
  0.73807510800995579  0.74807133120332814  0.75614052751324423  0.76296734988712522
  0.76986308613175369  0.77554732026923656  0.78345143756013069  0.79158661238021855
  0.80049023584674261  0.80895491239541961  0.81724703227039996  0.82462615633925995
  0.83096006250768062  0.83894743135138872  0.84804399679937514  0.85932874119510583
  0.87270188881920574  0.88658314531856541  0.90018921082327452  0.91248895043276390
  0.92615600578601687  0.94001192223801411  0.95291389826116624  0.96340605072072016
  0.97270079258931241  0.98166193992538320  0.99097444393900747  1.00000000000000000
 -0.00174829203076732  0.00990497881511877  0.01946623358671682  0.02936966168136873
  0.03955772994441843  0.04965006800923706  0.06000192185798326  0.07066337331040562
  0.07959386882971432  0.08754600996776248  0.09495087066062480  0.10468359128553814
  0.11899582135907824  0.13279420306115208  0.14564314278982043  0.15292243950412060
  0.16005798926680484  0.16709026366019886  0.17544038090795666  0.18349608335562007
  0.19049167944993431  0.19731390557692366  0.20393924936167329  0.21121733741323342
  0.21923300814022673  0.22733845069942141  0.23785574788892824  0.25194382815542771
  0.26908222203548698  0.28215501790333419  0.29497362575808206  0.30791243064382084
  0.32064448241168980  0.33327013995836624  0.34532787942280996  0.35802932638490098
  0.37391395869387334  0.39100108509085862  0.40709536196930646  0.42213593718714076
  0.43519443583587258  0.44830792901177446  0.46053979541157575  0.47274337507656872
  0.48536594103961339  0.49727072225313546  0.50783788470436575  0.51711238509504798
  0.52568476790068475  0.53490263815928019  0.54504725853255853  0.55552216870232296
  0.56645459747345328  0.57954499276723337  0.59155084992081697  0.60603828446463825
  0.61871088618983650  0.62985891930300308  0.63983989164963595  0.64882498499066821
  0.65817918717607227  0.66816424519600770  0.67807251943184310  0.68826422017360256
  0.69833811558918490  0.70746544780996246  0.71431802404330635  0.71992356508198474
  0.72623532985282191  0.73519328481244040  0.74746663964015925  0.75593461260258255
  0.76255390771841891  0.76856894313950275  0.77637729401357969  0.78625906918245947
  0.79714726395277968  0.80863536218737420  0.81992686239241053  0.82876611569146752
  0.83773549716927409  0.84800691960782826  0.85964127082878328  0.87198205078189028
  0.88437016880246444  0.89790844553687166  0.90816380668263941  0.91830040316672379
  0.92852527464192569  0.93940351105620057  0.95151215196085082  0.96360129089926083
  0.97396257650091378  0.98307179373908160  0.99161573652057988  1.00000000000000000
 -0.00715765801893014  0.04142635334247714  0.06705158278444562  0.08265908324818029
  0.09669195088659094  0.10927272153113214  0.12087012120873859  0.13253304755991757
  0.14439231854121348  0.15709548016507829  0.17218207735881305  0.18719471461259304
  0.19946143233271199  0.20944496092298293  0.21937925355728077  0.22973968346205947
  0.23906354616943448  0.25081610213749217  0.26364628247582433  0.27757719260966335
  0.28937649802273446  0.30001530147549244  0.30877499382284856  0.31806658638498403
  0.32686013278880360  0.33456306404214964  0.34106218369893210  0.34785747039143355
  0.35456411002940730  0.36008885091856246  0.36522587255045452  0.37060059651067567
  0.37657927744525527  0.38253433200989145  0.38814299052019496  0.39419136034345009
  0.40086799358423397  0.40836909160213647  0.41584676978075685  0.42363458418105709
  0.43402380302282523  0.44225689088713382  0.44983080804671854  0.45688596794260417
  0.46453955788905865  0.47312151710419093  0.48172094187333764  0.49052749998141848
  0.49970509227757526  0.50928291520901270  0.51940784789664263  0.53048528936634298
  0.54147797067123149  0.55091182985472775  0.56031432995668429  0.56912604598755190
  0.57780048746795476  0.58727731730157895  0.59581003324421367  0.60431297913010062
  0.61050599394057536  0.61651492759400350  0.62385322084700578  0.63183547212494628
  0.63925458759752296  0.64583518449035648  0.65167607745706213  0.65741063264939870
  0.66337378365531507  0.66971995323227884  0.67694669519141804  0.68426907655987701
  0.69178588956778064  0.69986497279352911  0.70912164895718521  0.72090147178982578
  0.73374119548535610  0.74490557639126298  0.75690404472792483  0.76922529231802728
  0.78029665239704638  0.79179224477793630  0.80336373629224245  0.81433695852445964
  0.82409927722883636  0.83300474942886782  0.84427669741756173  0.85596085876778238
  0.86731530111810373  0.87975817916551879  0.89282401010447210  0.90628037383969773
  0.92211135595917659  0.94117044352150192  0.96523007500255020  1.00000000000000000
 -0.00173672061844627  0.00729726859344262  0.01385099676603756  0.02232955830336828
  0.03013091729939565  0.03777206469754060  0.04527944694528833  0.05442420840489695
  0.06583892231430380  0.07678505239335409  0.08680180777842823  0.09677996099798469
  0.10662323699610454  0.12101306449600802  0.13213939078524514  0.14147756536994383
  0.15047126830671406  0.15910301904111812  0.16904048582198486  0.17779525669161425
  0.18649971335979015  0.19636792842742748  0.20776205661218866  0.22109017022885880
  0.23360751768760729  0.24625882217073886  0.25810516527073496  0.26863730357038945
  0.27845289832915016  0.28704165789626596  0.29865570536640551  0.31016384401643421
  0.32253784407545927  0.33503887688531986  0.34852313495594023  0.36366785370751065
  0.37683061757681841  0.39008022814734689  0.40027468172873609  0.40966119004017332
  0.42093367760793465  0.42999737224911144  0.43809525157825108  0.44538242687836777
  0.45357195684181562  0.46280424005963910  0.47642526122401990  0.48955451775546005
  0.50394126962786601  0.51988560019541064  0.53544219576972485  0.55035197857929652
  0.56472638698397315  0.57868506468905301  0.59303233017034107  0.60730694587426304
  0.61958194388038634  0.62886268531330658  0.63514738459473108  0.64125280278411700
  0.64880421704267754  0.65738919474292368  0.66864997329325171  0.67863228926537789
  0.68768486350892877  0.69752637135450724  0.70746994337593705  0.71700843712702256
  0.72609813118315736  0.73674210566099108  0.74934285620500951  0.76159378786684262
  0.77386931680684090  0.78510792007216557  0.79411900197690266  0.80168897378810655
  0.80861701482493953  0.81686703860738641  0.82485331113749227  0.83356518083892561
  0.84176646011873846  0.84984906392018522  0.85878492515710736  0.86825240467083109
  0.87837568800332178  0.88767058394464604  0.89751555201642175  0.90785904510472182
  0.91748798207406346  0.92711411839515012  0.93731076407074188  0.94873821664673985
  0.96172496904592442  0.97545562770064065  0.98866634292420252  1.00000000000000000
 -0.00971055083489342  0.19026383164107291  0.26324236704927262  0.31641744565769647
  0.35402452910769122  0.39069229715852366  0.41826975234311520  0.44428160120431276
  0.46439115959043842  0.47979221489692786  0.49348517015102650  0.51270722246324019
  0.53240998724546873  0.54712108161495554  0.56059230910806535  0.57444481569002959
  0.58941937685236978  0.60198459172024932  0.61445751483891375  0.62589481738467856
  0.63624813978361638  0.64520452139877282  0.65522843116051765  0.66669344014518472
  0.67725235962959296  0.68538803907120971  0.69264154062430738  0.69948578019283747
  0.70816823357074077  0.71755369343813702  0.72619003960781536  0.73441453285693303
  0.74271232440006429  0.74892202659377216  0.75492606165200316  0.76065554315236705
  0.76641077408342650  0.77325702136465557  0.78061985837674375  0.78738749948856845
  0.79275208746652048  0.79668229096577736  0.80072622849072139  0.80497303913357932
  0.80917436608988791  0.81341430741202159  0.81788476091874329  0.82256736925825258
  0.82720131404441810  0.83183611307333172  0.83544637359857199  0.83877571687965502
  0.84247079496049593  0.84649308097321929  0.85066017906692759  0.85503847930911070
  0.85907903893396886  0.86298485998395058  0.86685977553622429  0.87099461166006753
  0.87562903076142040  0.88018207292696871  0.88410362246314289  0.88783871608459353
  0.89095488817526014  0.89366411919691835  0.89620795759687932  0.89875633408506617
  0.90139728678908837  0.90409714621427917  0.90691889828597005  0.90999177535709508
  0.91311707625147687  0.91632100426629193  0.91941956249895551  0.92222382877996845
  0.92470622933539803  0.92711042597670679  0.92958739969910320  0.93212529427727342
  0.93474535187727548  0.93799467242303325  0.94109296557904132  0.94413401554784071
  0.94723743863353516  0.95057851243012415  0.95439949390119916  0.95809654039021330
  0.96158583860775382  0.96498714348621961  0.96847820183380562  0.97203725648485795
  0.97626855050761807  0.98190353461605961  0.98930975139420685  1.00000000000000000
 -0.01846287921647805  0.12813447362266703  0.17506112406608551  0.21170632346345111
  0.24042750483166828  0.26146773923874345  0.27820837215445604  0.29224289096152278
  0.30487968237722235  0.31628486955469487  0.32698166985994248  0.33566865628443421
  0.34352343015096776  0.35071782488002096  0.35737193115788007  0.36422901017102882
  0.37111874276557588  0.37859008288139523  0.38646813903807758  0.39542236225376215
  0.40629969132754434  0.41640712200041569  0.42491080240805279  0.43200793520813491
  0.43896677533076189  0.44416328034199393  0.44924677171944011  0.45457498865620427
  0.46049149133678052  0.46763043701164009  0.47535289367119676  0.48197979593709966
  0.48776056375259430  0.49366087130782282  0.49892237532519296  0.50357708237102761
  0.50880851785522541  0.51420289805152519  0.51957089828311775  0.52436961422364159
  0.52838697479232255  0.53235016748278541  0.53638533774492336  0.54052259280275627
  0.54554868325964689  0.55045437630056648  0.55470745402424027  0.55908029147486193
  0.56368485366680998  0.56888410987510774  0.57412474159227711  0.57885717943037718
  0.58351267315781563  0.58897787944186530  0.59532840914431207  0.60226266539451678
  0.60916527775983476  0.61549703141698220  0.62127797309917798  0.62652897686413134
  0.63139632485566899  0.63576765637914967  0.64059103728367384  0.64542568343384821
  0.65020495205890128  0.65503448860476043  0.66106562966627613  0.66803704254166796
  0.67575076515082577  0.68287248607471096  0.69040661082256860  0.69820654228653789
  0.70532460596037994  0.71198299961324196  0.71800667496605730  0.72353341253717751
  0.72907367313016691  0.73483335826770046  0.74027387251500743  0.74526279324711986
  0.75065835150180593  0.75627043948667183  0.76171809107586708  0.76718588739950533
  0.77352860454012773  0.78133648578333104  0.79046626925246055  0.79942282523152752
  0.80872822089099505  0.81858733053409460  0.83380007369324116  0.84962193012941212
  0.86487780925303603  0.88315442649030429  0.91476881349824668  1.00000000000000000
   3.3635009332196841E-012  -1.0000000000000000     
 F F F F F F F F F F F F F F F F F F F F F F F F F F F F F F F F F F F F F F F F F F F F F F F F F F F F F F F F F F F F F F F F F F F F F F F F F F F F F F F F F F F F F F F F F F F F F F F F F F F F F F F F F F F F F F F F F F F F F F F F F F F F F F F F F F F F F F F F F F F F F F F F F F F F F F F F F F F F F F F F F F F F F F F F F F F F F F F F F F F F F F F F F F F F F F F F T F F T T F F T T F F T T F F T F F F F F F F F F F F F F F F F T F F T T F F T T F F T T F F T F F F F F F F F F F F F F F F F F F F F F F F F F F F F F F F F F F F F F F F F F F F F F F F F F F F F F F F F F F F F F F F F F F F F F F F F F F F F F F F F F F F F F F F F F F F F F F F F F F F F F F F F F F F F F F F F F F F F F F F F F F F F F F F F F F F F F F F F F F F F F F F F F F F F F F F F F F F F F F F F F F F F F F F F F F F F F F F F F F F F F F F F F F F F F F F F F F F F F F F F F F F F F F F F T F F T T F F T T F F T T F F T F F F F F F F F F F F F F F F F T F F T T F F T T F F T T F F T F F F F F F F F F F F F F F F F
  <DiscreteSampler_grid>
  grouped_processes
  1 # 1 for a reference and 2 for a running grid.
  10 # Attribute 'min_bin_probing_points' of the grid.
  1 # Attribute 'grid_mode' of the grid. 1=='default',2=='initialization'
  0.0000000000000000 # Attribute 'small_contrib_threshold' of the grid.
  0.5000000000000000 # Attribute 'damping_power' of the grid.
 # binID   n_entries weight   weight_sqr   abs_weight
    31   10   3.832937826151122E-004   1.306090112968470E-006   3.832937826151122E-004
    32   10   3.832937826151186E-004   1.306090112968518E-006   3.832937826151186E-004
    34   10   4.955719744208885E-004   2.179094164572639E-006   4.955719744208885E-004
    35   10   4.955719744208964E-004   2.179094164572717E-006   4.955719744208964E-004
    37   10   2.058712193092396E-005   3.767912995779436E-009   2.058712193092396E-005
    38   10   2.058712193092431E-005   3.767912995779573E-009   2.058712193092431E-005
    40   10   2.661770455378449E-005   6.286424757522514E-009   2.661770455378449E-005
    41   10   2.661770455378492E-005   6.286424757522735E-009   2.661770455378492E-005
    43   10   2.058712193092396E-005   3.767912995779436E-009   2.058712193092396E-005
    44   10   2.058712193092431E-005   3.767912995779573E-009   2.058712193092431E-005
    46   10   2.661770455378449E-005   6.286424757522514E-009   2.661770455378449E-005
    47   10   2.661770455378492E-005   6.286424757522735E-009   2.661770455378492E-005
    49   10   3.832937826151122E-004   1.306090112968470E-006   3.832937826151122E-004
    50   10   3.832937826151186E-004   1.306090112968518E-006   3.832937826151186E-004
    52   10   4.955719744208885E-004   2.179094164572639E-006   4.955719744208885E-004
    53   10   4.955719744208964E-004   2.179094164572717E-006   4.955719744208964E-004
  </DiscreteSampler_grid>
