  0.02381530987514281  0.03442221329981718  0.04568721660899547  0.05727495740828005
  0.07015130481130527  0.08289302464229376  0.09504146053247821  0.10668541317692941
  0.11664579331043909  0.12704282981479428  0.13781546606784068  0.14859039000924079
  0.15912612627620459  0.17097360726057673  0.18338624790184310  0.19541124585258365
  0.20698489965934178  0.21982660103757223  0.23298578177708451  0.24427935512656107
  0.25442084169087975  0.26395303555062799  0.27303812626886409  0.28269721408913778
  0.29282465400723162  0.30057582951097300  0.30834831955065717  0.31590422810057373
  0.32281582230986089  0.32880008737075211  0.33466173807958355  0.34127263378240674
  0.34812559568987261  0.35631482341397341  0.36729145567074239  0.37922888075771916
  0.39002218720642912  0.40004349154343760  0.40957568201286637  0.42007483664681949
  0.43104502575379422  0.44221875651138165  0.45345710235365455  0.46394892829387674
  0.47342534993310686  0.48271034676921265  0.49150176748977559  0.50016137376919800
  0.50864045977316052  0.51796476819793424  0.52659365963352001  0.53449168659469304
  0.54253690554303746  0.55323919815211742  0.56351405299562685  0.57307337782500245
  0.58298609446044558  0.59392783180019992  0.60579385338770830  0.61667541904761602
  0.62651011972342108  0.63528953800803145  0.64447705225505192  0.65323286406287018
  0.66189623422368060  0.67121451126632481  0.68174086663260602  0.69276199322134702
  0.70298609404340751  0.71377582349120183  0.72526879910431630  0.73579821345362373
  0.74548970404089121  0.75458163924945132  0.76336416452868883  0.77229469954064467
  0.78103088850280122  0.79010755328204030  0.80073749448137710  0.81159268253405392
  0.82164690501410409  0.82945454280230480  0.83911048568605462  0.84864797104769696
  0.85859360498300641  0.86956579719524540  0.88204216499748178  0.89547031108671704
  0.90807925665910105  0.91747295534768059  0.92882627676227492  0.94102489931344246
  0.95293191173227021  0.96527686215104258  0.97140731387773827  1.00000000000000000
 -0.00000000380715868  0.00000016557788253  0.00000080146262210  0.00000191931798200
  0.00000333524870269  0.00000515159302401  0.00000718986722416  0.00000913279872285
  0.00001098769746770  0.00001271204441208  0.00001442154907801  0.00001618599445224
  0.00001787015126494  0.00001954516677698  0.00002125581084102  0.00002291427025659
  0.00002434357591553  0.00002555219532406  0.00002665625470732  0.00002772737670156
  0.00002878223555671  0.00002980176783915  0.00003084442223870  0.00003190767714103
  0.00003289582955528  0.00003380131256955  0.00003455616175468  0.00003528590032904
  0.00003599071870843  0.00003683065485832  0.00003782403024069  0.00006118469922045
  0.00006293086409760  0.00006405637888960  0.00006506659060196  0.00006595952423568
  0.00006690909567816  0.00006790387480128  0.00006900893418926  0.00007012804002234
  0.00007125525869327  0.00007248768244622  0.00007372989112508  0.00007505150833989
  0.00007649004998726  0.00007797110484259  0.00007974617930722  0.00008167552688017
  0.00008370742034965  0.00008580500957383  0.00008794225964352  0.00009003269132789
  0.00009212573830402  0.00009417772670151  0.00009618754646271  0.00009849783889037
  0.00010091242374809  0.00010329445926453  0.00010578321434786  0.00010833434071419
  0.00011130666016752  0.00011462776822189  0.00011807622071123  0.00012372163603525
  0.00013050305744803  0.00013697519848642  0.00014330639523623  0.00014999743451285
  0.00015778760424083  0.00016720148444262  0.00017686669824416  0.00018625231393496
  0.00019627806149809  0.00020829432879258  0.00022272463371966  0.00024277148864140
  0.00026388380302389  0.00028246710248669  0.00030381047170007  0.00033667598815899
  0.00037175940126453  0.00041017409569223  0.00045618258410010  0.00050210478984466
  0.00055420666152448  0.00061612760945048  0.00068570363206052  0.00076875172436613
  0.00087199186280256  0.00100297357723835  0.00117729850389700  0.00140273230747137
  0.00170186068920647  0.00239519018075419  0.00403315346152174  1.00000000000000000
  0.00826097316042264  0.01890825670325642  0.03181661371092986  0.04398445753102030
  0.05537954769624802  0.06613264610409834  0.07780781750585668  0.08860696593240694
  0.10047762881005702  0.11194632945855182  0.12534148307319506  0.13880289508065322
  0.15003303694476436  0.16064896811947660  0.17042977650357577  0.18021672596803726
  0.18907810704182840  0.19748122863832340  0.20612451489143430  0.21581492550387935
  0.22632895531465283  0.23709182522363395  0.24837475768613212  0.26059797111135835
  0.27603837835225442  0.28796700587714480  0.30012596018767479  0.31109720590931011
  0.32173499646196063  0.33298812856110638  0.34516794435877057  0.35744600256595738
  0.36807562149984058  0.37885984927116867  0.39047910271767183  0.40345892046307924
  0.41745695956304146  0.43092724054476361  0.44381914408006784  0.45534694925250352
  0.46657884258146320  0.47660467478126889  0.48735744813657494  0.49762097437068969
  0.50708085591339813  0.51596076938162505  0.52549442197690155  0.53534928058969555
  0.54629028779419220  0.55817926265042805  0.56978197270024344  0.58220157355912072
  0.59481833791142735  0.60774161862541531  0.61849751061239910  0.62670131269835860
  0.63378787748060939  0.64092467427276045  0.64957057967539422  0.66130724649167749
  0.67214531829733404  0.68221066421448839  0.69292643953664257  0.70607901584430988
  0.72035319334976722  0.73153817269237587  0.74074507403975665  0.74926257793575646
  0.75672690131177589  0.76515100349651988  0.77306569424164528  0.78038464429157783
  0.78672824336124836  0.79333460155880597  0.79987771274525876  0.80689771869962790
  0.81332801259509990  0.82191928141470483  0.83085545627773605  0.84096295446170677
  0.85108467208108673  0.86078723789826028  0.87086085462554053  0.88075200126947784
  0.88928752384437115  0.89744387729957120  0.90601652026838408  0.91565175842122415
  0.92550146481816864  0.93442198052127468  0.94336065625586774  0.95248146782555843
  0.96253456257546810  0.97337906449016642  0.98516786724540750  1.00000000000000000
  0.00131496135497705  0.01424336076383397  0.02794839649047742  0.04290440755544368
  0.05831559479999612  0.07128826560267726  0.08235555682008477  0.09356867261877913
  0.10167442409861685  0.11001730637912643  0.11839485206009796  0.12625407223033350
  0.13524854086979951  0.14449947184830814  0.15395962826842158  0.16383967760239260
  0.17205971733724285  0.18076256847376967  0.18964696275766593  0.20004301991256634
  0.21052318188788680  0.22169292632709267  0.23497579450886505  0.24962997691002486
  0.26488019737323132  0.28001003904431288  0.29346021601274652  0.30502512083291305
  0.31599747187650112  0.32620793019460215  0.33628186658535614  0.34687022632418568
  0.36001049578790800  0.37706290599331377  0.38857140654350014  0.39876556467861340
  0.40896258913017453  0.42095472208241602  0.43293497983745338  0.44363365491926271
  0.45466091307775791  0.46394676348474595  0.47211083431336065  0.48029554352921761
  0.48926302538783911  0.49914565227450686  0.50807207399872711  0.51602683918014036
  0.52452769171567160  0.53393887330835910  0.54516267392590378  0.55767131614557830
  0.57008123544494205  0.58170779770975645  0.59206086747026021  0.60276508055328915
  0.61443315786192942  0.62476401013895788  0.63404411154076012  0.64224410144470900
  0.65257084802402876  0.66402820444853117  0.67796441368270710  0.69094945146155529
  0.70045515319430374  0.71027218302429296  0.71631825724496412  0.72234294593265969
  0.72871583668616235  0.73571860862135996  0.74207343964320827  0.74765763791359918
  0.75345145558768978  0.75995425493395219  0.76741305870016263  0.77947514205370771
  0.79499504448378500  0.81021915602795125  0.82237152434453265  0.83310478262222021
  0.84328957218706968  0.85223258103942368  0.86046150727436055  0.86874566296949218
  0.87739390556288233  0.88878057995270654  0.90014418857519274  0.90990670555844810
  0.91896148099927943  0.92778786266161251  0.93672128415159195  0.94725730451984069
  0.95859786561873983  0.97163424345713356  0.98588208086488427  1.00000000000000000
 -0.00053281569857282  0.00307237724321625  0.00514109433129828  0.00732773482349204
  0.00997450976471367  0.01271736441386061  0.01607482376461957  0.02027623404199783
  0.02442296341442102  0.02814818816082742  0.03239439337801613  0.03712283793010090
  0.04236340201237886  0.04634924179347971  0.05120595239239815  0.05702516629683170
  0.06299723538757165  0.06897844888331756  0.07515491799442661  0.08166685567015924
  0.08869146768572223  0.09694031752897039  0.10729220860749757  0.11677137239937652
  0.12529009892581855  0.13370607796131576  0.14392290668080618  0.15558965011839737
  0.16719618855611959  0.17735183646494251  0.18476302426483179  0.19140876414483637
  0.19884583678664580  0.20621948307059002  0.21263083646564551  0.22295898276218618
  0.23446344617713527  0.24631864364248654  0.25886053993838892  0.27249624233300346
  0.28714265844479325  0.29990713890981957  0.31296518351962122  0.32668099164049663
  0.33796750082871574  0.34801661499103420  0.35660880360901959  0.36357130433166057
  0.37154513730364408  0.37902914234308305  0.38648448490149862  0.39509132515376283
  0.40345136881977589  0.41099678252856248  0.41758885286003783  0.42445741762281558
  0.43312491185950630  0.44189331465260989  0.45059333848069577  0.46019236102695738
  0.47222931787050704  0.48662717514488718  0.50222133011689518  0.51941224087731108
  0.53642182544202188  0.55232865483279781  0.56760507496810897  0.58544968172484513
  0.60431519546246282  0.62365287520181401  0.64317880738924638  0.66143185331621002
  0.67865870443896026  0.69513711150061341  0.71125298545710647  0.72832534031867957
  0.74280509973731423  0.75582579648280124  0.76815852288802566  0.77990395453886685
  0.79151945416973324  0.80277332655091449  0.81618567393514829  0.83019998170981457
  0.84474622796266374  0.85953403694310049  0.87408025762437147  0.88813530466121582
  0.90166124608295140  0.91489260588588472  0.92777543283508357  0.94153476926433588
  0.95549933082595273  0.96982296067100116  0.98494735141967849  1.00000000000000000
 -0.00205789382530042  0.00891529806849223  0.01876242442387552  0.02908939785946741
  0.03959060654932529  0.04970267663531799  0.05919741493181944  0.06826586650901605
  0.07650258650377174  0.08456276557779834  0.09246135678597499  0.10027228454128359
  0.10841793642447524  0.11642120939447223  0.12613495117873125  0.13579436104075263
  0.14641131667770854  0.15724847113707713  0.16927102455135173  0.18219107912964544
  0.19527947935218973  0.20880376166510062  0.22274138413174091  0.23620991456467924
  0.24755514514216362  0.25841629560761875  0.27039588165775363  0.28134287566705379
  0.29295387350226565  0.30370361156549103  0.31285232922188061  0.32091808967593377
  0.32910115314889110  0.33905786276403588  0.35038133501407603  0.36010877306749456
  0.37055112986093419  0.37959884591886844  0.38701799060267328  0.39681340690710631
  0.40686670336888514  0.41608973976068253  0.42452572513074760  0.43320440744442446
  0.44360746980384425  0.45593542571135481  0.46848976283116400  0.47998327307448985
  0.49171537715428637  0.50385401541976238  0.51721128182464560  0.53194366529954962
  0.54589157753262696  0.55896460354058775  0.57154764968977956  0.58294300867495052
  0.59260779477802583  0.60191815979742913  0.60936341012576400  0.61758275656478689
  0.62549273776521175  0.63430817300065279  0.64407942514837191  0.65433306274784464
  0.66510559325223906  0.67618964671902226  0.68747536580190383  0.69926571752124733
  0.71266658183483944  0.72823999496365999  0.74478331316071755  0.75658809062833510
  0.76739929975334764  0.77717489446421084  0.78645442281213351  0.79542667433146508
  0.80431284264811820  0.81358898898353194  0.82629552524161098  0.83803152710861550
  0.84926374052470388  0.86185701192986020  0.87603911146774283  0.88913485605274878
  0.90048037843369022  0.91054178703176114  0.91970371840772436  0.92792762265318651
  0.93644489115285057  0.94484194877073735  0.95267616930031063  0.96002041122415527
  0.96743562475269207  0.97449792970967442  0.98274767417531728  1.00000000000000000
 -0.00245567380480058  0.00895235525768479  0.01901147049771625  0.02944897165211372
  0.04015661248761330  0.05044878117738625  0.05794969278763032  0.06774013478757454
  0.07806576825806959  0.08878702977212315  0.10074346717369873  0.11121344780746879
  0.11900580437993297  0.12593990755419113  0.13304697640647220  0.14114500007751599
  0.14996232290926415  0.15829405497003041  0.16529872356466568  0.17279784416279492
  0.18072957869692730  0.19089542370495180  0.20226655443248787  0.21465629180793450
  0.22803168203271937  0.24135672410715811  0.25515100577819422  0.26809254389259002
  0.27734572236333477  0.28518751653474406  0.29429629768873167  0.30534280333851288
  0.31691834474002528  0.32853520139981668  0.34144914092424089  0.35575495068403340
  0.36745928373380338  0.37895405519089587  0.39080773188006179  0.40245277156931841
  0.41470388922800899  0.42681408279923394  0.43802986980712194  0.44850478566990287
  0.45875676691092782  0.47019362623203320  0.48339330797301938  0.49791235193731564
  0.51203944400104617  0.52547299092245825  0.53862200115565306  0.55082594495182780
  0.56214896967441375  0.57342806876760288  0.58400308120141142  0.59353621610621121
  0.60345768737853478  0.61441840832837236  0.62666017833462573  0.63992277376430451
  0.65182815818249040  0.66439121240230203  0.67402718972946651  0.68292581055597357
  0.69223734511441959  0.70106006277049016  0.70954774856972691  0.71723486269491465
  0.72601673177523718  0.73580168384415434  0.74592107607346059  0.75549932482836757
  0.76465510722370411  0.77379291657417071  0.78356720190388995  0.79442629569519285
  0.80685721975248748  0.82114381614651677  0.83409203806483279  0.84407528579781310
  0.85384148786541791  0.86412031196057260  0.87384334337730207  0.88170585136492774
  0.88883043381135318  0.89637721276190752  0.90603475543339862  0.91818821718855859
  0.92946039755852949  0.93965946054376903  0.94972475257775557  0.96099570617315877
  0.97194387367440116  0.98226812703914257  0.99110148074165583  1.00000000000000000
 -0.00200647352768710  0.00717995700872902  0.01669384373113904  0.02742021992141556
  0.04085720283983562  0.05329236252969928  0.06575822793680690  0.07612048781364003
  0.08666242095864636  0.09656487614635238  0.10702300492569379  0.11858403087176751
  0.13072994449324829  0.14261017209681040  0.15274058812520522  0.16166901681599499
  0.17065656355813913  0.18035897453346114  0.19092135330585372  0.20180597066225645
  0.21204657452838951  0.22178368088821049  0.22985230351785793  0.23728257892024143
  0.24530887467221915  0.25503057090873638  0.26477412547137863  0.27495284572355622
  0.28595644916354657  0.29737780992377150  0.30746950498825748  0.31796778288070676
  0.32944588790248464  0.34185598399732253  0.35457234387090203  0.36686757048845808
  0.37889484980856514  0.39048109023218225  0.40315722793091108  0.41539781543836962
  0.42601129347487232  0.43600580666838756  0.44676287531322434  0.45971880656730524
  0.47545999193084493  0.49027008083189016  0.50263202421665376  0.51434182301792775
  0.52509135230988258  0.53596671579785315  0.54677404444895783  0.55654867764504401
  0.56747802360518929  0.57869387195982480  0.58979165458271754  0.60060226366059821
  0.61028953302965994  0.62010294184635117  0.62998079982031385  0.63937367140444468
  0.64802090565180792  0.65552871426797432  0.66426422033663179  0.67299893261452148
  0.68255831643579146  0.69242298758535992  0.70222635875063877  0.71176725254428108
  0.72219515012306357  0.73227091339926054  0.74295001957461704  0.75228634806329708
  0.76004578785689281  0.76756246764712233  0.77549849398812332  0.78371493441327733
  0.79229938359370766  0.80214945346232391  0.81589932448779601  0.83588454640526078
  0.85332890625101643  0.86793292927948396  0.88206925294111271  0.89674310460982765
  0.91071392126005224  0.92558805362046015  0.93671575145376340  0.94437013772691791
  0.95128261721795060  0.95849473081003400  0.96596702886271668  0.97364672523810292
  0.98055136879805016  0.98691903625407140  0.99372079999355112  1.00000000000000000
 -0.00251028204129778  0.01108048022077293  0.02293316371418513  0.03353070080175591
  0.04590706061012045  0.05699174199154045  0.06725663286687912  0.07546335655080012
  0.08363184739802867  0.09271147972636140  0.10299356927021387  0.11360659081716638
  0.12357806059481256  0.13399080189397272  0.14460420121843656  0.15395365022702712
  0.16298125692338830  0.17208189651599101  0.18220588000253699  0.19070074644005827
  0.19889918035968629  0.20762912698573777  0.21733181230597801  0.22693405358804300
  0.23731168075708145  0.24777432927921661  0.26013484554799360  0.27174078022483411
  0.28279576907738890  0.29324634140708428  0.30338951805651881  0.31463124414366800
  0.32567487616502871  0.33760389204434255  0.35053219538767338  0.36438067849073091
  0.37894958942762108  0.39284450896761319  0.40424576924189104  0.41342846095262975
  0.42264277178381671  0.43195836273350707  0.44144812647649934  0.45144406717033642
  0.46219930430526068  0.47471871677331973  0.48755322398577894  0.49881739666700964
  0.51140768930857949  0.52432988806511616  0.53815817132943433  0.55256733557873439
  0.56525671400274236  0.57588728395388067  0.58700169960708304  0.59830990898066794
  0.60799732143499685  0.61626418070466649  0.62468312335362908  0.63575792521666064
  0.64655281616937810  0.65556194463955586  0.66451898670454024  0.67499121287009700
  0.68647411353789900  0.69679119149855373  0.70657217575366527  0.71552686248516073
  0.72411446336136487  0.73390477552260336  0.74358301618248335  0.75270452525432863
  0.76312501426938273  0.77607446006922642  0.78992841942444103  0.79994307490014416
  0.80758078669863242  0.81574051565244865  0.82405304337152041  0.83056211080058973
  0.83590707813858933  0.84151086575860679  0.84810500220531893  0.85642762665511585
  0.86656441802624362  0.87783101038325706  0.89213252754151762  0.90753143549219284
  0.92301341452529628  0.93867516259114259  0.95092561055651637  0.96211065909666871
  0.97240294602684640  0.98159349581548661  0.99092369009172121  1.00000000000000000
 -0.00354261327001612  0.01309985773747297  0.02676639831885509  0.03947383062413950
  0.05376784049405876  0.06872366766483520  0.08200495806721678  0.09555806900287316
  0.10809202829106013  0.12007013719855399  0.13307966998889253  0.14539321260281290
  0.15685039895203717  0.17007910596717396  0.18515292536163475  0.20059015557748927
  0.21358531073324863  0.22534843375773739  0.23547367471616654  0.24428038660069967
  0.25315140541653980  0.26252573832501813  0.27281017721931955  0.28413742039702100
  0.29616204840020144  0.30733659106212535  0.31860970551550544  0.32959446915604268
  0.34014740801966359  0.35128685421187605  0.36231322081559236  0.37192191833337640
  0.38107713904441370  0.39109748057549537  0.39965469501008782  0.40690082897906099
  0.41400993402266861  0.42171787139520212  0.42940800059307743  0.43630678881944301
  0.44360189674527228  0.45304852293494119  0.46134720520379574  0.46785589427482621
  0.47383653833911793  0.48048512975040336  0.49015970036949907  0.50101892296358363
  0.51186678415615972  0.52384553256779431  0.53670427866787851  0.54869124045825368
  0.56027205368809307  0.57259231221316842  0.58459657321894809  0.59530097893744960
  0.60568844404868938  0.61433968435574593  0.62185190688005709  0.63043826353694732
  0.63918368058348241  0.64832606022240469  0.65714681365236904  0.66602866158539498
  0.67538214833829757  0.68608557274499438  0.69699497928872944  0.70589381127756212
  0.71599980526723983  0.72692234142319168  0.73815921940592955  0.74940553596508408
  0.76074357860154462  0.77192253459590054  0.78279289888240311  0.79364784860136384
  0.80374804785209708  0.81396235135795736  0.82379815644639787  0.83355986838629947
  0.84263502581400151  0.85098032787360767  0.85948929807888241  0.86853467238230408
  0.87793341279271775  0.88841607143303924  0.89872985450585019  0.90950555569853986
  0.92025792126697170  0.93105169979222724  0.94194599364109077  0.95350060923841939
  0.96458436732112651  0.97514945254355878  0.98765891641345849  1.00000000000000000
 -0.00161640158092296  0.00654445044439291  0.01444960379999050  0.02275341240396079
  0.03128726424127806  0.03964561880850667  0.04816313973818897  0.05672750739547061
  0.06467296724897099  0.07141333145740952  0.07740593967043548  0.08299009507243042
  0.08867912108456300  0.09514852296198217  0.10249123889754296  0.11054284070758880
  0.11898158607107708  0.12812337485456765  0.13761705069352509  0.14677740272219444
  0.15590921781967967  0.16448906931456239  0.17287710085389391  0.18122591024340307
  0.19121554639492525  0.20183985385224118  0.21351713332725963  0.22620873979705322
  0.24078779096339989  0.25349082945691953  0.26448971841993041  0.27374078749550546
  0.28254291139268461  0.29076385786005604  0.30067546552657121  0.30988764001996050
  0.31992737584236264  0.33126999707485244  0.34237423575872983  0.35316944732176730
  0.36601038312850509  0.38036276763914584  0.39526702482458798  0.41563218491716142
  0.43619001593166179  0.45065500375204826  0.46334446261425660  0.47605535803050630
  0.48833240649778575  0.50265183510728251  0.51717148861016293  0.53195234343435349
  0.54612727448198062  0.55895539159499408  0.57195766933937175  0.58373417511944259
  0.59481672254617124  0.60536282610090386  0.61396930051273468  0.62288461413780616
  0.63335188644110541  0.64256503053030689  0.65586544049549922  0.66990169081572770
  0.68383046673031944  0.69847910412454428  0.71368605791565920  0.72722607222443958
  0.73708177003984476  0.74666575253251599  0.75669346841980900  0.76520051163593517
  0.77311228684365563  0.78061501664791000  0.78820043867027656  0.79686169522379047
  0.80643648380948674  0.81685196944543537  0.82661917970897603  0.83614659736472730
  0.84607939852719782  0.85814276389295319  0.87289731230320178  0.88670639713116117
  0.89711342727800780  0.90556189971480339  0.91363624466828330  0.92120639788781133
  0.93105282907104758  0.94019778172472646  0.95061565895984856  0.96102740990941893
  0.97258430485675362  0.98315761294422466  0.99178803737427335  1.00000000000000000
 -0.00150428554578555  0.00772777575242570  0.01504293644577481  0.02269054767693027
  0.03042581559725933  0.03865459815645313  0.04682964026523548  0.05378019424409571
  0.06092820471517378  0.06960131932973009  0.07914737132738257  0.08774246304985076
  0.09514354005222021  0.10405161438521961  0.11372962292613206  0.12351483641708558
  0.13370497998482772  0.14431224028762052  0.15837441190507243  0.17082690580084181
  0.18068775859034139  0.18964901021738240  0.19902737217797350  0.20920591379818834
  0.21947458517242863  0.23033306623944039  0.24190994892878548  0.25343859719342787
  0.26433974907581570  0.27501595569612958  0.28615195855051817  0.29620047353934853
  0.30526015822672137  0.31456390561979536  0.32332545805874779  0.33253994018643734
  0.34131962486536643  0.34954660735467014  0.35911784903481597  0.36929725629551530
  0.38000923153621041  0.38980180063678505  0.39845267817740354  0.40664174225178901
  0.41580873482724601  0.42648930744614960  0.43726897843594886  0.44764052272324961
  0.45797450130365791  0.46798254686026136  0.47710569166597794  0.48559790141077086
  0.49369979724267904  0.50216135442892840  0.51080452051233505  0.52166148830955883
  0.53720717474296997  0.55410541211713360  0.56960743967825667  0.58365509206724042
  0.59791175987563017  0.61300464890265993  0.62799675363535357  0.64247750220310007
  0.65522036778074555  0.66631928464377654  0.67787625337290902  0.68962121089045392
  0.70196813806536729  0.71551270968788006  0.72853113255426338  0.74167408230291265
  0.75553678178797057  0.77028603644388727  0.78506546882969797  0.79898127703479849
  0.81143847565207639  0.82258260839419828  0.83291744795872036  0.84232496806265433
  0.85370401024583120  0.86191518253282573  0.87034313771189831  0.87840070809719772
  0.88808029272698152  0.89753276121666181  0.90727809925410596  0.91773151035199374
  0.92900031383733928  0.93971265845604313  0.95032277396644671  0.96160566001560310
  0.97445601407616367  0.98362172142071980  0.99223760182366505  1.00000000000000000
 -0.00465791689367195  0.02076071516312171  0.03696264804683745  0.04963683992354241
  0.06097206373269237  0.07204943629196384  0.08406314353205123  0.09522399628661041
  0.10787968522233768  0.12031274394954630  0.13221649790508982  0.14447990634245142
  0.15738017496716689  0.16923874959736213  0.17954834901899486  0.18898149785719739
  0.19887336986972165  0.20864177420073646  0.21788644038506158  0.22723698266470432
  0.23691245070117564  0.24570259027271160  0.25474070275524541  0.26427489594859965
  0.27326025949042920  0.27986445113910557  0.28651774008557584  0.29289456459097341
  0.29972594776717143  0.30724623587440719  0.31518302457885611  0.32381257121350027
  0.33413009989775105  0.34526293990247670  0.35813742804439125  0.37174646512877918
  0.38407623069305186  0.39575535329723055  0.40768499699677607  0.41944994717159578
  0.43009193884915004  0.44011503760939258  0.44999325128926099  0.45811091925673608
  0.46629727535198168  0.47442563323859288  0.48265299983490756  0.49050702267793467
  0.49815466735999198  0.50565476335229986  0.51275100645758775  0.51952027417062241
  0.52659626387507008  0.53472711046907506  0.54529833597249022  0.55845258710052414
  0.57256697375075094  0.58612147643154866  0.59712702587408417  0.60508412317132076
  0.61121602105137696  0.61746842442001870  0.62343689241287659  0.62884972701860298
  0.63368095680211900  0.63926472164722870  0.64520156419177965  0.65313354040714722
  0.66182169935693447  0.67148348530120239  0.68269598996982561  0.69515670951600383
  0.70994889897688029  0.72489896053404301  0.73680928519131927  0.74581997394045185
  0.75487371237979795  0.76359702636358295  0.77232146697702519  0.78114113233024862
  0.79019084143208240  0.80118923751776672  0.81396557232327371  0.82791931373084604
  0.84090594093098026  0.85177029151199302  0.86316627146110336  0.87397542277491291
  0.88684057250545389  0.89840983805401986  0.91458682603084662  0.92999465945913373
  0.94679403858966860  0.96275383826861927  0.98109084942884983  1.00000000000000000
 -0.00362251727537329  0.01621148854540083  0.02996347761447738  0.04323925961576085
  0.05869756471981277  0.07413061869930876  0.09039587122950939  0.10342342163193116
  0.11886989027067239  0.13511737664157072  0.15005832669271840  0.16458447169225093
  0.17867292830103601  0.18943218376195106  0.19777115728939848  0.20544073385506254
  0.21381606350248053  0.22288281820045705  0.23284547469396222  0.24401497594400084
  0.25544129979723457  0.26604127816008860  0.27635416475760527  0.28485083214237383
  0.29455084375298601  0.30528689094412204  0.31587274106057905  0.32552527157578581
  0.33482730553953854  0.34367390401755005  0.35277305902319628  0.36219492484820554
  0.37262881151007532  0.38487129986698893  0.39845363103697257  0.41233493501562146
  0.42490234831320223  0.43612181919539489  0.44713018488395284  0.45956048556766316
  0.47310963636955933  0.48934281647221800  0.50496726310164541  0.51999259802399334
  0.53428609177719855  0.54814528746050806  0.56115117085706867  0.57268158028399907
  0.58346674490098815  0.59497534473760683  0.60590607876986957  0.61449575790025801
  0.62150019811596591  0.62758331445745386  0.63376983780544449  0.64008108017920751
  0.64808528204393623  0.65624218455986338  0.66474082978525584  0.67421633982234064
  0.68422510069076425  0.69477731858306557  0.70531600521247495  0.71587490031813672
  0.72638076389205974  0.73474001405802902  0.74265436920590600  0.75001610105196015
  0.75820212123878916  0.76702753159137804  0.77643103043483219  0.78567195822379343
  0.79528832924844384  0.80688119317962648  0.81734362026068741  0.82711025476779876
  0.83570468255851593  0.84405060363919471  0.85243663554410043  0.86160032274531595
  0.86987469807855955  0.87740068744404398  0.88474282822444061  0.89237738562931568
  0.90074987886857072  0.90995310807752550  0.91902896129648903  0.92671594019191406
  0.93444352817102327  0.94268116214138109  0.95196948227341294  0.96154091828860822
  0.97141886508104625  0.98010140661764267  0.99029582571003660  1.00000000000000000
  0.02158305467124382  0.17932702623513300  0.22854571938463547  0.26126138261542653
  0.29099536502537909  0.32047574973196191  0.34831217034066647  0.36823969978378218
  0.38474787705277541  0.40035184694075265  0.41544310587401345  0.43449409662679594
  0.45421123100192490  0.47269165926604972  0.48753272885544308  0.49978545078786146
  0.51202466750857156  0.52332581800463240  0.53329315811364231  0.54308374006528326
  0.55385623904474968  0.56472762054466441  0.57535867699150778  0.58536284977192043
  0.59595465805460024  0.60635276556040307  0.61569571136214818  0.62425840778597741
  0.63309170540605486  0.64216700892609802  0.65160286481424501  0.66076968796304314
  0.66893284704722467  0.67795726733153139  0.68691838926650417  0.69458129195317986
  0.70078680256077741  0.70608779433488944  0.71123641969821372  0.71675271349145120
  0.72279907015104750  0.72957195261405583  0.73560874177926516  0.74099456418286302
  0.74668876855229382  0.75245334403217545  0.75780691590980587  0.76233320535856053
  0.76646638807431167  0.77096293926608106  0.77582470114631907  0.78107571752022242
  0.78627511867138056  0.79122436591020295  0.79625205374175190  0.80085598339464192
  0.80566618743191998  0.81023052333529932  0.81464751236455790  0.81911471010991577
  0.82356852029621930  0.82822153387781194  0.83286375624781617  0.83738306648854399
  0.84171790358836829  0.84597424686127687  0.85028306194535941  0.85465482506277057
  0.85924675496066627  0.86380967659382857  0.86810244936480419  0.87242825156602855
  0.87723600515478617  0.88233081553360848  0.88729845324972245  0.89216987498872058
  0.89669720867286962  0.90066347504137623  0.90435623031210655  0.90806673601757859
  0.91211977821126378  0.91564626428565232  0.91916646659699508  0.92246249374439160
  0.92580945173386509  0.92916632391585119  0.93294553411122327  0.93708305975830031
  0.94257833704272564  0.94786599677961259  0.95246548764763694  0.95685241460240289
  0.96175420432906278  0.96790339567022454  0.97655607804659972  1.00000000000000000
 -0.01866092023648484  0.13420248047421501  0.20053204156214460  0.24205277571390707
  0.26846257230289211  0.28413812684473166  0.29816814003032943  0.31386969334095788
  0.32881518184255931  0.34108474378282155  0.35234773973305272  0.36397752308202524
  0.37667727022293107  0.38843709339173543  0.39997906818815371  0.41276276704167519
  0.42475538532779789  0.43532296576696944  0.44393961285330619  0.45157325220994965
  0.45971632979242127  0.46760100456587061  0.47470819394587283  0.48119456632694579
  0.48729344242039369  0.49334279633007622  0.49976702393479883  0.50680516309515167
  0.51426348999309823  0.52107629288455792  0.52660393666133609  0.53197947813563018
  0.53761928216580879  0.54243896296391192  0.54635201903614827  0.54998234469471008
  0.55346913595182479  0.55711470643544825  0.56103176256025467  0.56513867449255106
  0.56905158742660600  0.57259911992413692  0.57619663869921112  0.57995854239896583
  0.58439066398891648  0.58977377817594856  0.59557095514033931  0.60124041532094752
  0.60636440397356539  0.61114776189427455  0.61613956321604002  0.62096526486000647
  0.62592567422946888  0.63063779085283223  0.63510915250520650  0.63989186959250244
  0.64439780030306970  0.64888795827426915  0.65333543911110370  0.65776874809341912
  0.66262541186573487  0.66763922639407669  0.67301289187035884  0.67854082061057996
  0.68413040018444049  0.68991838492936797  0.69595502088062700  0.70176622715811543
  0.70694985888179285  0.71193798519264573  0.71695334847084680  0.72209333840007639
  0.72789260315012450  0.73431529954765984  0.74096970344579516  0.74807442898512821
  0.75525896805369486  0.76221887511033526  0.76802660162034908  0.77284396006897527
  0.77725657366164835  0.78193005995142362  0.78764948572012883  0.79427472468742577
  0.80131693667046244  0.80849377212671814  0.81602104124934671  0.82481231235583563
  0.83639696604172020  0.84876639761718664  0.86054264371401157  0.87251760554628255
  0.88428806036903895  0.90004063641271514  0.92308529015977947  1.00000000000000000
   8.9314410701742065E-012  -1.0000000000000000     
 T F F F F T T F F T T F F F F T F F F F F F F F F F F F F F F F F F F F F F F F F F F F F F F F T F F F F T T F F T T F F F F T F F F F F F F F F F F F F F F F F F F F F F F F F F F F F F F F F F F F F F F F F F F F F F F F F F F F F F F F F F F F F F F F F F F F F F F F F F F F F F F F F F F F F F F F F F F F F F F F F F F F F F F F F F F F F F F F F F F F F F F F F F F F F F F F T F F F F T T F F T T F F F F T F F F F F F F F F F F F F F F F F F F F F F F F F F F F F F F F T F F F F T T F F T T F F F F T T F F F F T T F F T T F F F F T F F F F F F F F F F F F F F F F F F F F F F F F F F F F F F F F T F F F F T T F F T T F F F F T F F F F F F F F F F F F F F F F F F F F F F F F F F F F F F F F F F F F F F F F F F F F F F F F F F F F F F F F F F F F F F F F F F F F F F F F F F F F F F F F F F F F F F F F F F F F F F F F F F F F F F F F F F F F F F F F F F F F F F F F F F F F F F F F T F F F F T T F F T T F F F F T F F F F F F F F F F F F F F F F F F F F F F F F F F F F F F F F T F F F F T T F F T T F F F F T
  <DiscreteSampler_grid>
  grouped_processes
  1 # 1 for a reference and 2 for a running grid.
  10 # Attribute 'min_bin_probing_points' of the grid.
  1 # Attribute 'grid_mode' of the grid. 1=='default',2=='initialization'
  0.0000000000000000 # Attribute 'small_contrib_threshold' of the grid.
  0.5000000000000000 # Attribute 'damping_power' of the grid.
 # binID   n_entries weight   weight_sqr   abs_weight
    127   10   7.714452479756609E-006   5.766921604826192E-010   7.714452479756609E-006
    128   10   7.714452479757966E-006   5.766921604828249E-010   7.714452479757966E-006
    130   10   3.085487086452602E-005   9.225082043361591E-009   3.085487086452602E-005
    131   10   3.085487086453146E-005   9.225082043364892E-009   3.085487086453146E-005
    133   10   3.919195787924447E-005   1.485930021217233E-008   3.919195787924447E-005
    134   10   3.919195787925184E-005   1.485930021217802E-008   3.919195787925184E-005
    148   10   3.920871197668496E-005   1.487243460350817E-008   3.920871197668496E-005
    149   10   3.920871197669235E-005   1.487243460351387E-008   3.920871197669235E-005
    163   10   3.920871197668496E-005   1.487243460350817E-008   3.920871197668496E-005
    164   10   3.920871197669235E-005   1.487243460351387E-008   3.920871197669235E-005
    178   10   3.919195787924447E-005   1.485930021217233E-008   3.919195787924447E-005
    179   10   3.919195787925184E-005   1.485930021217802E-008   3.919195787925184E-005
    181   10   1.237300466429619E-005   1.477564083889404E-009   1.237300466429619E-005
    182   10   1.237300466429664E-005   1.477564083889515E-009   1.237300466429664E-005
    184   10   4.948570949155321E-005   2.363416809507845E-008   4.948570949155321E-005
    185   10   4.948570949155502E-005   2.363416809508021E-008   4.948570949155502E-005
    187   10   9.855318840693574E-006   9.403633495735111E-010   9.855318840693574E-006
    188   10   9.855318840695326E-006   9.403633495738503E-010   9.855318840695326E-006
    190   10   3.941752700512218E-005   1.504256469167861E-008   3.941752700512218E-005
    191   10   3.941752700512921E-005   1.504256469168405E-008   3.941752700512921E-005
    193   10   5.006979583064123E-005   2.422982856694023E-008   5.006979583064123E-005
    194   10   5.006979583065075E-005   2.422982856694960E-008   5.006979583065075E-005
    208   10   5.009120754441685E-005   2.425124566974012E-008   5.009120754441685E-005
    209   10   5.009120754442637E-005   2.425124566974950E-008   5.009120754442637E-005
    223   10   5.009120754441685E-005   2.425124566974012E-008   5.009120754441685E-005
    224   10   5.009120754442637E-005   2.425124566974950E-008   5.009120754442637E-005
    238   10   5.006979583064123E-005   2.422982856694023E-008   5.006979583064123E-005
    239   10   5.006979583065075E-005   2.422982856694960E-008   5.006979583065075E-005
    241   10   1.580787687223891E-005   2.409344292381943E-009   1.580787687223891E-005
    242   10   1.580787687223953E-005   2.409344292382134E-009   1.580787687223953E-005
    244   10   6.322346106777610E-005   3.853832763697886E-008   6.322346106777610E-005
    245   10   6.322346106777855E-005   3.853832763698188E-008   6.322346106777855E-005
    250   10   7.714452479756609E-006   5.766921604826192E-010   7.714452479756609E-006
    251   10   7.714452479757966E-006   5.766921604828249E-010   7.714452479757966E-006
    304   10   1.237300466429619E-005   1.477564083889404E-009   1.237300466429619E-005
    305   10   1.237300466429664E-005   1.477564083889515E-009   1.237300466429664E-005
    310   10   9.855318840693574E-006   9.403633495735111E-010   9.855318840693574E-006
    311   10   9.855318840695326E-006   9.403633495738503E-010   9.855318840695326E-006
    364   10   1.580787687223891E-005   2.409344292381943E-009   1.580787687223891E-005
    365   10   1.580787687223953E-005   2.409344292382134E-009   1.580787687223953E-005
  </DiscreteSampler_grid>
