   0.0000000000000000        0.0000000000000000        0.0000000000000000        0.0000000000000000        0.0000000000000000        0.0000000000000000        0.0000000000000000        0.0000000000000000        0.0000000000000000        0.0000000000000000        0.0000000000000000        0.0000000000000000        0.0000000000000000     
  0.26179015177990317       0.27008562373672651        1.0386619964873476E-002   1.5444136164508663E-002   1.7061624090827277E-002   1.5957284580054767E-002   1.1651098362437759E-002   1.6586626983454318E-002  0.20335457361229753        7.9465229895468587E-002   6.3982104967041778E-002   7.3567702093698589E-002   1.6957239345892734E-002
  0.55184447113421975       0.55184447113421975       0.61595982487148948       0.60643938382627360       0.67999350114706836       0.59700359715808160       0.66645187548413076       0.65700700894514841       0.55184447113421975       0.55432365835671593       0.57397689587546130       0.59848867261420002       0.68221863372724800     
  0.31179270862747815       0.30417986778162881        2.0785386609890218E-002   3.0816362097728728E-002   3.4139216151365684E-002   3.1830258649806834E-002   2.3422026482831804E-002   3.3160685486692140E-002  0.34691078234375000       0.13200267071589658       0.11810027118171676       0.13383612401349668        3.3851335696787478E-002
  0.91549899762700027       0.69869899962846393       0.59116447402028682       0.66537292287809435       0.66406862647859166       0.59147640021707348       0.56872258707376855       0.70591405867346679       0.88200154919913698       0.66093278188971660       0.66345751544948750       0.72057403058791913       0.64762249955894891     
  0.34296570753178895       0.33630995606170472        3.1150811716645917E-002   4.5857288699996474E-002   5.1080095851417734E-002   4.7786435576150851E-002   3.6167729040652866E-002   4.9585788633101063E-002  0.39162280880459194       0.15635540803684145       0.15451012450660287       0.17556558547374343        5.0288512767841687E-002
   1.0967674897122470        1.3268610572492816       0.58160850150076904       0.59234729018905707       0.66903589536208796       0.60992484220301668       0.67887678274522900       0.60072294313859309       0.66399941039949817       0.60893186791772269       0.58916391135261514       0.83427841305822137       0.62896646053721950     
  0.36036105659585033       0.35301878533798198        4.1520398082843753E-002   6.0937415830030345E-002   6.8189862937091630E-002   6.3852882007624623E-002   4.9137092744595358E-002   6.5514643192021313E-002  0.43034322672114605       0.17590802112619619       0.18401479531049553       0.21168127574920204        6.6754057267120470E-002
  0.67168480588793611       0.72852434372158859       0.66939464876486243       0.62613466485715297       0.59854273308628059       0.60577956904222885       0.65530764580532319       0.61905371339758608       0.66658278296999052       0.62143766546941992       0.79971311970516723       0.77570835347455158       0.64248637322811764     
  0.37270814958185583       0.36326323660965193        5.2535470863155138E-002   7.6550211698708154E-002   8.4503994189193632E-002   7.8893879227738786E-002   6.2673755840129575E-002   8.1293535607318473E-002  0.45352491774204590       0.19065146890304752       0.20739753642901806       0.24071762217191531        8.2264536197660332E-002
  0.58880776596068796       0.60179134077409602       0.63175484946706462       0.65573716665416037       0.65320422266812173       0.58875586059451257       0.63846117658488510       0.61424330063279631       0.60458674248942423       0.70516436662227455       0.60865556732981174       0.65605998877015825       0.62644172736062120     
  0.38532358438702852       0.37463838640185648        6.3432989809066573E-002   9.1938705729478085E-002  0.10070484162037617        9.4013882453818698E-002   7.6414888772380216E-002   9.6993069953926841E-002  0.47600128987700685       0.20429259513513973       0.22948094124646606       0.26762476183280487        9.7735528455651394E-002
  0.62627100968947869       0.61832797458140243       0.60169133455885304       0.59237430328602614       0.65929799077108231       0.64008709160328792       0.64485531485710401       0.58823327049107454       0.56963940088455445       0.70413985207493490       0.65461590451711960       0.62984884619486814       0.58612980809444637     
  0.39751500934077255       0.38584801558751897        7.4074094458209075E-002  0.10759233657941246       0.11693602471488811       0.10957738304249157        9.0083485232179558E-002  0.11324131036874747       0.49519427458550491       0.21629301184698932       0.25041170978039390       0.29217209769942104       0.11383507571923031     
  0.56450288852037234       0.57941418257301491       0.59239691871407130       0.56394761572268282       0.68206077714836688       0.73889676423281436       0.64185009169343021       0.65629685097736223       0.60093526809265652       0.63047669023148500       0.73852295975381954       0.74035226922011943       0.63785393923815337     
  0.40951054668666731       0.39712927802146442        8.4707344293415143E-002  0.12323681308126118       0.13325669667820550       0.12506451437207591       0.10379483888278000       0.12983146272503635       0.51397987683540247       0.22753593272786810       0.27077066784750409       0.31521869075413206       0.13006656000168088     
  0.63658687909333489       0.58586456741570714       0.63537755323989198       0.67054111494987134       0.59977678197040118       0.59233142692089213       0.59476791661092288       0.62937542020578330       0.56295601830337605       0.64423488428074571       0.65323771533206676       0.67602114234748434       0.67231598134513393     
  0.42111390357115058       0.40851845020810451        9.5261878537051564E-002  0.13914553748792491       0.14923339261803495       0.14075311859729869       0.11758950150082377       0.14539040958450447       0.53215171970678732       0.23728290293132004       0.29044453738450587       0.33653088973736400       0.14583927952409331     
  0.57448900686004112       0.62154964078027930       0.56742304136745791       0.59824156804608808       0.59006504936973159       0.61499155947437179       0.61059495910984618       0.63756433555898573       0.63150583965541507       0.65897657765050099       0.58862107121600582       0.63234782845464022       0.58333494374425543     
  0.43280340897254765       0.41983765720660804       0.10609702184909990       0.15486377787155420       0.16526799187210295       0.15637036177408095       0.13152021272395653       0.16069443670021821       0.54891195746544186       0.24686640120355011       0.30982757826337265       0.35650664000833004       0.16157731197984584     
  0.64704357488314623       0.65817411428106098       0.55396499740428629       0.67187331519094040       0.65290486192491937       0.61142372943012846       0.64017671539136545       0.59091882762410586       0.61921628930363348       0.62742187386993542       0.63613711277789819       0.60981488401402584       0.60626354480417777     
  0.44455743459414743       0.43111904218722780       0.11791029038251531       0.17062744620234413       0.18053346320035141       0.17251107829303003       0.14574751195579230       0.17591390700345275       0.56412099081782774       0.25575996667768508       0.32853353169917410       0.37531988336639999       0.17758026418336062     
  0.55184447113421975       0.61611281867771461       0.64002087060855894       0.68587052159573569       0.63618153759417617       0.57911969047698830       0.55598861089247231       0.62261430968219278       0.59489157761196509       0.62686966011833600       0.63600711484868144       0.64167861469312459       0.58915664032153336     
  0.45630154151087099       0.44229642483941750       0.12983620389346087       0.18638271193538064       0.19545282652468562       0.18885885366551547       0.16021406239071009       0.19111007173807854       0.57901825387228600       0.26450437165119228       0.34672658803939976       0.39310217024078170       0.19365140056187577     
  0.67334479834469019       0.59248900425871542       0.62067308432463486       0.59126818112490576       0.61050507467968607       0.61290699922912195       0.70553185766520110       0.61123428801191548       0.60081932460958509       0.65480342266502001       0.61021105170521361       0.59923688056535662       0.67094696272727372     
  0.46805066308279225       0.45330212922010915       0.14279448066904030       0.20243493144101696       0.21091431907038155       0.20481690525206236       0.17502957185545237       0.20630225419011827       0.59358865374887737       0.27265361519866266       0.36403680620229856       0.41006443313207541       0.20880075053094310     
  0.65496893077170470       0.59098406866583020       0.65235221638923591       0.57997121348180281       0.57297051934013343       0.63184221102327731       0.67841720823980900       0.62140132463935216       0.58886903811358793       0.68043284942321380       0.58523478580874511       0.61302479979676516       0.64498084580311799     
  0.47965729707305649       0.46436016237497296       0.15574706523910944       0.21843428287646224       0.22639711639393159       0.22080071571112708       0.19006292926357848       0.22162967445527673       0.60710432321717123       0.28076675318506278       0.38098932051012196       0.42669466378710402       0.22403388955362832     
  0.59353287855732806       0.66501494654257032       0.63065370335547943       0.61187003881287616       0.57184776644906310       0.71427567037887263       0.65286552656210284       0.63196579627732952       0.57209781105673296       0.68576242422807132       0.62356750840251673       0.61535928320286093       0.59759744056104158     
  0.49113463935986446       0.47545110436027915       0.16900436939005403       0.23410958383654965       0.24295688644689739       0.23716062030890250       0.20511595170398000       0.23677052113927480       0.61969305001772579       0.28857739373067087       0.39779590008442067       0.44313721663225847       0.23943260160778457     
  0.62241588434271666       0.59133857569656567       0.66350666843626749       0.60712380624971929       0.62091254906088234       0.63553648663545581       0.65682778318980461       0.62696465307422422       0.57519382825937737       0.66336420424561282       0.60204628818073613       0.58858966647476674       0.62079504805636676     
  0.50256284648304361       0.48645903328316609       0.18236288999783240       0.24982295555060252       0.25972079309469998       0.25342031381094809       0.22036838375523018       0.25167872650784090       0.63215897339737093       0.29620388252265217       0.41459777959837529       0.45899189846652111       0.25497648165617887     
  0.57250783298908225       0.63464825604114627       0.64618643030796397       0.60673216454186873       0.62869763829565972       0.59766902124351717       0.62201307868386158       0.58683582450517202       0.63301647705054931       0.59098128316003329       0.60171631702916817       0.68775010841554274       0.67530134680050435     
  0.51386689475138014       0.49740196143615600       0.19645549252821035       0.26546875359704608       0.27598248899735445       0.26920575726762380       0.23622064992555603       0.26713996390928502       0.64448329417580719       0.30347036355177642       0.43148461093251583       0.47428647440572935       0.27025911915854528     
  0.60787066402684831       0.60752995771774210       0.60913906559062136       0.61863474568097998       0.68432802143985005       0.70631875562523905       0.63455619373314631       0.72123720055606888       0.57258885927997427       0.60317942971579652       0.61513884425510568       0.57945076693889075       0.59915638507125069     
  0.52524777635170683       0.50835168254637919       0.21088344015172092       0.28097604087778844       0.29208337590465472       0.28449931467560147       0.25289542282582828       0.28263994786722435       0.65578899471424534       0.31068293923498247       0.44786176954299661       0.48909704451151254       0.28566684309295343     
  0.56295884083669057       0.61216495306757523       0.61978252376407483       0.62460764542600600       0.58299198918964945       0.65502071196627665       0.59581133332578684       0.62086655664836821       0.59111799009190202       0.61887311001689105       0.56653285304239331       0.57178819480905463       0.58288146192011092     
  0.53670242652372735       0.51931495621308466       0.22572089058432360       0.29711279052241141       0.30783720054272257       0.30060768331934767       0.26950373393944305       0.29825347696565957       0.66620580141554675       0.31713459868745197       0.46388775424294981       0.50370435273415137       0.30071752719357758     
  0.57800176729153441       0.58552984720363033       0.61917548721311488       0.67667749551442924       0.61503170653065065       0.62979745365381878       0.67000988201381673       0.65860941005985474       0.58166755390078495       0.55919202190145356       0.65071216479767457       0.58875548306847592       0.63217246637197577     
  0.54805902442802135       0.53026240872198105       0.24074424874290731       0.31329592942787465       0.32372132615806498       0.31670603268823044       0.28592244750992646       0.31392949030068895       0.67648589789845504       0.32383562572468005       0.47968923675792413       0.51781272198862704       0.31569091878015804     
  0.56675432546422055       0.61483638192494683       0.63985620596179593       0.63583904986034256       0.59899393951074731       0.63415026721627221       0.62712208182641060       0.58267470831701607       0.63643996571448869       0.63908789139383659       0.62006160427281398       0.62927326300482433       0.63068617959653361     
  0.55929359833380565       0.54131305817592124       0.25635010597473851       0.32934363116319354       0.33954811782159755       0.33202949641716528       0.30282870331431250       0.32971783994848886       0.68659436300802379       0.33119411467904697       0.49543042765499679       0.53138805901872221       0.33137605801084358     
  0.61407313791778306       0.60449322645433223       0.63547298255928530       0.66009181586570986       0.64587211900127761       0.61021915366635948       0.62127784885801285       0.66936990480986303       0.68425580301788091       0.63322689808984589       0.62031181155099224       0.62106972772775904       0.69556799917418954     
  0.57056299232894370       0.55243226274323831       0.27226090041870782       0.34543006935060555       0.35503300090392187       0.34731322840853796       0.31972307023515190       0.34548356078889930       0.69656469297440926       0.33846230677993183       0.51047310385745237       0.54458496462243022       0.34698291855109686     
  0.60859591742524366       0.59374739975635282       0.61936221341681763       0.57063236048267540       0.66961415880900477       0.64590712017271867       0.61232713306567477       0.64527948425670012       0.57105332940161457       0.64055291158328320       0.56952369554470905       0.59681638578343599       0.64242280514631267     
  0.58187487032813034       0.56365359873252552       0.28831768584993944       0.36144387523992244       0.37034098240262836       0.36254548210466875       0.33692382269656584       0.36068429407503910       0.70643800425705838       0.34564473155292796       0.52545819565797003       0.55756022510575354       0.36247639149557886     
  0.63922501118037156       0.61300248801393709       0.65504401658997280       0.60426525790977326       0.64393266694081097       0.60752749158829733       0.62056565095718463       0.63291883484985423       0.64222969733626134       0.61003762846194953       0.61917161754748085       0.60633441421482970       0.62020081199067034     
  0.59316841872813464       0.57480142555848746       0.30450323531631468       0.37759422199578319       0.38588720421514844       0.37766045794418718       0.35459656388375294       0.37575624543713526       0.71639681251931309       0.35286542205120364       0.53997865615132457       0.57031199402354438       0.37803128383102103     
  0.61984897038140740       0.56353921165602905       0.67681299913282200       0.76205350547862682       0.63588724350848991       0.63375264098555240       0.66813297382020009       0.57841151806876723       0.61719368910258132       0.59190177474792194       0.56146029535862019       0.61421791364698819       0.59206436720505307     
  0.60438962885642755       0.58595970035188305       0.32114763727368095       0.39356433478658870       0.40148985060321973       0.39375145002303474       0.37217589324326622       0.39188825416347001       0.72650457359545006       0.35980216718086355       0.55428141406082498       0.58285014716859074       0.39313503459390942     
  0.60041296058622295       0.63326378099358049       0.62617393220131912       0.67539714988186228       0.65949664612783010       0.64624496229701578       0.63759806776613281       0.62287619868617494       0.58843368310448940       0.57404657732986764       0.61142097130261586       0.59613392520872177       0.61434957351236630     
  0.61566939908675433       0.59714665991648186       0.33800005085305923       0.40942580591389749       0.41706627465990370       0.40977776847654157       0.38981313530502754       0.40797765203361946       0.73571966003241740       0.36669241799795638       0.56851063746580388       0.59529849958680614       0.40811235320264116     
  0.62469041891578014       0.68447835964957504       0.63624625695973058       0.66721518389420176       0.60958438969722162       0.65963960746852623       0.65370296991594579       0.62647500801003952       0.63948077919472635       0.66233331049833966       0.55235254773369802       0.62797615326800249       0.62520540049569262     
  0.62689006644354339       0.60815457008928298       0.35485707064612354       0.42538816969766874       0.43222016839813338       0.42562340188282283       0.40759887231208430       0.42410495157941397       0.74405130678880915       0.37358492725373865       0.58275187873157730       0.60751830498370762       0.42367729374118507     
  0.62250699629416584       0.63859131062666308       0.63251806114396425       0.60078640949615125       0.57317756066501480       0.66897505213757136       0.60232028760683787       0.59185872767291470       0.62260639687332442       0.63213995340840823       0.58552002936561298       0.63109674875394850       0.64844996370896024     
  0.63813256557335474       0.61938012075166715       0.37175216096241231       0.44136854045842894       0.44731139317480906       0.44152916402760439       0.42547013792506738       0.44031065823732357       0.75234203307531489       0.38045990782327960       0.59732201561289666       0.61943430993306503       0.43900490526305946     
  0.59654065617804586       0.58001416537897643       0.62194400484195445       0.66061535206534028       0.64796523210774715       0.61761619816175362       0.61140861232595234       0.60949133793683452       0.59995297414082505       0.66348200965162418       0.59325955315661794       0.61841760526555445       0.60975908671766599     
  0.64952985577721889       0.63037902236824461       0.38907121837059605       0.45687928485772539       0.46215322379166313       0.45685223274732195       0.44333146004543783       0.45469088194092311       0.76048190371745505       0.38742013931437053       0.61165642116183050       0.63102260796014631       0.45460969807908708     
  0.61160895823528882       0.58810144995098068       0.56077385355005482       0.60287438827286588       0.63006095863576372       0.61088283375660868       0.63340503681637328       0.67116657752479059       0.57198039189077932       0.62326880598304779       0.62423143894994138       0.57609965365856908       0.59285168829592771     
  0.66093393342909112       0.64135633325960340       0.40667415157463238       0.47245034143379427       0.47687029747046250       0.47215986961856066       0.46134309905723470       0.46908073112058324       0.76839167261225449       0.39440145948169347       0.62504093976972408       0.64219852126541144       0.47026347688794218     
  0.61461194456993717       0.56658000988612067       0.64169699440929684       0.64777249919256830       0.56939269930198533       0.63464360820564725       0.60855645495799993       0.61366900133100732       0.56696377164616452       0.75899456239651075       0.63967106952068320       0.64295705249948620       0.64897167258674071     
  0.67240587989259126       0.65217794864547207       0.42478834969841844       0.48782566156496099       0.49206669561376831       0.48728381696005679       0.47921210431767342       0.48469241487292131       0.77604230310734046       0.40134754791949406       0.63810440042260452       0.65276860163469952       0.48556787683713498     
  0.58522542189340820       0.65974015759955074       0.61164167340701925       0.60640657651856644       0.59360753029517599       0.60434618689522446       0.62434481563105959       0.65796634536611220       0.58742211121537180       0.65144012251285977       0.59698308163827130       0.59647497886464917       0.57438117430982605     
  0.68391914574947432       0.66299392506398613       0.44316746691429998       0.50311584350730731       0.50735158504285038       0.50246897383461420       0.49681358095690992       0.50027165504960358       0.78349469319723164       0.40827873827957606       0.65152081700416042       0.66326497861044476       0.50104609531257416     
  0.59045787852199105       0.60646712715074214       0.60994069053402078       0.64509847370446427       0.60863146347811403       0.67859807511104386       0.56809902838377824       0.65301162125368661       0.57359595490482973       0.63302563487968244       0.61147088331915622       0.63999909844141623       0.59718096958605649     
  0.69552812773363204       0.67365929069748598       0.46176237467830977       0.51861176182284963       0.52278955911124492       0.51713036503108101       0.51552154071642198       0.51587631774394849       0.79072948310144020       0.41531134217392346       0.66519359836859415       0.67324425508074437       0.51624523940168043     
  0.58034809461641035       0.61317551546416149       0.60573518351766542       0.62992842356941958       0.62644062221934249       0.73613268623026173       0.61087394622653490       0.58652224291703969       0.62047196971584107       0.59735360725692332       0.59285638955776743       0.67266703166959529       0.69422067754428174     
  0.70705460867248937       0.68419371555190489       0.48042888082951996       0.53400993709278455       0.53838993740579166       0.53186594012127175       0.53468008245448939       0.53128883841385333       0.79802468043367558       0.42237880165096781       0.67843458458689354       0.68315275157143773       0.53158713480828457     
  0.58872368006464249       0.58632539933549932       0.59151982484524590       0.60113648015034171       0.60233429120248339       0.60398744629016066       0.60627631076914479       0.65622435173623306       0.64887184463612524       0.65521168869967850       0.62491431180066137       0.64339298863086802       0.68463602133894796     
  0.71823412835838429       0.69494851697678861       0.49988469375360445       0.54959907103252781       0.55365318533616381       0.54803329986581029       0.55376056801720519       0.54749807847067211       0.80534116380339071       0.42963397056168046       0.69137591642319984       0.69288755825349690       0.54706739986051911     
  0.63296361455362615       0.56344355700872772       0.68147211219276171       0.62840726006563441       0.57884016616102263       0.63000397620537296       0.58629968793633747       0.62792884337206623       0.60573793069824566       0.63567037971114582       0.67602968880329961       0.61796063551012403       0.61647797545106575     
  0.72930211461665273       0.70583993325260175       0.51929498154891507       0.56544855303633879       0.56888175845290512       0.56400598193907658       0.57292765770352128       0.56326305911989838       0.81238296072237903       0.43707201235354348       0.70380714711333570       0.70276680001920822       0.56261035240372625     
  0.56830057887375895       0.59304756545030579       0.67660568164029911       0.59237843272440194       0.65356500557890573       0.59830034979372737       0.56930611907792106       0.67771625794611112       0.57522642382447986       0.58240764905898801       0.64858270111361227       0.60789256354246002       0.58556830797561810     
  0.74017721189152252       0.71696126110082592       0.53929096288621003       0.58162648389217275       0.58461567242759716       0.58051149559876736       0.59214890728697378       0.57850386435988532       0.81918905693773247       0.44460761712531016       0.71575529781904390       0.71302987622968728       0.57827045326877635     
  0.60531547858196821       0.65215041037030896       0.57929261024892653       0.61251849465161168       0.60309397451198221       0.59679113106412984       0.66051764575447602       0.61881233478107933       0.58104304630965153       0.62006885963509339       0.66270935283144061       0.58853276333611693       0.61675621210415232     
  0.75111232619671020       0.72805306557513949       0.55930333782503583       0.59780215930909142       0.60018457676174775       0.59679340964335148       0.61137889604516404       0.59370515895244214       0.82593469003597086       0.45217162952301621       0.72726984387652360       0.72380365833336013       0.59397647253224128     
  0.63027763636765566       0.63380905500936224       0.64387374799038932       0.61959840173993574       0.63489607338348741       0.59820991325030415       0.67105621994584563       0.59812614783156348       0.61466862838405123       0.71629363354569142       0.62853947092487839       0.58695550523213225       0.58735809527784777     
  0.76202662960552170       0.73896671262597624       0.57917175933470466       0.61398857038593635       0.61594816615249159       0.61219499498608254       0.63013861258192716       0.60878652338687367       0.83265911011955640       0.45968709209478897       0.73849160354821941       0.73533096586216184       0.60934261602847484     
  0.56204024547847853       0.56154384065301766       0.62181123142497086       0.57752896410070753       0.61454855087687721       0.60134900217077703       0.65510878011488505       0.58616539371683041       0.59982229757067773       0.59087432876654988       0.61446562954991668       0.59123721076171454       0.58455480686852512     
  0.77283441619078885       0.74986431543641097       0.59920674892730597       0.63013370057129070       0.63152691602587363       0.62805085732625099       0.64885891776986226       0.62405532337292247       0.83930216504940924       0.46718998127883143       0.74962326806777380       0.74660148671788917       0.62475243055852336     
  0.59465907097911763       0.63242355002077388       0.68846455877093915       0.63083661045055983       0.61721555550805240       0.59635888614096166       0.63545770305182669       0.68097162562282021       0.63337752834467431       0.58510338324872246       0.64069141165307419       0.62125566197483151       0.62698527823488415     
  0.78337796819272953       0.76076159320649450       0.61914122187207943       0.64596212555684041       0.64653898036108315       0.64297004622347764       0.66648101136965254       0.63952919185434476       0.84582568647474865       0.47484243277487093       0.76066210152451419       0.75766029329537976       0.63933477065056576     
  0.57189759771548232       0.64779456870741492       0.66042070061166636       0.62409796638484272       0.61615514037815267       0.63028226620333794       0.57920777254144096       0.61279246522308151       0.61698308941827829       0.58949101094499468       0.67247558317461098       0.69488965166131378       0.63523738234457483     
  0.79385974606427856       0.77162167496318512       0.63907460823540274       0.66195818284187280       0.66173565032162462       0.65805890482118923       0.68412677767419128       0.65495957799376414       0.85220230958588117       0.48264336520976309       0.77144049503514289       0.76878886451084238       0.65368402169740780     
  0.61272943005331071       0.63991758233728802       0.66430098821663852       0.61181074513594691       0.61363037993546754       0.57980130921314788       0.57766699187056292       0.67252202740602740       0.56139954215183785       0.59879406405239877       0.63632148487158791       0.61830137749613745       0.56054976167300663     
  0.80414330845708804       0.78233104853612834       0.65916577831100598       0.67688954274491098       0.67679978785257044       0.67339494243466669       0.70045202646883631       0.67094296610591264       0.85843919003371660       0.49060337941687349       0.78178022640483957       0.78007072719752457       0.66892128496371916     
  0.60192045647371384       0.57918100537302097       0.67150688988831386       0.58109141895341365       0.59167246669961149       0.58771766145718918       0.60905679566102910       0.66517449033753695       0.57604936931498185       0.61714913259277970       0.71586229143821845       0.56921991551102225       0.67501274273990919     
  0.81461633758778507       0.79306293842369724       0.67900361946877286       0.69199598151740094       0.69167999769189681       0.68858024653534999       0.71669613251309761       0.68706553577595919       0.86462743830309796       0.49881974200027251       0.79217504285078444       0.79105860061767219       0.68479020042061234     
  0.57679173369274317       0.56142656713051442       0.63273865664390005       0.60853320880410700       0.59158851823250247       0.58874645689438898       0.66077422374896277       0.60100910283181408       0.60491652101393967       0.59136472127151907       0.61376400118214380       0.70734966474969641       0.59561382947639063     
  0.82549362485499878       0.80338272720166071       0.69768161727593569       0.70588742551002348       0.70686019524397603       0.70342196491170939       0.73323511164870159       0.70191549658437569       0.87072110674946945       0.50722282868037594       0.80267113679645552       0.80109899725391109       0.70037853323196797     
  0.59008019847823989       0.61282936435699309       0.66689225185567880       0.60923904996430300       0.66604875751910608       0.66278894127393839       0.62602236610935635       0.56207026955170647       0.64474879218835690       0.62832136336492506       0.69894685458227168       0.56076089820184571       0.58809784422812827     
  0.83631552870760595       0.81367269401909381       0.71624970189798443       0.72022833974184119       0.72193538825457604       0.71850779759377048       0.74966888510572127       0.71666119552184948       0.87678185373377737       0.51587135680504204       0.81346972317629684       0.81143297010747706       0.71586065641054475     
  0.64012668548790286       0.60709422694525761       0.59231929290783825       0.60049312033279567       0.63899461010110936       0.62310307429206035       0.61340527961281488       0.66554701714142517       0.73831238235934704       0.61095831871326001       0.64748829576219580       0.61146062699582227       0.60201041670494770     
  0.84684692338000644       0.82456429133110876       0.73442830741192178       0.73524275812901141       0.73719769342500807       0.73337810112860424       0.76555814921387300       0.73186453173423782       0.88289394297082480       0.52465058971497558       0.82459142459041435       0.82224938058667585       0.73132025134910605     
  0.59421263760099163       0.62951507373742932       0.70826123145405251       0.64188911548995187       0.64941872869939532       0.61067485214764061       0.59104996541804777       0.62648332371576199       0.66469346204898694       0.62256655638753289       0.57725648059683587       0.56116502236219312       0.59154170370778758     
  0.85730126543917051       0.83550088332898109       0.75227536231799408       0.75020747515849073       0.75238968625938274       0.74836476527641538       0.78190543502367738       0.74701023051510418       0.88898925903413917       0.53367156865791288       0.83554860160672850       0.83299504333910868       0.74672030217033458     
  0.58730461166992509       0.64478480603283839       0.60819009403000435       0.57854807469290670       0.59569061289831660       0.58231723411903613       0.60496291662497481       0.59796200145331502       0.70299155546980019       0.60792566334504383       0.63301454324927697       0.59970494602700519       0.57507810952015237     
  0.86748567867069226       0.84629019020793761       0.76952378062683846       0.76607663587773600       0.76841505605301619       0.76390573408816875       0.79623306561251384       0.76260103241402344       0.89507310433441600       0.54281588222062849       0.84642430994054219       0.84360434591627376       0.76251359748953773     
  0.63330378033395796       0.58156454751007181       0.66070590278915220       0.62500753812842036       0.61546748775764570       0.60362420247162851       0.62484224063982341       0.60812491063224705       0.69069321869956479       0.58008700571057104       0.60876209535122117       0.57765508632666951       0.60599202537767594     
  0.87768957685498639       0.85706149920390473       0.78692977498589489       0.78192554214377341       0.78405568013111260       0.77961066182439931       0.81062080304096495       0.77812248693799591       0.90105185346067707       0.55241348490551889       0.85711969195402149       0.85450571741009118       0.77830002829909328     
  0.66540851314163407       0.64891005034843041       0.59935369392611260       0.63415637257971702       0.65339097477297670       0.58031490733799207       0.63951531086475333       0.61380581481578333       0.64373129345695312       0.55666147984288084       0.59718659189333057       0.60808744524565495       0.66039830936109711     
  0.88788243413825929       0.86755279594585466       0.80404774259416234       0.79795173540183573       0.79957843320644917       0.79513194230117556       0.82514314986897641       0.79322113438747732       0.90672357123546365       0.56214914602781318       0.86741965661302978       0.86573506322521265       0.79358216569483608     
  0.59413288452559254       0.63243417741819574       0.59644907708973038       0.58415888107687830       0.62401076372450570       0.58794616771059205       0.57212407098266460       0.63264198395849180       0.65366141342609241       0.62518391029925813       0.60193813625911297       0.62941500761658509       0.64363018626165147     
  0.89811093389422392       0.87795426256648890       0.82129930387573580       0.81384720902791186       0.81494741906130552       0.81091379855503309       0.83951925460831311       0.80836595064362737       0.91244650926170945       0.57204165971522136       0.87771719963334593       0.87694853445321086       0.80870699766377852     
  0.63433513309845269       0.60591068238802570       0.60331563524745835       0.67207143837673144       0.57772532266737397       0.67199478574577654       0.64462509004398361       0.62332417037207133       0.65026044489038659       0.59685132700737642       0.63429411221120946       0.57568366584073083       0.65165154918381774     
  0.90817485811685561       0.88892466346666899       0.83751523117289550       0.82977139658255572       0.83054325965179843       0.82678051008719300       0.85385014685220229       0.82474830210842420       0.91826933643871633       0.58196837404620305       0.88831339621238781       0.88754502235368582       0.82522284765379417     
  0.56532984143782405       0.62918138188674189       0.55721201214639926       0.62151121635190887       0.59129982700401607       0.63574589602278531       0.58618772330716806       0.62261076068331667       0.58315684139762602       0.59961703775103559       0.57828427355379919       0.58824102510817033       0.63049288410327375     
  0.91821574542398432       0.89984745833471158       0.85335526541707252       0.84572235230139614       0.84663957559812708       0.84267193700916510       0.86819209816393605       0.84084030896269490       0.92413573584149711       0.59169728435872071       0.89891237874519614       0.89821433033016562       0.84159883747722219     
  0.58660396394478076       0.58635150515305046       0.70417017525777670       0.59542305266858497       0.62312138777422299       0.63811378745344816       0.62475090984147796       0.60271793707605359       0.61993279732515938       0.58312452201773446       0.65108945420919162       0.58513361108692952       0.57599558961526198     
  0.92832236413813540       0.91078700981837635       0.86889325453045108       0.86193751158345955       0.86222410143366657       0.85877050898325591       0.88191977298099411       0.85676516322226626       0.92980115669355878       0.60266026754486923       0.90960912861048160       0.90868066235840206       0.85858355038151191     
  0.59040667562268134       0.66442839196539427       0.59548831566167404       0.62176719111088474       0.57105748854087268       0.63468045116818717       0.59267640286142820       0.58877233668820073       0.60995413138645971       0.56566849937501540       0.63063811335493425       0.60838941028471527       0.65691728284203410     
  0.93845125942383878       0.92190189840356940       0.88428519647329462       0.87787001456371250       0.87799927151388879       0.87464519765543813       0.89564185138167063       0.87239215319810193       0.93548704186342102       0.61505307245488217       0.92032554535779376       0.91927209282614009       0.87586585374521597     
  0.60923431936740580       0.55561225778992118       0.61254341456069661       0.60964041685473092       0.64646421646056662       0.59414657582572594       0.60798569629305377       0.57968422070433756       0.62355707851234499       0.58299534992605195       0.56963807462212546       0.63748696748836642       0.70431648701524086     
  0.94832323884124858       0.93211067204070219       0.89920651647663496       0.89328077381869153       0.89333993358717234       0.89051578795156128       0.90983943981298365       0.88845669137335648       0.94095454282975155       0.62807876235105442       0.93017869501188488       0.93000920001091925       0.89184967129768700     
  0.60135350794749720       0.58603489752919846       0.56739159220910163       0.60598674796126806       0.63983425120990889       0.66638606008962908       0.61303768549706728       0.57174114934154807       0.60664577158602884       0.60424408131644136       0.57080264121320690       0.67504506592429403       0.62438145365717512     
  0.95802193097000965       0.94245598026680255       0.91412950877564125       0.90877059773705038       0.90889077405400287       0.90645383979666394       0.92392687763843473       0.90453886553643781       0.94641068795530303       0.64195873425046190       0.94020618751488871       0.94056996198992504       0.90766097446573368     
  0.66205422814376702       0.58918514690721435       0.63928551821654012       0.57457656937894819       0.66889042800444176       0.66167228697487945       0.64341504490960255       0.57529294061085634       0.61280401362612902       0.57516592089925944       0.66838752906071863       0.55779312168922190       0.64066373969136503     
  0.96741034787906810       0.95213710190009093       0.92923718410072342       0.92407344047143458       0.92413814462254251       0.92235299701228879       0.93747634415578207       0.92068374776550255       0.95236888089426319       0.65823056232961452       0.95021278416608435       0.95092798487895269       0.92307299713071289     
  0.65192946534270613       0.57026009299618441       0.59528254283560211       0.69747289885662667       0.63612739004707530       0.64285783934550356       0.57301237194868515       0.61070789088434885       0.63665511501440586       0.65032683276336056       0.68176163348925567       0.60725865347921837       0.59672140030100651     
  0.97630948197173884       0.96178202652296596       0.94437213146238874       0.93919078513134091       0.93935005593535315       0.93816035413752752       0.95085499636843196       0.93709179905224271       0.95816662544521236       0.67624669909281154       0.96019891661464229       0.96138959688398162       0.93837715684504808     
  0.58997042891874385       0.56599179692342039       0.59576574937978410       0.63372895628907344       0.61847459572853880       0.61786829794664522       0.65187864669470319       0.60997596491209660       0.60923092273373503       0.61487695392836061       0.62187889931866658       0.61634512796856233       0.59060419590462465     
  0.98388535081670270       0.97209561617347395       0.95858670768936050       0.95471230369438453       0.95419190643457596       0.95370045616353971       0.96351181666334051       0.95236919444560086       0.96588431914468686       0.70234770221647236       0.97033113259544390       0.97106542490315118       0.95394873526624246     
  0.55206034751146316       0.62370286996245061       0.60446446354887728       0.63659344261140793       0.61552510687601991       0.59470644463349798       0.58332677811350275       0.63088440045825944       0.73460040551414441       0.67212068561982119       0.67094916227669810       0.62998553284953862       0.65099304204895680     
  0.99044810321106791       0.98226553874941669       0.97279999569770093       0.97044945880975131       0.96870438911629275       0.96940858423401244       0.97611889783067352       0.96765564643859248       0.97391599923218353       0.73567645776668511       0.98039741602767849       0.98088050223194734       0.96962977811508877     
  0.56285747391269558       0.63386917141161692       0.56942429622233925       0.63973606461287680       0.57665509704253803       0.59612999425414670       0.63059323560888003       0.60048139765433872       0.75110571421884620       0.59186818185391588       0.63511264940860068       0.65477570904720650       0.65145965387786631     
  0.99534135871866070       0.99119021773962834       0.98639472919275695       0.98522736029568803       0.98439675788804271       0.98486829989034863       0.98814114177822199       0.98384751729654518       0.98612680624354809       0.83579725395794080       0.99019207088556860       0.99048572819065772       0.98486071224725369     
  0.59717537786178043       0.58129906409608867       0.64770120738664627       0.66213634062143922       0.62981840705810133       0.60578234585491031       0.65342034353628986       0.61935961542626516       0.84448165493375105       0.77680485351477235       0.57172493026017723       0.66849674566098460       0.63034122045067409     
   1.0000000000000000        1.0000000000000000        1.0000000000000000        1.0000000000000000        1.0000000000000000        1.0000000000000000        1.0000000000000000        1.0000000000000000        1.0000000000000000        1.0000000000000000        1.0000000000000000        1.0000000000000000        1.0000000000000000     
   1.8869832963937279        1.0844231170648346       0.60259866586043387       0.60527942542641400       0.70256496337524055       0.58974123017178837       0.64417709444558291       0.66192745786115714       0.63222554550564725       0.55184447113421975       0.60345676771483570       0.58157237734795697       0.59594118860166412     
   5.2328060198704689        5.3749750963730607        4.9801209956238210        5.1542393151355919        4.9232835063317308        5.2304557719417799        3.6378667564597280        5.3293984558532781        5.4677547650310512        5.4006803012331135        5.1675025372775236        4.6669588910861890        5.3810099316524829     
   5.0541654882953297        5.3152011965247334        5.0721533310251870        5.2975022047379534        5.1577602353186949        4.5204991044600771        5.4656364413924701        5.2446518262768747        5.4306222849037917        5.1476272091660027        4.9175133759207839        5.0968259766286304        5.3419100498634053     
   5.1856646050951110        5.1712497039729888        4.6888617195579467        5.0482609682815927        5.3801304662567775        5.3268864331593129        5.7181848868135043        4.5636741049941580        5.4517282603252077        4.9339165404806300        4.9789998841226382        5.4165794132370300        4.8204757785558989     
   5.2442048630151961        5.1086917139016359        5.2845127658498621        4.6036751471146431        5.2160951891235827        4.9900130800053812        5.7288262342267249        4.9212332410686024        5.4878311066756380        5.2511071344997262        5.0349755730537540        5.1704197796168723        5.2784404324057572     
   4.8993779096662200        5.1248406468079946        5.2880703482443572        5.0590118643771023        5.2253530965303909        5.1921119622645691        5.7189717035403103        4.8443446732622490        5.3480173691944275        5.0966706773433037        5.0435971239368023        4.8517787551102503        4.9142178913800745     
   5.2251161830912478        4.8787669441379737        5.1964792572017204        5.3381090956644597        5.1499037322746037        5.2517204078671913        5.7440381075805584        5.3325371470937677        5.2991443431740786        4.7196824382977383        4.9604033927984563        5.2809812855198244        5.3847568756527373     
   4.7060037009398750        5.1515524194281550        5.1686476110815089        5.0853103979260466        5.1661969912930639        4.9912303631064923        5.5246537713248465        5.2868472367542791        5.1096062658634267        5.2666392635925519        5.1740813015957983        4.9808625626549796        5.0970200096648091     
   5.2405296643399479        4.9908113133031513        4.9662386439651378        5.0113962782301762        4.4529239138126790        5.1929261704353120        3.2746972661010139        4.9818711201046755        4.5093349982614326        4.8987855682838797        5.1735262555351476        5.0156265968160652        4.5518370931989010     
   6.9533472981463118E-005
           1           1           1           1           1           1           1           1           1           1           1           1           1
   4.3930864482241786E-004   4.0663176408477377E-004  -1.1977069046969037E-007   5.1620365601083567        2.0238712941081636E-006   2.4253243072939410E-008
   2.2102074335986446E-006   2.0934677113996397E-006   1.9490509626067051E-007   2.7619117502798041E-002   1.9483943535323964E-007   1.7397724338497641E-009
   5.0000000000000001E-003   4.9477545067104103     
