 -0.00000016167334128  0.00000221821226832  0.00000575234414277  0.00000845677961913
  0.00001110618706027  0.00001378812557649  0.00001639638280030  0.00001842834413038
  0.00001975741020101  0.00002070245374272  0.00002148980571392  0.00002214989441003
  0.00002280013533522  0.00002348570920469  0.00002422919774837  0.00002498319549396
  0.00002570467966020  0.00002634229525353  0.00002677195542691  0.00002706430352390
  0.00002737057254631  0.00002768198729527  0.00002798311310050  0.00002827705973064
  0.00002861938346056  0.00003472301629637  0.00004752540896984  0.00004831121124677
  0.00004893725843476  0.00004944502241777  0.00004998586913542  0.00005051679435751
  0.00005104438907769  0.00005161205944295  0.00005220331712446  0.00005290146563771
  0.00005370495621354  0.00005451236434666  0.00005531990247150  0.00005614296970582
  0.00005698727616085  0.00005785207872180  0.00005880182378882  0.00005979741186609
  0.00006076641251999  0.00006168253780760  0.00006263858150750  0.00006363247982189
  0.00006467219438147  0.00006577029113565  0.00006695853799025  0.00006839219892380
  0.00007006404428508  0.00007193981599923  0.00007396834371732  0.00007620263620277
  0.00007854786937579  0.00008081859112850  0.00008327340832944  0.00008599095710951
  0.00008923370284283  0.00009287924602396  0.00009697195158668  0.00010100168652493
  0.00010511456574012  0.00010966428930408  0.00011464113145602  0.00012031668328084
  0.00012672588263869  0.00013357028232094  0.00014069800561331  0.00014803077614159
  0.00015626502297960  0.00016506868218560  0.00017437146306745  0.00018448372683097
  0.00019639272088990  0.00021106709885493  0.00022701113834714  0.00025076047612276
  0.00027938497028511  0.00031240670115447  0.00034677369537104  0.00038598318228151
  0.00043369897577497  0.00048151709369704  0.00052741520163572  0.00058198349771694
  0.00066299797996059  0.00077774202306322  0.00092267186387279  0.00110166259328389
  0.00137333234211808  0.00201038208718258  0.00538139709185587  1.00000000000000000
 -0.00000031393280905  0.00000270999880861  0.00000563883851731  0.00000844625401071
  0.00001110177787306  0.00001307001909395  0.00001475513938345  0.00001637271453075
  0.00001811940603150  0.00002028544376190  0.00002165188609706  0.00002255783251880
  0.00002346457888005  0.00002420032000508  0.00002480190254903  0.00002528800526702
  0.00002576563372229  0.00002625493497422  0.00002672322103162  0.00002717736964472
  0.00002758877620088  0.00002789637472447  0.00002812793708030  0.00002840374189299
  0.00002888180836791  0.00004654449045753  0.00004771551072418  0.00004857387070350
  0.00004928264205608  0.00004995020456529  0.00005062460469453  0.00005132908538532
  0.00005206753584590  0.00005284834185381  0.00005381031667896  0.00005478404230084
  0.00005565565175679  0.00005618006447339  0.00005670523240671  0.00005719792056836
  0.00005773265130492  0.00005841329378567  0.00005924509306817  0.00006011675411738
  0.00006090420281563  0.00006154539770473  0.00006222849162248  0.00006305699387368
  0.00006417647205046  0.00006539778973238  0.00006675327871148  0.00006827429129502
  0.00006986957011236  0.00007145907686267  0.00007314073769468  0.00007511024920932
  0.00007740813646267  0.00007976038903144  0.00008234104421474  0.00008493641060787
  0.00008759826180844  0.00009052795596696  0.00009399792383762  0.00009819676701668
  0.00010253817610382  0.00010683549288532  0.00011120037052087  0.00011632573325815
  0.00012204838241198  0.00012995741445544  0.00013866158450354  0.00014724815467000
  0.00015837092820331  0.00016967612158510  0.00018260087696023  0.00019534912353170
  0.00020821381304978  0.00022368363991407  0.00024213001666299  0.00026183383576293
  0.00028086795824567  0.00030152538844001  0.00032708163346259  0.00035521475089613
  0.00038505984073403  0.00041852104182756  0.00046079033726123  0.00052000822157987
  0.00060406907261487  0.00072341347879687  0.00090906307396890  0.00114981810981663
  0.00150978874914902  0.00225508110710962  0.00533085111518092  1.00000000000000000
  0.00865313396294173  0.01717238625997140  0.02754296810692811  0.03907732647986545
  0.04833749383164063  0.05843737345972174  0.07082136108413206  0.08365911038610967
  0.09451154003879819  0.10743420222966873  0.11584566838246745  0.12465687167715371
  0.13383031524569874  0.14544792556926758  0.15747569115080343  0.16876189154976715
  0.18065705065445800  0.19349947709337145  0.20863148522638642  0.22420815383866605
  0.23409837387668811  0.24193673394363702  0.25044728309022091  0.25910107465779314
  0.26713448132341433  0.27703163501525346  0.28669266728874160  0.29635542493742345
  0.30572714438820098  0.31440885985416034  0.32360509158733569  0.33324681785591392
  0.34355818483604339  0.35385145835373433  0.36500926826900676  0.37816741438207158
  0.39093446092405232  0.40254340417017576  0.41233932147851216  0.41940038959969361
  0.42535528114598820  0.43271810817042383  0.44138586703684712  0.44923792618215658
  0.45841328888067373  0.46822009449481011  0.47787436297995251  0.48887442472748754
  0.50326972239225187  0.51706917264399843  0.53127945658264453  0.54579946422709635
  0.55854849509764137  0.56880420107237162  0.57823832791955809  0.58726312102055656
  0.59567914239788555  0.60493848595797906  0.61516131465748358  0.62596824887752733
  0.63788277829706974  0.64906113521477060  0.65748650952887877  0.66644015672719981
  0.67737838639019143  0.68879394405083572  0.69778282104897404  0.70595258809230421
  0.71692457059976711  0.73159124635160733  0.74774838914141872  0.76285247642720200
  0.77688467886944268  0.79079176772718851  0.80532423715869494  0.81713148464602281
  0.82921560099800351  0.83914245697888168  0.84899698283337877  0.85835223864551158
  0.86989041498500308  0.88234026045678637  0.89240569766369737  0.90100103443425295
  0.91076727085429976  0.91997245706216002  0.92851142180232071  0.93950896852582344
  0.95205113906352878  0.95944131282158318  0.96640400192774256  0.97325519149234119
  0.98004206294255813  0.98687276802733015  0.98994534585170157  1.00000000000000000
  0.00117106874522217  0.01689285252767122  0.03201671319191125  0.04592001398370874
  0.05938295075782626  0.07332572182612682  0.08629031355959753  0.09791506415562970
  0.10833168548608925  0.11923650361669742  0.13039892871374897  0.14046590972990719
  0.14909584374490573  0.15796943153316853  0.16753240551872145  0.17804207187384416
  0.18947136066152057  0.19887459678636454  0.20704621349943106  0.21649778839556943
  0.22661883653208142  0.23683698709727674  0.24564759438886680  0.25474314678977356
  0.26409310937685215  0.27308564954824061  0.28204794173994879  0.29260140137149215
  0.30507356097977778  0.31766830149684833  0.32735755655247245  0.33600962903003528
  0.34416686776872368  0.35280749628004876  0.36174212775247772  0.36907796297495715
  0.37663438332005061  0.38586948032682833  0.39627690061845983  0.40696463642140718
  0.41720908959514341  0.42767079982683259  0.43918688263693456  0.45148877722169695
  0.46382696110256155  0.47727275488496734  0.49201456296253976  0.50680526410825133
  0.52031534896183418  0.53333550488598847  0.54483730823822751  0.55626345498211571
  0.56928120206426425  0.58306215424295649  0.59401814597918079  0.60315530712619891
  0.61240877844500585  0.62106954970264505  0.62945222732766459  0.63523214417158624
  0.64134250503183288  0.64923809748241834  0.65638616194181165  0.66441068083918098
  0.67439954289823845  0.68458321145341405  0.69493746808703682  0.70572765614033572
  0.71759503684811787  0.72891983841949426  0.73740219249381900  0.74481131645348886
  0.75267800072699487  0.76032218177495980  0.76926865799162358  0.77902421572778768
  0.78633841830054418  0.79447233469680223  0.80373208386362105  0.81629596606647448
  0.82814034180890372  0.84189628596362653  0.85631296892752595  0.87052690532855548
  0.88294200332940243  0.89245178809300718  0.90246739602241788  0.91038090907992752
  0.91906217137475699  0.92879542632515666  0.93911691163773858  0.95077428159017419
  0.96283524441225610  0.97491280509787992  0.98725454187225981  1.00000000000000000
 -0.00101879742874115  0.00505034309692584  0.00967124330644041  0.01555954401463166
  0.02120029369300863  0.02945891950888027  0.03566764864074840  0.04086658963186932
  0.04586991372513460  0.05130244707008018  0.05765177626562023  0.06531342559399721
  0.07350655677917269  0.08155407720803759  0.08913837187818940  0.09760386056515674
  0.10841942805126935  0.11947048897337931  0.12980726658466082  0.13989841384723892
  0.14944093831585123  0.15704890831173601  0.16271124168523959  0.16982125102637308
  0.17737958780255911  0.18508670907217936  0.19181241169067256  0.20030436084176473
  0.20991533808019616  0.21983820253948011  0.22950300248061864  0.24068181069219069
  0.25352034209951613  0.26689864651069772  0.28071236030397817  0.29509203927761385
  0.30973390596712830  0.32361780772707011  0.33401022520029927  0.34155582585026473
  0.35047462185556411  0.35997919409208334  0.36873860829824029  0.37636309119090899
  0.38411649883212212  0.39250163662211163  0.40365459891831806  0.41828001819725935
  0.43055943718015721  0.44115689039849404  0.45233885315196598  0.46376429167093558
  0.47293010015650350  0.48266083048809127  0.49530664021511545  0.50971561406059995
  0.52333337104916533  0.53621870080328771  0.54871864097476997  0.55894807521464440
  0.56923042058657880  0.57914669665298824  0.58940666290863042  0.60031841887139903
  0.61157535904674709  0.62157185113969660  0.63207874367108208  0.64282113150575015
  0.65423249456911337  0.66580102408634445  0.67713559335852169  0.68930032295107291
  0.70356988811046683  0.71906193387621142  0.73391639799990516  0.74801782191177479
  0.76228496210507457  0.77699547052029272  0.79206970809414601  0.80644175842741017
  0.82034510022315588  0.83406903934444609  0.84713436499291361  0.85693415779937177
  0.86854589459871834  0.88156248237672508  0.89421645747916811  0.90544438709228303
  0.91627254321820439  0.92706932822393473  0.93839958078812014  0.95069252911564528
  0.96363976430406473  0.97640492382840527  0.98862268274949328  1.00000000000000000
 -0.00307897863991196  0.01363894304599645  0.02585117554279677  0.03879603545461870
  0.05212698208655218  0.06440207993866762  0.07719510997395131  0.09046242320458535
  0.10384897518870510  0.11767031980557578  0.13125222152641550  0.14488025910563812
  0.15850524882770009  0.17319416575219709  0.18781264811318274  0.20125984364882113
  0.21345640305586791  0.22556558195196888  0.23723235347416968  0.24753389980704460
  0.25516402513058672  0.26238544756281157  0.27126144285930220  0.28059861649437756
  0.28863011959787421  0.29495447116207696  0.30239398811910401  0.31028146974038440
  0.31958330915716926  0.33015555774996480  0.34192410158892672  0.35281730603539063
  0.36408821784388679  0.37496860012972455  0.38641241286569045  0.39569941605820580
  0.40310602573809007  0.40965948805176389  0.41618143494264065  0.42237701416619677
  0.43144161642902457  0.44041084955303372  0.45081681068660712  0.46332288349605172
  0.47333148363623923  0.48371468478258733  0.49519968203391757  0.50305538858544907
  0.51071386926587758  0.51779897712832346  0.52385391615195021  0.52898709270331479
  0.53614765878529347  0.54630227257427877  0.55599107619714994  0.56534741066389493
  0.57375419517563997  0.58137340715384134  0.59227347460889024  0.60519524221379795
  0.61781741892472231  0.62948484231316348  0.63689408441588147  0.64472209474067177
  0.65428804688607445  0.66471644023851983  0.67419369169371413  0.68324482308549428
  0.69282335588674226  0.70259146482840718  0.71199941464704941  0.72090529845777374
  0.72997994547595091  0.73972393735978847  0.75093374115645417  0.76523782085644720
  0.78127609249698993  0.79448860095922669  0.80762236556971101  0.82046246979212256
  0.83227801344000296  0.84430091515149275  0.85255006656007759  0.86061103440624476
  0.86849810651086812  0.87672323427090415  0.88708686218075483  0.89713100195162854
  0.90750619120249376  0.91889236671434715  0.93175925589422715  0.94544418227133120
  0.95947727989868214  0.97443786990845105  0.98694157265394811  1.00000000000000000
 -0.00297791986014183  0.01019769083845029  0.02558748149009122  0.03911521596515848
  0.05012447179817617  0.06101013738715249  0.07153805707643845  0.08068608474487665
  0.08829195058908386  0.09382729840013723  0.09954030951420149  0.10587589918532248
  0.11383750005313543  0.12234784080944403  0.13197241425174697  0.14497577460683977
  0.16059983378660556  0.17746943955420383  0.18986822745050652  0.20227793125345361
  0.21482340780285716  0.22500557762692053  0.23454703980159328  0.24376913950404661
  0.25257694071453868  0.26290566457498155  0.27481910222225303  0.28827212290347387
  0.30367018210971392  0.31798925232541381  0.33289630420843663  0.34292734135544051
  0.35316232710384843  0.36142331760822166  0.37114835271310342  0.38139176520972823
  0.39137153159389915  0.40071607529379483  0.40897201453380022  0.41745630995850275
  0.42806281529551027  0.43612231888673059  0.44401900489114132  0.45109391970783824
  0.45788142717296076  0.46586047703030803  0.47527175273478023  0.48446051287671837
  0.49376028529069199  0.50267943921971392  0.51174892676001182  0.52180977804561957
  0.53123388039891861  0.53866846815305780  0.54662949105527925  0.55469026078312711
  0.56433500487850952  0.57651094212658605  0.58946781322102715  0.60207909556996675
  0.61653949248021223  0.62858909974127442  0.64109069608027092  0.65268581707560036
  0.66483440934164828  0.67757447607383425  0.69019263588451285  0.70420860994156720
  0.71803352285827704  0.73112853692511770  0.74111823297444601  0.75051949759341952
  0.76014752677508224  0.77240025294012948  0.78143505875906716  0.78998026599046378
  0.79973397164847204  0.80964471063050292  0.82029238963492035  0.83102093996325088
  0.84130838546246889  0.84977325786544688  0.85915917794171581  0.86958967375913720
  0.88052610851576163  0.89208048194412792  0.90170346606230456  0.91022406548601231
  0.91888029319349451  0.92854875805760329  0.93822305404650697  0.94654165383463229
  0.95786238810226154  0.97021965475255678  0.98372468344575692  1.00000000000000000
 -0.00223269955516337  0.00875308902609187  0.02001267126517659  0.03007400675125256
  0.03975618110724776  0.04828430025012179  0.05615141068411059  0.06483465066441128
  0.07282030967620080  0.08011823746923592  0.08893050645308199  0.09791503328198577
  0.10765069412098145  0.11735835358000875  0.12719938554348750  0.13636696029333364
  0.14590066398298340  0.15592646312678407  0.16475424806260364  0.17057369823090665
  0.17596563342783081  0.18157600450589587  0.18685823012404193  0.19216990110666018
  0.19891874915851479  0.20866531850358452  0.21897327967336849  0.22873216263855298
  0.23881983870114706  0.24862793146165502  0.25827868485783995  0.26995552846293036
  0.28225151523903352  0.29250594748826025  0.30166895920610209  0.31114747834777845
  0.32239356497970129  0.33534400734268449  0.34944004173329291  0.36381507543514041
  0.37777336867774075  0.39081270948942665  0.40136681127368490  0.41083901592579253
  0.41948055174452620  0.42689342930452240  0.43466840433717674  0.44241691904062758
  0.45165080252756690  0.46035822058487863  0.46938002840998355  0.47838324925675946
  0.48896594885868055  0.50103320121681894  0.51381943084128889  0.52856780498174105
  0.54364742373228503  0.55745094790101157  0.57019800692354683  0.58207095513175522
  0.59332769461754786  0.60685372596459619  0.62176643031836865  0.63653522892174863
  0.65104853761843329  0.66519624801035759  0.67991475683539482  0.69497651945563388
  0.70532369928086691  0.71313145624932606  0.71936860902207544  0.72623513316652810
  0.73489427997742784  0.74347804820030139  0.75299599494980096  0.76484941801504425
  0.77822430456921166  0.79129861716816419  0.80253234937695594  0.81188155392043326
  0.82085488466123557  0.83062287604558294  0.84041202660197956  0.85053299346350275
  0.86146662452919942  0.87231485838518574  0.88164949573600981  0.89068913275795569
  0.90174701791312317  0.91533202745304709  0.93045312901731148  0.94617498097949071
  0.96105195617180217  0.97436309344106031  0.98724145507771666  1.00000000000000000
 -0.00300809204842232  0.01025249729994691  0.02381768639330478  0.03592943655606659
  0.04606275433627333  0.05457955624580247  0.06218600128233102  0.06896194857621470
  0.07719023085335384  0.08714878194704631  0.09744697202442465  0.10858186389005257
  0.11938994566680314  0.13005748863822567  0.14080263956058126  0.15241128744037882
  0.16374075214746248  0.17496313901785651  0.18488524181395702  0.19348668732049773
  0.20172195898743583  0.21114852778991705  0.22138193649341584  0.23433528165363918
  0.24616616165377755  0.25934707939409113  0.27048934172197830  0.28112083507119945
  0.29208866277298740  0.30070767190184999  0.30741502208567612  0.31299899925271385
  0.31833857431604307  0.32314277808643743  0.32821834937540512  0.33268302148034906
  0.33747522179321948  0.34517013735673058  0.35387743649510478  0.36393852794516440
  0.37427503488620734  0.38485571426815957  0.39512650124265042  0.40486411907259512
  0.41623099575148098  0.42815896116286989  0.43798848662017598  0.44682265490276840
  0.45467567716733792  0.46159130464836695  0.46873150457225538  0.47790620798221434
  0.48718615419020306  0.49581637291028180  0.50544810916049443  0.51755109004866284
  0.52875688759209838  0.53980813419423346  0.55107275239153319  0.56309684686000161
  0.57629689005844709  0.59082860667998682  0.60681407488241024  0.62290199796033840
  0.63946393798539580  0.65539089807739037  0.66917354074616442  0.67897490834439289
  0.68812332850880764  0.70085690375786713  0.71361155900249806  0.72431817379535901
  0.73444208415890322  0.74584808741341724  0.75758651024501922  0.76896948254282627
  0.77910913249761793  0.78884576689467323  0.79851602187253290  0.80865458439744986
  0.82151572589950517  0.83651744108870274  0.84507887654687086  0.85306264455619163
  0.86111602265437992  0.86950989496774489  0.87885539087132336  0.88797008865401117
  0.89660414755714291  0.90735492760902614  0.92054332752900470  0.93530308238278947
  0.95095137750869985  0.96702699944486514  0.98339192618763116  1.00000000000000000
 -0.00339337923687467  0.01253166040388675  0.02752962272717933  0.03804558260737982
  0.04717459590297131  0.05553350290354563  0.06386519303421102  0.07507289718072725
  0.08725810773184314  0.09852148177966989  0.10844862262223250  0.11715783155524864
  0.12494298412364321  0.13207208387394134  0.13917516284577733  0.14688350971400860
  0.15383085222230611  0.16330928421541027  0.17419500393064141  0.18333773003128132
  0.19166863510118590  0.20026388704650649  0.21030722136233124  0.22364339675301012
  0.23511175936450948  0.24461753730238819  0.25487024374912254  0.26586348468247167
  0.27629640985219739  0.28706183892115117  0.29908114439398642  0.31330186169795177
  0.32769676356159627  0.33951843667028053  0.35126768033565503  0.36549085386682595
  0.38042933117125732  0.39350253510393585  0.40518780100604657  0.41578681231631109
  0.42517929536617038  0.43464426997565669  0.44586325791581727  0.45740921885797570
  0.46878172541156454  0.47942678607397760  0.48962995748782934  0.50007689293245361
  0.51093999658460576  0.52261458897311819  0.53574337193077259  0.55126757692654527
  0.56280450080477851  0.57283414524148057  0.58173138693444226  0.58966501705878382
  0.59765992817860869  0.60774511005324650  0.61557554716760032  0.62353903074561567
  0.63760268182294888  0.65339969219607352  0.66418219972717429  0.67422396798435025
  0.68365421725686704  0.69038106948424360  0.69502429213235140  0.69945759082078673
  0.70377540989141052  0.70950185583689518  0.71648167119068640  0.72410791572077904
  0.73455830259624733  0.74388528900087347  0.75341812161974797  0.76211544362556616
  0.77086893855670158  0.77976492163064159  0.78809151585430193  0.79641498097328056
  0.80502264228795384  0.81514760954574350  0.82555903765156724  0.83813267012176651
  0.85195810761957202  0.86483632285675227  0.87699857534630454  0.88960325464657319
  0.90295194511590315  0.91786065052802479  0.93328980871876732  0.94802365562775071
  0.96173617326762628  0.97481916293302762  0.98727030664962112  1.00000000000000000
 -0.00135143615498004  0.00551239373963997  0.01192953362926344  0.01885373203820679
  0.02525004079913776  0.03261924440521048  0.03983486055728139  0.04761491914396504
  0.05608060692356475  0.06405742222555214  0.07226006267541203  0.08037518284330315
  0.08760388714860352  0.09374700413012414  0.09940878533291715  0.10457422200182802
  0.11085210008115583  0.11828186547498099  0.12547748242973109  0.13667497684254604
  0.14800106777580016  0.15832700098510238  0.16852024052681366  0.17855286882074189
  0.18795733839099468  0.19875398222835075  0.21139721772985509  0.22487333985813868
  0.23870452866443945  0.25254674424483675  0.26495292514415553  0.27732353600294862
  0.28994194755916414  0.30230290571040724  0.31397037571342151  0.32590537567751793
  0.33876247320649422  0.35381228651350671  0.36876909837851346  0.38077132236473055
  0.39027969973703752  0.39882995983179059  0.40884373822303538  0.42221975636469178
  0.43565065761706390  0.45030395913411808  0.46799531679878587  0.48464866833788295
  0.49965782269064324  0.51244785203942067  0.52518446152249576  0.54057843170938991
  0.55412315124229805  0.56597104689835309  0.57753810019174789  0.58884979907833956
  0.60195886932929321  0.61824621470712937  0.63387724500582643  0.64756590762559918
  0.66138153989224047  0.67816993888838728  0.69125802429969352  0.69932474194796723
  0.70668658559282638  0.71455362477472184  0.72250296330126051  0.72822869855576711
  0.73477153115394089  0.74496675635262277  0.75444717138258377  0.76157402947949226
  0.76941555548214946  0.77745779472320176  0.78498060023967997  0.79339623219328215
  0.80373269077557508  0.81482531462608343  0.82634641918016261  0.83956756732709392
  0.85335712995062063  0.86573738502870534  0.87591945054931497  0.88534047143187267
  0.89491032532816794  0.90336051559076402  0.91276254912760502  0.92351882570342692
  0.93589470714292489  0.94879801901039873  0.95931095291344604  0.96755029223647837
  0.97521503077238070  0.98305924548159906  0.99139386780046834  1.00000000000000000
 -0.00307044004697398  0.01017740941720931  0.02182821325615449  0.03280664555687367
  0.04443937621943148  0.05634154875799779  0.06676289977144906  0.07668886751595637
  0.08795153925359279  0.09992917730227081  0.11191226542958259  0.12498579710442682
  0.13514030040757183  0.14286712151592756  0.15262523105648906  0.16238641216782571
  0.17055458363890511  0.17737808594980944  0.18601693750903733  0.19906909000397047
  0.21516662651319157  0.23004014675471712  0.24371142309947619  0.25693674039666575
  0.27102630590622145  0.28167690144359331  0.29274013462347970  0.30300314959877839
  0.31344221473287376  0.32256071508377082  0.33265778475682006  0.34558672557981368
  0.35767592795204051  0.36969111196475118  0.38100976397321001  0.39366412072935569
  0.40628911263696327  0.41790364144819020  0.42803370442972721  0.43817055782990244
  0.44822511619924477  0.45919288664414198  0.47139162679656205  0.48520365699231549
  0.49781500632142361  0.51099335629485099  0.52363790063225824  0.53383855311888417
  0.54175000613657409  0.54935844917769650  0.55815676106672085  0.56715568201558286
  0.57640229738679716  0.58664676615194644  0.59857817476527786  0.61192510498084463
  0.62501023127083455  0.63697665764045319  0.64782635699377655  0.65722386090501406
  0.66561623956002069  0.67338910538754060  0.68040887315113796  0.68972471785059730
  0.70181829265348417  0.71115379682216040  0.71917984317503370  0.72801465170536961
  0.73729626759084965  0.74736334002771876  0.75794641433299226  0.76703113063842676
  0.77662325205434124  0.78842707328735961  0.79746114252872513  0.80483573515041451
  0.81242913345450618  0.81862935927188318  0.82519129152695869  0.83233895540242475
  0.83946823929293013  0.84728401800099395  0.85566256320569256  0.86610001354629040
  0.87768027934424031  0.89052359226668643  0.90470623126842487  0.92090412048428283
  0.93664249340826922  0.95131363406639746  0.96502931149555105  0.97700490551581698
  0.98509298654096744  0.99008931035199399  0.99490368217302116  1.00000000000000000
 -0.00621294903690976  0.02490123345244906  0.05074612680361989  0.07420804203579190
  0.09494162440990880  0.11250282297837992  0.12821791840219393  0.14013509756725692
  0.15072029501649264  0.16230976493668167  0.17643984521509012  0.19325111996343086
  0.21137932688696909  0.22202100906613353  0.23254999991806821  0.24292251579007368
  0.25188196997037060  0.25881128383593410  0.26755124606409320  0.27742642068112777
  0.28722807958444391  0.29840190484110896  0.31186021365230643  0.31999848468829767
  0.32650784042281139  0.33240387565503476  0.33763441578541226  0.34298900765210089
  0.34906152913301897  0.35567226065824475  0.36202546470814712  0.36823841922365402
  0.37267931064690146  0.37617196334359182  0.38010920085812377  0.38402949152916449
  0.38809374033399452  0.39423366130759380  0.40425988372345301  0.41370200403135865
  0.42249914909927633  0.43253018876749255  0.44263075399462942  0.45298428677678715
  0.46280416703392924  0.47249110813029394  0.48283750939436143  0.49575718522434803
  0.50399704528255485  0.51079687657305772  0.51796652345684147  0.52540257558480119
  0.53330818023708060  0.54077441686498218  0.54849311203235596  0.55706221072547790
  0.56555054481602285  0.57432776518649553  0.58216763288078310  0.58885978669077943
  0.59720843276609903  0.60640011790155490  0.61639858627018296  0.62610973032767747
  0.63540813910058891  0.64468020098712242  0.65417705475617438  0.66288484871676900
  0.67280257242716834  0.68369002274186430  0.69469643479997356  0.70564302158960901
  0.71634241357131057  0.72841134101637639  0.73956895180510451  0.75030595179744664
  0.75981934048229394  0.77043222906802122  0.78048661788164420  0.79475049362584271
  0.80456783493430140  0.81336943823056829  0.82152930065995500  0.82932186754925885
  0.83818696664556758  0.85001056490217031  0.86280940045432308  0.87564888134985597
  0.88889166103379136  0.90191974065422953  0.91593980237352701  0.92978151756383309
  0.94389700219852890  0.96042436123189201  0.97881124316738111  1.00000000000000000
 -0.00400413378793285  0.01276950805519322  0.02634454169313372  0.03959084651509631
  0.05191097060991300  0.06257488630018178  0.07102010980151047  0.07848329927308385
  0.08442264741022810  0.09056135632808325  0.09849870681067939  0.10690515299485474
  0.11571799486682362  0.12580304847530718  0.13614946364243774  0.14476355016123124
  0.15183455174670860  0.15918480189130793  0.16759990717956075  0.17794925901352496
  0.19100265217219323  0.20601924792035939  0.22131802518219959  0.23529575520657903
  0.24728990067171966  0.25867548127719120  0.27090479556311459  0.28363745924570372
  0.29849468694928111  0.31437803555253485  0.32615004661075858  0.33635191500462119
  0.34710233391133311  0.35849975989435068  0.36925136452812662  0.37838996420961474
  0.38662739814489444  0.39445696742069508  0.40280588142720380  0.41287351622700158
  0.42369290826877704  0.43372959190271598  0.44423979192515267  0.45531012433678797
  0.47111111102071601  0.48929623678936074  0.50854986067810637  0.52679338724952440
  0.54196280797401186  0.55355752350064136  0.56350760312369752  0.57318066645023580
  0.58242128378643798  0.59040076479736159  0.59887925097346362  0.61022123519869087
  0.62233277409948318  0.63321795354077004  0.64317157491555221  0.65169306419798523
  0.66065691863352061  0.67190032776442277  0.68350744217063175  0.69368410231801914
  0.70355152275863786  0.71338866685903968  0.72411446454404738  0.73627848731276113
  0.74921705893257140  0.76144581061997618  0.77342344353829950  0.78463300861435337
  0.79555123521619719  0.80652325469752628  0.81715656939482739  0.82702656222537807
  0.83624898487279486  0.84546515730102290  0.85469239254732043  0.86331062613494569
  0.87202741250118987  0.87828316508121063  0.88229421952577514  0.89169061186469822
  0.89880671460481665  0.90415516959806652  0.90878501205309770  0.91391416584077911
  0.92191518365185776  0.92967135542439938  0.93679784694219592  0.94787618401984863
  0.96146221575681867  0.97341147661323113  0.98557916673119272  1.00000000000000000
  0.03303151037934066  0.17759616747832135  0.25270266955930926  0.29822109762869770
  0.33577199011909470  0.37098674528685566  0.40269493329066253  0.43034743848263063
  0.45459601573994413  0.47426343860450859  0.49220607813238809  0.50805492233932104
  0.52307747570182916  0.53695551350044246  0.54873965647915879  0.55868526521824768
  0.56756871248508867  0.57716338386822019  0.58721328608879197  0.59637386696766836
  0.60470062522405521  0.61189683056657396  0.61860567958591806  0.62568838925367909
  0.63316799640444332  0.64131891912440164  0.64794617081769168  0.65385668266634855
  0.65955305944848064  0.66472298270455044  0.67480506057608269  0.68610567286975244
  0.69681483326373150  0.70651086104663574  0.71483993347113106  0.72198253803054024
  0.72923875521992199  0.73635607553787630  0.74330643389921547  0.74982852507644349
  0.75551741164959030  0.76086177261380805  0.76566605388898201  0.77157275093214284
  0.77771197843095330  0.78387559705617071  0.78993872491441630  0.79568695640994247
  0.80083024224178290  0.80429202972406377  0.80679621554585812  0.80953332377290588
  0.81240349716538551  0.81496453062859742  0.81711035899715612  0.81974867684603758
  0.82370226713581784  0.82747955815738661  0.83133998738159431  0.83559765720209445
  0.83964628435512723  0.84351998112521420  0.84722762070162705  0.85081534899802180
  0.85439379144815442  0.85813399657461087  0.86211302107473498  0.86614394455180055
  0.87007941859494486  0.87430635387515743  0.87838193756259331  0.88275708831375943
  0.88674306953820858  0.89013382255628404  0.89314511471006897  0.89608039312313315
  0.89934190144534176  0.90256368458901715  0.90552024675565168  0.90844770323518520
  0.91163180972790581  0.91479533919141254  0.91764170908213893  0.92051251593257732
  0.92369795923427944  0.92770823818278358  0.93258484685433163  0.93727603314574304
  0.94176366656780541  0.94646053698730903  0.95135818389592697  0.95587083274409557
  0.96060752128344651  0.96652188176473253  0.97545832182458136  1.00000000000000000
 -0.03830679012980552  0.18150946587152189  0.23032938270391401  0.26394277032145880
  0.29470089645255837  0.31647892134011746  0.33442528508229868  0.34882773058067906
  0.36137182957120362  0.37352957060300906  0.38543199949575652  0.39674851520326748
  0.40753024901921875  0.41802251777164984  0.42720330364302428  0.43493169188044889
  0.44146605999796062  0.44729077258216837  0.45337354496421006  0.46002740480644039
  0.46678864786496227  0.47272224884384434  0.47799876690263315  0.48336514387150620
  0.48890188767232273  0.49472301785380612  0.50125019962885287  0.50833845174102965
  0.51546180977982115  0.52223128882130865  0.52880925544024704  0.53558605352132682
  0.54074511266251402  0.54389506636795859  0.54737319329300571  0.55058351911446357
  0.55332585667061052  0.55536934556708850  0.55885868540047834  0.56330726569876821
  0.56740164099330459  0.57160107428259443  0.57567479992976500  0.57911568211821529
  0.58252419333137084  0.58642649414977233  0.59064443822647938  0.59449638176359376
  0.59841422447269832  0.60268615331077868  0.60762633508568298  0.61266779968351159
  0.61769703748344129  0.62265975901959858  0.62750259629708749  0.63248972533723491
  0.63727458647525670  0.64174838808342904  0.64601550697323618  0.65043005713270674
  0.65534686371425876  0.66059478887775835  0.66576135223219135  0.67031918178394201
  0.67456442688086105  0.67847574273671163  0.68182741090802668  0.68499064783011432
  0.68836495234454420  0.69250631441257737  0.69733489569451379  0.70247439182282811
  0.70771730332581917  0.71294470958228351  0.71798173579757507  0.72288587028579521
  0.72774408969225313  0.73220945258227832  0.73683869983707528  0.74178491857238882
  0.74704706527458775  0.75203028672111016  0.75883599494934573  0.76621877443280706
  0.77365332201789117  0.78112722890311559  0.78908708530996163  0.79792334688282829
  0.80721317845350138  0.81747244933929430  0.82828545377660789  0.84221637611722022
  0.86002724520625007  0.87975736036259156  0.90534131831602227  1.00000000000000000
   1.0317664984519011E-012  -1.0000000000000000     
 T F F F F T F F F F T F F F F T F F F F F F F F F F F F F F F F F F F F F F F F F F F F F F F F T F F F F T F F F F T F F F F T F F F F F F F F F F F F F F F F F F F F F F F F F F F F F F F F F F F F F F F F F F F F F F F F F F F F F F F F F F F F F F F F F F F F F F F F F F F F F F F F F F F F F F F F F F F F F F F F F F F F F F F F F F F F F F F F F F F F F F F F F F F F F F F F T F F F F T F F F F T F F F F T F F F F F F F F F F F F F F F F F F F F F F F F F F F F F F F F T F F F F T F F F F T F F F F T T F F F F T F F F F T F F F F T F F F F F F F F F F F F F F F F F F F F F F F F F F F F F F F F T F F F F T F F F F T F F F F T F F F F F F F F F F F F F F F F F F F F F F F F F F F F F F F F F F F F F F F F F F F F F F F F F F F F F F F F F F F F F F F F F F F F F F F F F F F F F F F F F F F F F F F F F F F F F F F F F F F F F F F F F F F F F F F F F F F F F F F F F F F F F F F F T F F F F T F F F F T F F F F T F F F F F F F F F F F F F F F F F F F F F F F F F F F F F F F F T F F F F T F F F F T F F F F T
  <DiscreteSampler_grid>
  grouped_processes
  1 # 1 for a reference and 2 for a running grid.
  10 # Attribute 'min_bin_probing_points' of the grid.
  1 # Attribute 'grid_mode' of the grid. 1=='default',2=='initialization'
  0.0000000000000000 # Attribute 'small_contrib_threshold' of the grid.
  0.5000000000000000 # Attribute 'damping_power' of the grid.
 # binID   n_entries weight   weight_sqr   abs_weight
    133   10   6.437745372476754E-009   1.206340071785077E-016   6.437745372476754E-009
    134   10   6.437745372476973E-009   1.206340071785157E-016   6.437745372476973E-009
    136   10   3.619906508088419E-010   3.918324657446235E-019   3.619906508088419E-010
    137   10   3.619906508088448E-010   3.918324657446251E-019   3.619906508088448E-010
    139   10   3.619906508088434E-010   3.918324657446266E-019   3.619906508088434E-010
    140   10   3.619906508088395E-010   3.918324657446095E-019   3.619906508088395E-010
    142   10   1.944290777484234E-011   1.130389568979977E-021   1.944290777484234E-011
    143   10   1.944290777484196E-011   1.130389568979905E-021   1.944290777484196E-011
    145   10   3.619906508088434E-010   3.918324657446266E-019   3.619906508088434E-010
    146   10   3.619906508088395E-010   3.918324657446095E-019   3.619906508088395E-010
    148   10   1.826572171376285E-011   9.802197188678745E-022   1.826572171376285E-011
    149   10   1.826572171376255E-011   9.802197188678250E-022   1.826572171376255E-011
    151   10   6.739590229531319E-009   1.358228043010383E-016   6.739590229531319E-009
    152   10   6.739590229531548E-009   1.358228043010482E-016   6.739590229531548E-009
    154   10   3.619906508088419E-010   3.918324657446235E-019   3.619906508088419E-010
    155   10   3.619906508088448E-010   3.918324657446251E-019   3.619906508088448E-010
    157   10   3.619906508088419E-010   3.918324657446235E-019   3.619906508088419E-010
    158   10   3.619906508088448E-010   3.918324657446251E-019   3.619906508088448E-010
    160   10   6.739590229531319E-009   1.358228043010383E-016   6.739590229531319E-009
    161   10   6.739590229531548E-009   1.358228043010482E-016   6.739590229531548E-009
    163   10   1.826572171376285E-011   9.802197188678745E-022   1.826572171376285E-011
    164   10   1.826572171376255E-011   9.802197188678250E-022   1.826572171376255E-011
    166   10   3.619906508088434E-010   3.918324657446266E-019   3.619906508088434E-010
    167   10   3.619906508088395E-010   3.918324657446095E-019   3.619906508088395E-010
    169   10   1.944290777484234E-011   1.130389568979977E-021   1.944290777484234E-011
    170   10   1.944290777484196E-011   1.130389568979905E-021   1.944290777484196E-011
    172   10   3.619906508088434E-010   3.918324657446266E-019   3.619906508088434E-010
    173   10   3.619906508088395E-010   3.918324657446095E-019   3.619906508088395E-010
    175   10   3.619906508088419E-010   3.918324657446235E-019   3.619906508088419E-010
    176   10   3.619906508088448E-010   3.918324657446251E-019   3.619906508088448E-010
    178   10   6.437745372476754E-009   1.206340071785077E-016   6.437745372476754E-009
    179   10   6.437745372476973E-009   1.206340071785157E-016   6.437745372476973E-009
    193   10   8.031113701411323E-009   1.873636061449661E-016   8.031113701411323E-009
    194   10   8.031113701411594E-009   1.873636061449786E-016   8.031113701411594E-009
    196   10   4.516059646865617E-010   6.088266806874981E-019   4.516059646865617E-010
    197   10   4.516059646865657E-010   6.088266806875012E-019   4.516059646865657E-010
    199   10   4.516059646865636E-010   6.088266806875031E-019   4.516059646865636E-010
    200   10   4.516059646865588E-010   6.088266806874764E-019   4.516059646865588E-010
    202   10   2.425624281276342E-011   1.756391798362089E-021   2.425624281276342E-011
    203   10   2.425624281276296E-011   1.756391798361979E-021   2.425624281276296E-011
    205   10   4.516059646865636E-010   6.088266806875031E-019   4.516059646865636E-010
    206   10   4.516059646865588E-010   6.088266806874764E-019   4.516059646865588E-010
    208   10   2.277830564844060E-011   1.520676804103739E-021   2.277830564844060E-011
    209   10   2.277830564844024E-011   1.520676804103664E-021   2.277830564844024E-011
    211   10   8.408060098786600E-009   2.110405704823949E-016   8.408060098786600E-009
    212   10   8.408060098786893E-009   2.110405704824105E-016   8.408060098786893E-009
    214   10   4.516059646865617E-010   6.088266806874981E-019   4.516059646865617E-010
    215   10   4.516059646865657E-010   6.088266806875012E-019   4.516059646865657E-010
    217   10   4.516059646865617E-010   6.088266806874981E-019   4.516059646865617E-010
    218   10   4.516059646865657E-010   6.088266806875012E-019   4.516059646865657E-010
    220   10   8.408060098786600E-009   2.110405704823949E-016   8.408060098786600E-009
    221   10   8.408060098786893E-009   2.110405704824105E-016   8.408060098786893E-009
    223   10   2.277830564844060E-011   1.520676804103739E-021   2.277830564844060E-011
    224   10   2.277830564844024E-011   1.520676804103664E-021   2.277830564844024E-011
    226   10   4.516059646865636E-010   6.088266806875031E-019   4.516059646865636E-010
    227   10   4.516059646865588E-010   6.088266806874764E-019   4.516059646865588E-010
    229   10   2.425624281276342E-011   1.756391798362089E-021   2.425624281276342E-011
    230   10   2.425624281276296E-011   1.756391798361979E-021   2.425624281276296E-011
    232   10   4.516059646865636E-010   6.088266806875031E-019   4.516059646865636E-010
    233   10   4.516059646865588E-010   6.088266806874764E-019   4.516059646865588E-010
    235   10   4.516059646865617E-010   6.088266806874981E-019   4.516059646865617E-010
    236   10   4.516059646865657E-010   6.088266806875012E-019   4.516059646865657E-010
    238   10   8.031113701411323E-009   1.873636061449661E-016   8.031113701411323E-009
    239   10   8.031113701411594E-009   1.873636061449786E-016   8.031113701411594E-009
  </DiscreteSampler_grid>
