  0.00000041741996845  0.00000127484173272  0.00000237722837152  0.00000384088063467
  0.00000523629172884  0.00000624915795211  0.00000707025970010  0.00000785061624754
  0.00000880652387271  0.00001011917828155  0.00001173816557224  0.00001348986824468
  0.00001514252510213  0.00001661775970383  0.00001810947512441  0.00001934607901318
  0.00002029908702720  0.00002108033741291  0.00002192128946918  0.00002280104872368
  0.00002366298467031  0.00002452458041140  0.00002530677660081  0.00002597016385897
  0.00002651166630547  0.00002701245466179  0.00002754428977243  0.00002814520855185
  0.00002874705083238  0.00002934909984084  0.00002991896200815  0.00003048552445902
  0.00003101626599839  0.00003151493394835  0.00003197731699810  0.00003240401068277
  0.00003280562341972  0.00003318880400478  0.00003357313195143  0.00003396960721439
  0.00003438881672182  0.00003483312094236  0.00003527073748691  0.00003569985372910
  0.00003619660291274  0.00003685878799791  0.00005905899258196  0.00006273874512092
  0.00006378205889217  0.00006457768484370  0.00006535148292923  0.00006611619161125
  0.00006698664783475  0.00006785595689825  0.00006876073586492  0.00006977006342481
  0.00007078383465901  0.00007181800957772  0.00007286767331650  0.00007394264024517
  0.00007501546342404  0.00007606471324149  0.00007709892479459  0.00007833031806864
  0.00007966069643082  0.00008132930922129  0.00008390916479844  0.00008680506245261
  0.00008981574613729  0.00009302763170898  0.00009632164642521  0.00009957399927348
  0.00010294831617010  0.00010656562796189  0.00011036154837392  0.00011407037934267
  0.00011829854681986  0.00012395091927092  0.00013124752936714  0.00013961543223778
  0.00014999519046634  0.00016297561346882  0.00017798567649434  0.00019952401428853
  0.00023482516539283  0.00028170487803963  0.00032932023345001  0.00038852284161003
  0.00045148708734869  0.00052945771128566  0.00063287429899613  0.00074708396151201
  0.00089350137576366  0.00115965990639711  0.00219960355176877  1.00000000000000000
 -0.00000001278013623  0.00000026972822726  0.00000102850107158  0.00000196331175062
  0.00000284800084340  0.00000363050850270  0.00000455774829616  0.00000570220183890
  0.00000695699392113  0.00000798340230130  0.00000911947071842  0.00001010797346811
  0.00001100328809904  0.00001193111727754  0.00001301842379592  0.00001443936968839
  0.00001572631238482  0.00001668719784522  0.00001761966623655  0.00001856046399628
  0.00001955155358789  0.00002045881513229  0.00002128671673098  0.00002208692925877
  0.00002281846903341  0.00002342886482943  0.00002403392991725  0.00002464253667447
  0.00002531882070726  0.00002612728449497  0.00002707072324391  0.00002797358100214
  0.00002875862853195  0.00002945782842979  0.00003012164283332  0.00003072321791794
  0.00003133112128630  0.00003191071639285  0.00003245030366122  0.00003295759320258
  0.00003344604142604  0.00003396378512524  0.00003447807348413  0.00003499139923335
  0.00003550608538402  0.00003601297697467  0.00003653606076851  0.00003718296307058
  0.00003860656110323  0.00004737522568658  0.00006365808435936  0.00006465227711384
  0.00006545116329779  0.00006625454708768  0.00006706491996105  0.00006789563685835
  0.00006882166485160  0.00006984730883491  0.00007101952380908  0.00007237463223211
  0.00007372496903665  0.00007505903756592  0.00007643401200052  0.00007789828100322
  0.00007948544984131  0.00008119879439531  0.00008295622526308  0.00008476768714105
  0.00008679292789069  0.00008891375633112  0.00009089521393576  0.00009303558317821
  0.00009578170671479  0.00009890079771146  0.00010215752698772  0.00010576246938971
  0.00011006067732817  0.00011510181017610  0.00012233245083019  0.00013181252048026
  0.00014314534931763  0.00015799482912291  0.00017894300838673  0.00020457099519678
  0.00023472989417615  0.00027111801857505  0.00032320769480020  0.00037405750403142
  0.00043004657735115  0.00049495242750548  0.00058382794255983  0.00070174767986605
  0.00086827699830692  0.00122459983774436  0.00218799744735661  1.00000000000000000
  0.00940690320418200  0.01767269925796568  0.02801900605926167  0.03817972100138209
  0.04797492734111500  0.05643476565156311  0.06570645574298010  0.07667489223941990
  0.08832702437535572  0.09923595497448845  0.10836452900587476  0.11592216506686971
  0.12289640713668465  0.13064144417361800  0.14068399651760596  0.15372440930780443
  0.16553201033946219  0.17295797706049432  0.18004172793198087  0.18730060146857233
  0.19505440794223769  0.20311299173808559  0.21231780345712706  0.22362004157866774
  0.23665822842907308  0.24916116209962036  0.25923347193561724  0.26759306325036208
  0.27691065415761196  0.28688979750200266  0.29609723577072244  0.30403793746863744
  0.31090847624608958  0.32043937070447309  0.33354965717192642  0.34798930674663964
  0.36325364706923352  0.37612594422763923  0.38874873839090235  0.40183430629902078
  0.41537160335569234  0.43227520217223830  0.44753280418492619  0.46204047543347077
  0.47565033892923658  0.48792543990329912  0.50041467844367127  0.51390194416575607
  0.52750960027726479  0.53959100324864506  0.55046334030624877  0.56096515838535455
  0.57110380144657458  0.58186168263688032  0.59109873770457200  0.60259704263802616
  0.61455779048135051  0.62437871679783297  0.63375685916671953  0.64453919726037934
  0.65627755187385117  0.66382607255268911  0.67083913317247357  0.67741747949383269
  0.68331021503468303  0.68864711421994829  0.69636498114303380  0.70457867466542101
  0.71296801511528229  0.72205347318333091  0.73373826231285966  0.74813829029876777
  0.76314780867576548  0.77682783205811223  0.78716969314074903  0.79646818164642963
  0.80494890037496436  0.81364726856179836  0.82333150419684042  0.83603906735564049
  0.85006768364074059  0.85994495016998262  0.86760494114076736  0.87564065006661118
  0.88441444726182683  0.89423784483303892  0.90058023581846114  0.90728718408909037
  0.91527579786674029  0.92605774672167396  0.93923791517654354  0.94993424532465875
  0.95898212156999496  0.96873323547300882  0.98023280331124818  1.00000000000000000
  0.00067771822475038  0.01868673032404897  0.03369789776649944  0.04721338139412295
  0.05862992386506070  0.06868702322338562  0.07805982976881060  0.08723624658861794
  0.09590465861137737  0.10617375530591970  0.11687480383884624  0.12698805707740199
  0.13707490841944911  0.14849406878997279  0.16046411301624181  0.17174062522547101
  0.18346469614834823  0.19344656062455462  0.20516593748182807  0.21480455070465374
  0.22406608569201347  0.23333702985584540  0.24197220910799114  0.25011621423941183
  0.25839248863259034  0.26679866144564818  0.27491483331857230  0.28344993185219930
  0.29174173206881621  0.30060008484416978  0.30916286017956657  0.31657690451432230
  0.32428154901246681  0.33262972449864320  0.34208518946214433  0.35394156218752970
  0.36755082908820969  0.38178109618084805  0.39486561943087656  0.40614105741345180
  0.41668462285831609  0.42885252493240356  0.44080179501533090  0.45317711080885387
  0.46587853082863712  0.48173739620120443  0.49639138993183862  0.50966140408591010
  0.51881848560294186  0.52892766470118535  0.53818599629800967  0.54631589687094539
  0.55432053689291616  0.56393614008542070  0.57632964571651357  0.59108259187154355
  0.60381453188574097  0.61641843121634121  0.62823827373610786  0.63923587803293502
  0.64992313742733065  0.66141914637059540  0.67002055370178548  0.67861610854044774
  0.68873479223283840  0.70053874000031091  0.71043104969109816  0.71986116342482231
  0.72765830081981031  0.73516183922870648  0.74114625393803935  0.74783998250886408
  0.75486746989209452  0.76460711570935602  0.77493641739074248  0.78557181174283230
  0.79738122079037121  0.80999803610154075  0.82182992873717087  0.83427797299145190
  0.84619775395098451  0.85617172027329713  0.86454254056977231  0.87296538339208907
  0.88272608398977470  0.89320426322925628  0.90101387933814137  0.90574334959510350
  0.91093290686546335  0.92015795492363972  0.93267846163322177  0.94525204031902232
  0.95488562675901778  0.96528444053589779  0.97861022989007862  1.00000000000000000
 -0.00030665834158962  0.00249351346713458  0.00520233526788737  0.00805954242933755
  0.01228280945891505  0.01764212414339708  0.02408427130750550  0.02915951461007582
  0.03494369510738327  0.04102270354705476  0.04766898404075669  0.05374744270516457
  0.05988805929983929  0.06906682428400604  0.07968758079016994  0.08617120125562927
  0.09181947910782164  0.09715416930204947  0.10244685449240423  0.10788782946186713
  0.11383154531263882  0.12024873267852491  0.12666420268595377  0.13160129225240058
  0.13548766901109038  0.14130553492046538  0.14793349688181714  0.15508557774344153
  0.16227410859153329  0.17364094976958472  0.18737655919010862  0.19783421129666579
  0.20852075814849300  0.21797830221862244  0.22744114410705374  0.23706465913221511
  0.24771719058874511  0.25987610139197159  0.27172424233646597  0.28337229469665248
  0.29466839229434710  0.30690140556179102  0.31897341613166658  0.33189717687767417
  0.34500343772395037  0.35817597896897480  0.37078189694338171  0.38074299144277096
  0.38985878588487693  0.39930035865023850  0.40901405899129212  0.41863562643043400
  0.42773892966584748  0.43625004031966613  0.44493363656370311  0.45499058027276612
  0.46659300218536021  0.47931850144817556  0.49280520882128931  0.50516490545636850
  0.51721148413389506  0.52893881279203714  0.54123428877217661  0.55393180415798593
  0.56653932155725362  0.57938385562833561  0.59248405100388424  0.60579373721498186
  0.61929543371073248  0.63348606820057285  0.64723200672183023  0.66148365428929023
  0.67742544449093789  0.69236179478510507  0.70623726174219470  0.72034752116040479
  0.73340624920128994  0.74672698213164446  0.76078331415319955  0.77490075879500242
  0.79047695226562376  0.80444095865593901  0.81737695215412343  0.82950895910420119
  0.84275256618991001  0.85671029850123803  0.87108670701101421  0.88550867882340523
  0.90076690074026533  0.91537515654936541  0.93041990771203298  0.94599350504482826
  0.96117026768000691  0.97474955969532440  0.98739168404343802  1.00000000000000000
 -0.00497293508969305  0.01534372016469547  0.03078623310062765  0.04288217036351593
  0.05146890411565450  0.05918820480746616  0.06556146296094620  0.07477587839478707
  0.08450283992118657  0.09529347612664536  0.10243838872791793  0.11191535729956641
  0.12465918844634184  0.14152067829216675  0.15868624815094010  0.17487668238974671
  0.18888752383884561  0.20006260632025458  0.20959046181457594  0.21778128805134189
  0.22588345990224132  0.23487958554367361  0.24605323383090669  0.25858944262111377
  0.26960153347549887  0.27843759613154168  0.28579076610167159  0.29286677025588648
  0.30123615160920569  0.31033707100808833  0.31880842748996530  0.32740886628847071
  0.33722870630073692  0.34990278238414724  0.36334972377924235  0.37527665384894099
  0.38567949866621054  0.39376577318499828  0.40091420772173614  0.40852873529222011
  0.41718105164183089  0.42506038510142574  0.43249093270955374  0.44138727797279470
  0.45244135323659801  0.46230222350399108  0.47114520811231431  0.47996903405757746
  0.48921363451708205  0.49756409111876704  0.50581362615919423  0.51584439231207568
  0.52670728671198919  0.53766587197847393  0.54816551011511916  0.55883733518840673
  0.57349360560498686  0.58752733859668038  0.60142032048087746  0.61498062875299708
  0.62655904627591708  0.63607181152925407  0.64527558197871293  0.65506594579815669
  0.66657360386766462  0.67895185472339081  0.69033604052130548  0.70121075055647575
  0.71219057043655787  0.72321793055516137  0.73413443475932794  0.74488295932342796
  0.75737524236861375  0.77076827054440877  0.78416988161373247  0.79672749516002117
  0.80799083392433224  0.82169977594190968  0.83433392741211820  0.84420518512816234
  0.85028451134222827  0.85574716936695439  0.86121499408913571  0.86626811764341405
  0.87088339399381343  0.87642672035978142  0.88500542768174173  0.89421055477795652
  0.90354364661427222  0.91341691744153408  0.92383665263023773  0.93468862119346152
  0.94881786976318960  0.96562220610867067  0.98285803470881272  1.00000000000000000
 -0.00420717124635693  0.01089089118013335  0.02589025910608310  0.04028942651620020
  0.05338531910841487  0.06421975007471360  0.07133841323086591  0.07861134690693364
  0.08815812843459835  0.09850674652516368  0.10947607553879041  0.12052430947617733
  0.13289822981482147  0.14597168469919397  0.15783253023876201  0.16865941541947113
  0.17966321401600790  0.19046502578686450  0.20057172339941867  0.21053596477569558
  0.21942689445448371  0.22948470256138398  0.24183368143428524  0.25568703700062939
  0.27095595865601452  0.28713279056519819  0.30084808408221342  0.31178498980091074
  0.32152552196728679  0.33101128678621422  0.34231163049124974  0.35363643578689419
  0.36413426292236456  0.37476839185581251  0.38633597870204694  0.40012970180244378
  0.40922000091365918  0.41644631331789533  0.42248596804666844  0.42894795244151707
  0.43791996741326866  0.44852003345123387  0.45829727133205239  0.46730776254817935
  0.47594419544401123  0.48300776580194715  0.49062051004329027  0.49943319674817344
  0.51082188832237929  0.52379868959502829  0.53508932818998012  0.54360137262582120
  0.55054087969707344  0.55928806742124015  0.56845832432805621  0.57571357130656353
  0.58143048809205999  0.58702582835528017  0.59355537334830588  0.60328609909958231
  0.61386034503404130  0.62464082115880093  0.63345315450792050  0.64115721531290049
  0.64924776966350872  0.65762050903860036  0.66807018735936141  0.68034567971141036
  0.69395806997983700  0.70586278257044077  0.71512446462329016  0.72299800921996160
  0.73274128568558705  0.74337118612572350  0.75393616105706085  0.76338362997694409
  0.77245326132531578  0.78461716936891224  0.79768641162763732  0.81282120024033788
  0.82829901631198910  0.84297199228412878  0.85736699138557759  0.87111003931087461
  0.88483840763189925  0.89826192217784284  0.90839933647358651  0.91715317827381293
  0.92619722570278695  0.93561887653612130  0.94508171817459019  0.95458465289812844
  0.96685236284608855  0.97943205763743468  0.99008824125301520  1.00000000000000000
 -0.00341867819906044  0.01347991787963633  0.02630121444915874  0.03881755462336429
  0.05117865392462756  0.06462729674126221  0.08018732138178510  0.09569509024594228
  0.10817365412291811  0.11938928077621770  0.13078639511455803  0.14135081984866832
  0.14909750221746662  0.15583638800553182  0.16334314009890147  0.17325179150428099
  0.18266319075646700  0.19264773032635954  0.20456249280526428  0.21881911755371644
  0.23349209132174348  0.24615165855699803  0.25775412454902324  0.26766771402958550
  0.27982577515032081  0.29180548108020887  0.30468983554021584  0.31733719270436439
  0.33024544142656853  0.34544563800064970  0.36086365667150511  0.37274327967838788
  0.38319537914532520  0.39417495761381527  0.40335523242441451  0.41334861000500434
  0.42527100369138121  0.43686651335383203  0.44763678967934284  0.45767301777672764
  0.46756372488452291  0.47672608601428240  0.48458182370613623  0.49059144376137898
  0.49688350382918461  0.50508329274470798  0.51411597920265339  0.52335016993581096
  0.53236982278737566  0.53932932110758192  0.54538813057252189  0.55369591354484782
  0.56165033096167871  0.56778528738503653  0.57552626892936321  0.58548547060763845
  0.59570921134942212  0.60699624180004175  0.61723732560910105  0.62429927969515742
  0.63190683040292117  0.64101466223998005  0.64957307278432963  0.65848105263293066
  0.67176389862824193  0.68781261652245018  0.70370504285300073  0.71755755862674453
  0.72870206449557673  0.73945646577812074  0.75082465842557233  0.76112364351786865
  0.77279413514292927  0.78532079809554256  0.79322390644769325  0.80109582688786096
  0.80728227820497833  0.81298680115834754  0.82136526834367696  0.83221814543587336
  0.84321002022186597  0.85080545049830403  0.85910452832300843  0.86863799779576933
  0.87950463263981671  0.88998923342860270  0.89866148303325644  0.90719692313957567
  0.91622901472853380  0.92750618475486346  0.93879558345425840  0.95012389556074439
  0.96111678342106399  0.97227473168330958  0.98484101333410279  1.00000000000000000
 -0.00184157531941807  0.00884625403221090  0.01823914682746721  0.02837793453203072
  0.03983759726364685  0.05229939163871956  0.06385042080595980  0.07329123344319513
  0.08177975941905502  0.09103123730372127  0.10158480193215147  0.11481479393045697
  0.12882663930946198  0.14061887714374693  0.15077035715468212  0.15938778179115368
  0.16531048826177192  0.17132580653099616  0.17801801440613305  0.18547495419673488
  0.19652858313417274  0.20749105709233012  0.22270359278912802  0.23472656748306536
  0.24357033463388955  0.25233177710339050  0.26102278054527095  0.27056656779635774
  0.28075516750771795  0.29162209846130005  0.30512583318363107  0.31783779684468583
  0.32713632879788351  0.33551535297188900  0.34262354920806282  0.34997417763201288
  0.35794315268896421  0.36485810122038559  0.37170530597049239  0.38044194832933598
  0.39247990127432081  0.40506793325363111  0.41638806750081692  0.42631739669627383
  0.43512753601037574  0.44646426006960005  0.46055346018912924  0.47548056024290630
  0.48970896777449924  0.50259674034659030  0.51457733139494310  0.52386148887568240
  0.53286478835080842  0.54272651395040128  0.55593529318847135  0.56965482628250341
  0.58054215142139254  0.59073548426952571  0.60270501003911581  0.61364308109380816
  0.62508574391632388  0.63597074953109800  0.64625402023829881  0.65902620942409851
  0.67412588435213172  0.68940891129529336  0.70324285906109285  0.71554166038203249
  0.72728175553702523  0.74005343582681971  0.75315272750751361  0.76348178719765503
  0.77233055565966546  0.78190898460889702  0.79279491400592983  0.80333858611768427
  0.81250425252281444  0.82093447238790695  0.82946578154372308  0.83872674270102276
  0.84962941351980870  0.85870864563119653  0.86670965974150771  0.87666311676363184
  0.88877204425148604  0.90175393221947509  0.91402121666367198  0.92628927556945706
  0.93895125549410574  0.95123060401614934  0.96150506507651001  0.96923568246075886
  0.97613524073717572  0.98291540283343992  0.99057581818893714  1.00000000000000000
 -0.00396387055257225  0.01390711915856754  0.02875313071885601  0.04153202630513845
  0.05317110025010933  0.06359582275516945  0.07385575405904238  0.08293387123605855
  0.09077577127613340  0.09786171759943388  0.10446522182075856  0.11213335824671358
  0.11980286743709240  0.12888917181111734  0.13971725789313491  0.15142295757388186
  0.16349844750567238  0.17607274969729264  0.18768682861835967  0.19697698821800930
  0.20517407968919529  0.21377518370875764  0.22503158261111469  0.23749698632409166
  0.24846198128741584  0.25618950456525585  0.26375857119168034  0.27364910678347787
  0.28606571734627989  0.29823158549273743  0.30841984532782252  0.31919293802785326
  0.33269106111805324  0.34437130466507704  0.35297927581705724  0.36050763478177966
  0.36907089789140385  0.37982476743845350  0.39318306241499790  0.40842764081589855
  0.42363602565495079  0.43555261967401693  0.44391603482220510  0.45313223920257606
  0.46279253709776308  0.47096784270155545  0.47760654636363198  0.48480052585288058
  0.49162951045059278  0.49737461340525069  0.50330076528871504  0.51196857099748094
  0.52268169147440835  0.53519617936236030  0.54594659781031563  0.55269082735397168
  0.55902659760691087  0.56675735821611983  0.57720218544614477  0.59077398099116807
  0.60701047869983005  0.62543161789268253  0.63726943786950463  0.64775380791353943
  0.65762989187843546  0.66800563106381339  0.67944964166576816  0.69167181428646818
  0.70294749773501852  0.71283396687478329  0.72165077305870751  0.73020596682412653
  0.73832067930413758  0.74622107810248783  0.75215946292012870  0.75735540277130364
  0.76352233406873726  0.77047605238308425  0.77793975916476221  0.78746674754227353
  0.79842719790087646  0.81039825222493911  0.82404716187962834  0.83943102965362959
  0.85511179326109499  0.86929388141984321  0.88091904705209012  0.89236115338551447
  0.90431310895486339  0.91698022695244663  0.93087835336163927  0.94579981718382866
  0.95953026605660618  0.97278328257005231  0.98603624312756100  1.00000000000000000
 -0.00188928317779258  0.00733658942193915  0.01375197286362178  0.01997571470280411
  0.02714167125741868  0.03548326457568889  0.04625135243049788  0.05790171931962201
  0.06870577737093578  0.07898277899397889  0.08951416695048794  0.10048461694118384
  0.11125615496902991  0.12446365029366045  0.13684930438312412  0.14886535164538653
  0.15992689604271434  0.16989109883540029  0.17898395244949986  0.18701554599400019
  0.19510174568749070  0.20362801024581628  0.21191976844334962  0.22014035993443204
  0.22709307393901337  0.23265413692627926  0.23829121788447022  0.24430163304005156
  0.24982104125963042  0.25514687110889650  0.26230142644813470  0.27131013803420290
  0.28181361114638920  0.29355580191453523  0.30914562528114492  0.32888041857254069
  0.34855576830055168  0.36038477331835067  0.36882206899367159  0.37636986054724741
  0.38431773926838070  0.39342347805776412  0.40279671634313385  0.41084467826543108
  0.41982333911812514  0.43047796958750778  0.44327848405277337  0.45517223620287128
  0.46645103698407747  0.47582994054166577  0.48356097722528096  0.49183067684163995
  0.50055888605229393  0.51091292624606555  0.52309046970425777  0.53334819123982147
  0.54354507062329693  0.55253311460989363  0.56654241192369759  0.58557228205196643
  0.60688544579835413  0.62892340651174583  0.64869808225462056  0.66639799486659379
  0.68234445200105243  0.69651096763711162  0.70912983653246797  0.71922853090517203
  0.73032141293513109  0.74025376048062996  0.74984809895283677  0.75964618911827553
  0.76975598372336762  0.78225300168572942  0.79487571187852135  0.80707868527937887
  0.81748011864174386  0.82668315190050157  0.83671539769277981  0.84791895065750988
  0.86233288136214414  0.87783816538059911  0.88908929399959646  0.90088799913700701
  0.91180588892660108  0.92102793169569896  0.92926957828263579  0.93722148936290883
  0.94468781986440931  0.95218959103353473  0.96012225971740284  0.96904855144077406
  0.97639527505497947  0.98305822838594026  0.99034583735886239  1.00000000000000000
 -0.00315936126042373  0.00848599741027322  0.02060634236965340  0.03265011709464015
  0.04488316161595630  0.05814886290857049  0.07243185789903248  0.08709499613069964
  0.09810845386491464  0.10830038504178133  0.11916258676347952  0.12974785517477483
  0.14176204195034850  0.15381183527516323  0.16721297088878911  0.18047869504800229
  0.19372797310196119  0.20761709549858168  0.22131621513550498  0.23197475404139450
  0.24147298057712549  0.25107233380575961  0.25851888441609439  0.26557939913800283
  0.27387814136423771  0.28289421976111379  0.29066232676422937  0.30186823748096786
  0.31129273192292550  0.32074895985278046  0.32969189063798404  0.33813814497527200
  0.34735905997406680  0.35808724411513976  0.37040321805748405  0.38057845956322972
  0.39023742146664941  0.39977260824472910  0.40956130092262649  0.42012204093189087
  0.43086514925435854  0.44106856069895056  0.45066247592367564  0.45965221362915021
  0.46954204463372767  0.48130196778112638  0.49556717556275759  0.50655642623184804
  0.51670232960024143  0.52635869489204046  0.53389022616512394  0.54160858363965636
  0.55017856386822506  0.55843353272293783  0.56825378491588263  0.57997482148431312
  0.59287721973636642  0.60571308417590997  0.61705976461159728  0.62961353080061966
  0.64238302757315857  0.65544913788665071  0.66750386078738821  0.67838596014681984
  0.68791609132959342  0.69424449539854793  0.70284055491382069  0.71451260954283613
  0.72560000631617794  0.73604670973089525  0.74850512261005286  0.76386246148201387
  0.77680111947522057  0.78627352447380539  0.79581973078982249  0.80750214102661322
  0.81843314699924252  0.82660480307201811  0.83446819686524598  0.84407428371212656
  0.85630759578838034  0.87274085234774956  0.88647952391247831  0.89748408066248608
  0.90697555119672890  0.91711452058385878  0.92730492491522942  0.93528384382332208
  0.94098049859310051  0.94734970965603926  0.95356595516676990  0.96138318686675561
  0.97135004831636951  0.98113549285350610  0.99025898620031361  1.00000000000000000
 -0.01073438795048842  0.03993714202000142  0.06893958146918007  0.09210014022525199
  0.11007421812308316  0.12546652981921469  0.14144775141783228  0.15179850756844937
  0.16104717458398349  0.16865649372114203  0.17507809131350041  0.18198733536988834
  0.19158014063079762  0.19970701245025274  0.20605565454620237  0.21210971383025790
  0.21922880299570904  0.22747500920764069  0.23788557578299488  0.24961072201237819
  0.26121351112291685  0.27316826358247431  0.28482197364543832  0.29544411069431215
  0.30376502872684719  0.31042554078058721  0.31708079716241216  0.32384579156067256
  0.33069696137080457  0.33715766881268300  0.34413758064014699  0.35282873508896345
  0.36276604827084108  0.37144646179551111  0.37993494244042703  0.38764752433933164
  0.39578774537434924  0.40329348706512691  0.41023919065782327  0.41784195456520384
  0.42524182737989097  0.43193388913564695  0.43813462080779020  0.44476531211054526
  0.45234451158150740  0.46083876457107686  0.46967845905504996  0.47739726560972912
  0.48584033171183488  0.49331320846441418  0.50092846339693786  0.50913933564694625
  0.51817518346544467  0.52770135515963890  0.53740965087174164  0.54702717848633753
  0.55603031013263271  0.56375700912141624  0.57102272540768428  0.57825672075357182
  0.58472657344841916  0.59099315293990973  0.59768793517738172  0.60518914248474798
  0.61301281099364890  0.61955312587044920  0.62537823924094083  0.63185725259293968
  0.63968524318645936  0.64849533982636365  0.65760440179371416  0.66752931484738065
  0.67828283002974110  0.68934508580062626  0.70042046611707320  0.71057772307984424
  0.72265355508594242  0.73675120021192775  0.75151049117848867  0.76921136097666920
  0.78376820170441275  0.79555204453860040  0.80749835781408186  0.82056798494911110
  0.83466962959766478  0.84943600888271131  0.86438698972215333  0.87626588923713267
  0.88447121672683260  0.89207702490457463  0.90159940580258047  0.91581820035520078
  0.93180785271379452  0.94567300057503290  0.96147226047982781  1.00000000000000000
 -0.00274086175553563  0.01157663660093739  0.02398730149352354  0.03660743359398640
  0.04777407600528886  0.05811381957723668  0.06882914523354018  0.08082336576740687
  0.09354611177116172  0.10526398809338412  0.11440378798313064  0.12189869288574326
  0.12880418254326809  0.13621518948855429  0.14500334740943524  0.15460026657277903
  0.16499608767696344  0.17596067638128327  0.18726732026865675  0.19909204114085119
  0.21194946284540897  0.22480283862566264  0.23805130899685253  0.25312321448728087
  0.26716724274175951  0.28025721711992452  0.29235163338857290  0.30304515779872288
  0.31342636674229318  0.32488748678221840  0.33704714475714925  0.34695331929818246
  0.35660270171090475  0.36651296983561116  0.37714708981465977  0.38730081675475325
  0.39825064302893887  0.41067976074933488  0.42430232380572724  0.43863690220308749
  0.45332552070151633  0.46447553121157803  0.47483201986138929  0.48311045923540952
  0.48929247417230043  0.49336405452587268  0.49884571093432656  0.50528644274964873
  0.51155720783411340  0.51991451228013119  0.52982361329459260  0.54112610822943252
  0.55446951246365062  0.56632141093208743  0.57641867549751846  0.58524723731866202
  0.59414150704590296  0.60345068851210348  0.61330208444735501  0.62433027119940687
  0.63771122919828238  0.65303664263143180  0.66761335727152982  0.68138210668644572
  0.69588279863257418  0.71058838431840654  0.72316048321009974  0.73501190869004918
  0.74551232568546588  0.75476054672605397  0.76226613971088097  0.76923338637294048
  0.77658536813790946  0.78418932973870792  0.79170134556318916  0.79883054864991243
  0.80629490047957297  0.81586383917212812  0.82800287519824367  0.83935885729604232
  0.84928946962892671  0.85956349440313540  0.86980568678833114  0.87970372136417629
  0.89010889660662396  0.90028593492565001  0.91015026931278875  0.91910173656979499
  0.92667513232540888  0.93351416677389298  0.94284052964908494  0.95159700497982258
  0.96222562943839718  0.97108256830875794  0.98215804529460093  1.00000000000000000
 -0.01351666704786615  0.16452414415881042  0.21125103958298877  0.27242527622908463
  0.31861666338326250  0.34442431417514030  0.36701025129036124  0.39061549642935245
  0.41145812840063373  0.42906107272786864  0.44836254004782461  0.46899690713320386
  0.48768588484462982  0.50149077519297103  0.51223263014009934  0.52413544627674791
  0.53681676448822802  0.54851870782387091  0.55860960671393345  0.56776339782959451
  0.57641109104006982  0.58381764186317942  0.59102596016000231  0.59809735906890060
  0.60566746067998567  0.61333998114220578  0.62199871133682949  0.63058160860090340
  0.63881420913438702  0.64652490146252128  0.65374000205183092  0.66077351793586614
  0.66868439426763782  0.67737408874182969  0.68574035910218545  0.69375681337608175
  0.70165374918836731  0.70883434183426364  0.71551140190614093  0.72077036457167998
  0.72551674570685631  0.72968518789365333  0.73544923857621169  0.74356912478092640
  0.75117982051555487  0.75616685220265079  0.75937515167918979  0.76213696663183705
  0.76494005268803045  0.76756349882625274  0.77000383601413569  0.77345265925385298
  0.77798094772109083  0.78282593974702119  0.78772518251832613  0.79219163058885800
  0.79657657661562753  0.80025159622399900  0.80315132669035694  0.80614310880285045
  0.80901259543518578  0.81389976779750006  0.82035178004854181  0.82695326541983771
  0.83337734253203055  0.83894077289793501  0.84457736647592863  0.84967695764192952
  0.85423530431570405  0.85869256211197664  0.86302648428817264  0.86752200775008248
  0.87222396618023779  0.87681994340051861  0.88085111869439392  0.88487050202359008
  0.88925614060236835  0.89425033969957413  0.89977547256004831  0.90455953890935792
  0.90904347985029654  0.91352037906565864  0.91796021547535001  0.92218229817926223
  0.92616831615507289  0.93028397787562556  0.93428544854583540  0.93771329853458618
  0.94130481117810305  0.94503707254851876  0.94937890996350893  0.95430018741797074
  0.95952671804922640  0.96548025405756188  0.97600449948754853  1.00000000000000000
 -0.02961832557020342  0.14338279807690771  0.18133506057772039  0.20770994805314258
  0.22540837218018805  0.23564226051952192  0.24604290889754421  0.25630961122127716
  0.26284000512107625  0.27054262755210107  0.27796501997348982  0.28444611933349362
  0.29082899362935638  0.29739072047316817  0.30440737608396640  0.31106085403063738
  0.31723254348557578  0.32322510086817063  0.32995238066819643  0.33684491583552478
  0.34577076919843219  0.35384239994008015  0.36087821827987454  0.36693783571403887
  0.37312454482169066  0.37747016534467431  0.38122123487453347  0.38557760358956816
  0.39043511237515283  0.39476047073717252  0.39763338978941859  0.40093508097289754
  0.40686985320552299  0.41334025975219635  0.41836037225013345  0.42280412239470566
  0.42700207209223445  0.43073642962902142  0.43419093896832950  0.43787405941567387
  0.44223414780428882  0.44747138461999786  0.45285338382630580  0.45720747564128006
  0.46137581074382455  0.46537802896230829  0.46974901647562373  0.47419383858558117
  0.47892945529476694  0.48511618697772063  0.49116302175147686  0.49677928017478901
  0.50187581780106105  0.50585536819982335  0.50999748934818945  0.51435950062825087
  0.51929164883790269  0.52541542216542347  0.53202925665186152  0.53791905240570603
  0.54354459085347229  0.54847532055075043  0.55308558953999731  0.55747653822243459
  0.56114970553640142  0.56453946259960464  0.56818746462021508  0.57201439508460550
  0.57663698373063599  0.58198523417753723  0.58826965934623265  0.59590104140847566
  0.60272256297359916  0.60995274826443502  0.61703783655916666  0.62370178285541533
  0.63045671989221164  0.63716272248865213  0.64405914282290233  0.65172021336831043
  0.65866923417327083  0.66566593773089622  0.67360080895347929  0.68288870137770807
  0.69301186293092332  0.70321464392782540  0.71341926221656149  0.72359718806906648
  0.73454860173909875  0.74694033029958262  0.75794766630371735  0.76978535725769726
  0.78536465080849605  0.80669474633284155  0.84118072538083066  1.00000000000000000
   1.2762908823169256E-015  -1.0000000000000000     
 T T T T F F F F F F F F T T T T F F F F F F F F F F F F F F F F F F F F F F F F F F F F F F F F T T T T F F F F F F F F T T T T T T T T F F F F F F F F T T T T F F F F F F F F F F F F F F F F F F F F F F F F F F F F F F F F T T T T F F F F F F F F T T T T T T T T F F F F F F F F T T T T F F F F F F F F F F F F F F F F F F F F F F F F F F F F F F F F T T T T F F F F F F F F T T T T T T T T F F F F F F F F T T T T F F F F F F F F F F F F F F F F F F F F F F F F F F F F F F F F T T T T F F F F F F F F T T T T T T T T F F F F F F F F T T T T F F F F F F F F F F F F F F F F F F F F F F F F F F F F F F F F T T T T F F F F F F F F T T T T T T T T F F F F F F F F T T T T F F F F F F F F F F F F F F F F F F F F F F F F F F F F F F F F T T T T F F F F F F F F T T T T T T T T F F F F F F F F T T T T F F F F F F F F F F F F F F F F F F F F F F F F F F F F F F F F T T T T F F F F F F F F T T T T T T T T F F F F F F F F T T T T F F F F F F F F F F F F F F F F F F F F F F F F F F F F F F F F T T T T F F F F F F F F T T T T
  <DiscreteSampler_grid>
  grouped_processes
  1 # 1 for a reference and 2 for a running grid.
  10 # Attribute 'min_bin_probing_points' of the grid.
  1 # Attribute 'grid_mode' of the grid. 1=='default',2=='initialization'
  0.0000000000000000 # Attribute 'small_contrib_threshold' of the grid.
  0.5000000000000000 # Attribute 'damping_power' of the grid.
 # binID   n_entries weight   weight_sqr   abs_weight
    13   10   2.246960892847290E-008   1.999549424943417E-015   2.246960892847290E-008
    14   10   2.246960892847298E-008   1.999549424943431E-015   2.246960892847298E-008
    16   10   2.904682404853886E-008   3.383331648311479E-015   2.904682404853886E-008
    17   10   2.904682404853897E-008   3.383331648311505E-015   2.904682404853897E-008
  </DiscreteSampler_grid>
