 -0.00000012367982289  0.00000294932572756  0.00000870376053582  0.00001435807118316
  0.00001800268062974  0.00002043432402472  0.00002225714772265  0.00002379374936478
  0.00002542675575488  0.00002684448486507  0.00002804457216625  0.00002912853981693
  0.00003014735397036  0.00003109065681609  0.00003209883079752  0.00003327316154755
  0.00003445442881813  0.00003525122055811  0.00003598788572320  0.00003799761287817
  0.00004097396920174  0.00004585986781144  0.00005452424011470  0.00006157365838716
  0.00006313153848657  0.00006417378617298  0.00006500499442195  0.00006575888468326
  0.00006650310329009  0.00006722427085305  0.00006801250691460  0.00006892995876719
  0.00006991544459612  0.00007088696676496  0.00007185396930454  0.00007286185636955
  0.00007383345255065  0.00007479871234999  0.00007580158271033  0.00007684509548442
  0.00007802699099706  0.00007923999833094  0.00008052720066346  0.00008164901847238
  0.00008278481856436  0.00008395755079475  0.00008523055763412  0.00008665162323508
  0.00008838422453221  0.00009030082659032  0.00009269705558308  0.00009482175437852
  0.00009711600469797  0.00009937207847665  0.00010157421677145  0.00010386147332620
  0.00010661508498007  0.00010994691152859  0.00011395197269269  0.00011826476692676
  0.00012489501182817  0.00013409839079027  0.00014444349912184  0.00015253559959883
  0.00015901068801886  0.00016579808743140  0.00017319285076576  0.00018100385657561
  0.00018988032792183  0.00020039104933934  0.00021182797904628  0.00022523191823878
  0.00023890933145541  0.00025269225684190  0.00026642989147994  0.00028119457926249
  0.00029831606744816  0.00031659925059859  0.00033615227582060  0.00035802641777237
  0.00038822410790762  0.00042177111411032  0.00045554762693056  0.00049259844180544
  0.00053239807675801  0.00058667937853459  0.00067021365028711  0.00077414596636626
  0.00088568903140436  0.00103384382952346  0.00124094493857382  0.00149466876958990
  0.00179950483773892  0.00235155340273020  0.00723769664939210  1.00000000000000000
 -0.00000013835823353  0.00000261583607111  0.00000737405180727  0.00001141856997580
  0.00001452035179043  0.00001668752757157  0.00001884403459438  0.00002069135325259
  0.00002226022170215  0.00002364453808712  0.00002521506950167  0.00002694120910475
  0.00002870139356883  0.00003027142465718  0.00003162004082683  0.00003282416920502
  0.00003396411721919  0.00003516558469143  0.00003648207578216  0.00003817082015777
  0.00005890025781239  0.00006249278783989  0.00006367681543048  0.00006449847949539
  0.00006525399250751  0.00006599049382185  0.00006680857815616  0.00006765359165868
  0.00006849192537623  0.00006938290349410  0.00007036297246349  0.00007130385154853
  0.00007224852030277  0.00007324776176312  0.00007430986402168  0.00007546694473218
  0.00007684400918487  0.00007817511723090  0.00007957174455138  0.00008103102665259
  0.00008249927184501  0.00008399399217783  0.00008562566405450  0.00008725327995199
  0.00008919622564073  0.00009141972772205  0.00009401518287984  0.00009657371816492
  0.00009901351154168  0.00010151342744849  0.00010417643769338  0.00010704192786476
  0.00011015576490313  0.00011373773901815  0.00011839068744447  0.00012371177911763
  0.00012952504973064  0.00013461346879439  0.00013986139829837  0.00014485677854946
  0.00015086346254162  0.00015827635616727  0.00016597874439865  0.00017432679419495
  0.00018399037066235  0.00019455034520911  0.00020565534214219  0.00021740866725046
  0.00023080772194216  0.00024536376431037  0.00026093906157880  0.00027650228569024
  0.00029507251001787  0.00031455733250569  0.00033152952843274  0.00035005611106929
  0.00037447938801738  0.00040484169835849  0.00043156236465134  0.00045497130792653
  0.00048155683417393  0.00051295882886432  0.00055431026114986  0.00060444011593246
  0.00066730923367445  0.00073495975754614  0.00081336953504787  0.00091978976727563
  0.00105231103668074  0.00120577696763298  0.00139293098701970  0.00162976746120652
  0.00206782106530159  0.00291525099485759  0.00582071730149313  1.00000000000000000
  0.00673339442493087  0.01411651080154081  0.02102561128122035  0.03010397710886225
  0.03937702046712296  0.04832906819080596  0.05730127069155080  0.06570056758523932
  0.07595488135605134  0.08578480279038436  0.09673155122061509  0.11011385524868700
  0.12655975832743205  0.14395346358015834  0.16651650160127882  0.18338382257638486
  0.19647920875592961  0.20784508660177267  0.21724007821300451  0.22504665258977338
  0.23245429167838935  0.24039092426747799  0.24891936884033769  0.25870244860838054
  0.26889056090912633  0.27859327160560804  0.28827336456534641  0.29900153665059015
  0.31120089669053691  0.32666478501474566  0.34370635591454179  0.36167107137156057
  0.38033174378670703  0.39626581392018462  0.40828687586393425  0.41842098805756206
  0.42702720147234280  0.43562133734990882  0.44350822405092716  0.45182092653653549
  0.46225001985938569  0.47071190380028949  0.48107736272437995  0.49016711292410969
  0.49921813003439236  0.50829347449894358  0.51609649546960246  0.52286639552152592
  0.53041802774673230  0.53799710403563095  0.54560944357680541  0.55276952429566373
  0.55969823414869357  0.57231852699714147  0.58405899573384701  0.59568171037065032
  0.60725909283937085  0.61953466216086428  0.63316719607904226  0.64597410716247339
  0.65599533528076859  0.66430755380514450  0.67260987827522023  0.68120660558243684
  0.68768925602095121  0.69491501452410254  0.70374397904759012  0.71247055747536570
  0.72238246885359714  0.73280798291045401  0.74242791308882450  0.75059890248831684
  0.75854716019265589  0.76666856049932142  0.77634898722166834  0.78822315520011843
  0.80213745771711453  0.81321163658834184  0.82122732560590417  0.82863839060372413
  0.83658945983226951  0.84921239030552398  0.86172932695545523  0.87488598150480590
  0.88867596612823796  0.90021256310114639  0.90856317116324437  0.91612637706388478
  0.92361988584918653  0.93153098339639184  0.94105059245438916  0.95074031591709873
  0.96076882327635238  0.97199290026217544  0.98498238328266208  1.00000000000000000
  0.00032509899981824  0.02208999872929716  0.03845014103859826  0.05140150142585259
  0.06250426998336255  0.07181364236526624  0.08377478017532289  0.09440170402764372
  0.10177999986942808  0.10764265677266699  0.11311495024665394  0.11903786976325023
  0.12529595811987651  0.13268829606389254  0.13994318858922589  0.14685314559710447
  0.15276181260017380  0.15938440896707373  0.16604304377752091  0.17353829406007085
  0.18412377902405033  0.19704774765917848  0.20972166580412194  0.22064362210506194
  0.22941619403983882  0.23777056371256630  0.24659715389637693  0.26011573086964179
  0.27523667283479936  0.28885981961033091  0.30150122195481410  0.31344458213323678
  0.32609064073803962  0.33854281263046770  0.34980320071658616  0.36077652693018031
  0.37295630619508163  0.38862740299375625  0.40697847453310632  0.42313044286023604
  0.43233936115096577  0.44228546349472964  0.45079034238344806  0.46164609351846403
  0.47115183445600184  0.48185999879202607  0.49346592032945530  0.50461592624521623
  0.51566164678062998  0.52835013912154849  0.54062078878232733  0.54795734081438485
  0.55650135851988347  0.56601802467931372  0.57516246156791606  0.58270561841199464
  0.58761789317643376  0.59209483459998069  0.59759821973128890  0.60530547819618830
  0.61380185087146322  0.62156779071110657  0.63014161506496025  0.63968645056631135
  0.64832368997779355  0.65575419563801129  0.66393745907444646  0.67255474480354116
  0.68127482314775756  0.68962401601027112  0.69781087943950859  0.70661777287023797
  0.71600565976168529  0.72613853487878854  0.73661940898960521  0.74706856091380591
  0.75756844686088509  0.76785026376002519  0.77765927113131561  0.78848505936688729
  0.80103371784003408  0.81295445031341718  0.82480147589066233  0.83724513395793343
  0.85140935965625375  0.86771862821414070  0.88246987713427172  0.89465375823755844
  0.90627977948230798  0.91773371597955122  0.93009664941510639  0.94340295758627490
  0.95794718999329864  0.97253195584987495  0.98659226724426186  1.00000000000000000
 -0.00062805094709741  0.00363970764328105  0.00647212153344256  0.01038716308381497
  0.01433716982766535  0.01967123178785322  0.02604070153685223  0.03163204686712761
  0.03838916593144612  0.04797314066398466  0.05562639762465257  0.06111393360605437
  0.06739458585342649  0.07183769258455779  0.07608201141867080  0.08029757738342982
  0.08542022620431032  0.09086185740467899  0.09750020299836583  0.10508546103401695
  0.11207141348200714  0.12170409245118723  0.13197948510140134  0.14153803055292274
  0.14962795203503323  0.15710073652796758  0.16321374483979598  0.17072533813303764
  0.18039458993047683  0.19259216235230561  0.20273909863104717  0.21008184887021844
  0.21803763505362031  0.22584236762330948  0.23331040688104787  0.24190288328891113
  0.25270623009061982  0.26427497297353969  0.27541715514215226  0.28643194037605046
  0.29840196417236409  0.31077281420008279  0.32078984559463980  0.33052593496054467
  0.34136704188578004  0.35248466719558830  0.36311249070987928  0.37322893817828734
  0.38357599110931551  0.39423102938385279  0.40432391018460134  0.41295411475552896
  0.42041759334439976  0.42856722618392945  0.43762710028834589  0.44713946553040884
  0.45655360999592581  0.46355977084151428  0.46952351261027037  0.47743097343142166
  0.48778491376978028  0.49809568376384766  0.50757851644923424  0.51623730588835304
  0.52499333129138892  0.53410514838547196  0.54204982288553938  0.55161705177119502
  0.56570421231808188  0.57973919340971192  0.59367805133602791  0.60790787043363126
  0.62197511327647370  0.63611183419255690  0.65688888595165273  0.67797997763476281
  0.69797454977069573  0.71682707859973960  0.73434254347835781  0.75248617214908031
  0.77052030436846874  0.78885447968247457  0.80982111606604890  0.83014883706664444
  0.85124047439388084  0.87061755407776342  0.88419787337711642  0.89846304928705645
  0.91221880893683427  0.92657296166620007  0.94054650577427723  0.95388383364445872
  0.96630023921242902  0.97774031636981840  0.98910866718197943  1.00000000000000000
 -0.00253090725852714  0.01039958905570983  0.01803465579280936  0.02449208104478873
  0.03226443364653860  0.04067137538346172  0.04905345025375308  0.05667873486143028
  0.06508751493125316  0.07456664858264693  0.08407588143450435  0.09357710917472520
  0.10337098584594878  0.11448402762012573  0.12716650060689438  0.14106275041565466
  0.15478590409438772  0.16684093442253392  0.17837955030002206  0.19021986084136311
  0.20129973161704420  0.21196139316765200  0.22432904616661425  0.23735577439337990
  0.24621424770336556  0.25489637811686211  0.26354333006516351  0.27101859841641979
  0.27805191878357244  0.28415346029472149  0.29022222543682535  0.29703874936031116
  0.30617263839785985  0.31679531565109281  0.32645875177641942  0.33483135851208967
  0.34928484830910628  0.35802189035856841  0.36483824649128205  0.37162908843586318
  0.38006332645212315  0.38976637298273725  0.39945786162836577  0.40890237997100254
  0.41806727608554906  0.42692387319927205  0.43597194527752259  0.44540348710384131
  0.45492637945917380  0.46622281336792964  0.48185417811020859  0.49688930477885690
  0.50955522230059469  0.52098049335429741  0.53188573930431549  0.54180567349170050
  0.55142932405418588  0.56042946154748696  0.56791406372609432  0.57346273141055570
  0.57951257777447007  0.58680746070745804  0.59420812771495768  0.60167620283209888
  0.60973841327645628  0.61872007429103326  0.63266872183286316  0.65170688582164227
  0.66622219395404203  0.67908384755221585  0.69001833574207116  0.70079006022001333
  0.71288262339953290  0.72491533958327081  0.73581845293672021  0.74646580997909773
  0.75670075904761602  0.76687335983041016  0.77778568904704359  0.79094500490523567
  0.80508775312675807  0.81776683484225354  0.83206875933884006  0.84739700982969179
  0.86162656441225827  0.87444907697544538  0.88821265154571127  0.90069770426979257
  0.91368454183095904  0.93206124666799739  0.94908802169755502  0.96376749378684190
  0.97510460126677823  0.98351706655647542  0.99202333379312146  1.00000000000000000
 -0.00393676054586842  0.01144850994709662  0.02569712363135140  0.03917114732789744
  0.05225853249607915  0.06544423103395033  0.07783611171695368  0.08874917675690926
  0.09805572322521953  0.10667704642541757  0.11438719486049567  0.12127541965617253
  0.12764083520692551  0.13484383160970551  0.14663678049603154  0.16164027115093599
  0.17758702640676857  0.19343954218018783  0.20657052187034466  0.21830091009121555
  0.22924586474736250  0.23893152585822761  0.24716450281055116  0.25388925125033340
  0.25939255114099402  0.26736258602991014  0.27561036061535388  0.28399188188160723
  0.29295787897327386  0.30298246082473212  0.31227051881516144  0.32101604755124097
  0.32995277975437654  0.33957278574532318  0.35189183367705062  0.36595852009881724
  0.38013236307026049  0.39366196724234337  0.40706895990786179  0.42194278236009675
  0.43495867170776514  0.44750940376172033  0.46040808907331615  0.47281306294696335
  0.48370213053920963  0.49298052468000292  0.50125676734663904  0.50884742122754800
  0.51655245484581447  0.52399534406765735  0.53216961541007624  0.54119081256628865
  0.55007595392085962  0.55844390305640224  0.56758963228482395  0.57839575719105762
  0.59060688620587076  0.60113323470673152  0.61063709644948883  0.62055716096481683
  0.63386051234656793  0.64526906697482567  0.65520519596057791  0.66648898841591619
  0.68275650646337815  0.70203572472075171  0.72236887405230232  0.73858282950539356
  0.75133899459523090  0.76270423022274070  0.77359572073150451  0.78415497092342845
  0.79266553152742192  0.80022764390778722  0.80839264115897269  0.81720754876857959
  0.82632772526790343  0.83483005290560020  0.84241004744866022  0.84806753667317958
  0.85754530690212871  0.87033732145602383  0.88095584362059620  0.88990345551338812
  0.89903215511412271  0.90591261593347339  0.91334176300108838  0.92084799804130324
  0.92905739119405317  0.93869825894742709  0.95040624087957515  0.96315152127993087
  0.97201302832768233  0.98115867714766980  0.99034203602355542  1.00000000000000000
 -0.00547200368165573  0.01948082594651044  0.03605325664715859  0.04851754255285359
  0.05917529900811922  0.06902931076145059  0.07778158984962003  0.08539800409329235
  0.09292995446081682  0.10066273330239511  0.10813836985761623  0.11629259899813199
  0.12465820334563860  0.13412649262726303  0.14570552513686119  0.15844961031773550
  0.16987785679152859  0.17941192544391951  0.18728057122890918  0.19439282543841682
  0.20238901300736575  0.20863213072810322  0.21568980583267605  0.22372608550343964
  0.23329460510946459  0.24269492295950362  0.25254844963121303  0.26450327237611188
  0.27793441188081325  0.29073160985402807  0.30148781419197762  0.31126018621072132
  0.32027312920707829  0.32823790389718249  0.33720358324051497  0.34823091751130814
  0.36102311978095314  0.37491229553657562  0.38902873794144766  0.40331710593928549
  0.41801391028472318  0.43163136307511485  0.44595408166634298  0.46100597308006624
  0.47602602305919622  0.49074517934345113  0.50131278645925204  0.51274648814747137
  0.52533544673875199  0.53673168532118065  0.54794145963732377  0.55988615472085090
  0.57282863237857407  0.58618920666425323  0.59632772924495026  0.60672663376348657
  0.61685072526074369  0.62783305878926299  0.63885058334877698  0.64797572773399126
  0.65659779910967475  0.66479993882143651  0.67309992059744961  0.68443327323405689
  0.69425645178903317  0.70118273902352668  0.70909295278225970  0.71959073280395425
  0.73091111533985154  0.74449017945196838  0.75739797253944385  0.76736631761549323
  0.77652235073977238  0.78675363699575973  0.79639137164476881  0.80489461234245152
  0.81244060465073575  0.82232464887848278  0.83247195105007576  0.84327454520991918
  0.85246980429516639  0.86095691561780729  0.86923733027255168  0.87921715858527849
  0.89078280442824542  0.90175564837061195  0.91108717088456304  0.92161593624931082
  0.93196335783472117  0.94319896413082571  0.95337173545145137  0.96507637930395340
  0.97469309005301552  0.98325357397280033  0.99176582399412239  1.00000000000000000
 -0.00402729584142750  0.01381362959804864  0.02984872376567460  0.04012263648115921
  0.04909261239638851  0.05858916659605441  0.06813349243521952  0.07844749518800280
  0.09289634121892405  0.10468706733320313  0.11902017076739192  0.13079152357065058
  0.14101020128782810  0.15148675974756726  0.16084788807076947  0.16943866975662145
  0.17758275444112884  0.18652655004394111  0.19807420709082280  0.21085821859651518
  0.22308366604836319  0.23450760490438424  0.24493825790656720  0.25347992359555016
  0.26334465537951890  0.27231429257584772  0.27990840660606886  0.28697353640580192
  0.29497484978758637  0.30489320800984587  0.31362470362865374  0.32052281293308788
  0.32764708890340349  0.33843245290557750  0.35099858325768385  0.36264977773595614
  0.37308646619110636  0.38225126980127250  0.39171865920676324  0.40244312815983785
  0.41412414418777388  0.42461796081971481  0.43521299758816850  0.44587358127672505
  0.45551073345013160  0.46350088515435922  0.47093148843904420  0.47927151917415217
  0.48819411577364930  0.49724787073213184  0.50698246417208326  0.51660439906846667
  0.52585652201045008  0.53545243271741494  0.54712557877963508  0.56026202840491812
  0.56809841349698398  0.57708335274236333  0.58800373715413801  0.59976073177955569
  0.60970997986907127  0.61678324153224784  0.62414328195104696  0.63270150840415451
  0.64085166061165377  0.64941396497369797  0.65717057447674232  0.66685022068949817
  0.67618224950826611  0.68656469964883904  0.69790149087955133  0.70907786300946829
  0.72072893758155832  0.73348581885392306  0.74705932360423344  0.76202142521031757
  0.77691493024770653  0.79229344411327629  0.80803550613945685  0.82245021395966245
  0.83524215054695594  0.84439695188849972  0.85342296369086190  0.86151193550866023
  0.87120697088565635  0.88662130772499248  0.90392806364161404  0.91761052115833563
  0.92788175683540564  0.93813129299963460  0.94812672354873728  0.95832151368887786
  0.96878269877982970  0.97828313726963712  0.98827398658307686  1.00000000000000000
 -0.00207220095604955  0.00875343818564236  0.01850275510568879  0.02849060674424087
  0.03859601479200955  0.04827190755047179  0.05747410511571194  0.06644940541456382
  0.07437721820155223  0.08234233044267632  0.09170264003797207  0.10201267854538104
  0.11307620263058975  0.12391574439358956  0.13348146908354738  0.14259058098702626
  0.15195858428373749  0.16107395096697405  0.17018617386043661  0.17999755405775258
  0.19212394807278713  0.20401621653059207  0.21273293610698824  0.22013129797257069
  0.22813368226402245  0.24426070739697389  0.26151563438153103  0.27269269141135510
  0.28191021407978040  0.29129471746269570  0.30119531378254749  0.31137636443798050
  0.32227755736200758  0.33356883448481056  0.34710214905258580  0.35962125314846927
  0.37116508848782481  0.38269822604437453  0.39495370238791516  0.40784878122640866
  0.42060163734594558  0.43192551622308223  0.44125582239559019  0.45099281121980084
  0.46211487830727510  0.47317864203922305  0.48357884173538013  0.49442873572751339
  0.50321079435835803  0.50997714318998466  0.51682170484648071  0.52410885478094815
  0.53265332136318289  0.54185491577302092  0.54805732717413591  0.55304070736170385
  0.55868055535335626  0.56718102906307377  0.57677732082456590  0.58757662413842882
  0.59942896225408038  0.61354461218133671  0.62668309614959594  0.64142390008662586
  0.65765075025787567  0.67447806184968895  0.69009766778348791  0.70358169573099005
  0.71479902478149770  0.72424529157685957  0.73364155825285171  0.74386857746493229
  0.75457629435242624  0.76728739022847370  0.77857658610546177  0.78725547409496022
  0.79556198431125158  0.80393266191983126  0.81291069560603757  0.82119947636324264
  0.82882591599792510  0.83498331310898388  0.84299366825501321  0.85136904934784952
  0.86164013168031828  0.87608059495719215  0.89235635518832690  0.90753775913135848
  0.92052574607118753  0.93305998552785385  0.94607521719262311  0.95953079644687211
  0.97185727169779912  0.98220789309797196  0.99148746549540079  1.00000000000000000
 -0.00128714191069612  0.00529824988025107  0.01250980752986083  0.02041969920494396
  0.02792800348112148  0.03479927680414199  0.04150267555591786  0.04948989445749460
  0.05829240965688823  0.06736385396974799  0.07715324511374873  0.08711948158916120
  0.09585027907848537  0.10549907111555322  0.11663636487508293  0.12852896219733431
  0.13892673105542383  0.14702439384037960  0.15512843784388522  0.16370546016117454
  0.17330785030907317  0.18191864453818249  0.19005716401615799  0.19996401302163891
  0.21127282706727621  0.22390961832826825  0.23717027399410806  0.24941108207242907
  0.25855021576680914  0.26719137162797052  0.27577375235808138  0.28483010309091866
  0.29489882237692844  0.30383213707515577  0.31260255399255032  0.32231596193006290
  0.33366152815879535  0.34373419817286632  0.35315449262579207  0.36253037716212927
  0.37191393231575925  0.38152274639180278  0.39047029201631001  0.39809103697553794
  0.40623411797488235  0.41654144630958162  0.42574822115608713  0.43397640708581064
  0.44221161386425029  0.45119510903906013  0.46026154973480227  0.47032315773678773
  0.48223760697140461  0.49736952182486055  0.51481055454742608  0.53075536736892581
  0.54449724686554790  0.55383251659669497  0.56147024036896864  0.56821497102569374
  0.57559994060934083  0.58412854171787532  0.59469576552721581  0.60465781069976809
  0.61600429892751829  0.62884470243939605  0.64212046675742740  0.65611782303447619
  0.67088070920438792  0.68602724479249078  0.70143357225690917  0.71616915772848322
  0.72810626290149705  0.73883836917835122  0.74986219140954435  0.76197935530985972
  0.77856560750820092  0.79705983033444894  0.81519915186113701  0.82882152440230872
  0.83981731996517806  0.84726504266716129  0.85388506762519789  0.86365431393637104
  0.87296261204719661  0.88335390970803218  0.89989968990348845  0.91082372223338215
  0.92526024702315324  0.94118467067716005  0.95260606946089499  0.96225623769668567
  0.97180945483881442  0.97997345871547614  0.98900553349346998  1.00000000000000000
 -0.00468556940013178  0.01544552952448890  0.02757488123963749  0.03681917646211069
  0.04647554108006231  0.05703439906038060  0.06640752191488106  0.07581372515829453
  0.08634453491277684  0.09746990222618442  0.10785383129344160  0.11784333886418558
  0.12901644086302189  0.14021874772864548  0.14939119371039036  0.15652797076616259
  0.16333790618625052  0.16975343483476213  0.17853345402304074  0.18789707939145359
  0.19790519584911934  0.20962686306792588  0.22224060589477229  0.23365634115115441
  0.24104685398449929  0.24909158474858903  0.25712472890179056  0.26690913241803599
  0.27792931722974989  0.28928578612679340  0.29966945745051737  0.30967989981708360
  0.31926168824857065  0.33037811240026321  0.34377181617896091  0.35814667310180837
  0.37213797004095284  0.38572980280853530  0.39893108978358305  0.40922368119051283
  0.41952145659710055  0.42858760112281852  0.43689788073583047  0.44435964549692875
  0.45232567842222104  0.45906755005110628  0.46415409840969357  0.46911061262335196
  0.47584874009365075  0.48606727145674594  0.49701964386957054  0.50784035572682940
  0.51942726336995682  0.53171909319157884  0.54418996385473872  0.55738095632637330
  0.57198571739921278  0.58515386688115190  0.59765937726114859  0.60768176594346102
  0.61590007804691382  0.62450973554237643  0.63322578294455556  0.64271197021382442
  0.65251821433632484  0.66041119052037167  0.66859170194081596  0.67669959207311614
  0.68646628148394451  0.69875881718331889  0.71301510017767600  0.72745590382003933
  0.74161372284988347  0.75678189974225363  0.77233145465796804  0.78860181507290772
  0.80439103686642754  0.81802618657979154  0.82928351445848769  0.84084047760134684
  0.85131921345269224  0.86217304912534065  0.87270305948693039  0.88232402930158182
  0.89223290624951823  0.90365831201038771  0.91195408297794855  0.92347658884055661
  0.93249591393042019  0.94083874742601181  0.95040232756451537  0.95861884720631463
  0.96533032673569663  0.97183810735544096  0.98007075619973205  1.00000000000000000
 -0.00126447195636827  0.00597689120062740  0.01249901645100125  0.01851564564030728
  0.02544304056840750  0.03271811126520861  0.04059137529943693  0.05024257982393547
  0.06228470001447978  0.07611724530255577  0.08866139802717657  0.09804887414320766
  0.10685474944290810  0.11597166386303218  0.12491485935506572  0.13323301491369222
  0.14105113108582079  0.14817651351097261  0.15414477770780718  0.16108885725069474
  0.16920631747989523  0.17687840770217392  0.18447273870049294  0.19383095418805993
  0.20297171586239141  0.20996017854174839  0.21902099427847910  0.22953186160291850
  0.24161197812562413  0.25711658458712700  0.27540440317395720  0.29451818185232065
  0.31172178829309743  0.32017711892074580  0.32777722726404573  0.33734955011267159
  0.34417458171099019  0.35138533755463347  0.36048704005037052  0.36961003146941984
  0.38161583714844322  0.39665930102333863  0.41246374314703549  0.42798071293622331
  0.44521342532982711  0.46348811545794844  0.48082989636115708  0.49568320902055102
  0.50627000025167102  0.51522527706960297  0.52567633360838462  0.53617271377382925
  0.54688611836635082  0.55767010167655628  0.56695928255259076  0.57542831350600876
  0.58515685855490573  0.59594378353202559  0.60965687367651500  0.62235393184940235
  0.63213262266152259  0.64173582059600764  0.65121540812804812  0.66158775111241841
  0.67217463354559903  0.68773046921538528  0.70501533303520159  0.71995327783308027
  0.73379093117408112  0.74951625708390701  0.76375875640158442  0.77719014399818154
  0.79122220767812235  0.80546468667620807  0.81866373129207171  0.82989355689200162
  0.83890916688331552  0.84607907814881089  0.85306596058477391  0.85939321394011503
  0.86509077261023060  0.87070680810924594  0.87676881210242474  0.88402774556756225
  0.89335406573226384  0.90610642471336089  0.91981679534325711  0.93313380539303059
  0.94549498085220751  0.95706131668345984  0.96583950974817456  0.97341732885012855
  0.98026727912740586  0.98703302852905483  0.99332204618448183  1.00000000000000000
 -0.00072971943621148  0.00439992557434425  0.00838926104972165  0.01257054022668737
  0.01822226981384052  0.02485280872337632  0.03394426049915543  0.04323748007611685
  0.05224401301385016  0.06073149163346803  0.06808769164359411  0.07596079815310307
  0.08391477594973076  0.09367793911734848  0.10407224515163653  0.11440358040731556
  0.12447002386630054  0.13334627994156487  0.14235664575964965  0.15166933610402364
  0.16175616172270363  0.17092084600230303  0.18123170861718235  0.19166375599634178
  0.20173542750447215  0.21172183172942385  0.22379208110699161  0.23751483328737522
  0.25364252804108722  0.26984983070373403  0.28354845939686807  0.29581822113381523
  0.30796338931751677  0.32058966396632821  0.33688529273499196  0.35281798032863998
  0.36702089260060544  0.37929758589443485  0.39069329103150513  0.40215312615522919
  0.41353137827829922  0.42443115478207394  0.43524738014367009  0.44586218940856898
  0.45554400448756333  0.46456061500822465  0.47316338056995155  0.48149279761673952
  0.49092317434326738  0.50200297278150463  0.51268882777202984  0.52201983293524046
  0.53267289333571144  0.54611747260301446  0.55990518394088806  0.57209184227444809
  0.58253014481064236  0.59227923330703580  0.60162282415440838  0.61061907154486128
  0.61805290047936268  0.62525222953221493  0.63396032239466504  0.64297386598167205
  0.65166209375085515  0.65943520760486130  0.66949061134585841  0.68343091445822257
  0.69601084982767680  0.70770478154797600  0.71901992993937036  0.73002413067528804
  0.74480799176674961  0.75954597835513138  0.77360142175220248  0.78649290119563631
  0.79757105430232145  0.80747242893694982  0.81736465540626446  0.82906496713965938
  0.84452898082543826  0.86015408226814938  0.87236461603541604  0.88545853072879444
  0.89630256009826925  0.90349543044499214  0.91020022978683801  0.91714990021388598
  0.92453125714006090  0.93321457656398243  0.94235190190647522  0.95076061824487901
  0.95927199035628508  0.97082424808385259  0.98620940225227938  1.00000000000000000
 -0.03183970220062396  0.36528393904230871  0.42251249167178279  0.44694340959141898
  0.46816393892170061  0.49098427018966195  0.51028315689907155  0.52654566645862866
  0.53937516538711916  0.54926185573829867  0.55836872363422119  0.56779108921046739
  0.57670054115013492  0.58418272098024149  0.59226661897330313  0.60078231293979789
  0.60886801114325961  0.61809862047376984  0.62628443601027373  0.63260310928359242
  0.63967161905882952  0.64628758663762065  0.65077182745924156  0.65538929535983570
  0.66120200933130102  0.66577945693355411  0.67020683585506702  0.67549896848859359
  0.68083984916904816  0.68517139743925715  0.68938866329784620  0.69434017753681698
  0.69974994122254142  0.70569728345779226  0.71301654270307280  0.72285005486664444
  0.72962236702607530  0.73477885731187120  0.73886949907035082  0.74303841062037768
  0.74720273299682238  0.75109666211517345  0.75477622204878381  0.75844720044419744
  0.76176281839861881  0.76490302589700165  0.76784436141416545  0.77064637522310020
  0.77340968922261133  0.77621296418761732  0.77968994903035427  0.78309180929797129
  0.78657328015579464  0.79012806915802392  0.79367552150950715  0.79715303517071501
  0.80063041378350985  0.80396860856601793  0.80795129015589251  0.81239883155103298
  0.81657981488375697  0.82059690784275818  0.82455589669153162  0.82859560416936917
  0.83293796469094694  0.83679242841216106  0.83949044520474836  0.84220303319424816
  0.84495950284105537  0.84790292076040863  0.85151717461226173  0.85550966590617783
  0.85947224764396757  0.86330366380308676  0.86706035231087497  0.87109326640779416
  0.87559965988968291  0.87921376591941192  0.88324065292441445  0.88717692650523472
  0.89106392541468382  0.89563670446484345  0.90062807858771821  0.90555776302098678
  0.91014983806804128  0.91420334594522679  0.91757914750275327  0.92171496582075851
  0.92542163669101085  0.92968150275443540  0.93481773835363002  0.94094761664551019
  0.94845883335549575  0.95961999978293233  0.97724997016628379  1.00000000000000000
 -0.02830031409271454  0.15690769203535943  0.21465451715423159  0.24685736853736692
  0.26847088332444935  0.28759658702076252  0.30824829710586404  0.32658065657036145
  0.33997264325819415  0.35024161933918663  0.35865234957096809  0.36732040151159046
  0.37533432081824353  0.38252569389223606  0.39031621338079403  0.39897996534947872
  0.40640815938348124  0.41276522130875415  0.42093250785336001  0.43033341953944421
  0.43839560727025162  0.44454031878531280  0.45022262901633925  0.45552229571730080
  0.46021449515470064  0.46446151398437679  0.46892843239162152  0.47357570046159564
  0.47865031869384395  0.48369944297812911  0.48836289829185792  0.49254158235961176
  0.49695877565641966  0.50238061788403776  0.50874362671100393  0.51498519678924681
  0.52144970592919904  0.52829157579217101  0.53553780175088506  0.54308303056395013
  0.54974199631292830  0.55533004365842287  0.56038909352214816  0.56454404122111523
  0.56945665430230064  0.57445730125619909  0.57960945451460610  0.58492203130474429
  0.59014248499821276  0.59574080260010354  0.60122885265180825  0.60595152320207912
  0.61029975378648327  0.61452933772972740  0.61903641113705143  0.62452275051744588
  0.63092371456293861  0.63691458763819353  0.64205473374240951  0.64697907874785843
  0.65221737011598147  0.65822160604217572  0.66432585586043014  0.66990074394169830
  0.67512967698216031  0.68040975810542659  0.68566732676479758  0.69112923470812515
  0.69682833592287408  0.70237013343629995  0.70809582475020461  0.71400095062873226
  0.71896450685250479  0.72284163515322197  0.72584467557164234  0.72917041175846442
  0.73392109536313122  0.73957851874761293  0.74561721562261063  0.75172262199105611
  0.75837864089133011  0.76575188300879304  0.77304655305614578  0.78062900272936275
  0.78932846302198290  0.79788748087859473  0.80623104400524559  0.81454473026320717
  0.82230266226917614  0.82943638416814258  0.83760920852688259  0.84807884444026049
  0.86375444959090930  0.88417313085157212  0.91773608429374054  1.00000000000000000
   2.6023010844049326E-013  -1.0000000000000000     
 T F F T F F F F F F F F T F F T F F F F F F F F F F F F F F F F F F F F F F F F F F F F F F F F T F F T F F F F F F F F T F F T F F F F F F F F F F F F F F F F F F F F F F F F F F F F F F F F F F F F F F F F F F F F F F F F F F F F F F F F F F F F F F F F F F F F F F F F F F F F F F F F F F F F F F F F F F F F F F F F F F F F F F F F F F F F F F F F F F F F F F F F F F F F F F F F T F F T F F F F F F F F T F F T F F F F F F F F F F F F F F F F F F F F F F F F F F F F F F F F T F F T F F F F F F F F T F F T T F F T F F F F F F F F T F F T F F F F F F F F F F F F F F F F F F F F F F F F F F F F F F F F T F F T F F F F F F F F T F F T F F F F F F F F F F F F F F F F F F F F F F F F F F F F F F F F F F F F F F F F F F F F F F F F F F F F F F F F F F F F F F F F F F F F F F F F F F F F F F F F F F F F F F F F F F F F F F F F F F F F F F F F F F F F F F F F F F F F F F F F F F F F F F F F T F F T F F F F F F F F T F F T F F F F F F F F F F F F F F F F F F F F F F F F F F F F F F F F T F F T F F F F F F F F T F F T
  <DiscreteSampler_grid>
  grouped_processes
  1 # 1 for a reference and 2 for a running grid.
  10 # Attribute 'min_bin_probing_points' of the grid.
  1 # Attribute 'grid_mode' of the grid. 1=='default',2=='initialization'
  0.0000000000000000 # Attribute 'small_contrib_threshold' of the grid.
  0.5000000000000000 # Attribute 'damping_power' of the grid.
 # binID   n_entries weight   weight_sqr   abs_weight
    43   10   1.822887868326127E-010   3.158248243047029E-019   1.822887868326127E-010
    44   10   1.822887868326175E-010   3.158248243047199E-019   1.822887868326175E-010
    46   10   1.822887868326127E-010   3.158248243047029E-019   1.822887868326127E-010
    47   10   1.822887868326175E-010   3.158248243047199E-019   1.822887868326175E-010
    49   10   2.517505589659082E-010   6.067073717650993E-019   2.517505589659082E-010
    50   10   2.517505589659148E-010   6.067073717651312E-019   2.517505589659148E-010
    52   10   2.347027413026475E-010   5.235383946425645E-019   2.347027413026475E-010
    53   10   2.347027413026495E-010   5.235383946425733E-019   2.347027413026495E-010
    55   10   3.241355794688104E-010   1.005729965858127E-018   3.241355794688104E-010
    56   10   3.241355794688129E-010   1.005729965858142E-018   3.241355794688129E-010
    58   10   3.241355794688104E-010   1.005729965858127E-018   3.241355794688104E-010
    59   10   3.241355794688129E-010   1.005729965858142E-018   3.241355794688129E-010
    61   10   2.517505589659082E-010   6.067073717650993E-019   2.517505589659082E-010
    62   10   2.517505589659148E-010   6.067073717651316E-019   2.517505589659148E-010
    64   10   2.517505589659082E-010   6.067073717650993E-019   2.517505589659082E-010
    65   10   2.517505589659148E-010   6.067073717651316E-019   2.517505589659148E-010
    67   10   3.550292649539275E-010   1.217106339804353E-018   3.550292649539275E-010
    68   10   3.550292649539370E-010   1.217106339804419E-018   3.550292649539370E-010
    70   10   3.241355794688104E-010   1.005729965858126E-018   3.241355794688104E-010
    71   10   3.241355794688129E-010   1.005729965858142E-018   3.241355794688129E-010
    73   10   4.571071964888110E-010   2.017578762487407E-018   4.571071964888110E-010
    74   10   4.571071964888149E-010   2.017578762487441E-018   4.571071964888149E-010
    76   10   4.571071964888110E-010   2.017578762487407E-018   4.571071964888110E-010
    77   10   4.571071964888149E-010   2.017578762487441E-018   4.571071964888149E-010
  </DiscreteSampler_grid>
