  0.00000046410494779  0.00000102265407295  0.00000159913664355  0.00000238136406911
  0.00000332745570586  0.00000444225706717  0.00000555754155427  0.00000675083688385
  0.00000806956413034  0.00000942477131317  0.00001069058226465  0.00001167057768630
  0.00001247808979154  0.00001322657238936  0.00001387928066337  0.00001460362120163
  0.00001537080279194  0.00001613939067679  0.00001694423653645  0.00001773942667886
  0.00001861999939517  0.00001958565367500  0.00002053051091770  0.00002140270932876
  0.00002220561719592  0.00002294359579222  0.00002365513391626  0.00002425972912713
  0.00002488687634074  0.00002554962588828  0.00002617067641631  0.00002675689708746
  0.00002732028333778  0.00002791261697260  0.00002852432846930  0.00002918078793824
  0.00002986770862798  0.00003051696927578  0.00003118530611003  0.00003184760754880
  0.00003246854913266  0.00003309251831419  0.00003371830411148  0.00003433302376114
  0.00003491611142238  0.00003545446689522  0.00003614793896743  0.00003696635529900
  0.00003800643425019  0.00006248866037823  0.00006346103855741  0.00006427418782944
  0.00006492522055554  0.00006549661345682  0.00006610491202791  0.00006676476847236
  0.00006749096092867  0.00006831939636445  0.00006929000335756  0.00007037420875415
  0.00007147715079386  0.00007247481700230  0.00007349727110704  0.00007451885732077
  0.00007558069748205  0.00007694616821022  0.00007841402521688  0.00008005890311177
  0.00008207745587392  0.00008457856943476  0.00008737757597307  0.00009047171380588
  0.00009368226836072  0.00009784056818341  0.00010331819033832  0.00010970969821836
  0.00011734152935947  0.00012667402139420  0.00013755964512964  0.00015073260379712
  0.00016589649219192  0.00018263382067131  0.00020557719134352  0.00023807114496829
  0.00027651568060402  0.00032268851829080  0.00038327808481429  0.00045682163910807
  0.00055487229915506  0.00066226770672273  0.00077927213279502  0.00091389237888637
  0.00107796080278943  0.00132612446519949  0.00157902118758341  1.00000000000000000
  0.02364665420641725  0.03783806423762088  0.04674046302348220  0.05612782639550289
  0.06475045978663824  0.07205345601983180  0.07955879495844689  0.08896885306871787
  0.09859936470572529  0.10786518563655949  0.11780784838224707  0.12785344691723319
  0.13784735100096618  0.14987477766336779  0.16371288899988004  0.17785009697145332
  0.19125868231737639  0.20310842900231427  0.21448668956192399  0.22649163027753208
  0.23696736487514394  0.24595471380773276  0.25556187806290492  0.26738418151005006
  0.27990322167282322  0.29144692712361381  0.30225879759678992  0.31206583506924679
  0.32197243154372962  0.33182770963908326  0.34156443552246823  0.35028754684597829
  0.36112047422125843  0.37236739397788915  0.38124777281083655  0.38961073804556601
  0.39787549226092689  0.40632185927807440  0.41650945842660464  0.42475873204688713
  0.43362172142395694  0.44164480699130687  0.44829046555629176  0.45408417840138093
  0.45981964877011755  0.46668669614084896  0.47451082863531957  0.48259050291512751
  0.49181364597129645  0.50144702065528257  0.51292494375358610  0.52596484930813692
  0.54033160775914546  0.55532381335444581  0.56875196491583868  0.57953152997327628
  0.58880951895306444  0.59813612115878712  0.60811945365331033  0.62112274168589054
  0.63348001969554613  0.64384581230373139  0.65330965643878636  0.66304614688269858
  0.67388709777517830  0.68555494252213767  0.69505638428211736  0.70453534003648888
  0.71305040625780036  0.72073631732124122  0.73016976287365121  0.74197610889661125
  0.75546440220545485  0.76832476488579349  0.78210378940930902  0.79563704102650390
  0.80839246146323918  0.81959904785384874  0.83099759559642206  0.84144571443994742
  0.85177212136994507  0.85944599036942060  0.86633763430312949  0.87315486955347155
  0.88090627317273662  0.88820029001036893  0.89534633769435701  0.90299030945031522
  0.91151417372847565  0.92035042144119694  0.92894001571861173  0.93779105009373254
  0.94938130893515171  0.96230509474825887  0.97261505022308115  1.00000000000000000
  0.00779177653174242  0.02278002413982106  0.03614226124402717  0.05006414960852672
  0.06307994558915159  0.07578031810537114  0.08710778407738268  0.09783896622323926
  0.10683570594147601  0.11476732178707194  0.12254457879771338  0.13135023342285707
  0.14199081480830697  0.15284721500721202  0.16300503249104689  0.17267681025052545
  0.18271087766083180  0.19371421397015187  0.20579589994186792  0.21723317298896233
  0.22887212004964450  0.24038510492324683  0.25189333795154112  0.26467748073392022
  0.27526005939050252  0.28415167764587618  0.29258797272959658  0.30172574130959628
  0.31035797338174409  0.31856269690027483  0.32634919640934068  0.33508763209851034
  0.34650154824837337  0.35994760557617272  0.37201603249762838  0.38390551189105038
  0.39440527987431639  0.40295513526024618  0.41076627310738950  0.41758260852609097
  0.42411848601377716  0.43060497628674760  0.43798805086002041  0.44489555737790737
  0.45123906875574232  0.45884742209443008  0.47140633820559008  0.48493579124996405
  0.49651847878592581  0.50770422343809618  0.51899319142678624  0.53163544921566552
  0.54327008991034409  0.55465142802735812  0.56613533031041374  0.57781251640500986
  0.58697258586635426  0.59602349200123050  0.60590376169466797  0.61610655690517291
  0.62532831565074420  0.63405211845538834  0.64381189411586226  0.65569763782149570
  0.66784989898357283  0.67676430972461321  0.68424686109407573  0.69119653698042915
  0.69894857035157865  0.70943718437767900  0.72341567803790552  0.73979604885114703
  0.75405035461669090  0.76424690151100183  0.77377462215823911  0.78384008800046689
  0.79566719146304377  0.80951719896230778  0.82298948125190674  0.83373584906357967
  0.84428110866510797  0.85480018577335926  0.86424308038307651  0.87306923887596399
  0.88239137992441430  0.89272579990867518  0.90464649652640949  0.91632576232849894
  0.92523626050936170  0.93353224743969110  0.94272648018498972  0.95245715556459543
  0.96252606927896400  0.97327678868528134  0.98525233463760720  1.00000000000000000
  0.00186059670185178  0.01696322552146271  0.03179830060320230  0.04367306356863556
  0.05308009183340383  0.06393955347022895  0.07443922834652479  0.08374236019560727
  0.09253585555992540  0.10097920672695079  0.11124171182254913  0.12182138326386686
  0.13069234672788940  0.13904437538924183  0.14754889722377151  0.15777029059405226
  0.16956967970174416  0.17955385316026212  0.18849147421382614  0.19740910062685768
  0.20817704007231347  0.22002044066434209  0.23032115163394223  0.23970823159397925
  0.24959714276295406  0.25957811005947734  0.27203051890972302  0.28437542065139920
  0.29740375480947273  0.31191401242168837  0.32839819620120653  0.34062200315915270
  0.35140299839846006  0.36179155095916676  0.37383470389328755  0.38525747895766022
  0.39753731074530296  0.41273644023324874  0.42819790115920625  0.44121292681805929
  0.45232799203015001  0.46265034742216432  0.47409666988009092  0.48411795291795129
  0.49439083871376810  0.50501121177619401  0.51651127006288655  0.52878484985380914
  0.54024958924223432  0.55058318507116111  0.56383422268384109  0.57495072562255922
  0.58520428120079415  0.59584698182424756  0.60695305311595582  0.61766194341073388
  0.62754117311936708  0.63870665850314934  0.64916390991193906  0.65854958370006400
  0.66633893351448714  0.67810772340438175  0.68850537968363168  0.69844469564138900
  0.70857836793721718  0.71921268052499188  0.73095704394641425  0.74466047827992121
  0.75640026984156072  0.76811253316943928  0.77846254424366557  0.78950133482662765
  0.80122956633423847  0.81176940879066928  0.82145909566485398  0.83073564675127332
  0.84106456275110975  0.85390559189946225  0.86881024113159333  0.88382368725958182
  0.89759674068010575  0.90561781275412745  0.91426415518170823  0.92112311579556405
  0.92765670682584822  0.93419707888660630  0.94048973144309000  0.94653813490193273
  0.95306328939805474  0.95866220808284075  0.96403135277917729  0.96984161026995042
  0.97606921810454705  0.98256513342743790  0.99281627300056075  1.00000000000000000
 -0.00031838342438775  0.00208207581210169  0.00382391268644384  0.00631209608762695
  0.00959100636117750  0.01278807158357274  0.01671813575450581  0.02100287871270740
  0.02529198465612342  0.02946243767964085  0.03418065289281767  0.03894653478755052
  0.04385663373890835  0.04924842571532937  0.05403451901065466  0.05830715847622232
  0.06362148952125121  0.07169872598092009  0.07890717281981556  0.08535147911780770
  0.09108189164291636  0.09677093513646366  0.10348422327523445  0.11007241209210536
  0.11692898488834631  0.12404071074337981  0.13160414893180006  0.13927453506488377
  0.14789339686242411  0.15817261776520561  0.17042897564059181  0.18232985635504173
  0.19331854909498655  0.20459577676865512  0.21604739152373489  0.22714558533593554
  0.23802202749912910  0.24726210566210521  0.25637111926735251  0.26534153049985626
  0.27365863093482212  0.28115281186110547  0.28850049704143399  0.29667979163722247
  0.30548092055076942  0.31301540395514699  0.32142669390701678  0.32964740131482861
  0.33611369538218266  0.34207338205508492  0.34830484694754132  0.35527585923380145
  0.36224593599511551  0.36792028762800683  0.37268203505218700  0.38302402750423026
  0.39377374318911995  0.40700755211839085  0.42054994559447945  0.43436737546840098
  0.44942272147399975  0.46434121626870756  0.47879941843738577  0.49333110920576528
  0.50730453212222626  0.51993737477866420  0.53005835441906035  0.53839066194947949
  0.54707100284278243  0.55635293794937046  0.56712890242316460  0.58086978052532245
  0.59511024656201417  0.60775313944833209  0.61910924576419157  0.63058506027542582
  0.64295529592381784  0.65703200247737004  0.67365806071631407  0.69661742707790164
  0.72197021311586806  0.74699363882021297  0.77004161408806204  0.79086298216115614
  0.80932498277903619  0.82411603236004682  0.83767813281073156  0.85212767050459526
  0.86768694319275408  0.88355230594442635  0.90138147084870079  0.91997107505480147
  0.93877903257764628  0.95893416595032976  0.97934651797829431  1.00000000000000000
 -0.00294096434702515  0.00683818991783887  0.01662498349074086  0.02642374179729065
  0.03667150885597803  0.04916088289688206  0.06115550163152526  0.07293779454681107
  0.08936569166259918  0.10492408036546977  0.11912569691798737  0.13138707441075023
  0.14312551797553841  0.15496250927796268  0.16875669267646418  0.18325987779747141
  0.19351296901508583  0.20108438135803502  0.20917507727824927  0.21702254599733664
  0.22384799799874419  0.23233873395290089  0.24061394053146698  0.25095516370120979
  0.26272233000710093  0.27570918723843169  0.28943845325560447  0.30352386904795581
  0.31796864946283832  0.33363635188823249  0.34971226259794108  0.36351541295115225
  0.37477083899663505  0.38266506242213388  0.38934887495533138  0.39635268742976848
  0.40403872876888430  0.41318397888245312  0.42212095463307936  0.43007825608311767
  0.43879818693166395  0.44828440933179692  0.45796813990264551  0.46659360458055626
  0.47530278561025130  0.48621896264494979  0.49586587313518332  0.50539139142974310
  0.51497308416923937  0.52591235131319436  0.53782899789428851  0.55042279107674530
  0.56201155980126982  0.57034259968263545  0.57741825692151572  0.58570962597284826
  0.59424976281492636  0.60269955106489459  0.61069239079448501  0.61855137304631647
  0.62781724568456332  0.64010654128615674  0.65269136135052064  0.66483630656426296
  0.67422513824087116  0.68388691534842994  0.69531218855886057  0.70740577297831087
  0.71682712329700637  0.72532243839593502  0.73331914398338727  0.74035401164540615
  0.74720330816975966  0.75509204258716001  0.76391681253907884  0.77423503365549662
  0.78699717583490425  0.79966925764559327  0.81158073989411716  0.82358498205331909
  0.83610920283560064  0.84700946688976253  0.86121472028459090  0.87454376164633796
  0.88323528658990025  0.89000084659690870  0.89640970576613244  0.90470763487337980
  0.91455619081081951  0.92373814145515887  0.93303387333802512  0.94572497482944129
  0.96059613504516350  0.97459361490257979  0.98746469867377518  1.00000000000000000
 -0.00225314574244119  0.01006167490987474  0.02145861404897000  0.03355250284022224
  0.04622538145596604  0.05583529139804298  0.06566793334294595  0.07710859807067291
  0.08783312692944788  0.10051722684838742  0.11258409568024405  0.12427940120764598
  0.13495392755014995  0.14525616867052538  0.15622444192809856  0.16828294995334420
  0.18274124187853147  0.19794824438526490  0.21080555955571306  0.22390242870272253
  0.23580405177612937  0.24654232825078468  0.25565059016753244  0.26430254937953301
  0.27212221754877730  0.28114164853103524  0.28801703269210760  0.29471609273573807
  0.30067071006460927  0.30931478623763947  0.31556586482640658  0.32262399117214186
  0.32868257516192700  0.33578605154427282  0.34494638264984423  0.35343550867008888
  0.36141722674198190  0.37022296395062831  0.38028814458405497  0.38996075911236905
  0.39955000549160286  0.41025099958218075  0.42218712590551105  0.43505598357444980
  0.44657993991953759  0.45710315189174161  0.46751519155428339  0.47783075177759865
  0.48872747785781168  0.50010879103582939  0.51347519812658959  0.52579701014631719
  0.53604483004228465  0.54636993588463822  0.55541726590495610  0.56368518765963971
  0.57179751102410448  0.58186563263936941  0.59374008247330035  0.60581568267526387
  0.61503599214359406  0.62436707798973456  0.63369283593892523  0.64313124853752013
  0.65605967301786816  0.67231966964739465  0.68861431330458511  0.70384498990181510
  0.71467578311688917  0.72456990185228698  0.73558192862813143  0.74835737728040896
  0.76088576275385900  0.77095552430010061  0.77909673143410285  0.78710872274696586
  0.79582211904461653  0.80417608173381072  0.81199925118070049  0.82006980408571617
  0.82635970882230358  0.83425370228131623  0.84333239366754664  0.85329265651819242
  0.86639262587217292  0.88058360638508393  0.89707189159603584  0.91436692878530934
  0.92856970588753762  0.94117627339307086  0.95225807527413675  0.96170294724509886
  0.97064458763516825  0.97914520436562591  0.98947753952803963  1.00000000000000000
 -0.00390921035767585  0.01878234349463185  0.03062668857164087  0.04236387647219768
  0.05227109057520379  0.06185258328414093  0.07196643907283545  0.08557584534453620
  0.10078298635676093  0.11442361658406396  0.12724384733997340  0.13973900450551646
  0.15342811755082458  0.16770673497350777  0.18234778472028448  0.19602410157172989
  0.20612261528165321  0.21293164780600043  0.21822963815642826  0.22621994216383426
  0.23316511837080536  0.23820236336614023  0.24277865588978026  0.24859864271978238
  0.25580211166722949  0.26267768271961967  0.26974049310159098  0.27931544748726267
  0.29066631679701016  0.30263198478195708  0.31789377592740364  0.33504107123662369
  0.34941281012481312  0.36159106177684802  0.37419422727674817  0.38559764566903659
  0.39454329049543213  0.40281464184024662  0.41128579294940915  0.42118221226456309
  0.43239924937888236  0.44382209807145323  0.45540516735800124  0.46691958213180773
  0.47876919221173886  0.48776860310640313  0.49623664593786171  0.50334600078243696
  0.50974721759351549  0.51610973041088470  0.52323699934452228  0.53051140743479708
  0.53692714864003310  0.54457310775817780  0.55373314828854614  0.56551641735260327
  0.57582822620291740  0.58709445600192334  0.60055386166904567  0.61473553240150114
  0.62865621470957189  0.64143165603719976  0.65245230579032110  0.66261155545277095
  0.67294564560602743  0.68419092398641679  0.69573705243124695  0.70733589441020350
  0.71923287126163327  0.73305139865153657  0.74618486625043956  0.75883041941841944
  0.77039150185237304  0.77889313098666046  0.78684246889391984  0.79454989788351693
  0.80220805846444176  0.81332563542309511  0.82705423301798220  0.83923868446255390
  0.84958906411025292  0.85761546599000016  0.86462299579044721  0.87212134013996734
  0.88127505726945554  0.89260870927003466  0.90389355433472018  0.91362182842636475
  0.92405993964032740  0.93660304222299506  0.95091077317875505  0.96423753679503121
  0.97451715310197062  0.98381376407969490  0.99225160197691353  1.00000000000000000
 -0.00182740853702918  0.00827884111129275  0.01627146696052918  0.02404723378708798
  0.03157291327182298  0.03975859363070966  0.05125835542404589  0.06406133575675811
  0.07658844966644615  0.08911567899683059  0.10110911348190429  0.11127889224859515
  0.11943126621366566  0.12709746550947440  0.13562971971218471  0.14462310467289596
  0.15455754537970859  0.16495383059684879  0.17424964626406600  0.18284271698374005
  0.19067335512645592  0.19875144120067270  0.20673165793234419  0.21485940750772706
  0.22073716274086905  0.22696366361455078  0.23519635824722718  0.24652930182301439
  0.25970542068521857  0.27079589884424193  0.27940684237206515  0.28712762091254884
  0.29424616723631364  0.30330712211437943  0.31356109135710142  0.32388047955087829
  0.33417091024816503  0.34660760400746760  0.35827799772813740  0.36890777595855184
  0.37979050669821618  0.39143385616827375  0.40216190174450667  0.41255164515326415
  0.42441078367528506  0.43623540884941786  0.44759753966193683  0.45906615512162469
  0.47097900225820560  0.48286116601282664  0.49171604351565668  0.50032940326113462
  0.50938203605388321  0.51888149334006939  0.53178660569396474  0.54790519188101472
  0.56337497765566380  0.57684723807939997  0.58889580641782713  0.60075404221967166
  0.61271340989010892  0.62589990636750226  0.63802272917474712  0.65122161484602159
  0.66360154282480344  0.67677104191234172  0.69104537357030948  0.70579872248318298
  0.71778735806894400  0.72909014986721765  0.73759632340462311  0.74620959871667281
  0.75532941724681346  0.76510672234407051  0.77526597953676291  0.78467133189771465
  0.79230310625774203  0.79853858990640603  0.80537407817398121  0.81412813758851854
  0.82289323752910037  0.83129135300491841  0.83959303212066527  0.84668323297272696
  0.85519931832159279  0.86800155235644416  0.88251552717225523  0.89560568448190114
  0.90931511374203577  0.92414801049849937  0.93599970277611244  0.94564637063469847
  0.95596534853495829  0.96760467782730031  0.98456517009511768  1.00000000000000000
 -0.00191763684162115  0.01034327387254310  0.02053435758790542  0.03055094475779243
  0.03805000703833321  0.04655039533158416  0.05586865771225300  0.06578796789373655
  0.07843031320207051  0.09275194698218961  0.10246743341562313  0.11145104613099363
  0.11985303890694445  0.12903592694488156  0.14057873034552024  0.15081413112435063
  0.16039596098753986  0.17020763154720614  0.18045048395111965  0.19057857226573435
  0.20008825365408486  0.20975974938561848  0.22025654852348625  0.23189135235200431
  0.24412436047967095  0.25718644895572945  0.27056779556857491  0.28380373733456243
  0.29481866490023334  0.30418823367138675  0.31270772251336137  0.32013271447909114
  0.32706814438131931  0.33516217625292277  0.34331575784980450  0.35151682198083972
  0.36042584172002168  0.37427570230080970  0.38425022416440918  0.39326336344511792
  0.40162849663258343  0.40927705254543117  0.41741891573067480  0.42483100583099492
  0.43202794867589783  0.44209772066908426  0.45386382895526894  0.46408790842762265
  0.47416261062514153  0.48573421186792398  0.49912529332071165  0.51456057288066936
  0.52766415057034088  0.53818820837268266  0.54973015454133012  0.56011707751688677
  0.57088980658911037  0.58291376993784261  0.59516970981395700  0.60706719153830391
  0.62047181447069188  0.63333321356094840  0.64620978717431410  0.65956961208553677
  0.67506807803221014  0.69103726096421370  0.70132082305592969  0.71064629037377203
  0.71997408551233755  0.72956007892270380  0.73783762918848217  0.74544903642626870
  0.75383253650187432  0.76499279589736147  0.77557840193455296  0.78666808687625844
  0.79972936392622163  0.81454607066944174  0.82878811584207601  0.84098234597565624
  0.85172520954574560  0.86041400003127222  0.86840996456702779  0.87664155798234566
  0.88491300881855017  0.89571362914076691  0.90648231380794486  0.91784529210352184
  0.92786003131968153  0.93767128971624969  0.94676704819720914  0.95558630141183165
  0.96539778007218890  0.97624701444744844  0.98730216322776787  1.00000000000000000
 -0.00335540155925530  0.01166146033638902  0.02425526051477199  0.03644925991828375
  0.04703725924352035  0.05655852973734576  0.06587906479478976  0.07522709447298118
  0.08407955686018215  0.09302404470411611  0.10169199358443171  0.11123061088192401
  0.12316332865177558  0.13480443374678844  0.14547100034088312  0.15764934004917447
  0.16871662519298422  0.18248951342835584  0.19313196328077517  0.20313782812441741
  0.21260465657371486  0.22256371332690242  0.23301203094949385  0.24518220842966376
  0.25429342684217815  0.26351684088018396  0.27281655996216925  0.28228090368863173
  0.29145125669423921  0.30033083921955261  0.30957552091887330  0.31854798770842002
  0.32679018816468497  0.33498456024860940  0.34363018512750354  0.35128365741442219
  0.36170269783878445  0.37344745173700189  0.38561987495539185  0.39812328799693919
  0.41115720949516760  0.42268861422321075  0.43507272875025516  0.44902236494307557
  0.46250087443207971  0.47477153715029868  0.48657695520811051  0.49838031944094713
  0.50809777425616987  0.51601182067279783  0.52323411749192139  0.53041487134763532
  0.53639763459273548  0.54225641419336579  0.54956990291897301  0.55830386492110839
  0.56946802404220009  0.58362871185647203  0.59775913264887626  0.61168447221897726
  0.62526805883256709  0.63750807461637005  0.64910610822554604  0.66026686569983539
  0.66928511265228408  0.67752133191810460  0.68690130020766638  0.70136316404615329
  0.71443240979382527  0.72437495064544855  0.73446628626252330  0.74257998123716895
  0.75054212775896667  0.75894518282310186  0.76639086021801062  0.77692778470972679
  0.78801423997165965  0.79900363555151599  0.80966980487352225  0.82012578116966972
  0.82977949592496114  0.83833624788455707  0.84624459381894657  0.85582782114768841
  0.86784228210093639  0.88005428041220324  0.89211956283207583  0.90444865374003025
  0.91562625413841803  0.92548577854500769  0.93485884775838068  0.94561664437653792
  0.95896550918927626  0.97348255773859149  0.98734443100748426  1.00000000000000000
 -0.00309342573033120  0.00900346296643184  0.02096314341406443  0.03097903344721158
  0.03971953728303340  0.04831764185429413  0.05648944955173825  0.06413590206577316
  0.07264995084752596  0.08240755309240949  0.09271381449823715  0.10378279857182458
  0.11603779096648563  0.12965768234064004  0.14239276724416150  0.15432992245514315
  0.16623694523314755  0.17774909722537333  0.18869933939971861  0.20012464559931059
  0.21174884986543857  0.22514171155612678  0.23808257821911027  0.24875583916951002
  0.25815433126228432  0.26642127794713005  0.27431058749459186  0.28268891482130959
  0.29134835746076371  0.30221102627773033  0.31454329932462738  0.32910529440175063
  0.34262880699967069  0.35618310735649439  0.37023783408974903  0.38218832709225731
  0.39324610151532974  0.40716825885650731  0.42358173299305024  0.43801930374566628
  0.44742299573952826  0.45517156211376669  0.46254535703994148  0.46843033573188458
  0.47405639114297721  0.48038549751138149  0.48920599116367358  0.49820327846723939
  0.50801372749362705  0.51712409900333012  0.52773672954635131  0.53919934940533065
  0.55176259412420292  0.56595835521759430  0.58219403765241617  0.59580873364560616
  0.60674594029929918  0.61479378248527594  0.62229991220465009  0.63002674915798018
  0.63836144888021729  0.64653305028575070  0.65548426839261864  0.66563832742161433
  0.67555126785750053  0.68405327930686011  0.69175729231738670  0.69827655347455198
  0.70582028671451491  0.71315976286097160  0.72207623653566944  0.72972395769432374
  0.73974245390086246  0.75051306548291619  0.76259047893227250  0.77472480393544363
  0.78644227116452337  0.79792839138406235  0.80702073107054861  0.81814425903035171
  0.82872171600134137  0.83972658969634750  0.85193391320633682  0.86654982774086675
  0.88342797233158776  0.89926624846366221  0.91306554858307265  0.92547523354095973
  0.93666788385284983  0.94613531955823693  0.95442033666110604  0.96265407039967799
  0.97188494340949938  0.98038941758392584  0.98885366030002164  1.00000000000000000
 -0.00633588090951335  0.03628965567607213  0.05681502811400312  0.07231039125750369
  0.08706038822151918  0.09990944573710521  0.11250399909814593  0.12410696726874890
  0.13659619464077438  0.15016260787027993  0.16240356257309088  0.17428888859785377
  0.18478245992927297  0.19501014334023387  0.20561111274953001  0.21602965347943195
  0.22734850913014359  0.23765906292755348  0.24870051782201505  0.25904436706396960
  0.26903070609087948  0.28005944427587176  0.29167670356533781  0.30298807586015764
  0.31147305216950461  0.31792197421533375  0.32408030232843194  0.33056207784819935
  0.33654015497814216  0.34182271637070494  0.34733330105872556  0.35302933036458795
  0.35898611278147463  0.36540093985384287  0.37309735298213137  0.38187728395403503
  0.39053336922163046  0.39922247574632663  0.40765033265940970  0.41640493441070736
  0.42411865921506281  0.43123964731698600  0.43756162427648837  0.44325383022908477
  0.45000262572058036  0.45847392181176638  0.46751871389062594  0.47576955413754662
  0.48461175747138474  0.49479120856241676  0.50636857165398397  0.51824506570283757
  0.52923789635240392  0.53782012954733105  0.54682652267514176  0.55627317585595748
  0.56644780364043745  0.57777491992630536  0.58864567776452792  0.59764252051553979
  0.60631482413776561  0.61472628032419685  0.62278337710618858  0.63103235592543117
  0.63868492086900941  0.64624876176068602  0.65425361727764264  0.66275667424946572
  0.66989827256115908  0.67595706411021117  0.68162321064065734  0.68805903882828712
  0.69467921949491918  0.70181203921170365  0.70929901670418549  0.71770511486865674
  0.72445212494997901  0.73265635836693888  0.74224146841651772  0.75294453929448257
  0.76399738576041332  0.77561499322069838  0.78724467467213677  0.79802595461792458
  0.80946534677974058  0.82317542550926348  0.83726537302689219  0.84918413938669379
  0.86167990280907147  0.87444118498545764  0.88610255633755863  0.89884902353752438
  0.91633519155385890  0.93822514199461937  0.96589085443550882  1.00000000000000000
 -0.00186954812774305  0.01068414500291682  0.02050750765877348  0.03041157775901708
  0.03996903305818340  0.04804386347830238  0.05479611320618250  0.06157267153367847
  0.06944154769256897  0.07922985194939877  0.08921585441082670  0.09888635408103263
  0.10853821248892234  0.11848796579072925  0.12760329987121444  0.13552114542430280
  0.14320654896808421  0.15039659151882817  0.15763580957800097  0.16512382254022637
  0.17161257551002920  0.17827035442719752  0.18635303729247277  0.20056853044519227
  0.21788017191113165  0.23495435561394204  0.25038000141825295  0.26448103377667520
  0.27678777628442258  0.28611221707191675  0.29561597065448741  0.30624880367033924
  0.31603993277053516  0.32628274201697938  0.33561015664821797  0.34546355427628905
  0.35603912885500150  0.36784224737042870  0.38072574680598453  0.39383024931323601
  0.40563576308455057  0.41716607802311512  0.42869192602643214  0.44100800964367048
  0.45478158102183708  0.46751182767759220  0.47866824966798288  0.49000786553763004
  0.50210252736322880  0.51498306971991425  0.52713687037727830  0.53896230529374600
  0.54953282338212661  0.55984525934932461  0.56848684097226931  0.57633747655276335
  0.58440247012469448  0.59365656218501150  0.60598582828695624  0.61998844380893225
  0.63256447633227264  0.64556625554902825  0.65640251745447209  0.66795756193901079
  0.67944539512339142  0.69072846142223721  0.70220714860068456  0.71252807970249588
  0.72336567074835090  0.73463611718485455  0.74607242394999496  0.75855624052174297
  0.77031220310219395  0.78036547183733551  0.78826909819869484  0.79548244467497631
  0.80317017631390497  0.81140553167883922  0.82227098165650059  0.83514124431742986
  0.84839159963230026  0.86170597008656691  0.87337858298473348  0.88421622709949510
  0.89509160426752532  0.90702539337088972  0.91991695205456114  0.93242222472850644
  0.94329628835269042  0.95202277087849252  0.95992769385730226  0.96792744328625735
  0.97629658150168297  0.98400706000672378  0.99176424994527745  1.00000000000000000
 -0.00762568743000828  0.17409319951152219  0.25253977217808643  0.30316808444282900
  0.33709494381525590  0.36885713282024707  0.39715878038426877  0.42181654987817696
  0.44686596048313437  0.46983612475313186  0.49293288956411513  0.51344867794446536
  0.53108942822495175  0.54374237167717065  0.55667017519319717  0.56942476038761725
  0.58318781087677363  0.59709285783464872  0.60882438406759620  0.61963097548229951
  0.62938276180414787  0.63869702139775275  0.64571718819872481  0.65166583489621099
  0.65767384380767813  0.66475312078124216  0.67341546950374975  0.68151500417243849
  0.68882687855456481  0.69621919764149154  0.70489971860135414  0.71392379007030748
  0.72246639386797007  0.73078193595138174  0.73905245725238378  0.74658982060181578
  0.75326400087733170  0.75908390453933394  0.76553623649250191  0.77246295641122054
  0.77979583970859656  0.78704172989577303  0.79242629558538191  0.79693337261573283
  0.80139898159782819  0.80584762719038150  0.80986721749292490  0.81358030007044746
  0.81763894102082568  0.82143965092619065  0.82547181618156817  0.82917581350492953
  0.83255186529067937  0.83539149169769689  0.83825260439177007  0.84138773443094483
  0.84435911946880093  0.84786604645275632  0.85082844321078965  0.85430022969780306
  0.85836386022103039  0.86306817454778817  0.86778037672908015  0.87239309629182848
  0.87677799941719281  0.88105804133474297  0.88550036183640513  0.89047004868552349
  0.89557594132749518  0.90048584528817832  0.90510007345840149  0.90952820449184435
  0.91323362925183404  0.91679471554254410  0.91983805768509241  0.92228002793003494
  0.92511357288001816  0.92808562835830166  0.93106115510717269  0.93471626132923102
  0.93828395320585845  0.94178850379795787  0.94531601888531680  0.94872158700270959
  0.95222540970044978  0.95543984979469210  0.95850889777303927  0.96165009781686372
  0.96426790315155253  0.96748861140566500  0.97086237441453571  0.97417776055756378
  0.97784295490872508  0.98267748668201715  0.99018165552445703  1.00000000000000000
 -0.01624580317062504  0.12633780952128851  0.18278190234652839  0.21155311432347684
  0.23907214891704887  0.25993133802835966  0.27530630134756096  0.28875210462776524
  0.30163026459609749  0.31655113119294076  0.33063029145873596  0.34376456381308390
  0.35525790374594823  0.36482521943361035  0.37261252919323590  0.38021615203067854
  0.38758572644468120  0.39599805928665399  0.40411038992688431  0.41163211921332116
  0.41895300918927242  0.42628988134327950  0.43359740197440516  0.44034321424196216
  0.44639677603185218  0.45221176388788398  0.45783661122771563  0.46259429708135086
  0.46664439885166992  0.47057468471132469  0.47458315191072681  0.47996371900836027
  0.48554759211033605  0.49056440021748310  0.49536381252400458  0.50045387195859170
  0.50624956802611387  0.51325601310389046  0.52005326951362074  0.52692901966876082
  0.53437057591038839  0.54125157321037554  0.54801230189027783  0.55454685635844214
  0.56106527534222639  0.56705640201471830  0.57265156988913490  0.57839066514658399
  0.58413037348843322  0.58938287069570516  0.59461418479124006  0.59969258628965427
  0.60469006336143993  0.60983414452955076  0.61432022777712036  0.61817603847356695
  0.62161276959233602  0.62486789796183195  0.62846983159748349  0.63323984662547261
  0.63884876054198370  0.64469567978701958  0.64964818021350001  0.65420304706665078
  0.65848384552168693  0.66229501657954293  0.66641055265604621  0.67120652869043451
  0.67714390752831366  0.68266774410783715  0.68845618230549421  0.69468499088248947
  0.70151182245840527  0.70934125993100250  0.71965109586265441  0.73030004711634788
  0.73917504627117958  0.74671332317439421  0.75297174928787014  0.75790324474381476
  0.76347111586705707  0.76939307981938554  0.77589991743707842  0.78234047247541383
  0.78874733506847894  0.79553846520604476  0.80289751851796554  0.81067352258449255
  0.81978574224183942  0.83022796167836832  0.84047258561404492  0.85258930262629562
  0.86873871503577160  0.88867569804098578  0.92335522776715218  1.00000000000000000
   1.0774079813512979E-011  -1.0000000000000000     
 F F F F F F F F F F F F F F F F F F F F F F F F F F F F F F F F F F F F F F F F F F F F F F F F F F F F F F F F F F F F F F F F F F F F F F F F F F F F F F F F F F F F F F F F F F F F F F F F F F F F F F F F F F F F F F F F F F F F F F F F F F F F F F F F F F F F F F F F F F F F F F F F F F F F F F F F F F F F F F F F F F F F F F F F F F F F F F F F F F F F F F F F F F F F F F F F T T T T F F F F F F F F T T T T F F F F F F F F F F F F F F F F F F F F F F F F F F F F F F F F F F F F F F F F F F F F F F F F F F F F F F F F F F F F F F F F F F F F F F F F F F F F F F F F F F F F F F F F F F F F F F F F F F F F F F F F F F F F F F F F F F F F F F F F F F F F F F F F F F F F F F F F F F F F F F F F F F F F F F F F F F F F F F F F F F F F F F F F F F F F F F F F F F F F F F F F F F F F F F F F F F F F F F F F F F F F F F F F F F F F F F F F F F F F F F F F F F F F F F F F F F F F F F F F T T T T F F F F F F F F T T T T F F F F F F F F F F F F F F F F F F F F F F F F F F F F F F F F F F F F F F F F F F F F F F F F
  <DiscreteSampler_grid>
  grouped_processes
  1 # 1 for a reference and 2 for a running grid.
  10 # Attribute 'min_bin_probing_points' of the grid.
  1 # Attribute 'grid_mode' of the grid. 1=='default',2=='initialization'
  0.0000000000000000 # Attribute 'small_contrib_threshold' of the grid.
  0.5000000000000000 # Attribute 'damping_power' of the grid.
 # binID   n_entries weight   weight_sqr   abs_weight
    55   10   1.150770572430573E-004   1.215913568237863E-007   1.150770572430573E-004
    56   10   1.150770572430570E-004   1.215913568237855E-007   1.150770572430570E-004
    58   10   6.180912700307727E-006   3.507764502630903E-010   6.180912700307727E-006
    59   10   6.180912700307709E-006   3.507764502630878E-010   6.180912700307709E-006
    61   10   6.180912700307727E-006   3.507764502630903E-010   6.180912700307727E-006
    62   10   6.180912700307709E-006   3.507764502630878E-010   6.180912700307709E-006
    64   10   1.150770572430573E-004   1.215913568237863E-007   1.150770572430573E-004
    65   10   1.150770572430570E-004   1.215913568237855E-007   1.150770572430570E-004
    67   10   6.180912700307730E-006   3.507764502630907E-010   6.180912700307730E-006
    68   10   6.180912700307709E-006   3.507764502630880E-010   6.180912700307709E-006
    70   10   3.319834789321591E-007   1.011947898874863E-012   3.319834789321591E-007
    71   10   3.319834789321581E-007   1.011947898874856E-012   3.319834789321581E-007
    73   10   3.319834789321591E-007   1.011947898874863E-012   3.319834789321591E-007
    74   10   3.319834789321581E-007   1.011947898874856E-012   3.319834789321581E-007
    76   10   6.180912700307730E-006   3.507764502630907E-010   6.180912700307730E-006
    77   10   6.180912700307709E-006   3.507764502630880E-010   6.180912700307709E-006
    79   10   6.180912700307730E-006   3.507764502630907E-010   6.180912700307730E-006
    80   10   6.180912700307709E-006   3.507764502630880E-010   6.180912700307709E-006
    82   10   3.319834789321591E-007   1.011947898874863E-012   3.319834789321591E-007
    83   10   3.319834789321581E-007   1.011947898874856E-012   3.319834789321581E-007
    85   10   3.319834789321591E-007   1.011947898874863E-012   3.319834789321591E-007
    86   10   3.319834789321581E-007   1.011947898874856E-012   3.319834789321581E-007
    88   10   6.180912700307730E-006   3.507764502630907E-010   6.180912700307730E-006
    89   10   6.180912700307709E-006   3.507764502630880E-010   6.180912700307709E-006
    91   10   1.150770572430573E-004   1.215913568237863E-007   1.150770572430573E-004
    92   10   1.150770572430570E-004   1.215913568237855E-007   1.150770572430570E-004
    94   10   6.180912700307727E-006   3.507764502630903E-010   6.180912700307727E-006
    95   10   6.180912700307709E-006   3.507764502630878E-010   6.180912700307709E-006
    97   10   6.180912700307727E-006   3.507764502630903E-010   6.180912700307727E-006
    98   10   6.180912700307709E-006   3.507764502630878E-010   6.180912700307709E-006
    100   10   1.150770572430573E-004   1.215913568237863E-007   1.150770572430573E-004
    101   10   1.150770572430570E-004   1.215913568237855E-007   1.150770572430570E-004
  </DiscreteSampler_grid>
