  0.02392701392227137  0.03514416108291785  0.04727143424219747  0.06017459999710494
  0.07273008150821705  0.08308383049536973  0.09335137468429992  0.10338189691984705
  0.11467635544957111  0.12612440769427902  0.13707847775863422  0.14732224596639085
  0.16259256166346001  0.17352152165346846  0.18337186790535792  0.19168408513284732
  0.20042091017755859  0.21076585805632672  0.22100184287402333  0.23025509471352898
  0.23851575595994279  0.24654251680181261  0.25533929707573216  0.26570657149719851
  0.27289779531809988  0.27854383527294257  0.28437494141097963  0.29106766574779402
  0.29893421848803875  0.30786996874877381  0.31683304561402986  0.32553791324733444
  0.33444276235497700  0.34668759199313731  0.35753102067911047  0.36692771268503915
  0.37781459652167210  0.38894310503645257  0.40019696612495437  0.41069388934085971
  0.42416448897617404  0.43827275885549466  0.45130737960493539  0.46012114693132150
  0.46600975739146333  0.47367908849498419  0.48141039997985741  0.48878706322126991
  0.49504996464154816  0.50191314432365008  0.51134514816346233  0.52385824908973100
  0.53781640625816762  0.55073078205697557  0.56001160517147730  0.56866311288711524
  0.57819303774686048  0.58657745043278031  0.59621557927183810  0.60538648587826138
  0.61209853650745516  0.61925514473497389  0.62641709730359418  0.63444021047318377
  0.64304007235798732  0.65217451372659119  0.66080774581222701  0.66934334537663864
  0.67755034591805263  0.68479799770797145  0.69197318575027189  0.70056724990388408
  0.71150051775212741  0.72329736338544692  0.73623653618589635  0.75158055246918831
  0.76486834247851165  0.77670046642909785  0.78672693843177244  0.79618575754271037
  0.80542701365017200  0.81508096538078534  0.82590163220961743  0.83721463439788135
  0.84905935505223540  0.85935379770798048  0.87231662598089788  0.88545395996633824
  0.89942296255494969  0.91090692441959509  0.92309161466212231  0.93578742924257585
  0.94919640118800164  0.96345260164699120  0.97137445033427439  1.00000000000000000
 -0.00000000260658750  0.00000006932616450  0.00000026472689020  0.00000056636788730
  0.00000089193807345  0.00000122945282784  0.00000176723935526  0.00000261577861157
  0.00000342550760901  0.00000411743761852  0.00000487028803702  0.00000578847229358
  0.00000700730179861  0.00000845811833594  0.00000968880900075  0.00001088870517047
  0.00001212041115498  0.00001334901113442  0.00001448525407406  0.00001550563751311
  0.00001670768278272  0.00001790716735047  0.00001905528341944  0.00002013181966713
  0.00002115795360047  0.00002227311220101  0.00002319069171070  0.00002410439879720
  0.00002503549990596  0.00002597649408109  0.00002689584484508  0.00002773271181033
  0.00002852666644552  0.00002931613514714  0.00003009754159746  0.00003086921443347
  0.00003163723063699  0.00003218686415893  0.00003264161609180  0.00003304411052431
  0.00003344484899981  0.00003384589385414  0.00003425217791178  0.00003468622012264
  0.00003519161730374  0.00003566121669839  0.00003614246020148  0.00003671881768945
  0.00003736364730435  0.00006219989666429  0.00006345026233846  0.00006441473665011
  0.00006521724181533  0.00006601914706749  0.00006683922841428  0.00006775376578626
  0.00006873498164364  0.00006979904293580  0.00007090581866336  0.00007204744566379
  0.00007324623007341  0.00007445297565720  0.00007581803285582  0.00007749686816509
  0.00007917587561029  0.00008091618955089  0.00008270987352402  0.00008452537077503
  0.00008656459083143  0.00008886379295901  0.00009149869533796  0.00009430953141028
  0.00009781851666235  0.00010319457314435  0.00010916704584323  0.00011581401506605
  0.00012273185532024  0.00013088817822894  0.00014067485894227  0.00015176947888984
  0.00016510227306240  0.00018040683132638  0.00020054037817636  0.00022488031574304
  0.00025841304447124  0.00030204938555179  0.00035511056082918  0.00041245264450341
  0.00048696856605465  0.00056213094123220  0.00066613256474654  0.00078968803148394
  0.00095778493985097  0.00122678652856358  0.00157273987909617  1.00000000000000000
  0.00991085544789954  0.01584952591868184  0.02378454428053985  0.03196381070408285
  0.04110173261808769  0.04962490754544411  0.05816977629966927  0.06743680990308962
  0.07797817209541717  0.09172192588900016  0.10400590567360721  0.11623532772821259
  0.12827829074415881  0.13939903146799423  0.15351257185354084  0.16702611683557295
  0.17732651076511050  0.18980818256569604  0.20260028385004708  0.21457957867285982
  0.22588358959779151  0.23474722146309676  0.24238689447118775  0.25088258879423891
  0.25909331673545127  0.26718799667942295  0.27498497988360304  0.28207492089573000
  0.28959017487062377  0.30047005709197949  0.31400145451650296  0.32509878441139090
  0.33461119496422420  0.34438254310659971  0.35568667003271154  0.36727830240159964
  0.37891740793605705  0.38947181435512279  0.39797027569627563  0.40458127686258999
  0.41139536272519656  0.41786313666747338  0.42527861305610631  0.43266275769509666
  0.44064280125555566  0.45021862083610886  0.45756902393694343  0.47238013384065403
  0.48486941039857945  0.49909870876934814  0.50851605473224770  0.51834334155696538
  0.52816591397114909  0.53663080578153544  0.54522140039838973  0.55450148842934466
  0.56189042480040408  0.56924716619605209  0.57707570870028324  0.58688979176756051
  0.60030017242563050  0.61284953491753857  0.62523134281859982  0.63737887736925170
  0.64726192997684395  0.65706378467540572  0.66828951224169608  0.68211373738458159
  0.69479417200312599  0.70727765593931435  0.72024598527599437  0.73328857856869412
  0.74310117628426731  0.75181087605646557  0.76045713212946009  0.76908032474055743
  0.77726779570574611  0.79237392130517181  0.80640643927788835  0.81957248934465177
  0.83308137275663141  0.84837221387877559  0.86617576724133627  0.88326346477734163
  0.89971378655145662  0.91244955430426444  0.92210247269592760  0.93079486533666944
  0.93901579691645820  0.94774909787272688  0.95542755169646498  0.96404737647688499
  0.97413695266873801  0.98636626529125360  0.99127568900473084  1.00000000000000000
  0.00148593870900420  0.01516274457907646  0.03040352581365816  0.04575907495527920
  0.06015033466922984  0.06938797183845287  0.07852397914430219  0.08686118371776221
  0.09467761595675910  0.10258565308883884  0.11026876392454095  0.11776929242483075
  0.12663861869432746  0.13903639253954689  0.15175136217634849  0.16481922611645919
  0.17767730882344182  0.19219984926296205  0.20839317951826913  0.22424839679928171
  0.23751332827507585  0.24970186804249428  0.26108492429937979  0.27217432080918930
  0.28163880830716403  0.28892891175337898  0.29609847610848750  0.30320304932943343
  0.31097254188455514  0.32039795307668589  0.33222848820283818  0.34743181761575692
  0.36285489884751154  0.37639389497172593  0.38925105120117115  0.40438277036899878
  0.42048518762848514  0.43512017421478422  0.44701490366208407  0.45715483348362829
  0.46771143931860609  0.48051737566644165  0.49490932520325948  0.51051829812045046
  0.52720890460975822  0.54169533843924933  0.55579729499402886  0.56441435540019136
  0.57349659710641732  0.58261373631668856  0.59417606887814189  0.60602045534149263
  0.61499775515809652  0.62334260409357944  0.63144280191343349  0.64063191319443591
  0.64886978330652789  0.65526900999324111  0.66134981461412556  0.66775439320760688
  0.67479603250744902  0.68310335418834889  0.69055359717162856  0.69801126384694145
  0.70624903354021695  0.71830909800415865  0.73133841973733071  0.74769348304208150
  0.76209362139467651  0.77358354285436881  0.78537637115772418  0.79617727878455113
  0.80635452880435943  0.81667103809214714  0.82749226792499941  0.83825286929827092
  0.84913536824105107  0.85962986268260277  0.86819223037413440  0.87636540425283027
  0.88499823814395817  0.89528079514663661  0.90554771693560199  0.91735510453784386
  0.93064613473228275  0.94297661800861565  0.95211765802276882  0.95867692105695046
  0.96317117474094027  0.96726424481885276  0.97272780125469849  0.97767370982013557
  0.98232817844452658  0.98761397055820221  0.99145158866886451  1.00000000000000000
 -0.00023224247138696  0.00188633852492434  0.00354386525061395  0.00582156954129483
  0.00783532791559766  0.01035249427810800  0.01265139670582797  0.01497849576408656
  0.01822707463093741  0.02324642202603642  0.02869638044990178  0.03376057026535212
  0.03992440091771562  0.04639571281952724  0.05190695229155435  0.05744700021693078
  0.06581739220275419  0.07416071924080435  0.08199930360057767  0.08833565328125420
  0.09394117154243327  0.09934638358396555  0.10456422826140876  0.11006868817756590
  0.11600474511181874  0.12197809340263843  0.13093982701006687  0.14280374249599881
  0.15528152921142432  0.16669631407253574  0.17827976465208004  0.19014604175651592
  0.20201953757833618  0.21614227719194726  0.22961426956504202  0.24372321639363825
  0.25838439611898445  0.27168051735868115  0.28357938830868656  0.29339383676930181
  0.30273539112706471  0.31307846409825313  0.32482149870781435  0.33681540734483506
  0.34821851444268548  0.35983218161422498  0.37178152268310971  0.38385305259380115
  0.39788084172596921  0.41349339227351189  0.43062747223189080  0.44609885941605820
  0.46080244983608765  0.47480904214158809  0.48749621637516810  0.50146834199097912
  0.51352369400755005  0.52257163096326387  0.53123443238227375  0.54095759462268977
  0.55120916896910521  0.56063033839496368  0.56947526652652158  0.58037622342132333
  0.59487208763910160  0.61006180848903258  0.62661962774955227  0.64318269375809545
  0.65436970711269293  0.66443868643382853  0.67385310072647986  0.68295350592402582
  0.69348128252667451  0.70613570983728235  0.71917387887254125  0.73233761983771573
  0.74589572995076570  0.75976483139236328  0.77413299927934021  0.78779012864602327
  0.80111727393860899  0.81540745904624379  0.82960898813937867  0.84535112301865789
  0.86204928314758944  0.87711819523965617  0.88851566246913649  0.89951623750676857
  0.91036315066099172  0.92141670658155239  0.93407460786070839  0.94793471922103467
  0.96147678482184651  0.97526770956644493  0.98770476679662822  1.00000000000000000
 -0.00293727254820240  0.01254992718770168  0.02378677491201477  0.03060803095629139
  0.03660441743431708  0.04344000104765972  0.05129811756592093  0.05779117318466719
  0.06397637818111937  0.06981552764307503  0.07484587319577378  0.08079427792158632
  0.09058356778214986  0.10052391074098146  0.10934354891107770  0.11692088213147643
  0.12459456457250535  0.13249270246547193  0.14060964197308470  0.14926071090201687
  0.15816495947002215  0.16653785182196748  0.17412001371402960  0.18178762437237372
  0.19288271881485791  0.20630344327867081  0.21944505459678523  0.23239678296314034
  0.24623258312895324  0.26390453422844135  0.28443549036421550  0.29930162397504356
  0.31083768881330232  0.32125482650082504  0.33224567974956892  0.34187507553224961
  0.35159844104971683  0.36203165978989343  0.37179241636986909  0.38067338623987068
  0.38877406625207278  0.39765370081390533  0.40565685387855904  0.41197646497950258
  0.41789023541096243  0.42407595892543343  0.43024117891918473  0.43720242540864013
  0.44959314222928720  0.46262682194853288  0.47312612396871745  0.48270200057858392
  0.49225347517166229  0.50297007139963579  0.51317468643502762  0.52486219593827355
  0.54088375550010548  0.55685480863145775  0.56942267731514740  0.58065583359391137
  0.59268483853220910  0.60540230124056238  0.61804557163800056  0.63121018066936585
  0.64388797454197766  0.65610250014595040  0.66777959442680168  0.67923078958449268
  0.68959057136357449  0.69964487027548294  0.71080348323645737  0.72457301784418260
  0.74279652550818542  0.76083470831542976  0.77639524088498268  0.79011091664404420
  0.80224748353735720  0.81296415461910632  0.82247658192997519  0.83148606353596932
  0.84117131814991364  0.85186389577157895  0.86349842008831024  0.87274063182009032
  0.88241734659945381  0.89207734047628362  0.90216212592404021  0.91210737780961793
  0.92142656378604915  0.93013892533368792  0.93972995551995486  0.94920584377117678
  0.95880037604878210  0.97224419435641163  0.98435690672943410  1.00000000000000000
 -0.00504772391410387  0.01093718028702947  0.02615047114837095  0.04030669271069511
  0.04911027443629450  0.05852678575537069  0.06746473339488818  0.07560513306493584
  0.08362700791173799  0.09163555433510401  0.09958111473671739  0.11004579216504901
  0.12315794654010248  0.13490547961192198  0.14548535460879533  0.15517835995580279
  0.16442940113481536  0.17352148402112941  0.18377926574371825  0.19669691573895925
  0.21070912576421158  0.22152899873245180  0.23015715475752552  0.23809365945913785
  0.24710491374984681  0.25781720796706031  0.26842046723417784  0.27968141455736034
  0.29159510914910014  0.30385996224402512  0.31664555259369809  0.32849507085057794
  0.34223460230287378  0.35698237543075867  0.37092456421802106  0.38462790245038897
  0.39754056212068045  0.41152674742359685  0.42633796972034793  0.43769125041862189
  0.45076677660800180  0.46223235819621822  0.47584838661256201  0.49188367071104278
  0.51090214420902025  0.52676611070992729  0.54060803468911089  0.55351372830549650
  0.56686796505762960  0.57479875344606968  0.58278492778390145  0.59082541925359056
  0.59874711173238016  0.61027314055506721  0.62392295743602322  0.63754311823309695
  0.64980809303608011  0.65760199450690426  0.66570408528634539  0.67083029942355943
  0.67551711467319753  0.68026836936375146  0.68904845227769673  0.69963055472060165
  0.70862118099709337  0.71744858668739298  0.72697268810119731  0.73719693120725505
  0.74543199188226683  0.75355342407199288  0.76346269604815120  0.77439501416053158
  0.78343900721998427  0.79209889659997013  0.80019046577079334  0.80850432454859278
  0.81799235505604051  0.82868370088993870  0.84158799060982958  0.85640767623257230
  0.87220108173709487  0.88220034774218070  0.88930172074975122  0.89635502877840201
  0.90395283174566998  0.91307725674811835  0.92228977038722904  0.92992662343622701
  0.93641813508606508  0.94508174627461894  0.95647034764363303  0.96607887685100924
  0.97468820975481085  0.98391107132516464  0.99206318592065712  1.00000000000000000
 -0.00278619350484782  0.00868160083980047  0.01913816042811954  0.02938908621058755
  0.04059685624995252  0.05373644038905079  0.06785826697799056  0.08106533019637939
  0.09246276823408445  0.10418503438494948  0.11701381530384261  0.12975325326125026
  0.14229590170142339  0.15517678603837828  0.16826885042065648  0.17743577490469975
  0.18783291423973417  0.19892369413422703  0.21138624237739781  0.22544900133109125
  0.23918409488210030  0.25082391358280937  0.26154932589976504  0.27026973571171614
  0.27804535640550732  0.28665156754234278  0.29682942548116609  0.30813869701650232
  0.32036875469028825  0.33284260777322527  0.34507515681198808  0.35685955617836024
  0.36805425239162409  0.37844062979743620  0.38754870022679666  0.39589234230434794
  0.40345894313587044  0.41121791599333118  0.41955998913525760  0.42786645703344511
  0.43480618706931007  0.44020197920403376  0.44448333737454077  0.44887728379139141
  0.45393203254127817  0.45903599543698370  0.46796182647408491  0.47678722599759554
  0.48549281893607443  0.49514044772643862  0.50588529451571018  0.51731845577802060
  0.52731238170371342  0.53652980054738475  0.54641152670722504  0.55733511858630214
  0.57033953391429448  0.58125355008677049  0.59151316692929679  0.60083425337541929
  0.61299614008179681  0.62638097810562521  0.63405017477896886  0.64240026039634279
  0.65213941794339125  0.66321976311198327  0.67498751748505037  0.69115785072245439
  0.70641579282542877  0.72109752581669517  0.73635033638616398  0.75097621315032592
  0.76514808376957277  0.77767124565059076  0.78764976857931268  0.79781614165530235
  0.80870252702653977  0.81981878651499240  0.83057706135908171  0.84006130006822932
  0.84891861916030453  0.85751118255855630  0.86682821360520157  0.87798164485181884
  0.88930018547420908  0.89974827681636971  0.90741903458253992  0.91495434096041983
  0.92368749053121457  0.93412054994770510  0.94664367483848222  0.95890806565955866
  0.96952295600803728  0.98049418530465593  0.98993959827691302  1.00000000000000000
 -0.00422481661757650  0.00963856772728968  0.02343217949992345  0.03680553078672989
  0.04763437749943624  0.05905882769860139  0.07060160370307064  0.08285495186891648
  0.09810505681189519  0.11615343783009141  0.13187910709878611  0.14545968018127881
  0.15868118866567668  0.17279730749156177  0.18899841105127874  0.21006056869466899
  0.22778499942692493  0.23933792562518219  0.24772076972416673  0.25624738224327931
  0.26552923203159579  0.27537061871122964  0.28442282274282649  0.29327379845051504
  0.30381190464327151  0.31613675974701261  0.32955902313334984  0.34491452265700845
  0.36037255824075493  0.37344363096430799  0.38475241083527140  0.39423109347261293
  0.40301755451292076  0.41190030478711415  0.42134884112025267  0.43056215475973370
  0.44017454632891212  0.45166989199178620  0.46385449755533170  0.47478933274048030
  0.48580938694908998  0.49693083934063376  0.50992624072118697  0.52456251144451638
  0.54223637329509344  0.55651455047049003  0.56757936894050653  0.57589244781008742
  0.58443300904040307  0.59233253347791237  0.60041531325084896  0.60958206585184394
  0.61939799026186115  0.62974334541102484  0.64105375387890873  0.65122040085226152
  0.66110558735888636  0.67205207900170683  0.68182438371706111  0.68991141953321100
  0.69788686436783498  0.70772421212874692  0.72053486231430519  0.73341537577491900
  0.74258977897900158  0.75031379238915097  0.75636266202400904  0.76205038134188252
  0.76871846781322328  0.77525557830998781  0.78163141620644594  0.78943492964068929
  0.79705376861918953  0.80419507298912207  0.81066820623938007  0.82351192166380516
  0.83691578413046452  0.84682646564641784  0.85471680784644477  0.86242286712978222
  0.87103153434452785  0.87951427269637694  0.88780683554142548  0.89740074718226126
  0.90881782072264528  0.92072431524465426  0.93128006979683442  0.93962026211439320
  0.94589719654334048  0.95187132908283878  0.95762459619130447  0.96282935807209913
  0.96925508182129327  0.98089671591695526  0.99055902745576274  1.00000000000000000
 -0.00203002389038041  0.00659156150595931  0.01464221033364151  0.02362331180241513
  0.03497208459608465  0.04965250233181131  0.05748258408823495  0.06644978446178215
  0.07382376293310304  0.08091411809951549  0.08940907117550406  0.10100520919499575
  0.11063917508857983  0.11854154951357107  0.12644135348036359  0.13549182932503007
  0.14524935152539301  0.15592451596358561  0.16863155497987536  0.18155390174307728
  0.19011524361884977  0.19546622031545946  0.20105992094347666  0.20894775278989045
  0.21738975237937275  0.22332798113114397  0.22935021502330377  0.23544836307473771
  0.24207406514552673  0.24837100844363919  0.25967285512633487  0.27149908140512130
  0.28248379716415667  0.29316304002734372  0.30370861152151146  0.31338708503337748
  0.32085290287895585  0.32954620444500970  0.33755509861970279  0.34447939743603201
  0.35073426248618994  0.35654996361254537  0.36311788943267242  0.37098608914731163
  0.38572967549881004  0.40214220078186397  0.41923770041576064  0.43755669149235071
  0.45248205407755959  0.46445849238032255  0.47427061910805685  0.48475393680131795
  0.49701813816244783  0.51340328951716951  0.52734051711053898  0.53904856410713164
  0.55054789467405862  0.56072750086782608  0.57297070520658910  0.58544623953244046
  0.60022846031896371  0.61784019274560520  0.63192317791632036  0.64341324125584975
  0.65335853310666847  0.66342208147166715  0.67319777841544548  0.68304713533770423
  0.69241758480357174  0.70073029170216350  0.70916190521532885  0.71858521044265400
  0.72893809774456142  0.73784467774255502  0.74741779325518010  0.75851749971285998
  0.77004342266643089  0.78065059088431932  0.79244295577962742  0.80418317931837191
  0.81392316432058021  0.82285490934976024  0.83242704338575824  0.84230260644398769
  0.85504605869185479  0.87003935245134278  0.88445702379392876  0.89712505325825354
  0.91046120457810509  0.92412425345338700  0.93684176775802752  0.95047085398662223
  0.96446795461283263  0.97636133055667951  0.98832673002015958  1.00000000000000000
 -0.00196259034489987  0.00757614580181986  0.01611574670627135  0.02397222246477538
  0.03232759719952256  0.04093202222796534  0.05099236307220853  0.06200369858610784
  0.07341360383048660  0.08452966533738474  0.09398947956634733  0.10273398063215652
  0.11136030210594845  0.12017979610733538  0.13018390265327132  0.14035854377314991
  0.15225978226199635  0.16502202615053130  0.17732943776265403  0.18946978734243611
  0.20117216265483095  0.21352983145302462  0.22757599321155150  0.24053328655461576
  0.25377018199329909  0.26403769419500261  0.27301800559947415  0.27904944307205981
  0.28482939463167017  0.29118449961215787  0.29856803575552826  0.30673619787439355
  0.31620097389593343  0.32574031075402887  0.33706837063125844  0.35146400751912354
  0.36464318849487803  0.37369415085358176  0.38315346917315074  0.39350056188985494
  0.40562122817699153  0.41974518897158936  0.43461226014709559  0.45008384265271195
  0.46436679642952133  0.47570619596033015  0.48994097540772880  0.50111331027632799
  0.51018244365278476  0.51846634591021046  0.52819660454478401  0.54044304019977807
  0.55390978812296843  0.56636253599127273  0.57648644165734486  0.58538288021993379
  0.59502050605530521  0.60570084101693533  0.61628425233756234  0.62742536003878635
  0.64048318197533494  0.65166007989974328  0.66305390784061902  0.67831440510152119
  0.69434605241533864  0.70761366319796581  0.71785700503336536  0.72745457823602111
  0.73459536313340512  0.74173759118471516  0.74929553972630725  0.75970916105973274
  0.77051470108092557  0.78153413572313601  0.79135481482595116  0.79979865016400753
  0.80865284983525765  0.81970737221967760  0.83366813245566296  0.84266221726152934
  0.85087267630051255  0.86031538618083170  0.86979954399771586  0.87740459732132869
  0.88656741623157331  0.89752712406181367  0.91016814276529789  0.92282998409360817
  0.93424825295929015  0.94897233783431389  0.96172785504669556  0.97184728733848369
  0.98018762522108904  0.98727770532720305  0.99398875044733515  1.00000000000000000
 -0.00161298844752932  0.00651644442129332  0.01506796476622392  0.02374176562701816
  0.03290904782926781  0.04257861999589251  0.05260432859625078  0.06340341294814168
  0.07838422247154378  0.09620748540122263  0.11154033824219853  0.12127784491861025
  0.12984624699628539  0.13778878307349868  0.14582837011860958  0.15422933751987916
  0.16655646249213346  0.17941057634347921  0.19228398349270154  0.20428042461899373
  0.21245061289493639  0.21794845033193247  0.22342825301254271  0.22884386597463183
  0.23498506747818973  0.24381330874158449  0.25332316451928311  0.26265352511976592
  0.27228128225497128  0.28400444260522173  0.29573191320242437  0.30803279256605864
  0.31888786261918634  0.32887184664972458  0.33838947141057785  0.34827866856557538
  0.35952411229064868  0.37206815657885417  0.38604543568306987  0.39996810367116520
  0.41283630515804087  0.42418790570214265  0.43375696049630741  0.44143702870153456
  0.44798864298315194  0.45554777269989449  0.46311819945799787  0.47183372351793035
  0.48156643840236707  0.49069476143070118  0.49868788090719862  0.50601574009168082
  0.51413936662752313  0.52464271981027277  0.53444021789646923  0.54253630359223071
  0.55074193499021884  0.55895889005952515  0.57106585350248784  0.58624704100440539
  0.60114504641144173  0.61624950022534042  0.63326365961522535  0.64793884813989855
  0.65618579330859317  0.66389407003783041  0.67057643498846409  0.67652542439525354
  0.68275941907620996  0.68988347262866057  0.69826302904293369  0.70552881840367465
  0.71356996417813801  0.72534106694333800  0.73781186909297658  0.75144016125723001
  0.76540267306353738  0.77870545277481984  0.78943567495674705  0.79851816476072546
  0.80749509203642633  0.81624837705689035  0.82618657191069156  0.83639276658542683
  0.84584406333351181  0.85587151953064367  0.86733167157972435  0.88198157119786402
  0.90063316265756299  0.91840905770136494  0.93291601700359506  0.94517455437309406
  0.95760513871008335  0.97009121183701863  0.98282074781288253  1.00000000000000000
 -0.00430396235488308  0.03375241274947841  0.05619030890286136  0.07507290028690479
  0.09377314343674260  0.11503614881600170  0.13184287116249410  0.14491672383145876
  0.15674424947539742  0.16748219750945043  0.17753681594319337  0.18776679532278859
  0.19967829840404791  0.21471656215895130  0.22909428805806417  0.23757791393535360
  0.24490474041092486  0.25241140108691390  0.26206212641163945  0.27311154458630010
  0.28464567301426774  0.29412875423632090  0.30100561871149867  0.30804528992670827
  0.31498268825069337  0.32168192587887368  0.32856254538556612  0.33456579619938770
  0.33976411665248046  0.34513273997544658  0.34941684906300818  0.35419542402510473
  0.35991549620972546  0.36706428026347121  0.37503474866520292  0.38441222430918209
  0.39462419645242952  0.40662157969769264  0.41810620862943143  0.42994335683669360
  0.44041121230610508  0.44920428091024578  0.45746677571081962  0.46504228883156984
  0.47144452194074721  0.47756992830651257  0.48301309828061578  0.48844608065916695
  0.49376099647059624  0.49982954458186718  0.50777898203594451  0.51724084202392484
  0.52701087263090940  0.53572728395132341  0.54331296851468180  0.54967157294399560
  0.55645293632040072  0.56297894224900025  0.56980508059414270  0.57654856232083029
  0.58243945377123629  0.58841261975772896  0.59534313628391866  0.60373021641097713
  0.61282512536019240  0.62155532685764181  0.62881333651599736  0.63567410493813181
  0.64201434766735466  0.64762763956341485  0.65296840087100161  0.65846685570075980
  0.66516103312104580  0.67581168519080947  0.68747164501122415  0.69714638029027298
  0.70545855081991415  0.71311565480752426  0.72072353202558936  0.73000723522752453
  0.73902070737255809  0.75036845915668238  0.76124145905708696  0.77258435575222262
  0.78583516269157228  0.79996585630614658  0.81451505942075053  0.82922864834353316
  0.84450090324279359  0.86201850639333255  0.88181254967988187  0.90514097604512378
  0.92471733880124274  0.94298278048489603  0.96398758189982914  1.00000000000000000
 -0.00296416205018401  0.01292673146680099  0.02505350503982980  0.03987001893335616
  0.05467088162180177  0.07053019262856197  0.08195456132419617  0.09253249443234224
  0.10034075570156174  0.10821802201594365  0.11567820071632470  0.12377819832692935
  0.13555491437146772  0.14998327748930310  0.16301243963453105  0.17157775481388141
  0.17701494038558505  0.18255961245619728  0.18862115829623011  0.19559003991546303
  0.20300919883832952  0.21487938572301055  0.22940302995842174  0.24089622646886100
  0.25012586342484860  0.26025785613274022  0.26975798269259127  0.28140372191252422
  0.29320810898335442  0.30546637863151371  0.31905998527444557  0.32976976018829457
  0.33746044044266638  0.34390091760649616  0.35144693438381286  0.35967146167836062
  0.36661406827757043  0.37300223506147823  0.38082016023056875  0.39064863714033404
  0.40055613818795593  0.41276987128345083  0.42396271095586213  0.43642520493910558
  0.44859422217810047  0.45946928395364767  0.47059877677859618  0.48481492811865734
  0.50385284168025923  0.52018887850368256  0.53322317939349528  0.54537585791088916
  0.55825671368555452  0.57097994257759965  0.58160059669771236  0.59100803846338767
  0.59937743426418710  0.60995406861637347  0.62107625937034772  0.62975568448241603
  0.63687362856912944  0.64356013759689390  0.65034117997848806  0.65868752851221457
  0.66865724694420592  0.67786356529660841  0.68662887635766578  0.69572141476652027
  0.70396132688105384  0.71124214777782679  0.71875307328582660  0.72598675617285002
  0.73535778261674090  0.74679667534564376  0.75559181491111282  0.76305433179623749
  0.77076065636637547  0.77951279519357308  0.78999367426690825  0.80039041615959494
  0.81058408358229184  0.82251671270568427  0.83630245584414786  0.85147639882141490
  0.86627729072466775  0.87948797383798105  0.88731339032875656  0.89493377128959861
  0.90299290004895605  0.91258147076082552  0.92307277100655616  0.93566048004886493
  0.95046334999369941  0.96659889568761836  0.98255376008984396  1.00000000000000000
 -0.01286877854552498  0.16739476648338505  0.22521723812071229  0.27521986924341790
  0.31557967846206747  0.34828685533986231  0.37550196892158394  0.39952891911551724
  0.42414872035806855  0.44499388578289573  0.46473010861463132  0.48262301866778928
  0.49259785560733921  0.50059915893683105  0.50656343375363455  0.51404501070504949
  0.52215318364450969  0.53042294408037494  0.53873502454820532  0.54825118389129135
  0.55828040016106661  0.57012506752344128  0.58300411006165798  0.59451143045331378
  0.60504249559395717  0.61629229216357651  0.62657850082752509  0.63482913192864310
  0.64200398616903276  0.65074186338698714  0.66081906354252107  0.67004684687219374
  0.67920350633551729  0.68742511347713486  0.69607550003077312  0.70430625407021696
  0.71233717306929423  0.72029275930000780  0.72793442411391451  0.73554453595781732
  0.74316315054968607  0.75028820952239927  0.75633807829329425  0.76118062699109157
  0.76593385891785792  0.77048370878226691  0.77476485671253303  0.77905387734891918
  0.78261309373126220  0.78551260803160605  0.78856286877384696  0.79202461798474377
  0.79562800217175123  0.80007541972097374  0.80385613904015008  0.80800811729564193
  0.81204717740821575  0.81645311611630844  0.82064408141503875  0.82450821784694617
  0.82694763381539127  0.82937262006665813  0.83196672801078708  0.83471082366505733
  0.83767036253844718  0.84077450768915962  0.84454035822770623  0.84958098399617510
  0.85503226391091824  0.86094748218325678  0.86560557144998973  0.86963250206337250
  0.87321575010852970  0.87668045218310220  0.88034033455743121  0.88397794555698883
  0.88733365897780314  0.89076617391161572  0.89438377049201490  0.89808198031555364
  0.90235948246919495  0.90691007668738877  0.91164926976204275  0.91663144854826839
  0.92226097934232687  0.92813729914950727  0.93400715393362677  0.93964256760381892
  0.94432552106834700  0.94921213619429623  0.95429518869109031  0.95950876537119156
  0.96584153991134358  0.97442676996401145  0.98445355359383624  1.00000000000000000
 -0.02196591059979070  0.14625681281182495  0.17300588258632169  0.19354702660276230
  0.21261079942561842  0.23132822210804113  0.24784806917508714  0.26160589093186948
  0.27310675678612650  0.28311090864849259  0.29217524360403790  0.30142587819494737
  0.31185687237101384  0.32201809820702104  0.33180789542665118  0.34078845846868017
  0.34900336385975989  0.35721558948770499  0.36450761400748816  0.37098918247966745
  0.37745838412103438  0.38374436472896684  0.38983621135262242  0.39570306467191496
  0.40136499488038446  0.40719952606355025  0.41327227185831023  0.41923356741544149
  0.42515504719689062  0.43142535570926632  0.43712119704376101  0.44108870210244250
  0.44428427911282187  0.44765565024708309  0.45069905401625548  0.45362027974700714
  0.45733584739052796  0.46165247633328443  0.46599005726349385  0.46991545389306377
  0.47422258073312951  0.47858480232292677  0.48352237499235157  0.48851425857134928
  0.49269308227892505  0.49654451647192899  0.50037639269249345  0.50439717376142590
  0.50834977210696208  0.51387744877221397  0.51820735582955701  0.52220647326165381
  0.52705542993050536  0.53166605355267993  0.53666321485410151  0.54170046464081545
  0.54518007256565282  0.54840313394880646  0.55107946412628317  0.55369910626323993
  0.55625988457729514  0.55958234033411947  0.56364450797208798  0.56869531272642615
  0.57474219631867896  0.58095256836112441  0.58703806483165166  0.59278627135307460
  0.59850238254436372  0.60460396405333472  0.61094542099230686  0.61947961874992297
  0.62849698165256007  0.63965783954581268  0.64969535413180057  0.65798158662323480
  0.66511316926839703  0.67189431191449800  0.67843653443930885  0.68495025782284236
  0.69270622108982083  0.70043278377664264  0.70759712762393590  0.71391857061974573
  0.72016538964072907  0.72707908198081705  0.73333608264665151  0.73983586276870583
  0.74620829365887253  0.75268073071086949  0.76064873360107199  0.77131692131406349
  0.78572554127289607  0.80889259660123147  0.84925255912649911  1.00000000000000000
   1.6279466724334168E-013  -1.0000000000000000     
 T F F T F F F F F F F F T F F T F F F F F F F F F F F F F F F F F F F F F F F F F F F F F F F F T F F T F F F F F F F F T F F T T F F T F F F F F F F F T F F T F F F F F F F F F F F F F F F F F F F F F F F F F F F F F F F F T F F T F F F F F F F F T F F T T F F T F F F F F F F F T F F T F F F F F F F F F F F F F F F F F F F F F F F F F F F F F F F F T F F T F F F F F F F F T F F T T F F T F F F F F F F F T F F T F F F F F F F F F F F F F F F F F F F F F F F F F F F F F F F F T F F T F F F F F F F F T F F T T F F T F F F F F F F F T F F T F F F F F F F F F F F F F F F F F F F F F F F F F F F F F F F F T F F T F F F F F F F F T F F T T F F T F F F F F F F F T F F T F F F F F F F F F F F F F F F F F F F F F F F F F F F F F F F F T F F T F F F F F F F F T F F T T F F T F F F F F F F F T F F T F F F F F F F F F F F F F F F F F F F F F F F F F F F F F F F F T F F T F F F F F F F F T F F T T F F T F F F F F F F F T F F T F F F F F F F F F F F F F F F F F F F F F F F F F F F F F F F F T F F T F F F F F F F F T F F T
  <DiscreteSampler_grid>
  grouped_processes
  1 # 1 for a reference and 2 for a running grid.
  10 # Attribute 'min_bin_probing_points' of the grid.
  1 # Attribute 'grid_mode' of the grid. 1=='default',2=='initialization'
  0.0000000000000000 # Attribute 'small_contrib_threshold' of the grid.
  0.5000000000000000 # Attribute 'damping_power' of the grid.
 # binID   n_entries weight   weight_sqr   abs_weight
    25   10   3.128357132136641E-006   6.730840516252565E-011   3.128357132136641E-006
    26   10   3.128357132136647E-006   6.730840516252599E-011   3.128357132136647E-006
    28   10   3.128357132136641E-006   6.730840516252565E-011   3.128357132136641E-006
    29   10   3.128357132136647E-006   6.730840516252599E-011   3.128357132136647E-006
    31   10   3.946643106103436E-006   1.182733054800807E-010   3.946643106103436E-006
    32   10   3.946643106103440E-006   1.182733054800810E-010   3.946643106103440E-006
    34   10   4.044883533088363E-006   1.123300612205654E-010   4.044883533088363E-006
    35   10   4.044883533088363E-006   1.123300612205654E-010   4.044883533088363E-006
    37   10   5.101248670822142E-006   1.973630184217791E-010   5.101248670822142E-006
    38   10   5.101248670822139E-006   1.973630184217787E-010   5.101248670822139E-006
    40   10   5.101248670822142E-006   1.973630184217791E-010   5.101248670822142E-006
    41   10   5.101248670822139E-006   1.973630184217787E-010   5.101248670822139E-006
  </DiscreteSampler_grid>
