  0.02375289368816089  0.03255854495844454  0.04323642180074226  0.05357617407277567
  0.06324884454768968  0.07239788279106370  0.08215898584455368  0.09185418152835295
  0.10096698963430334  0.10999030295613817  0.11888671977733223  0.12770164351826796
  0.13761455072178483  0.14741609795954139  0.15861980805655598  0.17000681882353455
  0.18072011318811451  0.19088264802500340  0.20080787668270750  0.21132759269403628
  0.22187536493599228  0.23250891470031215  0.24304729659041721  0.25320281169352193
  0.26334963119045163  0.27303877259138520  0.28261532845655124  0.29221556878495003
  0.30219603176744486  0.31247638568275565  0.32304038499130810  0.33313188349022005
  0.34246952146114973  0.35140536923647864  0.36046490989478608  0.36934939348585033
  0.37844842172243970  0.38758294259977999  0.39711982096697807  0.40765054190740146
  0.41860222845589268  0.42917956418512621  0.43940996661247744  0.44880641381641323
  0.45872768379555584  0.46884191107580503  0.47956205618314113  0.48958008601177228
  0.49916340847745683  0.50889647139444272  0.51880981960100647  0.52882162995193049
  0.53857975039139305  0.54817723607645952  0.55756493373517935  0.56688685684607110
  0.57614554014646902  0.58557820395806959  0.59531622995401146  0.60548731995111260
  0.61597310560260332  0.62685416726135690  0.63743734064242130  0.64862040667742271
  0.65968562753832349  0.67127022560325511  0.68301190781271093  0.69282981410883582
  0.70220387076833091  0.71166943163152030  0.72193098733415939  0.73226662794233632
  0.74203194258297400  0.75201608382914242  0.76248388833235936  0.77276403223966061
  0.78317394709217025  0.79387343987116543  0.80497636475410772  0.81576347509167846
  0.82624094820058924  0.83655164213000854  0.84635132644967992  0.85647616334068244
  0.86692994893887654  0.87747767202362748  0.88851837804629297  0.89875612636683344
  0.90954666960551001  0.91952692574315387  0.93073634797682070  0.94188759677379352
  0.95413220957730804  0.96482154969619194  0.97130305002769901  1.00000000000000000
  0.02432193112964866  0.03063112715691982  0.03945099667620878  0.04961552103051817
  0.05955368307859224  0.06945619379699429  0.07941542569022346  0.08944539086066661
  0.09951175751368845  0.10918075197173495  0.11904064779758726  0.12877172503825710
  0.13837271440164980  0.14771602789770447  0.15805602808282784  0.16904621021140051
  0.18012239064182922  0.19138430681234045  0.20263831237208105  0.21416664210271663
  0.22561821440787064  0.23647005203719748  0.24698937600721024  0.25733843836386838
  0.26729134548162919  0.27682528268904710  0.28632967798358372  0.29663862071430852
  0.30754257083994374  0.31788624142031158  0.32775301917077659  0.33779317648662777
  0.34805118948777658  0.35813326723590327  0.36811144933921386  0.37818970549612385
  0.38854341671300563  0.39895585997109723  0.40975620862927020  0.42062089897866867
  0.43111032903357577  0.44117438627299577  0.45116189157832798  0.46112796069892115
  0.47062885621914663  0.47973431937403516  0.48885081186864898  0.49838691523552603
  0.50829951588084865  0.51778912366752139  0.52722388450121338  0.53706072363439827
  0.54768211386575849  0.55825624274848229  0.56843521096641136  0.57854884914738136
  0.58889531972237907  0.59919347706833037  0.60944899559272414  0.61948196187655480
  0.62990941258782585  0.64047368024779383  0.65156343196593725  0.66280242335838313
  0.67499628600348360  0.68664899091142395  0.69699783969887796  0.70686650010003316
  0.71658587770448245  0.72591936376722199  0.73513002495807811  0.74403366986239439
  0.75328710301456892  0.76405294227544940  0.77462367519821662  0.78575821208817298
  0.79590453863030275  0.80577995035791816  0.81515211137463461  0.82481894624805618
  0.83511025504595626  0.84632560157707049  0.85699607896170482  0.86720786631118263
  0.87679170247664862  0.88642320868648350  0.89587526607065426  0.90540992416589128
  0.91475649544791493  0.92436689430894436  0.93401979589468731  0.94471824725905873
  0.95618359578610035  0.96587722927692210  0.97093942324632410  1.00000000000000000
  0.00961523573563934  0.01535572893963393  0.02460058585314231  0.03496907118254836
  0.04523928972494573  0.05584934063463889  0.06694652491703582  0.07839115032049730
  0.08961087998691512  0.10041683710503491  0.11094781379586778  0.12120679503942287
  0.13148990102250030  0.14199185508572038  0.15310811492917595  0.16456259269114057
  0.17553301528763618  0.18598968135691626  0.19626124597875375  0.20667808358274634
  0.21754630308193051  0.22869708880400164  0.23972970282150735  0.25052940535454166
  0.26145629769232526  0.27303197526315998  0.28516697058181711  0.29692253989385997
  0.30684751759971030  0.31674185471140182  0.32563490652179972  0.33448635102700636
  0.34329594301748151  0.35264072449746331  0.36298912163182162  0.37348786982306709
  0.38406963739243916  0.39477403925046839  0.40561427970887759  0.41699735306951219
  0.42844587867718109  0.43955080990338563  0.45064038310201804  0.46234250643479835
  0.47497649822743904  0.48809853583312041  0.50095659481594190  0.51351074262666530
  0.52553352858993407  0.53694756208614369  0.54803198217305460  0.55856306458370486
  0.56913529480251479  0.58006640477911864  0.58968416498730858  0.59878916879833255
  0.60784481566915294  0.61760189652037167  0.62795567397703977  0.63817486921976463
  0.64799397393749159  0.65781359530688954  0.66735730897367973  0.67684746103262006
  0.68632965663449608  0.69587680267746554  0.70584264145399445  0.71633796965052465
  0.72722845413479520  0.73792075484215236  0.74864586804122146  0.75954495973726821
  0.77068179696206962  0.78198513843092987  0.79258872210972264  0.80218061600347168
  0.81145595573609397  0.82012185101833734  0.82853322090078996  0.83735617007833696
  0.84623964349310510  0.85505331660357786  0.86453723466877352  0.87475259059165733
  0.88621430424995962  0.89769144475328067  0.90846042963679208  0.91907347156490760
  0.92981585129497946  0.94042738183937002  0.95060309548637234  0.96057754285386954
  0.97034940261641267  0.98023711636114264  0.99009215757589630  1.00000000000000000
  0.00218973687842802  0.01437132531735129  0.02725022578325886  0.03980071331523290
  0.04960121966774833  0.05975654407176877  0.06974680404525059  0.07964686947424260
  0.08937450677031769  0.09893879097852620  0.10860506320278324  0.11886978284248727
  0.12955279225885560  0.14103952777730741  0.15222781851777506  0.16226171253469010
  0.17256103276704696  0.18273438116056301  0.19277224118303268  0.20265693500804502
  0.21319197951535812  0.22505725593725620  0.23736594507380823  0.25034834119303911
  0.26200436528431398  0.27342778614229202  0.28364282508818350  0.29430448109115864
  0.30448725514165303  0.31487995698158533  0.32450411190637202  0.33405175520435154
  0.34386368886948415  0.35372222008104420  0.36305040158315838  0.37268021614025576
  0.38297556696364743  0.39346213195594437  0.40287029489164827  0.41185242105513958
  0.42127042396356729  0.43129266505643271  0.44187150461966040  0.45296675395830632
  0.46388984109721276  0.47570595101760277  0.48644192362564520  0.49691601486050918
  0.50681915848645864  0.51625428200487422  0.52590253121586272  0.53593803784533300
  0.54681080493461687  0.55818628523957248  0.56896262447264445  0.57916059183124557
  0.58873368303773921  0.59771954472658473  0.60677560428230426  0.61578187003538387
  0.62521317019675560  0.63507513812433347  0.64499520190381365  0.65515007029040351
  0.66571053096706623  0.67679676411964806  0.68792604644255961  0.69846693492371570
  0.70887907590055266  0.71944678253454475  0.72973308532815040  0.73962708848380798
  0.74972052814583467  0.76047071488637641  0.77156472645491436  0.78282488083480217
  0.79409228030455214  0.80528538623854862  0.81655209574126886  0.82722582163691782
  0.83775509568545004  0.84807253260516458  0.85876162304832471  0.86920335155330830
  0.87927086690416445  0.88895067969214769  0.89883034728807543  0.90913543898400684
  0.92007722057491637  0.93198181201741093  0.94366019122586187  0.95510112410726256
  0.96687075139922352  0.97811320281416503  0.98936336218469589  1.00000000000000000
 -0.00031683988532607  0.00199776181225518  0.00352498296171800  0.00549672736979401
  0.00784910416587999  0.01064838528322510  0.01378405799372775  0.01734160390740523
  0.02113117339226701  0.02527302415369203  0.02977844198849277  0.03461092409252464
  0.03997294180846669  0.04577195095229351  0.05159217644927011  0.05774963110318756
  0.06409463368208007  0.07087950420327857  0.07815931511661701  0.08531871638180299
  0.09273279892198980  0.10043980308895488  0.10849254200369220  0.11705638992038392
  0.12583436266157308  0.13462244552377933  0.14326471594799334  0.15183116960170323
  0.16094214580019778  0.17051953680891374  0.18064900342028750  0.19077600688939070
  0.20054637740631120  0.20972363190721593  0.21911647257059635  0.22855520881663619
  0.23842652072248904  0.24843177469646260  0.25787249159046194  0.26723057160654595
  0.27675489712802642  0.28654092425724692  0.29675437312268327  0.30659059242262776
  0.31717992133359063  0.32800407925560521  0.33926060919935674  0.35108377727208762
  0.36307010256691424  0.37494237698663352  0.38702703226722496  0.39909141927673730
  0.41170088800207433  0.42410391529216573  0.43664561196974916  0.44954327291345619
  0.46306622424394533  0.47746391922115472  0.49187310037193804  0.50599541671303316
  0.51907609591397075  0.53202073301630015  0.54501730278214433  0.55800521803521896
  0.57084452992561285  0.58343691765945427  0.59593046580466447  0.60854540713792815
  0.62121485111555741  0.63411395579996377  0.64734122760298074  0.66070224243578957
  0.67373575955704457  0.68668494815304382  0.69938876687033769  0.71288561196003442
  0.72652183309593488  0.74006934046417427  0.75368149062897893  0.76774118882685061
  0.78182042708244015  0.79586911168117458  0.81042134621738826  0.82561590813722374
  0.84102093652186038  0.85695828176797595  0.87217614613721439  0.88703330145792392
  0.90188860287405048  0.91658112277821224  0.93110141467158269  0.94560872358974013
  0.96000285235803173  0.97391033147462014  0.98716184701459020  1.00000000000000000
 -0.00270005961054951  0.01006992226124418  0.02075596492782520  0.03195978092825677
  0.04280440199765757  0.05208189744945409  0.06129501537204868  0.07034867078798533
  0.08005361906736824  0.08902121314289504  0.09833327858652524  0.10783615288727620
  0.11765271928041622  0.12695700369744339  0.13634818990306996  0.14584088876284937
  0.15607693412989290  0.16655021952452653  0.17697060352334210  0.18789248745114781
  0.19848290055590101  0.20809820683114844  0.21746603853860882  0.22709075414214219
  0.23757487014643747  0.24829226788359818  0.25825617319567257  0.26806906178800172
  0.27826272090589910  0.28896360304589219  0.29924750531279748  0.30942857461423934
  0.32007584016247087  0.33135062667509152  0.34244024299725517  0.35341946073162883
  0.36398158818666099  0.37460144094189718  0.38533243263509614  0.39603174152255177
  0.40533304316732038  0.41499786227844421  0.42500673905659098  0.43531459991491311
  0.44521016275494513  0.45511220118235235  0.46503434783514080  0.47533170368969291
  0.48592657857501187  0.49686446246087340  0.50747378520642361  0.51807072871525672
  0.52928195596104710  0.54082718297054311  0.55175333892052503  0.56287695515174574
  0.57492320650919870  0.58647380774596802  0.59718462470079203  0.60769497110572523
  0.61864220513965362  0.62958716709223972  0.64056930754745267  0.65157337502683266
  0.66249335780453189  0.67367618656852735  0.68460150039467205  0.69553621335213234
  0.70634853995230829  0.71733528194909635  0.72840090198705543  0.73948936346278993
  0.75098505603864951  0.76233283184800238  0.77429651582306269  0.78689695826811612
  0.79810971817723908  0.80889930784336228  0.82009316309089875  0.83190817239433634
  0.84242664981127524  0.85283443874619491  0.86309190755998921  0.87277591040339220
  0.88210981483281170  0.89144401646309013  0.90098254557399804  0.91083195020755470
  0.92062728127049298  0.93124771218794644  0.94240544484811462  0.95418176050676784
  0.96560193273997164  0.97684045701218769  0.98827581404900366  1.00000000000000000
 -0.00241556757278449  0.00889427933334180  0.01955549185077950  0.02988679503122756
  0.04052174266342216  0.05085544869246159  0.06143596345527768  0.07132081005408533
  0.08130271244596064  0.09152300365273891  0.10232327960834717  0.11264662017858443
  0.12300544359964032  0.13298889469623928  0.14353556852468261  0.15382606718565722
  0.16483990903741128  0.17574583393707824  0.18599822351713557  0.19624926342525129
  0.20630138894985273  0.21712271721533136  0.22852135098112583  0.24092707800352284
  0.25360417538949825  0.26581549075800526  0.27834901392481332  0.29000057976719595
  0.30021541415427738  0.30996621397642277  0.31921904236360543  0.32796126557358424
  0.33660772766853803  0.34496561530689673  0.35327063405073644  0.36325235009939161
  0.37321420751128692  0.38442609820584822  0.39553924576064103  0.40755516452443841
  0.41934189855785020  0.43115934971393877  0.44262221990878770  0.45392405644477973
  0.46511442454016488  0.47651966155948855  0.48835515663613283  0.49966830227260833
  0.51030424933269347  0.52026606095787553  0.53007700610756214  0.53986052921126326
  0.54985174505303558  0.56036326018407800  0.57161492126526403  0.58212153933562949
  0.59221048677833232  0.60212664537516980  0.61263281668303970  0.62341167837045031
  0.63426870216191478  0.64465055242907787  0.65452167976434195  0.66440000266894039
  0.67555762828470922  0.68662361174126507  0.69733529210428791  0.70756559272493991
  0.71861804119407513  0.72873775551983755  0.73914442951773729  0.74937394706062410
  0.76037017433992382  0.77154038125435054  0.78247404045370317  0.79351396956450726
  0.80402339743071438  0.81370209338673127  0.82280379328567665  0.83184607150490197
  0.84171301152099565  0.85233425526650919  0.86313509470208227  0.87356663059846118
  0.88413905055971398  0.89410630555960857  0.90427519754492380  0.91438705342059934
  0.92447152479080452  0.93455072430155128  0.94471915429033582  0.95539161919376092
  0.96614742960430122  0.97668111767389898  0.98814239149899419  1.00000000000000000
 -0.00256058277850116  0.00933433369687996  0.01928130904643774  0.02811097001483705
  0.03709898390756179  0.04593704083938862  0.05534988039393346  0.06486082341687319
  0.07465607033635395  0.08412143020724698  0.09413562149940689  0.10426551306402319
  0.11465227513604886  0.12558646047462563  0.13746843382085713  0.14865132222991606
  0.15995125556100936  0.17035115264530326  0.18119859977029593  0.19144691864828606
  0.20128796339162361  0.21053469441227562  0.22031237369818135  0.23076346865348876
  0.24147048400193266  0.25162322681188382  0.26182340145356825  0.27185929327584518
  0.28241104156942104  0.29249294393951869  0.30399222878686100  0.31567895725931461
  0.32710697778970765  0.33817297333660606  0.34856386116949484  0.35838863808368188
  0.36779817982851437  0.37768415510428305  0.38827667030751456  0.39867646308285931
  0.40939223052618151  0.42022276505734429  0.43138715745441952  0.44234990297231758
  0.45287973769801648  0.46332244082329443  0.47404148323231621  0.48533153749228103
  0.49785486735325413  0.51078916314790301  0.52313028679489704  0.53489758607755844
  0.54552347971375770  0.55515898105445782  0.56483766033294214  0.57433996052266834
  0.58387619547403213  0.59381748918462018  0.60440658463189378  0.61613124754883697
  0.62748052844608337  0.63838772518198117  0.64950103462614095  0.66096619204230234
  0.67290049827287624  0.68466107342774751  0.69618529796292650  0.70761428697393114
  0.71836871871656693  0.72851798765046161  0.73875546286231220  0.74852951987406136
  0.75807298587469729  0.76742808706504462  0.77719856837968848  0.78718000457006021
  0.79704778769564744  0.80682470630653802  0.81671745268790852  0.82701328520098349
  0.83711279622295154  0.84682589396129326  0.85620238627510192  0.86584072188737693
  0.87611042353814628  0.88680195657554939  0.89737427200484943  0.90796819715698462
  0.91875843019428272  0.93005590655409609  0.94145798945866233  0.95283172173089903
  0.96420136578857862  0.97592173244848079  0.98774798767637384  1.00000000000000000
 -0.00234188690778507  0.00908720385216146  0.01859290330122147  0.02824240659845432
  0.03897036684428305  0.04951543500393858  0.05972603420161082  0.06988531344453509
  0.07990137423707630  0.08960331464541005  0.09909077840288537  0.10932638225176167
  0.11976835704165925  0.12986798765576438  0.13975593283441989  0.15003171869292384
  0.16095948169219437  0.17178939207004354  0.18245462788736316  0.19351695441585792
  0.20475174136168345  0.21593739566743295  0.22729829837027277  0.23907205595650410
  0.25099217348964675  0.26173627091145157  0.27220249570786209  0.28258003932494569
  0.29300646449351764  0.30361666166262313  0.31472768103007959  0.32644208278144876
  0.33761082748889021  0.34799635648523203  0.35788452245685765  0.36752181290440344
  0.37693576764479525  0.38639665106219884  0.39626508628572404  0.40684933777143978
  0.41782249569898999  0.42850706394890070  0.43911073028542280  0.44912310804623273
  0.45853505208931433  0.46772159684180414  0.47728829178417476  0.48750095407382849
  0.49820263427666289  0.50884795581771103  0.51972582980607818  0.53034134619686901
  0.54113201455835547  0.55235633975974585  0.56394808541471875  0.57537991246925924
  0.58675027456539719  0.59778081299415853  0.60858303453020002  0.61930589198965391
  0.63026421265307508  0.64125497528184128  0.65219233440706414  0.66308323423474091
  0.67357524654303758  0.68363215376436293  0.69416434581755482  0.70493885578922411
  0.71549035184967114  0.72587077918367393  0.73704311735716554  0.74846117213764396
  0.75899542558770905  0.76919867171728040  0.77962645246549411  0.79014022353986002
  0.80032403998732071  0.81017604257708231  0.82024071147932953  0.83069314130586258
  0.84120055702023688  0.85172847108925731  0.86196645987808107  0.87204546459585131
  0.88214583901173671  0.89185509510174454  0.90146992556318395  0.91144174416230528
  0.92221015885789570  0.93395848757314848  0.94534961146231233  0.95593248106793627
  0.96678685899755323  0.97772240564264035  0.98899909777929551  1.00000000000000000
 -0.00235401976560644  0.00893263083148727  0.01896825241058946  0.03012314041296879
  0.04145153437590283  0.05241718872631060  0.06301527305194526  0.07299662111203635
  0.08289342314733500  0.09274949105704107  0.10281001291754899  0.11298033625289346
  0.12296665071743881  0.13255748493901387  0.14258738578458591  0.15244147219340295
  0.16203113015770065  0.17127460258679467  0.18062823861436639  0.19057551309470067
  0.20157614443430483  0.21306692829404575  0.22493906248963624  0.23640749807734329
  0.24749342967051308  0.25865525170105769  0.26943454177637377  0.28030053101976349
  0.29128957574560638  0.30283984892445387  0.31401859994230874  0.32469346297716101
  0.33507882755580964  0.34556313932755017  0.35592253938120899  0.36618294095880843
  0.37731336378133185  0.38961966138950843  0.40175497196917059  0.41339180430078343
  0.42453545287891742  0.43544496783059278  0.44527934044585615  0.45467403512568783
  0.46426409877638491  0.47377684059620828  0.48312100587749374  0.49264600785604568
  0.50276549005953408  0.51429717198582658  0.52493884530774970  0.53481771265315647
  0.54483168345606559  0.55625092589952363  0.56730758517294744  0.57810980633807918
  0.58902434176502350  0.59980256995404946  0.60978178520930437  0.61903749023248522
  0.62848573521733087  0.63869057896960824  0.64931567999033646  0.65949545664355558
  0.66960946794502274  0.67989416865357366  0.68979045204674216  0.69973079892636680
  0.70954310181937308  0.71997850150868004  0.73071297149087266  0.74151124930509349
  0.75252166407501786  0.76419860471962120  0.77584440182597669  0.78720451554536375
  0.79829411296711472  0.80915340394191237  0.81919567336410293  0.82874396309268028
  0.83852737765952334  0.84827343247350773  0.85812496815672989  0.86861851397930412
  0.88000196827895516  0.89252980580842645  0.90421774709076419  0.91519991355738994
  0.92652022068789619  0.93761658157197680  0.94833518171116371  0.95858577344084783
  0.96932177942147002  0.97974444433177577  0.99004088468437434  1.00000000000000000
 -0.00224478773065502  0.00794981331334660  0.01723587901707780  0.02578255734931319
  0.03432880899507273  0.04275875332885096  0.05106177362159143  0.05969635979745200
  0.06829553160196918  0.07694288736031432  0.08496753334918354  0.09288397874829867
  0.10093728737951785  0.10946324716896227  0.11792607234140416  0.12654192558628669
  0.13548940831415424  0.14459654856685747  0.15352700785785003  0.16273144633660608
  0.17200205456992193  0.18250105922034926  0.19303146572678437  0.20352513757549767
  0.21373220191414774  0.22371222263031992  0.23392132214588263  0.24376694924165698
  0.25421373143267489  0.26500180515680255  0.27704412785558924  0.28987366936457859
  0.30120977326086013  0.31196493354351834  0.32290468855510712  0.33387809797133733
  0.34478522053109861  0.35588072502098567  0.36785825131435568  0.37938471416177150
  0.39027447813636451  0.40151991813341636  0.41307253508001118  0.42416985580538197
  0.43534371888607770  0.44676432750811879  0.45843220928394707  0.46987188421021925
  0.48110040773666657  0.49153142003652650  0.50142757955224704  0.51137689179354284
  0.52154477937997124  0.53207271656376753  0.54287693283875582  0.55414505163828998
  0.56560184284548509  0.57724212254227658  0.58946565241294469  0.60264667010635276
  0.61551757900850768  0.62752509272458845  0.63786778041334535  0.64864978824601094
  0.65936312214526172  0.67026828844879793  0.68115426500517717  0.69248064158577838
  0.70427320857442188  0.71621366594154978  0.72808293722582973  0.73957096290479107
  0.75059296283562948  0.76106770898921361  0.77139454439483468  0.78135741350929855
  0.79180399707696059  0.80272828986240352  0.81355888669034515  0.82376895042426124
  0.83416218684374666  0.84522854816479365  0.85621534785929798  0.86696635463237914
  0.87801518242275201  0.88968907123528274  0.90114717442875270  0.91223554212569402
  0.92350551706470718  0.93492130333146539  0.94575394204254415  0.95590505984507801
  0.96582533626253730  0.97672669875267104  0.98782549216301740  1.00000000000000000
 -0.00237707978431998  0.00980811170187613  0.02010313803908301  0.03107381430242889
  0.04166440975725436  0.05282547744192886  0.06278211026886681  0.07467064246362035
  0.08551124207689929  0.09681091695237816  0.10773997851466155  0.11823312867230082
  0.12853605200733861  0.13883380007501789  0.14937099071521182  0.15973342507364302
  0.16974619073146627  0.17940469365426046  0.18909525921200654  0.19895446222075008
  0.20925491073384636  0.21971230755524093  0.23028473939824148  0.24058345180848467
  0.25099116506047686  0.26125095949308502  0.27141989718540555  0.28176821266898522
  0.29151578413264639  0.30141055471341538  0.31135187005049164  0.32207844545641301
  0.33299113435405558  0.34347501399370822  0.35398040775855888  0.36438769096321488
  0.37564989799703874  0.38712606044468306  0.39797922646091810  0.40870238300403111
  0.41972517688050148  0.43184347944805956  0.44294747826267866  0.45369823313408275
  0.46495127321848467  0.47611412186662766  0.48783128732219627  0.49929791877931395
  0.51164808510924475  0.52221396909295548  0.53338020897609062  0.54426755900545898
  0.55574773374617648  0.56696399897755478  0.57802844400858466  0.58884181238287658
  0.59989805593278334  0.61115809253051945  0.62212690181032415  0.63227916380245386
  0.64237546889480579  0.65308483191185851  0.66344901311270921  0.67359343436892016
  0.68367776662567836  0.69412157467464775  0.70458406905436932  0.71494649596905546
  0.72528934416275537  0.73556836253048863  0.74557755753708832  0.75587059638115250
  0.76669126628800732  0.77845371622896498  0.79056722170530247  0.80254818772415526
  0.81406948487834052  0.82516312613027520  0.83595472817480143  0.84648162729301835
  0.85660151834775311  0.86621380957895400  0.87568069621404476  0.88530651494565571
  0.89525571274377469  0.90504882285901744  0.91472696761711170  0.92434181054608988
  0.93391149434704646  0.94327053884774970  0.95234303534798104  0.96208582834576750
  0.97210162255561838  0.98176938502078870  0.99092242157196930  1.00000000000000000
 -0.00767657185669432  0.03835378539467189  0.06354876901984882  0.08351084966907286
  0.10063295008206706  0.11645115896493956  0.13037256173156633  0.14344781707259763
  0.15571689313182835  0.16844136308298147  0.18084969682289456  0.19292836790086082
  0.20393043941579897  0.21418892056312677  0.22383485388225041  0.23366086493307300
  0.24309500376259105  0.25222947135744378  0.26106388253738294  0.26992402096175988
  0.27870751323015497  0.28745634139033888  0.29563136458032069  0.30338539841900153
  0.31135783968841824  0.31952887544828817  0.32777940816810319  0.33653019812109336
  0.34510619605978415  0.35392662022481403  0.36363123807587450  0.37364449304903868
  0.38383097463888571  0.39390232843211925  0.40363110959641840  0.41279154944618990
  0.42143183147216656  0.42995029471246698  0.43801071639231698  0.44550264850303301
  0.45295110090335355  0.46021582382791765  0.46719511494482602  0.47419574350092708
  0.48120825308436971  0.48824092428809446  0.49523809982296574  0.50252889349767393
  0.50993031964889857  0.51715964120284108  0.52438295040661820  0.53164400321033634
  0.53913419441738364  0.54690397095943011  0.55504031793974717  0.56327984017089727
  0.57078424114431159  0.57843974759590455  0.58606922194178934  0.59383614803235329
  0.60148895367131150  0.60910002873111568  0.61652059303529672  0.62376260800750716
  0.63182727015046691  0.63978891432554497  0.64826974681694927  0.65634657283234277
  0.66448254376387972  0.67255931247020451  0.68086729194089601  0.69032406833608206
  0.70098100448886658  0.71119729504685636  0.72056451828086510  0.72948966210380017
  0.73830111200492732  0.74726796137144658  0.75648663062133514  0.76573175257159976
  0.77497328320017123  0.78418359364497747  0.79364047628500045  0.80336699352915264
  0.81331327337527215  0.82346729466762736  0.83417993897309584  0.84628889336546664
  0.85878667072721704  0.87178447911615331  0.88666396406398262  0.90259860641340428
  0.92045470468955914  0.93996840190462549  0.96359313404439828  1.00000000000000000
 -0.00207271521781416  0.00828573276094648  0.01711851538225041  0.02655772785493817
  0.03605889995308593  0.04528040724587949  0.05514855468145050  0.06552294552849364
  0.07678638717004001  0.08818503336444268  0.09976482751079192  0.11119287581035638
  0.12230462227479590  0.13342003816802858  0.14419407693229466  0.15506964897825190
  0.16622492090366855  0.17849480807981513  0.18966818819148945  0.19942483291431376
  0.20900350168479714  0.21873648277695870  0.22824861588437462  0.23765151376940466
  0.24702039373930776  0.25682734301784238  0.26817533786715470  0.27760828894336192
  0.28695127078808991  0.29634500188720009  0.30596799069531239  0.31589346083833786
  0.32581869641974870  0.33577266671702105  0.34609616691421724  0.35610505916641877
  0.36684321893954175  0.37741604976664728  0.38805441555888176  0.39890529949203429
  0.41026116041549987  0.42154476336550706  0.43262952963453971  0.44319080417204809
  0.45352810576206687  0.46389303562805134  0.47420670596622122  0.48516346165596125
  0.49671693264757955  0.50791373291603881  0.51794082686733844  0.52738222840012128
  0.53652803707150887  0.54544104261121140  0.55450748964494945  0.56402425529930922
  0.57342984107894601  0.58261586902460627  0.59189341553591657  0.60135794473396209
  0.61121450695771651  0.62057812333436480  0.63144118718244957  0.64337618855513523
  0.65554604269830330  0.66752351678605060  0.67919942143043588  0.69078064996077115
  0.70247863244075603  0.71421217652740765  0.72569297683917944  0.73658876491258563
  0.74707280414021404  0.75769629015947526  0.76864269124170459  0.77988565895368078
  0.79094137801992204  0.80237014922215910  0.81393849078773972  0.82534651348309451
  0.83753205296690880  0.84989615329194446  0.86188112923090321  0.87293002893925364
  0.88450375782182289  0.89601622029908945  0.90808347333605344  0.92031566589680436
  0.93208821551075449  0.94288951079964178  0.95302512694501862  0.96237174584572482
  0.97145821725055403  0.98103273015295667  0.99048255016915288  1.00000000000000000
 -0.00876860656821241  0.18447270152142489  0.25360971327860310  0.30779754459659908
  0.35144478176954819  0.38857098999975054  0.41890350848542046  0.44490968257553248
  0.46937525844085054  0.49273056789997882  0.51445424928197203  0.53423938296541462
  0.55205575141778074  0.56788091470844049  0.58310377965579352  0.59781177217951609
  0.61119495013496494  0.62338699073458492  0.63478822742083252  0.64577816701506874
  0.65591333069506963  0.66560402669320573  0.67531829322072501  0.68506967434412747
  0.69448751969109601  0.70346626665358691  0.71204014342836475  0.72027462679920107
  0.72837220805848879  0.73602571315617871  0.74322836411106774  0.75015159029026379
  0.75669957018353928  0.76291800902270579  0.76893287205210825  0.77479286945876791
  0.78076416561790196  0.78679250501342202  0.79270937090271365  0.79840308148637718
  0.80389309925996744  0.80928262989741251  0.81503560582477697  0.82051328859118311
  0.82581357786109422  0.83083119379696280  0.83563122464639317  0.84031499922924935
  0.84481865895988106  0.84908043563700863  0.85325879076197964  0.85740612801620453
  0.86130505071893726  0.86541420020295057  0.86939605108363416  0.87324243551964109
  0.87685289995234605  0.88020842070861072  0.88353236115296263  0.88677983121201565
  0.89011259460888670  0.89343707036854092  0.89662776685595347  0.89965935836525601
  0.90260646655708476  0.90553268360827588  0.90842627544923871  0.91123369215323713
  0.91399571767799714  0.91677598896991619  0.91945541196590208  0.92220436134444650
  0.92497671007231608  0.92764103280906374  0.93020419492195972  0.93271421475484773
  0.93523392346561263  0.93784681074428133  0.94051195540380683  0.94320666213251769
  0.94591677841476174  0.94860631370216153  0.95135239034746899  0.95393511854468926
  0.95652087117147377  0.95915864458358935  0.96185769632252516  0.96461173748796736
  0.96743882240545476  0.97044984936686685  0.97352811914715176  0.97673792362962530
  0.98031702028696721  0.98460036497545622  0.99043907916907659  1.00000000000000000
 -0.02031302386301259  0.13405457149931646  0.19213856240714056  0.23015309605156600
  0.25715200824008849  0.27824739875265486  0.29599874159255829  0.31050991827986546
  0.32435307691844562  0.33737217636296490  0.34946728184210879  0.36111276669379777
  0.37235083181890799  0.38269995282539254  0.39205767876384023  0.40086922510956879
  0.40918179036283148  0.41734099661061208  0.42469560658726419  0.43167620932621531
  0.43837581992413893  0.44489911353305578  0.45122826019359319  0.45748969753532559
  0.46376418390911350  0.47001252606824806  0.47632586104366520  0.48253789704010319
  0.48869462983287637  0.49487856739979991  0.50088000456087556  0.50653169580837731
  0.51203905303456776  0.51742602309579955  0.52283235394654592  0.52806574990295874
  0.53327786017106993  0.53848500617464601  0.54359965217304618  0.54868854806076073
  0.55370780261192998  0.55872212781485942  0.56373647190412213  0.56894019150587460
  0.57421208170512550  0.57953687066234583  0.58469484070300015  0.58971585457371556
  0.59471587907055146  0.59968854663465343  0.60466351486836611  0.60968315875558587
  0.61469739666739032  0.61980977136721394  0.62494021529491328  0.62994284088286656
  0.63490478086302704  0.63973379818344556  0.64453255871272874  0.64932352121674153
  0.65415904521437718  0.65909033321823485  0.66407365192930023  0.66906104874278671
  0.67410485260600350  0.67921425791949142  0.68445725538689506  0.68956751190694687
  0.69474950667975555  0.69979002656663769  0.70490946666634091  0.71028433856071960
  0.71590573773186528  0.72169911108580664  0.72763455818096334  0.73370044635136289
  0.73979120654692843  0.74581321938072831  0.75184351163859808  0.75828285978223509
  0.76513256485507974  0.77243016351401372  0.78024384966649485  0.78830972552775658
  0.79620366156685407  0.80413782751937013  0.81239007970570443  0.82112262334827146
  0.83006408298359080  0.83953756557632053  0.84995253424481565  0.86214878932035166
  0.87671254091474360  0.89571772460140375  0.92564741491939984  1.00000000000000000
   4.6913302724727291E-011  -1.0000000000000000     
 T F F T T F F T T F F T T F F T F F F F F F F F F F F F F F F F F F F F F F F F F F F F F F F F T F F T T F F T T F F T T F F T F F F F F F F F F F F F F F F F F F F F F F F F F F F F F F F F F F F F F F F F F F F F F F F F F F F F F F F F F F F F F F F F F F F F F F F F F F F F F F F F F F F F F F F F F F F F F F F F F F F F F F F F F F F F F F F F F F F F F F F F F F F F F F F F T F F T T F F T T F F T T F F T F F F F F F F F F F F F F F F F F F F F F F F F F F F F F F F F T F F T T F F T T F F T T F F T T F F T T F F T T F F T T F F T F F F F F F F F F F F F F F F F F F F F F F F F F F F F F F F F T F F T T F F T T F F T T F F T F F F F F F F F F F F F F F F F F F F F F F F F F F F F F F F F F F F F F F F F F F F F F F F F F F F F F F F F F F F F F F F F F F F F F F F F F F F F F F F F F F F F F F F F F F F F F F F F F F F F F F F F F F F F F F F F F F F F F F F F F F F F F F F F T F F T T F F T T F F T T F F T F F F F F F F F F F F F F F F F F F F F F F F F F F F F F F F F T F F T T F F T T F F T T F F T
  <DiscreteSampler_grid>
  grouped_processes
  1 # 1 for a reference and 2 for a running grid.
  10 # Attribute 'min_bin_probing_points' of the grid.
  1 # Attribute 'grid_mode' of the grid. 1=='default',2=='initialization'
  0.0000000000000000 # Attribute 'small_contrib_threshold' of the grid.
  0.5000000000000000 # Attribute 'damping_power' of the grid.
 # binID   n_entries weight   weight_sqr   abs_weight
    43   10   1.379398929712279E-002   1.828509849185086E-003   1.379398929712279E-002
    44   10   1.379398929712189E-002   1.828509849184843E-003   1.379398929712189E-002
    46   10   1.379398929712279E-002   1.828509849185086E-003   1.379398929712279E-002
    47   10   1.379398929712189E-002   1.828509849184843E-003   1.379398929712189E-002
    49   10   1.775340058398848E-002   3.033008347565273E-003   1.775340058398848E-002
    50   10   1.775340058398732E-002   3.033008347564868E-003   1.775340058398732E-002
    52   10   1.747428896854274E-002   2.931124976763461E-003   1.747428896854274E-002
    53   10   1.747428896854163E-002   2.931124976763082E-003   1.747428896854163E-002
    55   10   2.249047209539954E-002   4.861952699999375E-003   2.249047209539954E-002
    56   10   2.249047209539810E-002   4.861952699998738E-003   2.249047209539810E-002
    58   10   2.249047209539954E-002   4.861952699999375E-003   2.249047209539954E-002
    59   10   2.249047209539810E-002   4.861952699998738E-003   2.249047209539810E-002
    61   10   1.775340058398849E-002   3.033008347565274E-003   1.775340058398849E-002
    62   10   1.775340058398732E-002   3.033008347564868E-003   1.775340058398732E-002
    64   10   1.775340058398849E-002   3.033008347565274E-003   1.775340058398849E-002
    65   10   1.775340058398732E-002   3.033008347564868E-003   1.775340058398732E-002
    67   10   2.282242472344326E-002   5.022032934110708E-003   2.282242472344326E-002
    68   10   2.282242472344177E-002   5.022032934110045E-003   2.282242472344177E-002
    70   10   2.249047209539954E-002   4.861952699999375E-003   2.249047209539954E-002
    71   10   2.249047209539810E-002   4.861952699998738E-003   2.249047209539810E-002
    73   10   2.891274562071760E-002   8.050387539946444E-003   2.891274562071760E-002
    74   10   2.891274562071575E-002   8.050387539945400E-003   2.891274562071575E-002
    76   10   2.891274562071760E-002   8.050387539946444E-003   2.891274562071760E-002
    77   10   2.891274562071575E-002   8.050387539945400E-003   2.891274562071575E-002
  </DiscreteSampler_grid>
