     
 Collinear #          91
 
 part:           1
 comp:           0
   1.0000000406928167        276.25001124139055        276.24999999999994     
   1.0000000038991761        276.25000107714732        276.24999999999994     
   1.0000000003882938        276.25000010726615        276.24999999999994     
   1.0000000000388134        276.25000001072215        276.24999999999994     
   1.0000000000038811        276.25000000107212        276.24999999999994     
   1.0000000000003884        276.25000000010721        276.24999999999994     
   1.0000000000000389        276.25000000001069        276.24999999999994     
   1.0000000000000040        276.25000000000102        276.24999999999994     
   1.0000000000000007        276.25000000000011        276.24999999999994     
   1.0000000000000000        276.24999999999994        276.24999999999994     
 comp:           1
   0.0000000000000000        0.0000000000000000     
   0.0000000000000000        0.0000000000000000     
   0.0000000000000000        0.0000000000000000     
   0.0000000000000000        0.0000000000000000     
   0.0000000000000000        0.0000000000000000     
   0.0000000000000000        0.0000000000000000     
   0.0000000000000000        0.0000000000000000     
   0.0000000000000000        0.0000000000000000     
   0.0000000000000000        0.0000000000000000     
   0.0000000000000000        0.0000000000000000     
 comp:           2
   0.0000000000000000        0.0000000000000000     
   0.0000000000000000        0.0000000000000000     
   0.0000000000000000        0.0000000000000000     
   0.0000000000000000        0.0000000000000000     
   0.0000000000000000        0.0000000000000000     
   0.0000000000000000        0.0000000000000000     
   0.0000000000000000        0.0000000000000000     
   0.0000000000000000        0.0000000000000000     
   0.0000000000000000        0.0000000000000000     
   0.0000000000000000        0.0000000000000000     
 comp:           3
   1.0000000406928167        276.25001124139055        276.24999999999994     
   1.0000000038991761        276.25000107714732        276.24999999999994     
   1.0000000003882938        276.25000010726615        276.24999999999994     
   1.0000000000388134        276.25000001072215        276.24999999999994     
   1.0000000000038811        276.25000000107212        276.24999999999994     
   1.0000000000003884        276.25000000010721        276.24999999999994     
   1.0000000000000389        276.25000000001069        276.24999999999994     
   1.0000000000000040        276.25000000000102        276.24999999999994     
   1.0000000000000007        276.25000000000011        276.24999999999994     
   1.0000000000000000        276.24999999999994        276.24999999999994     
 
 part:           2
 comp:           0
  0.99999999693494368        276.25021358649957        276.25021443322203     
  0.99999999970744380        276.25021435240330        276.25021443322203     
  0.99999999997087730        276.25021442517686        276.25021443322203     
  0.99999999999708922        276.25021443241792        276.25021443322203     
  0.99999999999970901        276.25021443314165        276.25021443322203     
  0.99999999999997125        276.25021443321407        276.25021443322203     
  0.99999999999999734        276.25021443322129        276.25021443322203     
   1.0000000000000000        276.25021443322203        276.25021443322203     
   1.0000000000000002        276.25021443322208        276.25021443322203     
   1.0000000000000000        276.25021443322203        276.25021443322203     
 comp:           1
   0.0000000000000000        0.0000000000000000     
   0.0000000000000000        0.0000000000000000     
   0.0000000000000000        0.0000000000000000     
   0.0000000000000000        0.0000000000000000     
   0.0000000000000000        0.0000000000000000     
   0.0000000000000000        0.0000000000000000     
   0.0000000000000000        0.0000000000000000     
   0.0000000000000000        0.0000000000000000     
   0.0000000000000000        0.0000000000000000     
   0.0000000000000000        0.0000000000000000     
 comp:           2
   0.0000000000000000        0.0000000000000000     
   0.0000000000000000        0.0000000000000000     
   0.0000000000000000        0.0000000000000000     
   0.0000000000000000        0.0000000000000000     
   0.0000000000000000        0.0000000000000000     
   0.0000000000000000        0.0000000000000000     
   0.0000000000000000        0.0000000000000000     
   0.0000000000000000        0.0000000000000000     
   0.0000000000000000        0.0000000000000000     
   0.0000000000000000        0.0000000000000000     
 comp:           3
  0.99999999693494368       -276.25021358649957       -276.25021443322203     
  0.99999999970744380       -276.25021435240330       -276.25021443322203     
  0.99999999997087730       -276.25021442517686       -276.25021443322203     
  0.99999999999708922       -276.25021443241792       -276.25021443322203     
  0.99999999999970901       -276.25021443314165       -276.25021443322203     
  0.99999999999997125       -276.25021443321407       -276.25021443322203     
  0.99999999999999734       -276.25021443322129       -276.25021443322203     
   1.0000000000000000       -276.25021443322203       -276.25021443322203     
   1.0000000000000002       -276.25021443322208       -276.25021443322203     
   1.0000000000000000       -276.25021443322203       -276.25021443322203     
 
 part:           3
 comp:           0
   1.0000000112878260        123.51048281516461        123.51048142099978     
   1.0000000035003762        123.51048185333293        123.51048142099978     
   1.0000000011047963        123.51048155745369        123.51048142099978     
   1.0000000003493004        123.51048146414203        123.51048142099978     
   1.0000000001104563        123.51048143464230        123.51048142099978     
   1.0000000000349292        123.51048142531391        123.51048142099978     
   1.0000000000110456        123.51048142236402        123.51048142099978     
   1.0000000000034930        123.51048142143119        123.51048142099978     
   1.0000000000011049        123.51048142113623        123.51048142099978     
   1.0000000000003493        123.51048142104293        123.51048142099978     
 comp:           1
  0.99999909476688242        22.876795194354870        22.876815903206250     
  0.99999971928523712        22.876809481346299        22.876815903206250     
  0.99999991140018529        22.876813876324601        22.876815903206250     
  0.99999997198763757        22.876815262372592        22.876815903206250     
  0.99999999114188265        22.876815700560730        22.876815903206250     
  0.99999999719882271        22.876815839124234        22.876815903206250     
  0.99999999911419013        22.876815882941742        22.876815903206250     
  0.99999999971988229        22.876815896798050        22.876815903206250     
  0.99999999991141886        22.876815901179796        22.876815903206250     
  0.99999999997198818        22.876815902565429        22.876815903206250     
 comp:           2
   1.0000000790998793        90.367097755602344        90.367090607576387     
   1.0000000245290450        90.367092824194813        90.367090607576387     
   1.0000000077419116        90.367091307190407        90.367090607576387     
   1.0000000024477391        90.367090828771452        90.367090607576387     
   1.0000000007740282        90.367090677523066        90.367090607576387     
   1.0000000002447686        90.367090629695426        90.367090607576387     
   1.0000000000774028        90.367090614571040        90.367090607576387     
   1.0000000000244769        90.367090609788292        90.367090607576387     
   1.0000000000077403        90.367090608275859        90.367090607576387     
   1.0000000000024476        90.367090607797579        90.367090607576387     
 comp:           3
   1.0000000000000000       -9.9026913376865764       -9.9026913376865764     
   1.0000000000000000       -9.9026913376865764       -9.9026913376865764     
   1.0000000000000000       -9.9026913376865764       -9.9026913376865764     
   1.0000000000000000       -9.9026913376865764       -9.9026913376865764     
   1.0000000000000000       -9.9026913376865764       -9.9026913376865764     
   1.0000000000000000       -9.9026913376865764       -9.9026913376865764     
   1.0000000000000000       -9.9026913376865764       -9.9026913376865764     
   1.0000000000000000       -9.9026913376865764       -9.9026913376865764     
   1.0000000000000000       -9.9026913376865764       -9.9026913376865764     
   1.0000000000000000       -9.9026913376865764       -9.9026913376865764     
 
 part:           4
 comp:           0
  0.99999999082102420        24.788914886172137        24.788915113708988     
  0.99999999715357624        24.788915043149231        24.788915113708988     
  0.99999999910160520        24.788915091438756        24.788915113708988     
  0.99999999971595688        24.788915106667869        24.788915113708988     
  0.99999999991017929        24.788915111482432        24.788915113708988     
  0.99999999997159628        24.788915113004890        24.788915113708988     
  0.99999999999101796        24.788915113486333        24.788915113708988     
  0.99999999999715961        24.788915113638577        24.788915113708988     
  0.99999999999910216        24.788915113686731        24.788915113708988     
  0.99999999999971589        24.788915113701947        24.788915113708988     
 comp:           1
  0.99999879886912024        3.4603406824845178        3.4603448388115581     
  0.99999962752669358        3.4603435499254744        3.4603448388115581     
  0.99999988243915061        3.4603444320104795        3.4603448388115581     
  0.99999996283110593        3.4603447101943674        3.4603448388115581     
  0.99999998824638858        3.4603447981400093        3.4603448388115581     
  0.99999999628318881        3.4603448259501097        3.4603448388115581     
  0.99999999882464141        3.4603448347444119        3.4603448388115581     
  0.99999999962831898        3.4603448375254136        3.4603448388115581     
  0.99999999988246424        3.4603448384048439        3.4603448388115581     
  0.99999999996283184        3.4603448386829436        3.4603448388115581     
 comp:           2
   1.0000002354358779        6.0935065052361637        6.0935050706064473     
   1.0000000730091794        6.0935055154882525        6.0935050706064473     
   1.0000000230433188        6.0935052110210277        6.0935050706064473     
   1.0000000072855435        6.0935051150009434        6.0935050706064473     
   1.0000000023038471        6.0935050846449510        6.0935050706064473     
   1.0000000007285390        6.0935050750458037        6.0935050706064473     
   1.0000000002303844        6.0935050720102950        6.0935050706064473     
   1.0000000000728539        6.0935050710503829        6.0935050706064473     
   1.0000000000230385        6.0935050707468319        6.0935050706064473     
   1.0000000000072855        6.0935050706508411        6.0935050706064473     
 comp:           3
   1.0000000000000000       -23.777836782720023       -23.777836782720023     
   1.0000000000000000       -23.777836782720023       -23.777836782720023     
   1.0000000000000000       -23.777836782720023       -23.777836782720023     
   1.0000000000000000       -23.777836782720023       -23.777836782720023     
   1.0000000000000000       -23.777836782720023       -23.777836782720023     
   1.0000000000000000       -23.777836782720023       -23.777836782720023     
   1.0000000000000000       -23.777836782720023       -23.777836782720023     
   1.0000000000000000       -23.777836782720023       -23.777836782720023     
   1.0000000000000000       -23.777836782720023       -23.777836782720023     
   1.0000000000000000       -23.777836782720023       -23.777836782720023     
 
 part:           5
 comp:           0
   1.0000001741833022        178.04912756524209        178.04909655206251     
   1.0000000540146186        178.04910616931656        178.04909655206251     
   1.0000000170482133        178.04909958748146        178.04909655206251     
   1.0000000053900870        178.04909751176265        178.04909655206251     
   1.0000000017044626        178.04909685554054        178.04909655206251     
   1.0000000005389975        178.04909664803051        178.04909655206251     
   1.0000000001704459        178.04909658241024        178.04909655206251     
   1.0000000000538998        178.04909656165930        178.04909655206251     
   1.0000000000170448        178.04909655509732        178.04909655206251     
   1.0000000000053899        178.04909655302220        178.04909655206251     
 comp:           1
   1.0000001761791504       -169.44843884608522       -169.44840899280851     
   1.0000000546335355       -169.44841825037417       -169.44840899280851     
   1.0000000172435572       -169.44841191470184       -169.44840899280851     
   1.0000000054518485       -169.44840991661556       -169.44840899280851     
   1.0000000017239929       -169.44840928493636       -169.44840899280851     
   1.0000000005451735       -169.44840908518728       -169.44840899280851     
   1.0000000001723988       -169.44840902202122       -169.44840899280851     
   1.0000000000545173       -169.44840900204639       -169.44840899280851     
   1.0000000000172400       -169.44840899572981       -169.44840899280851     
   1.0000000000054519       -169.44840899373230       -169.44840899280851     
 comp:           2
   1.0000002291934658        44.959345881964531        44.959335577578592     
   1.0000000710733894        44.959338772990954        44.959335577578592     
   1.0000000224323402        44.959336586121701        44.959335577578592     
   1.0000000070923718        44.959335896446916        44.959335577578592     
   1.0000000022427620        44.959335678411684        44.959335577578592     
   1.0000000007092222        44.959335609464752        44.959335577578592     
   1.0000000002242757        44.959335587661883        44.959335577578592     
   1.0000000000709222        44.959335580767210        44.959335577578592     
   1.0000000000224278        44.959335578586931        44.959335577578592     
   1.0000000000070923        44.959335577897455        44.959335577578592     
 comp:           3
   1.0000000000000000       -31.102662542525849       -31.102662542525849     
   1.0000000000000000       -31.102662542525849       -31.102662542525849     
   1.0000000000000000       -31.102662542525849       -31.102662542525849     
   1.0000000000000000       -31.102662542525849       -31.102662542525849     
   1.0000000000000000       -31.102662542525849       -31.102662542525849     
   1.0000000000000000       -31.102662542525849       -31.102662542525849     
   1.0000000000000000       -31.102662542525849       -31.102662542525849     
   1.0000000000000000       -31.102662542525849       -31.102662542525849     
   1.0000000000000000       -31.102662542525849       -31.102662542525849     
   1.0000000000000000       -31.102662542525849       -31.102662542525849     
 
 part:           6
 comp:           0
  0.99999985770690059        226.15147473342984        226.15150691322870     
  0.99999995587459611        226.15149693420213        226.15150691322870     
  0.99999998607304219        226.15150376362621        226.15150691322870     
  0.99999999559675146        226.15150591742741        226.15150691322870     
  0.99999999860759725        226.15150659833472        226.15150691322870     
  0.99999999955968433        226.15150681365066        226.15150691322870     
  0.99999999986076005        226.15150688173938        226.15150691322870     
  0.99999999995596844        226.15150690327090        226.15150691322870     
  0.99999999998607625        226.15150691007983        226.15150691322870     
  0.99999999999559686        226.15150691223292        226.15150691322870     
 comp:           1
  0.99999973504148598        143.11121033224703        143.11124825079071     
  0.99999991783578301        143.11123649216705        143.11124825079071     
  0.99999997406714769        143.11124453950785        143.11124825079071     
  0.99999999180088062        143.11124707740450        143.11124825079071     
  0.99999999740726031        143.11124787974049        143.11124825079071     
  0.99999999918010529        143.11124813345455        143.11124825079071     
  0.99999999974072662        143.11124821368577        143.11124825079071     
  0.99999999991801047        143.11124823905709        143.11124825079071     
  0.99999999997407296        143.11124824708025        143.11124825079071     
  0.99999999999180100        143.11124824961735        143.11124825079071     
 comp:           2
  0.99999990745112644       -141.41991816750607       -141.41993125576141     
  0.99999997130039098       -141.41992719706468       -141.41993125576141     
  0.99999999094176584       -141.41992997474657       -141.41993125576141     
  0.99999999713608267       -141.41993085074643       -141.41993125576141     
  0.99999999909436721       -141.41993112768688       -141.41993125576141     
  0.99999999971361431       -141.41993121526076       -141.41993125576141     
  0.99999999990943700       -141.41993124295399       -141.41993125576141     
  0.99999999997136146       -141.41993125171135       -141.41993125576141     
  0.99999999999094369       -141.41993125448067       -141.41993125576141     
  0.99999999999713607       -141.41993125535640       -141.41993125576141     
 comp:           3
   1.0000000000000000        64.783190662932455        64.783190662932455     
   1.0000000000000000        64.783190662932455        64.783190662932455     
   1.0000000000000000        64.783190662932455        64.783190662932455     
   1.0000000000000000        64.783190662932455        64.783190662932455     
   1.0000000000000000        64.783190662932455        64.783190662932455     
   1.0000000000000000        64.783190662932455        64.783190662932455     
   1.0000000000000000        64.783190662932455        64.783190662932455     
   1.0000000000000000        64.783190662932455        64.783190662932455     
   1.0000000000000000        64.783190662932455        64.783190662932455     
   1.0000000000000000        64.783190662932455        64.783190662932455     
 
 part:           7
 comp:           0
   1.0484750416826241        2.2482788150981196E-004   2.1443322212897072E-004
   1.0046463306096431        2.1542954977267294E-004   2.1443322212897072E-004
   1.0004627120554934        2.1453244296594807E-004   2.1443322212897072E-004
   1.0000462520821340        2.1444314011197289E-004   2.1443322212897072E-004
   1.0000046250170667        2.1443421388628271E-004   2.1443322212897072E-004
   1.0000004624997954        2.1443332130429205E-004   2.1443322212897072E-004
   1.0000000462499610        2.1443323204649889E-004   2.1443322212897072E-004
   1.0000000046249962        2.1443322312072357E-004   2.1443322212897072E-004
   1.0000000004624996        2.1443322222814600E-004   2.1443322212897072E-004
   1.0000000000462497        2.1443322213888819E-004   2.1443322212897072E-004
 comp:           1
   9.2636998827237376E-005   0.0000000000000000     
   2.8726935360788490E-005   0.0000000000000000     
   9.0668589196865034E-006   0.0000000000000000     
   2.8666441205131764E-006   0.0000000000000000     
   9.0649512890811041E-007   0.0000000000000000     
   2.8665838128981577E-007   0.0000000000000000     
   9.0649322164728172E-008   0.0000000000000000     
   2.8665832161949883E-008   0.0000000000000000     
   9.0649319020530311E-009   0.0000000000000000     
   2.8665833224151111E-009   0.0000000000000000     
 comp:           2
  -3.1975296947342405E-005  -0.0000000000000000     
  -9.9156093156835687E-006  -0.0000000000000000     
  -3.1295865583611107E-006  -0.0000000000000000     
  -9.8947286889880726E-007  -0.0000000000000000     
  -3.1289281059517534E-007  -0.0000000000000000     
  -9.8945205265990904E-008  -0.0000000000000000     
  -3.1289215227040096E-008  -0.0000000000000000     
  -9.8945184669726690E-009  -0.0000000000000000     
  -3.1289214141764641E-009  -0.0000000000000000     
  -9.8945188336101911E-010  -0.0000000000000000     
 comp:           3
  0.94362761047217480       -2.0234510900340972E-004  -2.1443322212897072E-004
  0.99459987502100200       -2.1327525592982504E-004  -2.1443322212897072E-004
  0.99946225011921941       -2.1431791068933547E-004  -2.1443322212897072E-004
  0.99994624753454420       -2.1442169581460565E-004  -2.1443322212897072E-004
  0.99999462497857861       -2.1443206954580832E-004  -2.1443322212897072E-004
  0.99999946250010896       -2.1443310687113720E-004  -2.1443322212897072E-004
  0.99999994625003408       -2.1443321060319234E-004  -2.1443322212897072E-004
  0.99999999462500389       -2.1443322097639298E-004  -2.1443322212897072E-004
  0.99999999946250029       -2.1443322201371293E-004  -2.1443322212897072E-004
  0.99999999994624966       -2.1443322211744486E-004  -2.1443322212897072E-004
 
 part: i_fks+j_fks
 comp:           0
   1.0000000345626139        276.25043841438105        276.25042886644417     
   1.0000000033140541        276.25042978195307        276.25042886644417     
   1.0000000003300471        276.25042895761982        276.25042886644417     
   1.0000000000329914        276.25042887555804        276.25042886644417     
   1.0000000000032991        276.25042886735554        276.25042886644417     
   1.0000000000003302        276.25042886653540        276.25042886644417     
   1.0000000000000331        276.25042886645332        276.25042886644417     
   1.0000000000000036        276.25042886644513        276.25042886644417     
   1.0000000000000007        276.25042886644434        276.25042886644417     
   1.0000000000000000        276.25042886644417        276.25042886644417     
 comp:           1
   9.2636998827237376E-005   0.0000000000000000     
   2.8726935360788490E-005   0.0000000000000000     
   9.0668589196865034E-006   0.0000000000000000     
   2.8666441205131764E-006   0.0000000000000000     
   9.0649512890811041E-007   0.0000000000000000     
   2.8665838128981577E-007   0.0000000000000000     
   9.0649322164728172E-008   0.0000000000000000     
   2.8665832161949883E-008   0.0000000000000000     
   9.0649319020530311E-009   0.0000000000000000     
   2.8665833224151111E-009   0.0000000000000000     
 comp:           2
  -3.1975296947342405E-005   0.0000000000000000     
  -9.9156093156835687E-006   0.0000000000000000     
  -3.1295865583611107E-006   0.0000000000000000     
  -9.8947286889880726E-007   0.0000000000000000     
  -3.1289281059517534E-007   0.0000000000000000     
  -9.8945205265990904E-008   0.0000000000000000     
  -3.1289215227040096E-008   0.0000000000000000     
  -9.8945184669726690E-009   0.0000000000000000     
  -3.1289214141764641E-009   0.0000000000000000     
  -9.8945188336101911E-010   0.0000000000000000     
 comp:           3
  0.99999995317713841       -276.25041593160859       -276.25042886644417     
  0.99999999551571761       -276.25042762765923       -276.25042886644417     
  0.99999999955346086       -276.25042874308753       -276.25042886644417     
  0.99999999995536504       -276.25042885411375       -276.25042886644417     
  0.99999999999553668       -276.25042886521118       -276.25042886644417     
  0.99999999999955391       -276.25042886632093       -276.25042886644417     
  0.99999999999995559       -276.25042886643189       -276.25042886644417     
  0.99999999999999589       -276.25042886644303       -276.25042886644417     
  0.99999999999999978       -276.25042886644411       -276.25042886644417     
   1.0000000000000000       -276.25042886644417       -276.25042886644417     
     
 Collinear #         100
 
 part:           1
 comp:           0
   1.0000000240559885        276.25000664546684        276.25000000000000     
   1.0000000023050390        276.25000063676703        276.25000000000000     
   1.0000000002295439        276.25000006341151        276.25000000000000     
   1.0000000000229450        276.25000000633855        276.25000000000000     
   1.0000000000022944        276.25000000063380        276.25000000000000     
   1.0000000000002296        276.25000000006344        276.25000000000000     
   1.0000000000000231        276.25000000000637        276.25000000000000     
   1.0000000000000024        276.25000000000068        276.25000000000000     
   1.0000000000000004        276.25000000000011        276.25000000000000     
   1.0000000000000000        276.25000000000000        276.25000000000000     
 comp:           1
   0.0000000000000000        0.0000000000000000     
   0.0000000000000000        0.0000000000000000     
   0.0000000000000000        0.0000000000000000     
   0.0000000000000000        0.0000000000000000     
   0.0000000000000000        0.0000000000000000     
   0.0000000000000000        0.0000000000000000     
   0.0000000000000000        0.0000000000000000     
   0.0000000000000000        0.0000000000000000     
   0.0000000000000000        0.0000000000000000     
   0.0000000000000000        0.0000000000000000     
 comp:           2
   0.0000000000000000        0.0000000000000000     
   0.0000000000000000        0.0000000000000000     
   0.0000000000000000        0.0000000000000000     
   0.0000000000000000        0.0000000000000000     
   0.0000000000000000        0.0000000000000000     
   0.0000000000000000        0.0000000000000000     
   0.0000000000000000        0.0000000000000000     
   0.0000000000000000        0.0000000000000000     
   0.0000000000000000        0.0000000000000000     
   0.0000000000000000        0.0000000000000000     
 comp:           3
   1.0000000240559885        276.25000664546684        276.25000000000000     
   1.0000000023050390        276.25000063676703        276.25000000000000     
   1.0000000002295439        276.25000006341151        276.25000000000000     
   1.0000000000229450        276.25000000633855        276.25000000000000     
   1.0000000000022944        276.25000000063380        276.25000000000000     
   1.0000000000002296        276.25000000006344        276.25000000000000     
   1.0000000000000231        276.25000000000637        276.25000000000000     
   1.0000000000000024        276.25000000000068        276.25000000000000     
   1.0000000000000004        276.25000000000011        276.25000000000000     
   1.0000000000000000        276.25000000000000        276.25000000000000     
 
 part:           2
 comp:           0
  0.99999999818805574        276.25012626389724        276.25012676444709     
  0.99999999982705168        276.25012671667008        276.25012676444709     
  0.99999999998278344        276.25012675969100        276.25012676444709     
  0.99999999999827915        276.25012676397171        276.25012676444709     
  0.99999999999982803        276.25012676439957        276.25012676444709     
  0.99999999999998268        276.25012676444231        276.25012676444709     
  0.99999999999999833        276.25012676444663        276.25012676444709     
   1.0000000000000000        276.25012676444709        276.25012676444709     
   1.0000000000000000        276.25012676444709        276.25012676444709     
   1.0000000000000000        276.25012676444709        276.25012676444709     
 comp:           1
   0.0000000000000000        0.0000000000000000     
   0.0000000000000000        0.0000000000000000     
   0.0000000000000000        0.0000000000000000     
   0.0000000000000000        0.0000000000000000     
   0.0000000000000000        0.0000000000000000     
   0.0000000000000000        0.0000000000000000     
   0.0000000000000000        0.0000000000000000     
   0.0000000000000000        0.0000000000000000     
   0.0000000000000000        0.0000000000000000     
   0.0000000000000000        0.0000000000000000     
 comp:           2
   0.0000000000000000        0.0000000000000000     
   0.0000000000000000        0.0000000000000000     
   0.0000000000000000        0.0000000000000000     
   0.0000000000000000        0.0000000000000000     
   0.0000000000000000        0.0000000000000000     
   0.0000000000000000        0.0000000000000000     
   0.0000000000000000        0.0000000000000000     
   0.0000000000000000        0.0000000000000000     
   0.0000000000000000        0.0000000000000000     
   0.0000000000000000        0.0000000000000000     
 comp:           3
  0.99999999818805574       -276.25012626389724       -276.25012676444709     
  0.99999999982705168       -276.25012671667008       -276.25012676444709     
  0.99999999998278344       -276.25012675969100       -276.25012676444709     
  0.99999999999827915       -276.25012676397171       -276.25012676444709     
  0.99999999999982803       -276.25012676439957       -276.25012676444709     
  0.99999999999998268       -276.25012676444231       -276.25012676444709     
  0.99999999999999833       -276.25012676444663       -276.25012676444709     
   1.0000000000000000       -276.25012676444709       -276.25012676444709     
   1.0000000000000000       -276.25012676444709       -276.25012676444709     
   1.0000000000000000       -276.25012676444709       -276.25012676444709     
 
 part:           3
 comp:           0
   1.0000000551068022        131.22849362511499        131.22848639353273     
   1.0000000170887384        131.22848863606202        131.22848639353273     
   1.0000000053935851        131.22848710132476        131.22848639353273     
   1.0000000017052753        131.22848661731342        131.22848639353273     
   1.0000000005392451        131.22848646429705        131.22848639353273     
   1.0000000001705240        131.22848641591034        131.22848639353273     
   1.0000000000539244        131.22848640060914        131.22848639353273     
   1.0000000000170524        131.22848639577049        131.22848639353273     
   1.0000000000053924        131.22848639424038        131.22848639353273     
   1.0000000000017051        131.22848639375650        131.22848639353273     
 comp:           1
   1.0000002095160490       -24.408514700868920       -24.408509586894432     
   1.0000000649713832       -24.408511172749058       -24.408509586894432     
   1.0000000205064115       -24.408510087425373       -24.408509586894432     
   1.0000000064834564       -24.408509745145938       -24.408509586894432     
   1.0000000020502096       -24.408509636936994       -24.408509586894432     
   1.0000000006483321       -24.408509602719249       -24.408509586894432     
   1.0000000002050204       -24.408509591898678       -24.408509586894432     
   1.0000000000648332       -24.408509588476914       -24.408509586894432     
   1.0000000000205020       -24.408509587394857       -24.408509586894432     
   1.0000000000064833       -24.408509587052681       -24.408509586894432     
 comp:           2
   1.0000001980104933        64.515352494049523        64.515339719335273     
   1.0000000614034852        64.515343680801976        64.515339719335273     
   1.0000000193803036        64.515340969662148        64.515339719335273     
   1.0000000061274179        64.515340114647728        64.515339719335273     
   1.0000000019376225        64.515339844341653        64.515339719335273     
   1.0000000006127290        64.515339758865693        64.515339719335273     
   1.0000000001937617        64.515339731835880        64.515339719335273     
   1.0000000000612728        64.515339723288307        64.515339719335273     
   1.0000000000193761        64.515339720585331        64.515339719335273     
   1.0000000000061273        64.515339719730576        64.515339719335273     
 comp:           3
   1.0000000000000000       -77.431875138164642       -77.431875138164642     
   1.0000000000000000       -77.431875138164642       -77.431875138164642     
   1.0000000000000000       -77.431875138164642       -77.431875138164642     
   1.0000000000000000       -77.431875138164642       -77.431875138164642     
   1.0000000000000000       -77.431875138164642       -77.431875138164642     
   1.0000000000000000       -77.431875138164642       -77.431875138164642     
   1.0000000000000000       -77.431875138164642       -77.431875138164642     
   1.0000000000000000       -77.431875138164642       -77.431875138164642     
   1.0000000000000000       -77.431875138164642       -77.431875138164642     
   1.0000000000000000       -77.431875138164642       -77.431875138164642     
 
 part:           4
 comp:           0
   1.0000000363538897        17.097809780182505        17.097809158610637     
   1.0000000112734195        17.097809351361413        17.097809158610637     
   1.0000000035581416        17.097809219447061        17.097809158610637     
   1.0000000011249679        17.097809177845125        17.097809158610637     
   1.0000000003557392        17.097809164693000        17.097809158610637     
   1.0000000001124945        17.097809160534045        17.097809158610637     
   1.0000000000355738        17.097809159218873        17.097809158610637     
   1.0000000000112494        17.097809158802978        17.097809158610637     
   1.0000000000035574        17.097809158671460        17.097809158610637     
   1.0000000000011249        17.097809158629872        17.097809158610637     
 comp:           1
  0.99999994249540536        11.586928526050118        11.586929192351784     
  0.99999998216769992        11.586928985730186        11.586929192351784     
  0.99999999437173004        11.586929127137418        11.586929192351784     
  0.99999999822052521        11.586929171733136        11.586929192351784     
  0.99999999943729145        11.586929185831719        11.586929192351784     
  0.99999999982205634        11.586929190289963        11.586929192351784     
  0.99999999994372935        11.586929191699779        11.586929192351784     
  0.99999999998220568        11.586929192145602        11.586929192351784     
  0.99999999999437283        11.586929192286583        11.586929192351784     
  0.99999999999822053        11.586929192331166        11.586929192351784     
 comp:           2
   1.0000001509873515        11.023589551253227        11.023587886830889     
   1.0000000468215067        11.023588402971884        11.023587886830889     
   1.0000000147779076        11.023588049736452        11.023587886830889     
   1.0000000046722908        11.023587938336297        11.023587886830889     
   1.0000000014774797        11.023587903118017        11.023587886830889     
   1.0000000004672194        11.023587891981322        11.023587886830889     
   1.0000000001477476        11.023587888459598        11.023587886830889     
   1.0000000000467220        11.023587887345933        11.023587886830889     
   1.0000000000147746        11.023587886993759        11.023587886830889     
   1.0000000000046720        11.023587886882392        11.023587886830889     
 comp:           3
   1.0000000000000000       -6.0463757753725265       -6.0463757753725265     
   1.0000000000000000       -6.0463757753725265       -6.0463757753725265     
   1.0000000000000000       -6.0463757753725265       -6.0463757753725265     
   1.0000000000000000       -6.0463757753725265       -6.0463757753725265     
   1.0000000000000000       -6.0463757753725265       -6.0463757753725265     
   1.0000000000000000       -6.0463757753725265       -6.0463757753725265     
   1.0000000000000000       -6.0463757753725265       -6.0463757753725265     
   1.0000000000000000       -6.0463757753725265       -6.0463757753725265     
   1.0000000000000000       -6.0463757753725265       -6.0463757753725265     
   1.0000000000000000       -6.0463757753725265       -6.0463757753725265     
 
 part:           5
 comp:           0
   1.0000000234628093        179.33949494938432        179.33949074157604     
   1.0000000072758672        179.33949204642639        179.33949074157604     
   1.0000000022964253        179.33949115341576        179.33949074157604     
   1.0000000007260545        179.33949087178630        179.33949074157604     
   1.0000000002295941        179.33949078275134        179.33949074157604     
   1.0000000000726039        179.33949075459680        179.33949074157604     
   1.0000000000229594        179.33949074569355        179.33949074157604     
   1.0000000000072604        179.33949074287813        179.33949074157604     
   1.0000000000022959        179.33949074198779        179.33949074157604     
   1.0000000000007261        179.33949074170624        179.33949074157604     
 comp:           1
  0.99999994737874809        132.81439969103462        132.81440667989497     
  0.99999998368203491        132.81440451263413        132.81440667989497     
  0.99999999484968782        132.81440599585932        132.81440667989497     
  0.99999999837163989        132.81440646362529        132.81440667989497     
  0.99999999948507712        132.81440661150580        132.81440667989497     
  0.99999999983716747        132.81440665826847        132.81440667989497     
  0.99999999994850775        132.81440667305606        132.81440667989497     
  0.99999999998371669        132.81440667773231        132.81440667989497     
  0.99999999999485079        132.81440667921109        132.81440667989497     
  0.99999999999837175        132.81440667967871        132.81440667989497     
 comp:           2
   1.0000001811145214        96.393068601917093        96.393051143735761     
   1.0000000561640081        96.393056557555866        96.393051143735761     
   1.0000000177266086        96.393052852457643        96.393051143735761     
   1.0000000056045735        96.393051683977703        96.393051143735761     
   1.0000000017722879        96.393051314571991        96.393051143735761     
   1.0000000005604457        96.393051197758822        96.393051143735761     
   1.0000000001772285        96.393051160819354        96.393051143735761     
   1.0000000000560445        96.393051149138060        96.393051143735761     
   1.0000000000177229        96.393051145444119        96.393051143735761     
   1.0000000000056044        96.393051144275987        96.393051143735761     
 comp:           3
   1.0000000000000000        72.328182673951204        72.328182673951204     
   1.0000000000000000        72.328182673951204        72.328182673951204     
   1.0000000000000000        72.328182673951204        72.328182673951204     
   1.0000000000000000        72.328182673951204        72.328182673951204     
   1.0000000000000000        72.328182673951204        72.328182673951204     
   1.0000000000000000        72.328182673951204        72.328182673951204     
   1.0000000000000000        72.328182673951204        72.328182673951204     
   1.0000000000000000        72.328182673951204        72.328182673951204     
   1.0000000000000000        72.328182673951204        72.328182673951204     
   1.0000000000000000        72.328182673951204        72.328182673951204     
 
 part:           6
 comp:           0
  0.99999994635621003        224.83420164532123        224.83421370628056     
  0.99999998336494256        224.83420996615050        224.83421370628056     
  0.99999999474960610        224.83421252581238        224.83421370628056     
  0.99999999833999720        224.83421333305515        224.83421370628056     
  0.99999999947507112        224.83421358825859        224.83421370628056     
  0.99999999983400312        224.83421366895880        224.83421370628056     
  0.99999999994750721        224.83421369447839        224.83421370628056     
  0.99999999998340039        224.83421370254840        224.83421370628056     
  0.99999999999475075        224.83421370510035        224.83421370628056     
  0.99999999999834011        224.83421370590736        224.83421370628056     
 comp:           1
   1.0000000730192775       -119.99283504714180       -119.99282628535232     
   1.0000000226434376       -119.99282900240240       -119.99282628535232     
   1.0000000071467721       -119.99282714291370       -119.99282628535232     
   1.0000000022595754       -119.99282655648517       -119.99282628535232     
   1.0000000007145269       -119.99282637109042       -119.99282628535232     
   1.0000000002259528       -119.99282631246504       -119.99282628535232     
   1.0000000000714526       -119.99282629392611       -119.99282628535232     
   1.0000000000225953       -119.99282628806360       -119.99282628535232     
   1.0000000000071454       -119.99282628620971       -119.99282628535232     
   1.0000000000022595       -119.99282628562345       -119.99282628535232     
 comp:           2
  0.99999987269988699       -171.93195686294160       -171.93197874990193     
  0.99999996052395645       -171.93197196270765       -171.93197874990193     
  0.99999998754048358       -171.93197660771261       -171.93197874990193     
  0.99999999606070866       -171.93197807261177       -171.93197874990193     
  0.99999999875431045       -171.93197853572806       -171.93197874990193     
  0.99999999960607910       -171.93197868217433       -171.93197874990193     
  0.99999999987543131       -171.93197872848458       -171.93197874990193     
  0.99999999996060795       -171.93197874312918       -171.93197874990193     
  0.99999999998754308       -171.93197874776018       -171.93197874990193     
  0.99999999999606071       -171.93197874922464       -171.93197874990193     
 comp:           3
   1.0000000000000000        11.150068239585963        11.150068239585963     
   1.0000000000000000        11.150068239585963        11.150068239585963     
   1.0000000000000000        11.150068239585963        11.150068239585963     
   1.0000000000000000        11.150068239585963        11.150068239585963     
   1.0000000000000000        11.150068239585963        11.150068239585963     
   1.0000000000000000        11.150068239585963        11.150068239585963     
   1.0000000000000000        11.150068239585963        11.150068239585963     
   1.0000000000000000        11.150068239585963        11.150068239585963     
   1.0000000000000000        11.150068239585963        11.150068239585963     
   1.0000000000000000        11.150068239585963        11.150068239585963     
 
 part:           7
 comp:           0
   1.0484750586954408        1.3290936109100319E-004   1.2676444707838345E-004
   1.0046463323153341        1.2735343682527921E-004   1.2676444707838345E-004
   1.0004627122260692        1.2682310253787752E-004   1.2676444707838345E-004
   1.0000462520991913        1.2677031020016366E-004   1.2676444707838345E-004
   1.0000046250187720        1.2676503336633081E-004   1.2676444707838345E-004
   1.0000004624999654        1.2676450570693585E-004   1.2676444707838345E-004
   1.0000000462499778        1.2676445294123632E-004   1.2676444707838345E-004
   1.0000000046249979        1.2676444766466876E-004   1.2676444707838345E-004
   1.0000000004624992        1.2676444713701190E-004   1.2676444707838345E-004
   1.0000000000462494        1.2676444708424625E-004   1.2676444707838345E-004
 comp:           1
   2.1530925978708274E-005   0.0000000000000000     
   6.6767871474691396E-006   0.0000000000000000     
   2.1073423385669672E-006   0.0000000000000000     
   6.6627269473048812E-007   0.0000000000000000     
   2.1068989623781282E-007   0.0000000000000000     
   6.6625867788653926E-008   0.0000000000000000     
   2.1068945294756832E-008   0.0000000000000000     
   6.6625853919932424E-009   0.0000000000000000     
   2.1068944563974543E-009   0.0000000000000000     
   6.6625856388727493E-010   0.0000000000000000     
 comp:           2
  -5.3784278269598138E-005  -0.0000000000000000     
  -1.6678622101133657E-005  -0.0000000000000000     
  -5.2641436257258118E-006  -0.0000000000000000     
  -1.6643499704683615E-006  -0.0000000000000000     
  -5.2630360714876800E-007  -0.0000000000000000     
  -1.6643149563757878E-007  -0.0000000000000000     
  -5.2630249980921902E-008  -0.0000000000000000     
  -1.6643146099349625E-008  -0.0000000000000000     
  -5.2630248155426883E-009  -0.0000000000000000     
  -1.6643146716054924E-009  -0.0000000000000000     
 comp:           3
  0.94362759595568579       -1.1961843044922674E-004  -1.2676444707838345E-004
  0.99459987355443691       -1.2607990303535829E-004  -1.2676444707838345E-004
  0.99946224997245481       -1.2669627949347530E-004  -1.2676444707838345E-004
  0.99994624751986649       -1.2675763317496024E-004  -1.2676444707838345E-004
  0.99999462497711045       -1.2676376571657883E-004  -1.2676444707838345E-004
  0.99999946249996186       -1.2676437894248830E-004  -1.2676444707838345E-004
  0.99999994625001909       -1.2676444026479684E-004  -1.2676444707838345E-004
  0.99999999462500244       -1.2676444639702486E-004  -1.2676444707838345E-004
  0.99999999946249996       -1.2676444701024755E-004  -1.2676444707838345E-004
  0.99999999994624977       -1.2676444707156984E-004  -1.2676444707838345E-004
 
 part: i_fks+j_fks
 comp:           0
   1.0000000204320687        276.25025917325831        276.25025352889418     
   1.0000000019591393        276.25025407010691        276.25025352889418     
   1.0000000001951108        276.25025358279356        276.25025352889418     
   1.0000000000195031        276.25025353428191        276.25025352889418     
   1.0000000000019502        276.25025352943294        276.25025352889418     
   1.0000000000001950        276.25025352894801        276.25025352889418     
   1.0000000000000195        276.25025352889958        276.25025352889418     
   1.0000000000000020        276.25025352889475        276.25025352889418     
   1.0000000000000002        276.25025352889423        276.25025352889418     
   1.0000000000000000        276.25025352889418        276.25025352889418     
 comp:           1
   2.1530925978708274E-005   0.0000000000000000     
   6.6767871474691396E-006   0.0000000000000000     
   2.1073423385669672E-006   0.0000000000000000     
   6.6627269473048812E-007   0.0000000000000000     
   2.1068989623781282E-007   0.0000000000000000     
   6.6625867788653926E-008   0.0000000000000000     
   2.1068945294756832E-008   0.0000000000000000     
   6.6625853919932424E-009   0.0000000000000000     
   2.1068944563974543E-009   0.0000000000000000     
   6.6625856388727493E-010   0.0000000000000000     
 comp:           2
  -5.3784278269598138E-005   0.0000000000000000     
  -1.6678622101133657E-005   0.0000000000000000     
  -5.2641436257258118E-006   0.0000000000000000     
  -1.6643499704683615E-006   0.0000000000000000     
  -5.2630360714876800E-007   0.0000000000000000     
  -1.6643149563757878E-007   0.0000000000000000     
  -5.2630249980921902E-008   0.0000000000000000     
  -1.6643146099349625E-008   0.0000000000000000     
  -5.2630248155426883E-009   0.0000000000000000     
  -1.6643146716054924E-009   0.0000000000000000     
 comp:           3
  0.99999997232014681       -276.25024588232770       -276.25025352889418     
  0.99999999734906653       -276.25025279657314       -276.25025352889418     
  0.99999999973602316       -276.25025345597049       -276.25025352889418     
  0.99999999997361333       -276.25025352160486       -276.25025352889418     
  0.99999999999736144       -276.25025352816527       -276.25025352889418     
  0.99999999999973599       -276.25025352882125       -276.25025352889418     
  0.99999999999997369       -276.25025352888690       -276.25025352889418     
  0.99999999999999756       -276.25025352889350       -276.25025352889418     
  0.99999999999999978       -276.25025352889412       -276.25025352889418     
   1.0000000000000000       -276.25025352889418       -276.25025352889418     
