  0.02379870299345719  0.03370319070844260  0.04429158101803974  0.05480344882824121
  0.06607467653576909  0.07845093931760995  0.09085659466776733  0.10364818191754879
  0.11669834330888965  0.13024185015238832  0.14211071666262567  0.15232879256416926
  0.16168014201624933  0.17076592306430366  0.17974512615832744  0.18755610026457573
  0.19563651250810402  0.20377560550557763  0.21310045952533041  0.22280208132079468
  0.23229119524219694  0.24248240753582664  0.25178980835238840  0.26098609537140621
  0.27023293965099321  0.27976673457429541  0.28990469162684157  0.30055589721423542
  0.31183765677502917  0.32400998746591508  0.33709207242453615  0.34991280153881354
  0.36229503408840985  0.37446548445993100  0.38673575725087961  0.39826366380030737
  0.40936501971687822  0.42070040035097422  0.43125804562944375  0.44060034959685695
  0.44935633056069302  0.45814008806571882  0.46815904828689880  0.47790144069952734
  0.48902230338812613  0.49948335655090759  0.50907055728845974  0.51892654941627292
  0.52881864716763904  0.53879648983802608  0.54937597716375075  0.56029485648165633
  0.57134036423022894  0.58171990203950963  0.59246984637313738  0.60355630987697473
  0.61437447999364514  0.62507261058785302  0.63569846027701749  0.64612661019601114
  0.65685573392235352  0.66761908667273695  0.67806677021887596  0.68783875976090025
  0.69655333814766451  0.70503836687377885  0.71350139760276488  0.72142690593349734
  0.72919428441962397  0.73713795273265292  0.74508480935400090  0.75385264941317487
  0.76292643332275223  0.77176010865193856  0.78025553436988504  0.78922146443972918
  0.79875757756864241  0.80698710359667303  0.81560087727373132  0.82482791099548669
  0.83459566253887574  0.84425557120293104  0.85341717303673836  0.86211642023487878
  0.87035923093503043  0.87941815446013938  0.88910623961201352  0.89915646142820704
  0.91004783524776622  0.92109003502724196  0.93215772857056178  0.94326613333483700
  0.95526744808881126  0.96499236110233966  0.97117646303711280  1.00000000000000000
  0.02400050339415399  0.03107790582541115  0.04035180712902546  0.05052999555978573
  0.06211004270914897  0.07399530567867274  0.08523680921544666  0.09626783094323320
  0.10710965498250320  0.11732556971763036  0.12714328276632755  0.13641192605261065
  0.14555180928007996  0.15516828554295914  0.16495065878059367  0.17529153280965867
  0.18569928300961272  0.19605141292877265  0.20680906794700776  0.21770646616173120
  0.22893056907295509  0.24052385012755959  0.25260661250001953  0.26443108633039725
  0.27647948594829064  0.28989673813306294  0.30126798419659684  0.31370504224178797
  0.32565395853435475  0.33609986148553833  0.34390637736460694  0.35230313910675037
  0.35958644851992322  0.36685184331658394  0.37435470302260282  0.38165167519390736
  0.38828421436628491  0.39466239517365276  0.40268997691928488  0.41195285000261889
  0.42224870259903968  0.43234326332988843  0.44162625837750857  0.45117437384461451
  0.46211445881320912  0.47336853846856236  0.48327765673249906  0.49334518071539285
  0.50290622600901480  0.51258735556256485  0.52169238451749556  0.53084399857751163
  0.54041414681882083  0.54921036578140514  0.55811229632803627  0.56720775260353273
  0.57683968759183979  0.58597669895506632  0.59424934668240825  0.60200712015052582
  0.61045310025760491  0.61977531375035555  0.62935293618048138  0.63917502253953562
  0.64949645303325620  0.66053791979762821  0.67282324579036856  0.68397118505427390
  0.69608260545273504  0.70745277218576941  0.71886616399556069  0.73025024169823249
  0.74196078797998244  0.75296782400692464  0.76308999856256254  0.77354390323930189
  0.78408618321744916  0.79480329006044903  0.80465546241010377  0.81433688649415303
  0.82439672891519233  0.83457966797393701  0.84425497042033260  0.85482061219824368
  0.86611299339013748  0.87687214313513429  0.88734173606218247  0.89812796519027416
  0.90986769802819867  0.92213302401972463  0.93304185104125437  0.94294925530754548
  0.95297191402224291  0.96290828113233717  0.97171556864953990  1.00000000000000000
  0.00945560939314873  0.01598842587060448  0.02474502211698436  0.03518459388974694
  0.04560448324151567  0.05670904904002370  0.06848928688138975  0.08180812659521321
  0.09621564196532559  0.10895938542258743  0.11997188469272037  0.13062959253915213
  0.14117732137049913  0.15110234795734823  0.16041531368032130  0.16978816764236121
  0.17989019544157708  0.19047539077960840  0.20110910811309701  0.21046482401295807
  0.21858332909468653  0.22706789599692612  0.23577460129374597  0.24420782499642338
  0.25188491228827137  0.25950720846673703  0.26753648474891289  0.27667297344101016
  0.28650174212026391  0.29555176887967410  0.30486289739985101  0.31508980884321014
  0.32844606971409496  0.33996884771729341  0.35023689838475680  0.36021000319135077
  0.37161127318536574  0.38179953678528433  0.39124909318234879  0.40055541902897757
  0.40965185988632696  0.41910399110232599  0.42857609979298744  0.43822903837666388
  0.44778909409515799  0.45700384284188611  0.46650940604205832  0.47612357063963490
  0.48620741854533989  0.49671256504086325  0.50800842867199358  0.51875411884293343
  0.52944633623551429  0.54078448552997527  0.55349414912042527  0.56681421949169941
  0.58025766562235315  0.59365853171921090  0.60611869420170905  0.61655145778311704
  0.62639498988795617  0.63583120351619749  0.64505552056060533  0.65489142684740664
  0.66502798350685888  0.67445383383604818  0.68439595552912114  0.69489175018682003
  0.70739447723405524  0.71978737317348318  0.73228263987528286  0.74344145392996952
  0.75546626818658125  0.76665321889505300  0.77862827243001198  0.79069087496787194
  0.80270965562602759  0.81421762049170154  0.82512960209819253  0.83566126748340608
  0.84636989826933740  0.85631776824414541  0.86568927209270097  0.87494691551914205
  0.88421366353324926  0.89498921566405854  0.90507489580391565  0.91466185931480248
  0.92372814228264699  0.93248592542158326  0.94162271839310774  0.95240706289679733
  0.96399342948319644  0.97425488907380364  0.98673754555584825  1.00000000000000000
  0.00226361123025387  0.01368024885397392  0.02475765725073503  0.03522529297424007
  0.04448175916870422  0.05399772764462042  0.06369191290161638  0.07397722574874591
  0.08422464156344060  0.09476484169780018  0.10509315445974912  0.11597188752622395
  0.12650146899466461  0.13675315681526792  0.14761740767300990  0.15643063255658302
  0.16714373278560432  0.17772217212249378  0.18766680885407794  0.19683394403201154
  0.20563388648165123  0.21478905429603320  0.22473867670405318  0.23455942316828712
  0.24441016147815789  0.25471487859115371  0.26576145636125287  0.27773940222814963
  0.29077926256557007  0.30420326838524331  0.31723051436724264  0.32937127923160797
  0.34084800279149319  0.35180671492265686  0.36252384146748395  0.37236438031177738
  0.38263212576423877  0.39265056962311695  0.40290975534558898  0.41264455946767858
  0.42274244178132797  0.43300068580924711  0.44217963161909546  0.45091432961344685
  0.46001645244335204  0.46846133272824048  0.47632074162415222  0.48430465966175262
  0.49374439219277294  0.50518155413058341  0.51699055619568757  0.52781169218051582
  0.53847084130887712  0.54956723260872220  0.56130075246028677  0.57398096428166712
  0.58516366019158128  0.59496666964441369  0.60435317230561991  0.61374779435698190
  0.62392920986047917  0.63399006812689584  0.64394758733331703  0.65452506628902651
  0.66576797858862802  0.67735491102415468  0.68824744355576573  0.69867076971604825
  0.70869301763200021  0.71892574429805023  0.73053956149741428  0.74247924768393592
  0.75454977147766611  0.76585342244131660  0.77649142757414347  0.78676648654128745
  0.79760684047894892  0.80885484263762564  0.82092071198874073  0.83271223969228714
  0.84454261550990306  0.85684695042915515  0.86857800863481616  0.88039039529971141
  0.89164981542801847  0.90266605911919462  0.91358318765600643  0.92130172328664239
  0.92875196435588458  0.93709792017466431  0.94542739204299742  0.95389071238909096
  0.96201298087113418  0.97117929536313274  0.98087346344866744  1.00000000000000000
 -0.00028348825961702  0.00186077258941668  0.00345196710251005  0.00532557699154969
  0.00776785110146198  0.01065661247893977  0.01369999095978708  0.01748312628984850
  0.02115155899415166  0.02541318039205353  0.03012179393068107  0.03529661218683402
  0.04110283701650729  0.04732654518578215  0.05371352464637869  0.06049688649992341
  0.06667013383156344  0.07260494494801632  0.07923443349194415  0.08639872465396060
  0.09393476256230723  0.10156910287319278  0.10985491968080641  0.11878056587954386
  0.12878512600524164  0.13920713751556416  0.14885321791661540  0.15798956583333923
  0.16702124645079575  0.17651302066347360  0.18670700214264654  0.19717489114164105
  0.20694117614477098  0.21608870420490073  0.22480371627268081  0.23359952688994076
  0.24298397198597282  0.25323451829133897  0.26406003978759462  0.27451150370690763
  0.28475779109231369  0.29524652905514503  0.30637338251142249  0.31839240368185528
  0.33097839311867244  0.34371554284963723  0.35710401895462346  0.37105433750824385
  0.38407898508641947  0.39715674460060435  0.40923092890055796  0.42056940217882050
  0.43204119993616863  0.44367397905520223  0.45528770093227244  0.46708435952563049
  0.47894088625700015  0.49035088475796945  0.50101936179087647  0.51249453285176449
  0.52363986122019679  0.53604038236210594  0.54982509699154414  0.56406427351953292
  0.57809426126702101  0.59214029280239433  0.60642993039903870  0.62124749090488485
  0.63693213296523188  0.65300425580122623  0.66713544240486522  0.68109047275292556
  0.69449114589963579  0.70769577700926922  0.72081321103514440  0.73385752543116090
  0.74671257239682665  0.75951040670318415  0.77337022753657381  0.78789124153027057
  0.80259447178170573  0.81792957666365707  0.83204747994974382  0.84659120165357005
  0.86045331383912282  0.87342255278515735  0.88602113452619036  0.89923914229475288
  0.91303352996995513  0.92653831607707360  0.93932223703972684  0.95202107622085230
  0.96432780124726480  0.97626017983164903  0.98819593656558591  1.00000000000000000
 -0.00230052291223679  0.00827865220858214  0.01796479817281496  0.02835325655441959
  0.04023568465916561  0.05209128581478172  0.06327571781948153  0.07484964686597648
  0.08589881906407161  0.09567578517208547  0.10507379661890369  0.11584801289633426
  0.12669614023758494  0.13681544811260454  0.14675789066153494  0.15769948231004749
  0.16961828428192563  0.18173336698101372  0.19322425677687843  0.20282621515965599
  0.21235164593914460  0.22205928612237386  0.23256060597843542  0.24354712668628234
  0.25553244106997064  0.26694537663454437  0.27890372126658047  0.29108655166112396
  0.30468012733374278  0.31825477877075553  0.33115490857617991  0.34416568007092752
  0.35645396724628808  0.36784426365356326  0.37902432986590789  0.38985450572547298
  0.40041570834020435  0.41106334183406434  0.42094323512523041  0.42969624434345877
  0.43851363103231583  0.44698273698222668  0.45635697943561382  0.46529703004605444
  0.47443054298475512  0.48451732945903103  0.49674764815030470  0.50858907227286021
  0.52048760837756802  0.53380538422635471  0.54612992020597306  0.55777967128728267
  0.56809600824885997  0.57804072502305803  0.58737950110213788  0.59657244339943161
  0.60650520259497376  0.61745677810867028  0.62711675130449529  0.63547815746629865
  0.64457332560680813  0.65728036016011693  0.66982047797788724  0.68179133905376577
  0.69498745469309986  0.70830819833515057  0.71997800919866917  0.73097427582036034
  0.74171288894123699  0.75245335719710094  0.76283057217182237  0.77190795429617443
  0.78005478159469066  0.78912921661909052  0.79862182868333786  0.80731665367824312
  0.81571125621944229  0.82324145179220354  0.83013097515379153  0.83940168801645221
  0.85123262601124206  0.86301891686031107  0.87344804721816094  0.88336561740612596
  0.89322957291058802  0.90292189705749515  0.91228323270879419  0.92206771263550746
  0.93264368221540594  0.94283377342227104  0.95186148819951755  0.96095030283873750
  0.97065674635579635  0.98130038992584512  0.99067033672761362  1.00000000000000000
 -0.00270304453595528  0.00852313931943763  0.01972636633156342  0.03083944421390110
  0.04157745040203321  0.05008201740292292  0.05774693563390675  0.06479166868958275
  0.07213693964768195  0.08061228770969094  0.08879855020795266  0.09605716604884737
  0.10404549798555704  0.11474211641688213  0.12582811498827864  0.13606690182964640
  0.14630867099717593  0.15719863272281004  0.16918350005601740  0.18224865057213310
  0.19563136762061117  0.20915787085324161  0.22291275046723338  0.23574624706742686
  0.24666156083585891  0.25666256424027351  0.26556916656606044  0.27486041111097859
  0.28469398893496861  0.29552608402636632  0.30710627614847280  0.31873342135853838
  0.32977997300303347  0.33970153313167439  0.34911767383795667  0.35856544998216289
  0.36811635502151424  0.37783752128913339  0.38806050968328387  0.39897418187358613
  0.41030138278820305  0.42137805818714086  0.43178540552520916  0.44213870657873872
  0.45296231810046306  0.46322839279500899  0.47404417867713494  0.48515011380687334
  0.49710320869047697  0.50775889489802151  0.51764854109725844  0.52874889052801055
  0.54055360225006621  0.55346144920105378  0.56725137990030416  0.58119953400623092
  0.59495247551390606  0.60710130787081562  0.61818663728316314  0.62933559208778966
  0.64092557886812573  0.65286253835983676  0.66492187131359559  0.67726721747391583
  0.68907132216084810  0.69984599000185166  0.70988223453526855  0.71968939159748024
  0.72956538831153650  0.73937955665080135  0.74970484733963538  0.76124628256116134
  0.77398304276380792  0.78681848123429610  0.79895336467002576  0.81091858277547757
  0.82340955203854449  0.83577786949955890  0.84585753108501538  0.85558538846027155
  0.86551073852533356  0.87487497470470199  0.88355219041137834  0.89208810589115117
  0.90176149436292707  0.91211157310023327  0.92218942491605638  0.93212962391095733
  0.94174375622898632  0.95137065610019544  0.96060482834930705  0.96918308319937718
  0.97764563690927642  0.98542672209603688  0.99282349150883387  1.00000000000000000
 -0.00352325524120850  0.01421565558145211  0.02879609918425359  0.04180773049694732
  0.05322832498477151  0.06387315334113577  0.07478868272764344  0.08510192631573096
  0.09559796760144859  0.10663256911414365  0.11860221980275593  0.13020964355330422
  0.14103029560027711  0.15228603814793878  0.16404854474942698  0.17635274794948810
  0.18865264702704357  0.20150893884154927  0.21414033488214718  0.22462345002468168
  0.23553250018226005  0.24616309828316302  0.25858111645130749  0.27025511945503528
  0.28123713021866886  0.29150175722210753  0.30127755463893408  0.31001176574385497
  0.31879443378994210  0.32756395951455719  0.33728472576997748  0.34744707811340025
  0.35690185922606232  0.36679082163095722  0.37707123105030621  0.38723021879493436
  0.39788300376320890  0.40855502240409264  0.41843771848403760  0.42661666933196657
  0.43467929302092440  0.44336190248521773  0.45247619621251745  0.46226545784264800
  0.47171723206969329  0.48131638273358168  0.49264001645226613  0.50380756887350941
  0.51547992974700740  0.52698498205272182  0.53802369686603035  0.54884459221563520
  0.55971830153958879  0.57179950851150185  0.58343802178238424  0.59418133579996790
  0.60514558857739020  0.61593485632682465  0.62670957181655085  0.63735714665146803
  0.64832797533876774  0.65989232368481610  0.67119853972823285  0.68227627374844524
  0.69268329101300630  0.70191489932586071  0.71114345123491696  0.72035593084554794
  0.72976019955715055  0.74004420418445704  0.75100729722463822  0.76224081195156257
  0.77370896128469113  0.78381432775488569  0.79388889569016452  0.80272786265601770
  0.81166852411258728  0.82154825080279303  0.83189109626221269  0.84373339193688157
  0.85596977706493116  0.86923883219866704  0.88311348673527423  0.89562725226559015
  0.90507789519621940  0.91325789269337132  0.92160085299966188  0.92988713902632802
  0.93771288066136849  0.94554337083459050  0.95400015351957390  0.96224901297934340
  0.97082645905720599  0.97995478027894800  0.99015094332337283  1.00000000000000000
 -0.00237530209342134  0.01026827697977668  0.02035055764670625  0.03251377060779230
  0.04556341751795674  0.06130689370836850  0.07550436439982275  0.08878355821676202
  0.10076937085580889  0.11107705902944429  0.12055099144150473  0.12993096330757345
  0.14010145997869486  0.15042146406061768  0.16119185473831743  0.17206054502279808
  0.18264555954596115  0.19302174599255151  0.20345279616813383  0.21440999371406369
  0.22571722787644513  0.23757779572913418  0.25003966596821597  0.26048985039376943
  0.27055785295870127  0.27991127861095794  0.28955805186167549  0.29925955900122858
  0.30747464928381990  0.31554587154883312  0.32436823052118391  0.33390251592314057
  0.34401597342506257  0.35420083353902554  0.36549307754135973  0.37714656883135222
  0.38809355284556601  0.39802510087842469  0.40674973304218665  0.41484219572213565
  0.42354449266716016  0.43261738439729724  0.44258331976262300  0.45276974219062927
  0.46349771316358312  0.47502559579567477  0.48643380538066588  0.49810984218276261
  0.51122111146363536  0.52475587521468992  0.53748907560453274  0.54971997018745267
  0.56198734095587832  0.57423362949822132  0.58531356452319605  0.59396592313999308
  0.60154658063117206  0.60894318708514095  0.61698655373023426  0.62538143025062876
  0.63351640100208051  0.64148420297747633  0.65096777041639675  0.66504107076637653
  0.67718443631498670  0.68919695335716502  0.69819188767428941  0.70659944893054716
  0.71379916434576174  0.72129783599752217  0.72986523074392173  0.73945986664249086
  0.74921644120227449  0.75817826957376599  0.76745343001650024  0.77718683497053298
  0.78683202551179110  0.79621426081172075  0.80528128580942093  0.81507344086871014
  0.82613349263685287  0.83711229192694780  0.84750879264424783  0.85828063690428613
  0.86908548791944717  0.87957207554439021  0.89021805206057147  0.90200456541026708
  0.91380734316627632  0.92486115243111389  0.93611370128184845  0.94911239331923769
  0.96285943850901501  0.97492407993962427  0.98729650024205018  1.00000000000000000
 -0.00453189300084442  0.01529145762455494  0.03183942070798427  0.04685716064268087
  0.06052422543418952  0.07330354982049062  0.08551496206061174  0.09507649583642540
  0.10512208954313401  0.11272988911494587  0.12085121934080051  0.12867005916848948
  0.13625491274570728  0.14384791699036384  0.15175635305805424  0.16003127178812432
  0.16907310473293971  0.17893896437826434  0.18904750707915491  0.19945510953265400
  0.21018156842073923  0.22054004766659260  0.23116229223445825  0.24285245129263747
  0.25485094186331470  0.26696654657242530  0.27763538045517738  0.28721698417580838
  0.29633454168156009  0.30574790540571667  0.31588962354256561  0.32551840101665219
  0.33528738107745626  0.34516534943939675  0.35527843292419553  0.36530397011948057
  0.37474774221655544  0.38478189497379545  0.39482404430460222  0.40548403425595531
  0.41532948642796780  0.42519041170903871  0.43489693954777453  0.44520596293697023
  0.45608943149578934  0.46822026917856280  0.48006576463871614  0.49135812953600927
  0.50132159330471249  0.51096400714775325  0.52061613755183678  0.53084952167785870
  0.54149359607738778  0.55241807070152171  0.56310323786064376  0.57484035049703175
  0.58615566197246849  0.59729749258965981  0.60852739674148992  0.62015173028281723
  0.63160508640128243  0.64202298333373942  0.65171553767532964  0.66124295527755395
  0.67120386356096939  0.68103510645454235  0.69080778073222049  0.70000158947839664
  0.71063879908894734  0.71976529842639392  0.72930070318318241  0.73774672777351236
  0.74598401534473147  0.75461850018982934  0.76430435279840547  0.77338534573110085
  0.78258290304809108  0.79214551316073334  0.80341628282257016  0.81447380184511686
  0.82412611328554197  0.83433501659113796  0.84526597224485656  0.85730241684207775
  0.86893760107711226  0.88139209742247171  0.89339681584008468  0.90517826097365084
  0.91659576381246233  0.92627597916711846  0.93557358136125979  0.94607178454253060
  0.95743463516059324  0.97014335201777402  0.98342587116618552  1.00000000000000000
 -0.00220189775264270  0.00742055265117225  0.01682115020538134  0.02558794568435961
  0.03453994734188345  0.04368314613846873  0.05190895970635045  0.06027177238417707
  0.06901386235531516  0.07793481892221327  0.08719778427598023  0.09619154753646257
  0.10461908484174764  0.11317469490304564  0.12198635697498787  0.13056674648402700
  0.13878740518622362  0.14751431276785126  0.15637647284312273  0.16515919367187026
  0.17419126462422208  0.18428278992420327  0.19761664931863257  0.21136371172657931
  0.22425983052681270  0.23703817503318278  0.24969922216481566  0.26250233423355385
  0.27450195865550348  0.28574998990654710  0.29564685349240566  0.30482896780904989
  0.31468816814427625  0.32527844254859500  0.33582978965167154  0.34621194731144533
  0.35863834760947788  0.37306642542092466  0.38825994982412060  0.40224263634032670
  0.41470185791808323  0.42591171473774769  0.43596451344198889  0.44598754958939330
  0.45601648621446550  0.46716973926738087  0.47896217557891158  0.49199287361062993
  0.50320509334893759  0.51203083901462898  0.52036440991209187  0.52996252965218726
  0.54017016145941965  0.54971251011591371  0.55916761047993424  0.57036224156768278
  0.58333954419674328  0.59656812951005289  0.60953130157229340  0.62193742532783558
  0.63304132023126869  0.64313825745431974  0.65300906730684138  0.66351756255875938
  0.67559010642849004  0.68917554364446110  0.70186117965238837  0.71316903525916897
  0.72428098872062008  0.73449864111821161  0.74412839176095857  0.75329686271632157
  0.76304054974044822  0.77304876692062818  0.78375693757438281  0.79451851749158131
  0.80575907911576339  0.81659052640221841  0.82761768025329785  0.83778685622299254
  0.84723295582760016  0.85665656371413490  0.86580296952557512  0.87500440099329913
  0.88433767450516709  0.89409212597593257  0.90468936910338960  0.91587721129415800
  0.92621394458320294  0.93640926437824457  0.94744642847135607  0.95848338246596232
  0.96878249299624120  0.97931122219265909  0.98968450380710971  1.00000000000000000
 -0.00213172264015552  0.00830613435430247  0.01646279474540570  0.02506957115929869
  0.03433008897789001  0.04493172244960620  0.05562912734552242  0.06589582625324537
  0.07549510293182728  0.08477218297542417  0.09414192450842736  0.10346263928757155
  0.11498176762094779  0.12756733590354699  0.14083581904470735  0.15399572081469701
  0.16613956152942372  0.17803021662948340  0.19019441046615201  0.20223362787347332
  0.21455222544063363  0.22742708598722258  0.24100607917802205  0.25534974384127990
  0.26888335893761761  0.28186310207736293  0.29310315994747121  0.30452793311595794
  0.31487224204614517  0.32451110812061668  0.33413185153415575  0.34347177964481329
  0.35364907863904943  0.36503025705356806  0.37657254146167651  0.38649131848783269
  0.39617487223866721  0.40573472587462611  0.41551584866586166  0.42568645118789550
  0.43600721080044214  0.44703950270571269  0.45834113532990339  0.46950295868447411
  0.48097467977378522  0.49304397352329510  0.50437050227762925  0.51483108754328233
  0.52446420645709624  0.53406841907193159  0.54340499865312475  0.55282906519939101
  0.56293112039564897  0.57386260013398249  0.58591362603021968  0.59837830381701829
  0.61189143958931169  0.62496774383814624  0.63734106556917491  0.64854816002737492
  0.65879155056078864  0.66880992558056507  0.67881187294634038  0.69001312141438687
  0.70101965719638637  0.71246370276770421  0.72476343824480916  0.73589852586495252
  0.74811823993788196  0.75941889177755995  0.77214421231193731  0.78448404115395720
  0.79659072023245048  0.80816923423165310  0.81910103983124993  0.83004318421759304
  0.84169194375212575  0.85296505943772771  0.86194127676623500  0.87125719715855954
  0.87954549969253748  0.88943297247918052  0.89807718300179684  0.90535683662735300
  0.91342051031662364  0.92130541305893809  0.92834124637396753  0.93492706190189778
  0.94106053734359507  0.94766595803200770  0.95505997670349196  0.96303790465334260
  0.97113971441406399  0.97924404225435946  0.98974589854094241  1.00000000000000000
 -0.00640649452064390  0.03672934814382649  0.06179829804618048  0.08147638589330991
  0.09943664944809928  0.11695236953398699  0.13462776948410585  0.15130608977406004
  0.16704317883397032  0.18085176665780037  0.19243351854043006  0.20296689765487252
  0.21341086057433947  0.22365446050016985  0.23311728479217619  0.24246846125431634
  0.25182670968525467  0.26108121021394021  0.27024365799164252  0.27926105848239074
  0.28765204664707072  0.29555234923585849  0.30356732758206822  0.31178328569794489
  0.32003489871029273  0.32821790257739736  0.33686875092271956  0.34648879992345505
  0.35691535047930395  0.36827062072079159  0.37821449408916269  0.38657142485064810
  0.39362481833638951  0.40015506053128358  0.40654114565007760  0.41293790751480286
  0.41939825723817203  0.42603316870127794  0.43303231909274953  0.44022775169493794
  0.44764507508529777  0.45540006306776754  0.46353197323177925  0.47146281829743830
  0.47907184399997410  0.48737525389478331  0.49626629706689390  0.50486562789890987
  0.51300967908506023  0.52093041203831059  0.52821821758090370  0.53560550406894547
  0.54268987211500763  0.54930658202418470  0.55585052459699658  0.56245167403669960
  0.56975735874960509  0.57773700458249733  0.58627536714236017  0.59403873652318007
  0.60081040584995826  0.60768973281063454  0.61511478302576938  0.62393504532081723
  0.63109433934134984  0.63844909653872883  0.64520867437394003  0.65124536372556874
  0.65692186440183697  0.66251015651467693  0.66845503987363486  0.67509970615154402
  0.68206100623285493  0.68881501344423723  0.69640734363661849  0.70433102182245222
  0.71426849609638887  0.72461348747372722  0.73437726489205157  0.74394658263528113
  0.75500293259465967  0.76725811274587485  0.77991377947472140  0.79249179434415207
  0.80510442015743444  0.81866893311380629  0.83255702891475591  0.84553209667189477
  0.85737415128046646  0.86937416974859438  0.88254208579365878  0.89719913476283975
  0.91357863230581882  0.93495406904480549  0.96412111894854391  1.00000000000000000
 -0.00217970281093466  0.01110830108107157  0.02175137508040273  0.03314239922160846
  0.04465329007030192  0.05710775895411132  0.06950962191944395  0.08206448353097293
  0.09388856483887668  0.10483961300276734  0.11589266048723081  0.12613849894254867
  0.13603555657955194  0.14547247033449820  0.15448179817196753  0.16345906732905788
  0.17288835501311794  0.18284493736437385  0.19411513555245935  0.20618246094209611
  0.21696526761210352  0.22657812718725048  0.23600159441969734  0.24556764473503057
  0.25504721694817634  0.26440640389404407  0.27382159278201573  0.28294532806890454
  0.29175198170969108  0.30047064381855459  0.31058326879628656  0.32031840171854065
  0.32925316589058440  0.33843777546961190  0.34878601680568427  0.36008800308742939
  0.37153500771167308  0.38280556813810512  0.39428420442380813  0.40587214398114113
  0.41752749355039903  0.42749217349432206  0.43643474207862570  0.44533499087968070
  0.45526662392895062  0.46680486776581798  0.47910031376269369  0.49125849737882527
  0.50341046195681061  0.51496904109455344  0.52513616735731727  0.53492037952462712
  0.54545838662643054  0.55666050035888792  0.56761873790329243  0.57826611125590510
  0.58851269929703509  0.59758857653055353  0.60623258906345712  0.61554457499972015
  0.62513023427170145  0.63665873877970713  0.64701657676890423  0.65970007161622513
  0.67325049712740492  0.68650318790558984  0.69910310871777048  0.70962212554098514
  0.71880467097140610  0.72852698943537009  0.73883330689726523  0.74804391055954766
  0.75630392835038984  0.76418033615843750  0.77259235394475934  0.78260951450560556
  0.79315459570607427  0.80292285656807905  0.81226373367844662  0.82154950634852586
  0.83070424575783708  0.83981358802417050  0.84861073906145446  0.85813714456398971
  0.86831213020519094  0.87978020643429355  0.89235285631682049  0.90544653381605289
  0.91966677301601740  0.93402305547853692  0.94753312934525069  0.96015206548309773
  0.97190710549855053  0.98202471364288069  0.99115169236735412  1.00000000000000000
 -0.00724378493823158  0.15406422524987362  0.21092672474357987  0.25441681406308425
  0.28991876167479219  0.32105457293314105  0.34870858220155032  0.37718776451254971
  0.40313724338674439  0.42654722114679033  0.44664638199454915  0.46447107253163400
  0.48147389657532558  0.49812409163840854  0.51324412415801146  0.52576058670408543
  0.53796707061803828  0.54973346010584900  0.56227574544303149  0.57476694360343028
  0.58604719673402328  0.59607263948288625  0.60602192557914014  0.61623513388410089
  0.62656105180286548  0.63656898786072913  0.64580430134335853  0.65497294453314303
  0.66413015856162472  0.67366877368091227  0.68287909866308760  0.69142256925054180
  0.69909495428088175  0.70610092275980763  0.71269067303907474  0.71914901529093678
  0.72582603102540200  0.73270708147480534  0.73910360023765309  0.74505892547748176
  0.75030628702361979  0.75469929285885495  0.75923079841598673  0.76385455797900859
  0.76858255664980657  0.77334060525887438  0.77806571553865067  0.78230049612061969
  0.78643503824949323  0.79045898326356512  0.79483368623399175  0.79925791389681355
  0.80361790153552248  0.80780955104920926  0.81169039894629136  0.81594937194864758
  0.81999256940413723  0.82395118693712843  0.82814724823511965  0.83238743298685780
  0.83690215689657987  0.84145769429992590  0.84593686078759145  0.85047260944572411
  0.85520539049585609  0.85981774142904932  0.86405615463521601  0.86815353391565619
  0.87206196854487095  0.87584795522418391  0.87955287945986826  0.88314131943367913
  0.88671922975219564  0.89021818948211151  0.89361423206416590  0.89713107198005193
  0.90076505435091514  0.90466292160942618  0.90854655011096941  0.91232804370018761
  0.91588120410193596  0.91936030991765372  0.92284696366982211  0.92647810628923777
  0.93012523780247658  0.93386130957229452  0.93774030236966299  0.94178373073341726
  0.94603105158722833  0.95036550211157833  0.95502448240827476  0.96020480143145626
  0.96587544114620938  0.97246303785632915  0.98188525054051046  1.00000000000000000
 -0.02276015466404272  0.14068718900536467  0.17620850488197198  0.19995759443548253
  0.21931219030760216  0.23608728903357140  0.25024233473333901  0.26233996822409550
  0.27352381892668459  0.28299666560643039  0.29204340982027149  0.30092343739438854
  0.30849492785794458  0.31597894296847212  0.32253034440911910  0.32950643652065109
  0.33602148070830995  0.34219713270637764  0.34823933895724912  0.35442107755722801
  0.36096306233223407  0.36733202364177231  0.37332707442557539  0.37932698859194558
  0.38548186235578163  0.39197434954767885  0.39767616665030558  0.40243465705741216
  0.40674986771694205  0.41159746667995434  0.41680221987445731  0.42198117724145179
  0.42720870089089408  0.43214596764772406  0.43687672264381106  0.44129706710668926
  0.44544192491249779  0.44982538637907366  0.45438261751986220  0.45935437796318229
  0.46475039143929225  0.47008480726742924  0.47517264244301000  0.48028557454588683
  0.48512168125161204  0.48991589645995787  0.49494326306586456  0.50021258137485247
  0.50516525807386259  0.51007932232655961  0.51462055051284417  0.51897123110711219
  0.52310755704390954  0.52700401843481814  0.53089230060973336  0.53481502347007936
  0.53885078732629277  0.54288415403256973  0.54687823260733903  0.55066507496878070
  0.55466725288224350  0.55898033341243702  0.56383432510053744  0.56894549757671853
  0.57386684658079334  0.57865797291178300  0.58348143864433832  0.58837773185711040
  0.59325005277669773  0.59792130092828444  0.60254576702907880  0.60777174459317229
  0.61384642988863003  0.62015521281611541  0.62649042754587247  0.63295855870831008
  0.63921150932623239  0.64564383837437855  0.65251147533024378  0.65963295180228243
  0.66719413025242236  0.67448227401127736  0.68180623192846135  0.69046833764349547
  0.69964744981889060  0.70913677784742424  0.71835981333504040  0.72776537867974389
  0.73791047515967423  0.74891053088469184  0.76025760653118823  0.77401584722781214
  0.79172244944259407  0.81376176862205751  0.85384941889670352  1.00000000000000000
   2.6695859286874664E-012  -1.0000000000000000     
 T F F T F F F F F F F F T F F T F F F F F F F F F F F F F F F F F F F F F F F F F F F F F F F F T F F T F F F F F F F F T F F T T F F T F F F F F F F F T F F T F F F F F F F F F F F F F F F F F F F F F F F F F F F F F F F F T F F T F F F F F F F F T F F T T F F T F F F F F F F F T F F T F F F F F F F F F F F F F F F F F F F F F F F F F F F F F F F F T F F T F F F F F F F F T F F T T F F T F F F F F F F F T F F T F F F F F F F F F F F F F F F F F F F F F F F F F F F F F F F F T F F T F F F F F F F F T F F T T F F T F F F F F F F F T F F T F F F F F F F F F F F F F F F F F F F F F F F F F F F F F F F F T F F T F F F F F F F F T F F T T F F T F F F F F F F F T F F T F F F F F F F F F F F F F F F F F F F F F F F F F F F F F F F F T F F T F F F F F F F F T F F T T F F T F F F F F F F F T F F T F F F F F F F F F F F F F F F F F F F F F F F F F F F F F F F F T F F T F F F F F F F F T F F T T F F T F F F F F F F F T F F T F F F F F F F F F F F F F F F F F F F F F F F F F F F F F F F F T F F T F F F F F F F F T F F T
  <DiscreteSampler_grid>
  grouped_processes
  1 # 1 for a reference and 2 for a running grid.
  10 # Attribute 'min_bin_probing_points' of the grid.
  1 # Attribute 'grid_mode' of the grid. 1=='default',2=='initialization'
  0.0000000000000000 # Attribute 'small_contrib_threshold' of the grid.
  0.5000000000000000 # Attribute 'damping_power' of the grid.
 # binID   n_entries weight   weight_sqr   abs_weight
    25   10   4.458319274388630E-003   6.628735916411263E-005   4.458319274388630E-003
    26   10   4.458319274388663E-003   6.628735916411376E-005   4.458319274388663E-003
    28   10   4.458319274388630E-003   6.628735916411263E-005   4.458319274388630E-003
    29   10   4.458319274388663E-003   6.628735916411376E-005   4.458319274388663E-003
    31   10   5.808397146947328E-003   1.120280508748203E-004   5.808397146947328E-003
    32   10   5.808397146947370E-003   1.120280508748221E-004   5.808397146947370E-003
    34   10   5.770413517037663E-003   1.099699704949133E-004   5.770413517037663E-003
    35   10   5.770413517037694E-003   1.099699704949146E-004   5.770413517037694E-003
    37   10   7.519420239608965E-003   1.859508235495315E-004   7.519420239608965E-003
    38   10   7.519420239609008E-003   1.859508235495338E-004   7.519420239609008E-003
    40   10   7.519420239608965E-003   1.859508235495315E-004   7.519420239608965E-003
    41   10   7.519420239609008E-003   1.859508235495338E-004   7.519420239609008E-003
  </DiscreteSampler_grid>
