 -0.00000010280125069  0.00000222270269057  0.00000630850048134  0.00001042729569200
  0.00001416804659885  0.00001714195709698  0.00001999523120493  0.00002232773968126
  0.00002447632323158  0.00002612797356306  0.00002737160142676  0.00002857240623382
  0.00002969350971207  0.00003064815548685  0.00003155990305686  0.00003240437663216
  0.00003318619705691  0.00003394775818816  0.00003470692376371  0.00003548188543025
  0.00003638341804841  0.00003751241563882  0.00006154775268549  0.00006278452548126
  0.00006357276866097  0.00006425280830384  0.00006497135337578  0.00006574725951681
  0.00006655930582568  0.00006746633937826  0.00006841242982861  0.00006939341901178
  0.00007043908180454  0.00007156058876451  0.00007276177749185  0.00007396279091771
  0.00007497570630704  0.00007587235512598  0.00007686862148512  0.00007794579704073
  0.00007899835570062  0.00008014341034923  0.00008176988165428  0.00008338664434957
  0.00008507194648409  0.00008650997018785  0.00008791346432785  0.00008951440982996
  0.00009124098140560  0.00009328437325401  0.00009592020419581  0.00009835609811936
  0.00010107871959801  0.00010420050079804  0.00010757243093648  0.00011111052737173
  0.00011525927331346  0.00012071851947165  0.00012720946769651  0.00013455610626667
  0.00014318903750905  0.00015253112848042  0.00016252182700765  0.00017312222386028
  0.00018320599359874  0.00019394893753486  0.00020490511344247  0.00021566799056337
  0.00022722396307119  0.00024309371555760  0.00025938477121412  0.00027443264999832
  0.00029143956830277  0.00031036591538972  0.00033157827014611  0.00035490703138140
  0.00038149138263227  0.00041519534644836  0.00045986216708277  0.00050372935830837
  0.00054306001541541  0.00058395452959367  0.00062383600138476  0.00066684080217828
  0.00071920659047318  0.00078531303514937  0.00084146151856285  0.00090371854242185
  0.00098157005529731  0.00111738018635652  0.00136588905760976  0.00170701443550500
  0.00214041795629563  0.00273730931803721  0.00660087985144657  1.00000000000000000
 -0.00000008935800895  0.00000244215742406  0.00000705068709562  0.00001108648959762
  0.00001445140633812  0.00001754718387329  0.00002025919955926  0.00002221146052941
  0.00002382648755119  0.00002523431205812  0.00002652176196171  0.00002781001659635
  0.00002904599157747  0.00003012375654160  0.00003111695082797  0.00003203891124834
  0.00003293543160200  0.00003384262799559  0.00003476162845656  0.00003574603040671
  0.00003712635175513  0.00003907379379734  0.00006211758556827  0.00006349227464619
  0.00006423124955097  0.00006493198362249  0.00006561937689097  0.00006632688096373
  0.00006723620305155  0.00006822306081850  0.00006921973182085  0.00007023703968914
  0.00007127497095497  0.00007233007199727  0.00007337112514903  0.00007428226927822
  0.00007550966816420  0.00007701740385309  0.00007876984493750  0.00008068826369179
  0.00008285220324814  0.00008524574165758  0.00008785027989099  0.00009062778879694
  0.00009360118490812  0.00009690902108906  0.00010065457075524  0.00010481973962794
  0.00010911819387177  0.00011363415279399  0.00011860825819724  0.00012451717564969
  0.00013077031091998  0.00013738712951678  0.00014457779957323  0.00015121170333826
  0.00015834336445551  0.00016594931472616  0.00017402529255254  0.00018331279717710
  0.00019304845016020  0.00020253966547927  0.00021194441596159  0.00022149989652899
  0.00023175834003561  0.00024159679453972  0.00025250335449033  0.00026192509773010
  0.00027093817415635  0.00028065304839338  0.00029346036508281  0.00031481111323678
  0.00033712261657316  0.00035766353358665  0.00037945322135057  0.00040161925691935
  0.00042306938101169  0.00044554981430513  0.00046535716156656  0.00050067148087777
  0.00053892713699111  0.00058432553598430  0.00064077988304802  0.00070050432801329
  0.00075577146846695  0.00080180921547424  0.00085500395677557  0.00093776357713875
  0.00103895726650692  0.00115436685296618  0.00128422000991931  0.00148747261001332
  0.00181674969370258  0.00266998213193439  0.00708709731668476  1.00000000000000000
  0.00638674084485975  0.01532583319693694  0.02697322026961357  0.03882789188022930
  0.05314077889113815  0.06957644314202492  0.08544195269774708  0.10018364981126117
  0.11424714288863984  0.12792630271054123  0.14080896060016321  0.15534547074610028
  0.16952875905302989  0.18340471032460851  0.19747719988594672  0.21179785300081427
  0.22656473415128514  0.24032284460500103  0.25143242039749808  0.26039919850007859
  0.26937221455928206  0.28055827643607240  0.29308134909639560  0.30614082515441671
  0.32178276791208343  0.33847302118286449  0.34729437520093565  0.35551314094459047
  0.36274144881062226  0.37250235811970700  0.38731631673339911  0.40214158341982764
  0.41460775208336315  0.42580072129117447  0.43696828492834244  0.44680427364325037
  0.45572677406004591  0.46472636201701178  0.47504981232848470  0.48573482967627984
  0.49474017939929871  0.50302093570278361  0.51567137652419082  0.52892313224002829
  0.54083627580506144  0.55157179110709353  0.56117478723849057  0.56928631069451330
  0.57714724661872330  0.58451172021018727  0.59113543279339709  0.59884169992014891
  0.60869289308767627  0.61871341841174443  0.62779754977865776  0.63568452302007961
  0.64299677399308153  0.64981948389907596  0.65624086997768039  0.66320073752655173
  0.67000235338531511  0.67926355354349455  0.69000636198863186  0.70048699010984750
  0.71227853035778310  0.72324773404906173  0.73358052275367214  0.74352334743504545
  0.75471412304927110  0.76897890260242541  0.78266464082557874  0.79260951805375446
  0.80053336099117200  0.80721396897669273  0.81316499588959956  0.81938498311009678
  0.82681277859642055  0.83506752701524578  0.84394994546514379  0.85353150323797700
  0.86421132389857946  0.87414567406707411  0.88331168326914555  0.89257268198066975
  0.90062623141043074  0.90844620105607743  0.91708930273404088  0.92548183635828329
  0.93423994229393137  0.94420618493398156  0.95478415891245738  0.96595383864892181
  0.97771639068645411  0.98632732695541847  0.99086322883680977  1.00000000000000000
  0.00255696253197893  0.01582320979211903  0.02528575144595780  0.03442786444310091
  0.04297016621332404  0.05143677712770241  0.06129858432079983  0.07346763331271709
  0.08685068270418068  0.10207946678962757  0.11259155689475051  0.12211749698014690
  0.13405612073311030  0.14472209425484697  0.15503423814415712  0.16558425196934173
  0.17764404380912976  0.18940857861448926  0.19978704872619199  0.20793980121854538
  0.21616503478349927  0.22305953277266491  0.22922686240058585  0.23591429639928568
  0.24551407628267391  0.26045231855851403  0.27227682845532053  0.28138182091331826
  0.29006776809771634  0.29973601438224140  0.31053879398637224  0.32010300091241778
  0.33003828471019214  0.33905334078609511  0.34680708934349069  0.35402921623821854
  0.36258333429819178  0.37099274170859164  0.38341833817369542  0.39694190196388046
  0.41204408706882167  0.42639771881584992  0.43923134618677129  0.45204410656382882
  0.46480765843630129  0.47680886266861688  0.48631562456548594  0.49284080392184332
  0.49903066896110115  0.51038670494581517  0.52484165469238953  0.53961876458697910
  0.55395825962481671  0.56774745392848247  0.58049973403630839  0.58957662144996170
  0.59653538936436268  0.60416508146441683  0.61201588868879264  0.62123646432860036
  0.63164200072016152  0.64437881550954801  0.65520869903257850  0.66598086507711929
  0.67758326523264911  0.69041693500667256  0.70412475328912139  0.71589445028387888
  0.72686612421562635  0.73699172941269797  0.74786506171165534  0.75847815767459448
  0.76751637331703804  0.77763736987562249  0.79004695653289347  0.80284428534627394
  0.81598641495986857  0.82810645919673709  0.84141752962574856  0.85516051218141653
  0.86923093139759544  0.88417466966235170  0.89895543181810544  0.90721545415103966
  0.91732540133715113  0.92525135765748567  0.93193764329625217  0.93844313087880959
  0.94498597356830805  0.95349071450600720  0.96245963255545930  0.97053579321314198
  0.97775226591254882  0.98593780928236097  0.99251574793569153  1.00000000000000000
 -0.00062531720565506  0.00359943556491438  0.00576591771443137  0.00830799416963527
  0.01110442333968745  0.01456953030776483  0.01956430761962782  0.02485539259326987
  0.02929013201353004  0.03515677408386073  0.04169174853814652  0.04642620936160475
  0.05094938244421191  0.05594801621167701  0.06332757915512634  0.06977946992708273
  0.07511162267732520  0.08045058269290199  0.08648223655756868  0.09314701740575912
  0.09981321592035633  0.10604260911091622  0.11530467063294877  0.12441856325588146
  0.13254217936066529  0.14159118468803714  0.15522043650018705  0.17109857051563726
  0.18602114355939162  0.19918710970911238  0.21095779800113817  0.22462384926473608
  0.23769364463148190  0.24855380851789879  0.25765886650507386  0.26625547581742331
  0.27501933935077222  0.28535493612996038  0.29866370269086379  0.31359592788835478
  0.32660671970364441  0.33795298260745193  0.34911804379072975  0.35721049141716810
  0.36425846167103526  0.37261040257130557  0.38204797466815038  0.39205379321356609
  0.40524632152236323  0.41570940242939919  0.42562068135270525  0.43557878899592595
  0.44570643026552609  0.45568626459135764  0.46572418219654166  0.47617832975792285
  0.48924670099379197  0.50466462766503450  0.52155841634027489  0.53814858431221846
  0.55418774049829034  0.56971526890267821  0.58413220967814383  0.59822957931425946
  0.61115105533984293  0.62165152101120846  0.63097566475598110  0.64037465141249039
  0.65029633719702029  0.65816722619271162  0.66692305115151229  0.67705965417218461
  0.68832364560181192  0.70105931441758396  0.71638663131195313  0.73167592171891882
  0.74379360799280458  0.75578549987711174  0.76790099795939615  0.78028876978747852
  0.79319435732842647  0.80722289072339870  0.82187823954065586  0.83762353188808725
  0.85392638422986533  0.86808529647286659  0.88119785758167968  0.89333977546477616
  0.90374275853624864  0.91570344322904107  0.92872392784793123  0.94135439366653506
  0.95392099937064856  0.96761524286118961  0.98309685966246729  1.00000000000000000
 -0.00206220657451253  0.00899596983785037  0.01666910633731402  0.02488746243114048
  0.03365619032277520  0.04276950632242945  0.05148789931495856  0.05928347495621898
  0.06966582117656564  0.08271422134117215  0.09743443570485440  0.11206671150759025
  0.12528593246826353  0.13631712631963649  0.14518295904823153  0.15275113664021719
  0.16031428527712002  0.16763294009108468  0.17614949813913666  0.18503377128136353
  0.19394567170248952  0.20306835187780595  0.21211168500485367  0.22168704460739616
  0.22983348174751325  0.23724927036530805  0.24468184109910110  0.25197225757172992
  0.26003646746858072  0.26937280586083912  0.28139021649693785  0.29412306800468796
  0.30706375808897618  0.31914449795815653  0.33068970145167237  0.34231056227875367
  0.35406234470429548  0.36519154935287490  0.37591199698240446  0.38453457136731806
  0.39165310710752810  0.39867186559676671  0.40760318968333153  0.41991692207751941
  0.43275507467628899  0.44548364729450185  0.45828194967728469  0.47173021921722419
  0.48562665411061784  0.49957499807130923  0.51310050680774133  0.52581704483528890
  0.53767989008179218  0.54901273436122944  0.55933132987501788  0.56978429577168666
  0.58121864696350556  0.59530386213723607  0.60988973632222698  0.62236268949021478
  0.63278271703359501  0.64225895791243182  0.65234004128837386  0.66297016004989284
  0.67219894949184666  0.68108284935821028  0.69043551750084931  0.70138430273571828
  0.71584587043406189  0.72930195435986378  0.74157627071021359  0.75294726188079575
  0.76498312144895841  0.77601459018118257  0.78528864294069778  0.79123982983286445
  0.79668546309558175  0.80132758787807035  0.80637728303284639  0.81434036341085625
  0.82614504071472306  0.83702736085373597  0.84604161090282370  0.85518077234283751
  0.86316488295746341  0.86957425363613450  0.87614599062156828  0.88438932238599299
  0.90231654138481132  0.92007705315496535  0.93322848288656135  0.94558547533905180
  0.95658331735904267  0.96789668542174379  0.98175875706056104  1.00000000000000000
 -0.00472862919692184  0.01254218752686738  0.02904378739846859  0.04485583994729081
  0.06017178345055532  0.07495825167689789  0.08819456756988249  0.10047114214962413
  0.11116999373166736  0.12186183981896308  0.13029131163317600  0.13905984592087273
  0.14913545042843557  0.15778190937385880  0.16675785814714658  0.17635088121013540
  0.18621231415515380  0.19529545957501901  0.20330423084536700  0.21161837909880035
  0.21966308960305711  0.22725415098501425  0.23497922502462998  0.24282652050772602
  0.25004656618937232  0.25552899463058210  0.26104253970444286  0.26772154368559753
  0.27546779144200528  0.28278827526145822  0.29062337570987085  0.29831620745007414
  0.30625396881083711  0.31628374152932465  0.32658929167618550  0.33624574538974566
  0.34575216114408458  0.35572014648347899  0.36659954697091002  0.37844753213587345
  0.39177166386377366  0.40505455151539438  0.41902744298022054  0.43280324485456478
  0.44465040669926470  0.45591314892650303  0.46795304588260822  0.47511300402962242
  0.47905556899135676  0.48308509183955761  0.48724008848847089  0.49296002594416294
  0.50198573715282324  0.51106461067888753  0.52014252843622832  0.52853120243491269
  0.53523276775454576  0.54107372742594440  0.54753242055792273  0.55505280883866592
  0.56169917164341721  0.56821102918972333  0.57562295288012755  0.58369825942974607
  0.59411391372502431  0.60540555490646564  0.61617875127749144  0.62793604702548556
  0.64128302428314587  0.65569911555052041  0.67082138323692531  0.68554798061623101
  0.69890697932431101  0.71166082281547471  0.72426437572725633  0.73702959589220740
  0.75059096132220504  0.76379697817422798  0.77583493782532043  0.78915799955151467
  0.80427896955544753  0.81990699385963572  0.83148086960746248  0.84118741532327901
  0.85148220630672511  0.86384507402230448  0.87920742470016211  0.89931380520563398
  0.91685377650563826  0.93166667913167600  0.94488225279872651  0.95712080063933802
  0.96783531772267106  0.97861768496153367  0.98829280478552928  1.00000000000000000
 -0.00228839059221900  0.00854693302622847  0.02060358582579989  0.02937061677430121
  0.03911474682863815  0.04946169848057722  0.06057474918189755  0.07073023514160837
  0.08003414550573588  0.08906669251399299  0.09828938503013818  0.10979419971125023
  0.12360272461707715  0.13659163610960112  0.14883884136044556  0.15966319510281593
  0.16946050419143058  0.17989710087417859  0.19080543327444491  0.20431333717279057
  0.21598307441631798  0.22805289257734548  0.24333982395129275  0.25212674936922613
  0.26127440020867149  0.27139136108447348  0.28029177613611500  0.28758649184073792
  0.29665885415177001  0.30745527587576149  0.31861145120293910  0.32860302129982355
  0.33781330403032944  0.34555756430821699  0.35455851876845912  0.36495497663174498
  0.37626985611617420  0.38709202885399968  0.39836295362039947  0.41063255492064543
  0.42381323853531810  0.43768819672826592  0.45214953180621209  0.46637335125921775
  0.48098318269641938  0.49572068583859358  0.50934062971457350  0.52255212308187060
  0.53521052828622540  0.54681263883103282  0.55662501229107164  0.56690784486743007
  0.57654482426095277  0.58900710584692695  0.60292285085858222  0.61644978357333358
  0.62900310021019656  0.64118294607166537  0.65124824115580726  0.65846856964030576
  0.66528769526780196  0.67396471911075306  0.68409885966633721  0.69344560375261444
  0.70002006883672740  0.70665366427678578  0.71403749901803681  0.72372571739094671
  0.73424072354606795  0.74535013599186606  0.75405351963356648  0.76269675296814421
  0.77285814510192707  0.78200272774771595  0.78835550867746695  0.79277004556037134
  0.79711544283017000  0.80290539870372701  0.81063110510438641  0.82048513045855997
  0.82885266809115343  0.83786899431688666  0.84858807982712647  0.86263868582270564
  0.87433729478211630  0.88484747241392037  0.89629467123610229  0.90583861935776500
  0.91862595194846319  0.93424545094015754  0.94798091736085976  0.96108903655721289
  0.97069658393320091  0.98003944416439326  0.99000771845420998  1.00000000000000000
 -0.00179915623760804  0.00828363731555027  0.01925388963131267  0.03013555633106218
  0.04063691529694444  0.05231015732024833  0.06266356807276469  0.07243189437609197
  0.08208759247167817  0.09128997001657195  0.10003747465241733  0.10676929173273902
  0.11310306017674640  0.12143126165591972  0.13365820292996911  0.14644707252175757
  0.15852184984247042  0.16901115473390943  0.17818000355419469  0.18654220241941913
  0.19422494159551812  0.20195976994721473  0.21059874042148694  0.21914560757883600
  0.22806174124020565  0.23808281040475893  0.24877333220555994  0.25986617384275007
  0.27060331415288358  0.28366023671376955  0.29531801412064790  0.30743794787794992
  0.32076873044200116  0.33371957795913776  0.34394930581961342  0.35580798286879822
  0.36835799461607660  0.38051814188242206  0.39114666433680517  0.39937877357169360
  0.40824686328525422  0.41817872290928132  0.42773909253731462  0.43882765022929610
  0.45172670846590335  0.46138868036029829  0.46937113431871952  0.47912092932672645
  0.48953487922749944  0.50084128649164072  0.51710076701311669  0.53264848271611454
  0.54664416808539229  0.56078073407527951  0.57497592134775832  0.58617032237060573
  0.59519852366799753  0.60491122220850491  0.61526950140538861  0.62208613468164786
  0.62705036152782911  0.63285356765553136  0.63839498580700926  0.64650476045093652
  0.66015779875173852  0.68325121134893607  0.69898812608259664  0.71262402105370193
  0.72435729939087956  0.73547943624739198  0.74718457393440907  0.75998158033466345
  0.77466809596305608  0.79087072031831951  0.80536948984633483  0.81141616497613445
  0.81676309440410655  0.82297991030610718  0.82992987983104982  0.83717701933724553
  0.84291437614712605  0.85165073003624081  0.86324080270250902  0.87420739513699208
  0.88426514750534924  0.89467035727247612  0.90589862821309963  0.91765531947208590
  0.92806629306345478  0.93867133410058434  0.94959972903920054  0.95876204598230030
  0.96949174973368524  0.98040800587578047  0.99064068345904610  1.00000000000000000
 -0.00063574698533213  0.00380464797452751  0.00928459019793968  0.01635693355509247
  0.02825391252841356  0.04115978394618937  0.05278572306339688  0.06326949639851071
  0.07426102036185024  0.08551473041581781  0.09704271462152837  0.10801836778470746
  0.11768771484122723  0.12733474410461357  0.13594224515520781  0.14365859282981755
  0.15177235963842098  0.16216340024190132  0.18263952115092258  0.20269188597935126
  0.22201137658050180  0.23512731632689890  0.24450731599536407  0.25308166771787144
  0.26120844588766245  0.26842288130435232  0.27572405646961595  0.28300933667374450
  0.29065490594683152  0.29682903662506455  0.30327616794288570  0.31115185743944779
  0.32344284554897035  0.33758159842613100  0.35177579961702715  0.36530556566161609
  0.37805894883416497  0.39029988102009755  0.40166298534733008  0.41270308186339821
  0.42348660766106128  0.43335875386634443  0.44640875949034997  0.45997291587614308
  0.47074035001130665  0.48049492351594497  0.49035773844114916  0.49890303017619636
  0.50807552419687396  0.51822581064585860  0.52907357956895984  0.54002620488994235
  0.55012730618327810  0.55909304444564500  0.56618356918615775  0.57342220661485876
  0.58030819950364587  0.58987164449740614  0.60123102933264827  0.61359156067132792
  0.62717605415294120  0.64146921151805381  0.65282689924133364  0.66303599300070404
  0.67424194116408842  0.68455333246709205  0.69361865170346304  0.70272373323079451
  0.71409571843500064  0.72811910802959134  0.74202275761707548  0.75454640784284099
  0.76640960485878551  0.77762526366276952  0.78730262522784633  0.79632317469206038
  0.80658032113743849  0.81697161394356077  0.83223072267541309  0.84463234275150079
  0.85546427357270827  0.86638861242918030  0.87865015693276760  0.89267960815920855
  0.90593564376201208  0.91456956427420077  0.92038498044341743  0.92664960642858429
  0.93330102720200259  0.94037457643020794  0.94809349354535966  0.95704612519534638
  0.96714057914852225  0.97682461421656108  0.98865067055344868  1.00000000000000000
 -0.00176893507054538  0.00762782828302296  0.01629511665495960  0.02423940813910474
  0.03292810149241810  0.04213323608137829  0.04934767988154308  0.05570580688446806
  0.06203234387274525  0.06862088980554504  0.07385870318429488  0.07761497843551493
  0.08164557171127665  0.08575726515755840  0.09121324505722903  0.09698387236007444
  0.10247723400959768  0.10862853707374491  0.11536693477224975  0.12261465036601005
  0.12910531655525345  0.13767238650788075  0.14709421634089501  0.15497362860059066
  0.16090236045664327  0.16685031838768719  0.17463992734487380  0.18257966588587710
  0.18883668629111333  0.19398090568796456  0.20138804261418139  0.20873407190737170
  0.21643912828189649  0.22558929285090873  0.23689842865798993  0.24667841413773958
  0.25431720792914275  0.26266550914606646  0.27254139131640653  0.28337407543133425
  0.29631205397908550  0.31110607446178290  0.32527266646762093  0.34034065923337353
  0.35757959526337618  0.37537081698753427  0.39112599111345148  0.40426576312477258
  0.41541617285445359  0.42906260352385811  0.44154129522058877  0.45371062803248302
  0.46634421016612204  0.47969481171893352  0.49416468846923239  0.51017301882145372
  0.52639147311834988  0.53994900145506297  0.55352216351475925  0.56897659362259778
  0.58496012429263478  0.60241663579476901  0.62067115171215903  0.63840163602851807
  0.65587971302532688  0.67197010800958334  0.68458550440810317  0.69709778621159602
  0.71011750487225112  0.72397342408455800  0.73928953497889949  0.75800545304780564
  0.77346249500344988  0.78682548834884036  0.79416643880231452  0.80111157755340423
  0.80785172077200140  0.81705323560108811  0.82870978550603824  0.84115555141744780
  0.85317928886814742  0.86258858255492010  0.87124962986832555  0.87827077268193010
  0.88365364416676195  0.89325590267825972  0.90300145724365544  0.91252298328123016
  0.92213892518079454  0.93264480168421315  0.94316394109803880  0.95388137597524592
  0.96420408326951001  0.97468560956401495  0.98646869162967132  1.00000000000000000
 -0.00171782969748949  0.00678214867269128  0.01528097471606494  0.02611222232335796
  0.03857789542772044  0.05117032322686312  0.06265029108612347  0.07578787152083537
  0.08861176719411171  0.10094754925366527  0.11454329112658995  0.12687339088418476
  0.13512498172494058  0.14207400866582962  0.14844899319555283  0.15623942128873661
  0.16599683728526105  0.17741142435882148  0.18757989620732940  0.19575548622823982
  0.20291077462842586  0.20780498388836408  0.21450594973488343  0.22126411822544451
  0.22632100292429558  0.23153456953093099  0.23786938612114067  0.24964514903042284
  0.26443532591211094  0.27601012748026049  0.28480735407371444  0.29354730456050554
  0.30322931484915894  0.31734343076254590  0.33075495833718560  0.34339866771423649
  0.35607669345324122  0.36903490288142982  0.38342432507075641  0.39838911405299188
  0.41298246796179960  0.42723918306341629  0.44156874577679389  0.45463130648667310
  0.46575324026556325  0.47588666363633292  0.48690686266750688  0.49709346088120510
  0.50769317323116991  0.51856676784337818  0.53566204114654348  0.54859457773296738
  0.55775258809594186  0.56564998876342831  0.57412230721574298  0.58318608425261831
  0.59236716113870058  0.60215698186083044  0.61551600385176508  0.62918111190059534
  0.64120447915116652  0.65229879552194270  0.66116012099301524  0.66823151430819916
  0.67541719091799057  0.68179110364238504  0.68886826628498998  0.69681982276870391
  0.70579831344451849  0.71646041840443264  0.72868240225795711  0.74197162885910728
  0.75525134035136610  0.76647454911760260  0.77400932527610466  0.78023262718549447
  0.78781467993445398  0.79657544352286946  0.80521890789733785  0.81310398721443089
  0.82132085148286094  0.82733517172464988  0.83429402509268447  0.84257238183755301
  0.85265301938264226  0.86527602088407862  0.87867735804230640  0.89290175943306982
  0.90934180663338804  0.92731627517834470  0.94226871611878193  0.95565620382980809
  0.96698896351952646  0.97917497292112099  0.99053996829248936  1.00000000000000000
 -0.00211388088985771  0.00672589125416680  0.01505933690349142  0.02294963473320762
  0.03075984280544668  0.03915667583797487  0.04824496608113853  0.05872179441372277
  0.06970133027753769  0.07743811113336690  0.08546323284399278  0.09393755996692080
  0.10292679137657752  0.11056729449326239  0.11809778554073030  0.12633534328870832
  0.13658394530986118  0.14551042825505564  0.15283882123356082  0.16013577417192348
  0.16848389299301642  0.18105016658943676  0.19142058887620439  0.20226954299905237
  0.21154076851594611  0.21956627683967489  0.22793381340270047  0.23772662796002442
  0.24586193020064945  0.25325351120690426  0.26135251302008128  0.26989427717175241
  0.27657851364813774  0.28298221672197310  0.28877997615628420  0.29447637162446638
  0.30133514367240127  0.30922739771485636  0.31763813248523803  0.32680198133233562
  0.34007880220210507  0.35058067262373693  0.36228195071896974  0.37289875873608919
  0.38384315571804040  0.39850341988660765  0.41241239076151248  0.42651250051304251
  0.43849933379003181  0.44763337659166147  0.45607639019885748  0.46735943256328860
  0.47643112074940253  0.48695902357431742  0.50029108221487872  0.51507097812457958
  0.52939288296210429  0.54475323080207683  0.56099072765161662  0.57660152856723479
  0.58951914476852774  0.60043698184014516  0.61007782478525330  0.62102214369105768
  0.63164274862440306  0.64388944338715082  0.65797481278166581  0.67320984161656727
  0.68879316582757899  0.70437789579917798  0.71980851608344865  0.73532673359896561
  0.75101074160138470  0.76566776026736838  0.77938052303386463  0.79427819220267981
  0.80724645963545283  0.81816965712109602  0.82864261630197200  0.84117476014636616
  0.85142366076379528  0.86268320988536151  0.87601317032931092  0.89021095258021332
  0.90326385274860410  0.91165985420546247  0.91796908203960059  0.92496522289971139
  0.93169747756136201  0.93846105952203507  0.94815118199027648  0.95548667108337393
  0.96448937062850559  0.97508583262573278  0.98677588244705128  1.00000000000000000
 -0.00067883592524321  0.00474485001890207  0.01043764337283041  0.01535961688074768
  0.02560916736103291  0.03598773262915874  0.04590699669006533  0.05515386286240595
  0.06259404123877051  0.07167537140127665  0.08213146599952718  0.09202217491883584
  0.10230553505739165  0.11441708231583361  0.12631512818678153  0.13677936306450028
  0.14873070851726505  0.15980388572760237  0.16947667424720206  0.17774105101543983
  0.18636929011451250  0.19662924092156331  0.20653191753798902  0.21637350765922633
  0.22611095352531019  0.23455507735650330  0.24249039459649754  0.25004717858332470
  0.25843943858331792  0.26716851451750678  0.27968443687908290  0.28918828599508528
  0.29740131391165703  0.30453009674957610  0.31197561437523613  0.32207174571223673
  0.33328330590974248  0.34252116242479591  0.35033335717813896  0.35780480365963052
  0.36506817785541912  0.37250956307809940  0.38163077557916225  0.39307850448390647
  0.40742307021890894  0.42181568846080147  0.43534784446299191  0.44790946312379665
  0.45945704289071487  0.47190715021780250  0.48210826747917795  0.49052943787256975
  0.49949884227808705  0.50986558805597504  0.51802113280945672  0.52671198045279832
  0.53728146703954693  0.55030523418117783  0.56529341050064230  0.58044439426614891
  0.59320636634562418  0.60533949733389936  0.61976633779661006  0.63063656539805157
  0.63959870654691631  0.64778869113767090  0.65555831736251957  0.66264428444991397
  0.66937927923870522  0.67771526202890808  0.68751288273977318  0.69843590610626949
  0.71074117209064636  0.72293117818412722  0.73498355898950063  0.74835966818057376
  0.76273595745914113  0.77860690126871579  0.79227885774403661  0.80216268496931575
  0.81042084381243906  0.81928476773653303  0.82928250331755782  0.83956664104855683
  0.84998876884720964  0.86030902059083969  0.87153364168214975  0.88323902975122126
  0.89987243347495116  0.91275951181499948  0.92385899071144018  0.93450502696210058
  0.94453471866282168  0.95801803675807196  0.97816120954776831  1.00000000000000000
 -0.03594231855032854  0.36908912960035944  0.41032147279438103  0.44100892885595033
  0.45830011060278258  0.47254340508730858  0.48594317988526403  0.49620682281576606
  0.50661638322514790  0.51789191342221452  0.52945052783433044  0.54110542789021254
  0.55320225760342523  0.56581415739621999  0.57759892787761646  0.58820914202810792
  0.59922172228773052  0.60908309790341941  0.61828671574919047  0.62606564363352990
  0.63116470542305969  0.63567728222014308  0.63930590094967465  0.64255514398551117
  0.64733408213842736  0.65261276627187514  0.65803606470206288  0.66364453077788987
  0.66966853109291435  0.67558231089272525  0.68293770382156260  0.68923845106848614
  0.69533672518594514  0.70122072964574156  0.70608603829610839  0.71080832471358391
  0.71548018192147278  0.71973077211821135  0.72407677858594555  0.72850228970464603
  0.73294605422393388  0.73734051706930048  0.74235414214631257  0.74687052351847061
  0.75141734732463705  0.75590682211491100  0.76069306269599035  0.76563261819773720
  0.76994006480343957  0.77442290325407559  0.77972582374996080  0.78592313296380056
  0.79238080847312831  0.79774755729728841  0.80240707320996341  0.80671154302740467
  0.81017796976007483  0.81306987213287707  0.81680660267588701  0.82096044656323020
  0.82496308984379285  0.82829503114926628  0.83077791083431662  0.83300966552578870
  0.83540959143759863  0.83788027793411435  0.84208458882304915  0.84527681017820777
  0.84849512093263135  0.85118619052897371  0.85396654270585248  0.85797659325578057
  0.86274207561917882  0.86785739241047910  0.87240190236095216  0.87618837299078989
  0.87957819759977252  0.88276964780642886  0.88626695171579650  0.89028577264542541
  0.89467652640928697  0.89896515859241310  0.90286062005857493  0.90698136878816005
  0.91136603423883589  0.91632588802235382  0.92126059541431948  0.92614095793272511
  0.92997238455560394  0.93413373672407951  0.93871954611071340  0.94439579957211184
  0.95127208558507248  0.96094742350499063  0.97625927020837577  1.00000000000000000
 -0.03092458561489185  0.14750786150843800  0.21200780621028317  0.24596078715295377
  0.26866125110488265  0.29088415713691607  0.31162884179795902  0.32740517746663961
  0.33930438220086301  0.35074806586404111  0.36040060207278846  0.36639714165818243
  0.37146438177688768  0.37741344269753285  0.38376722362948806  0.39380644580061447
  0.40284083088042044  0.40967922620364905  0.41542579918964412  0.42102825155208695
  0.42526174067287237  0.42832366334326372  0.43143138140289455  0.43540458153810546
  0.43921222065577342  0.44532733996287899  0.45222711864956278  0.45909642671772849
  0.46672940513355499  0.47435544548789887  0.48232816242645288  0.48985946707447720
  0.49624960678898111  0.50183861799629803  0.50714213670941721  0.51218948347683546
  0.51682139674646632  0.52224315766081686  0.52852458222221932  0.53456610523608539
  0.54083583687090175  0.54760202313437445  0.55456314226263259  0.56088944063933155
  0.56621992987928593  0.57001922876224198  0.57392668384037404  0.57803215346836168
  0.58254710848181668  0.58771751694456253  0.59339306717627083  0.59910372767356057
  0.60414891964708295  0.60921992401265268  0.61401435921633529  0.61815213829197124
  0.62203464419710597  0.62603602260427582  0.63014825875256020  0.63450408324960295
  0.63904799366228071  0.64529988686848627  0.65113696943319210  0.65667017868545963
  0.66179006550270136  0.66704907257118973  0.67277590176885849  0.67892746204977306
  0.68624190367901239  0.69463651541781191  0.70266625405703420  0.70896383475231628
  0.71386295655633469  0.71829942056584195  0.72268109659738478  0.72718572236064627
  0.73177567618829464  0.73664641233290307  0.74211024922845470  0.74821950345731203
  0.75460093874994927  0.76112137362914345  0.76804144667552898  0.77714861802771262
  0.78755699375621457  0.79640683937101697  0.80503544483970702  0.81483322523192858
  0.82574695592494751  0.83672937726166718  0.84610138784192890  0.85482708442016853
  0.86666224540607761  0.88538977949275832  0.91502594842959084  1.00000000000000000
   3.8510498124081972E-013  -1.0000000000000000     
 F F F F F F F F F F F F F F F F F F F F F F F F F F F F F F F F F F F F F F F F F F F F F F F F F F F F F F F F F F F F F F F F F F F F F F F F F F F F F F F F F F F F F F F F F F F F F F F F F F F F F F F F F F F F F F F F F F F F F F F F F F F F F F F F F F F F F F F F F F F F F F F F F F F F F F F F F F F F F F F F F F F F F F F F F F F F F F F F F F F F F F F F F F F F F F F F T F F T F F F F F F F F T F F T F F F F F F F F F F F F F F F F F F F F F F F F F F F F F F F F F F F F F F F F F F F F F F F F F F F F F F F F F F F F F F F F F F F F F F F F F F F F F F F F F F F F F F F F F F F F F F F F F F F F F F F F F F F F F F F F F F F F F F F F F F F F F F F F F F F F F F F F F F F F F F F F F F F F F F F F F F F F F F F F F F F F F F F F F F F F F F F F F F F F F F F F F F F F F F F F F F F F F F F F F F F F F F F F F F F F F F F F F F F F F F F F F F F F F F F F F F F F F F F F T F F T F F F F F F F F T F F T F F F F F F F F F F F F F F F F F F F F F F F F F F F F F F F F F F F F F F F F F F F F F F F F
  <DiscreteSampler_grid>
  grouped_processes
  1 # 1 for a reference and 2 for a running grid.
  10 # Attribute 'min_bin_probing_points' of the grid.
  1 # Attribute 'grid_mode' of the grid. 1=='default',2=='initialization'
  0.0000000000000000 # Attribute 'small_contrib_threshold' of the grid.
  0.5000000000000000 # Attribute 'damping_power' of the grid.
 # binID   n_entries weight   weight_sqr   abs_weight
    199   10   8.736034655385494E-010   4.440031913259034E-018   8.736034655385494E-010
    200   10   8.736034655385291E-010   4.440031913258409E-018   8.736034655385291E-010
    202   10   8.736034655385494E-010   4.440031913259034E-018   8.736034655385494E-010
    203   10   8.736034655385291E-010   4.440031913258409E-018   8.736034655385291E-010
    205   10   1.128418675771072E-009   7.407625137773840E-018   1.128418675771072E-009
    206   10   1.128418675771131E-009   7.407625137774287E-018   1.128418675771131E-009
    208   10   1.128418675771072E-009   7.407625137773840E-018   1.128418675771072E-009
    209   10   1.128418675771131E-009   7.407625137774287E-018   1.128418675771131E-009
    211   10   4.692218314007874E-011   1.280895841835987E-020   4.692218314007874E-011
    212   10   4.692218314007766E-011   1.280895841835807E-020   4.692218314007766E-011
    214   10   4.692218314007874E-011   1.280895841835987E-020   4.692218314007874E-011
    215   10   4.692218314007766E-011   1.280895841835807E-020   4.692218314007766E-011
    217   10   6.060858255704682E-011   2.137010819341087E-020   6.060858255704682E-011
    218   10   6.060858255704998E-011   2.137010819341210E-020   6.060858255704998E-011
    220   10   6.060858255704682E-011   2.137010819341087E-020   6.060858255704682E-011
    221   10   6.060858255704998E-011   2.137010819341210E-020   6.060858255704998E-011
    223   10   4.692218314007874E-011   1.280895841835987E-020   4.692218314007874E-011
    224   10   4.692218314007766E-011   1.280895841835807E-020   4.692218314007766E-011
    226   10   4.692218314007874E-011   1.280895841835987E-020   4.692218314007874E-011
    227   10   4.692218314007766E-011   1.280895841835807E-020   4.692218314007766E-011
    229   10   6.060858255704682E-011   2.137010819341087E-020   6.060858255704682E-011
    230   10   6.060858255704998E-011   2.137010819341210E-020   6.060858255704998E-011
    232   10   6.060858255704682E-011   2.137010819341087E-020   6.060858255704682E-011
    233   10   6.060858255704998E-011   2.137010819341210E-020   6.060858255704998E-011
    235   10   8.736034655385494E-010   4.440031913259034E-018   8.736034655385494E-010
    236   10   8.736034655385291E-010   4.440031913258409E-018   8.736034655385291E-010
    238   10   8.736034655385494E-010   4.440031913259034E-018   8.736034655385494E-010
    239   10   8.736034655385291E-010   4.440031913258409E-018   8.736034655385291E-010
    241   10   1.128418675771072E-009   7.407625137773840E-018   1.128418675771072E-009
    242   10   1.128418675771131E-009   7.407625137774287E-018   1.128418675771131E-009
    244   10   1.128418675771072E-009   7.407625137773840E-018   1.128418675771072E-009
    245   10   1.128418675771131E-009   7.407625137774287E-018   1.128418675771131E-009
    247   10   4.692218314007877E-011   1.280895841835991E-020   4.692218314007877E-011
    248   10   4.692218314007773E-011   1.280895841835812E-020   4.692218314007773E-011
    250   10   4.692218314007877E-011   1.280895841835991E-020   4.692218314007877E-011
    251   10   4.692218314007773E-011   1.280895841835812E-020   4.692218314007773E-011
    253   10   6.060858255704685E-011   2.137010819341089E-020   6.060858255704685E-011
    254   10   6.060858255705002E-011   2.137010819341216E-020   6.060858255705002E-011
    256   10   6.060858255704685E-011   2.137010819341089E-020   6.060858255704685E-011
    257   10   6.060858255705002E-011   2.137010819341216E-020   6.060858255705002E-011
    259   10   2.520240998899676E-012   3.695230551684125E-023   2.520240998899676E-012
    260   10   2.520240998899620E-012   3.695230551683609E-023   2.520240998899620E-012
    262   10   2.520240998899676E-012   3.695230551684125E-023   2.520240998899676E-012
    263   10   2.520240998899620E-012   3.695230551683609E-023   2.520240998899620E-012
    265   10   3.255352253953306E-012   6.165019364564265E-023   3.255352253953306E-012
    266   10   3.255352253953477E-012   6.165019364564628E-023   3.255352253953477E-012
    268   10   3.255352253953306E-012   6.165019364564265E-023   3.255352253953306E-012
    269   10   3.255352253953477E-012   6.165019364564628E-023   3.255352253953477E-012
    271   10   2.520240998899676E-012   3.695230551684125E-023   2.520240998899676E-012
    272   10   2.520240998899620E-012   3.695230551683609E-023   2.520240998899620E-012
    274   10   2.520240998899676E-012   3.695230551684125E-023   2.520240998899676E-012
    275   10   2.520240998899620E-012   3.695230551683609E-023   2.520240998899620E-012
    277   10   3.255352253953306E-012   6.165019364564265E-023   3.255352253953306E-012
    278   10   3.255352253953477E-012   6.165019364564628E-023   3.255352253953477E-012
    280   10   3.255352253953306E-012   6.165019364564265E-023   3.255352253953306E-012
    281   10   3.255352253953477E-012   6.165019364564628E-023   3.255352253953477E-012
    283   10   4.692218314007877E-011   1.280895841835991E-020   4.692218314007877E-011
    284   10   4.692218314007773E-011   1.280895841835812E-020   4.692218314007773E-011
    286   10   4.692218314007877E-011   1.280895841835991E-020   4.692218314007877E-011
    287   10   4.692218314007773E-011   1.280895841835812E-020   4.692218314007773E-011
    289   10   6.060858255704685E-011   2.137010819341089E-020   6.060858255704685E-011
    290   10   6.060858255705002E-011   2.137010819341216E-020   6.060858255705002E-011
    292   10   6.060858255704685E-011   2.137010819341089E-020   6.060858255704685E-011
    293   10   6.060858255705002E-011   2.137010819341216E-020   6.060858255705002E-011
    295   10   4.692218314007877E-011   1.280895841835991E-020   4.692218314007877E-011
    296   10   4.692218314007773E-011   1.280895841835812E-020   4.692218314007773E-011
    298   10   4.692218314007877E-011   1.280895841835991E-020   4.692218314007877E-011
    299   10   4.692218314007773E-011   1.280895841835812E-020   4.692218314007773E-011
    301   10   6.060858255704685E-011   2.137010819341089E-020   6.060858255704685E-011
    302   10   6.060858255705002E-011   2.137010819341216E-020   6.060858255705002E-011
    304   10   6.060858255704685E-011   2.137010819341089E-020   6.060858255704685E-011
    305   10   6.060858255705002E-011   2.137010819341216E-020   6.060858255705002E-011
    307   10   2.520240998899676E-012   3.695230551684125E-023   2.520240998899676E-012
    308   10   2.520240998899620E-012   3.695230551683609E-023   2.520240998899620E-012
    310   10   2.520240998899676E-012   3.695230551684125E-023   2.520240998899676E-012
    311   10   2.520240998899620E-012   3.695230551683609E-023   2.520240998899620E-012
    313   10   3.255352253953306E-012   6.165019364564265E-023   3.255352253953306E-012
    314   10   3.255352253953477E-012   6.165019364564628E-023   3.255352253953477E-012
    316   10   3.255352253953306E-012   6.165019364564265E-023   3.255352253953306E-012
    317   10   3.255352253953477E-012   6.165019364564628E-023   3.255352253953477E-012
    319   10   2.520240998899676E-012   3.695230551684125E-023   2.520240998899676E-012
    320   10   2.520240998899620E-012   3.695230551683609E-023   2.520240998899620E-012
    322   10   2.520240998899676E-012   3.695230551684125E-023   2.520240998899676E-012
    323   10   2.520240998899620E-012   3.695230551683609E-023   2.520240998899620E-012
    325   10   3.255352253953306E-012   6.165019364564265E-023   3.255352253953306E-012
    326   10   3.255352253953477E-012   6.165019364564628E-023   3.255352253953477E-012
    328   10   3.255352253953306E-012   6.165019364564265E-023   3.255352253953306E-012
    329   10   3.255352253953477E-012   6.165019364564628E-023   3.255352253953477E-012
    331   10   4.692218314007877E-011   1.280895841835991E-020   4.692218314007877E-011
    332   10   4.692218314007773E-011   1.280895841835812E-020   4.692218314007773E-011
    334   10   4.692218314007877E-011   1.280895841835991E-020   4.692218314007877E-011
    335   10   4.692218314007773E-011   1.280895841835812E-020   4.692218314007773E-011
    337   10   6.060858255704685E-011   2.137010819341089E-020   6.060858255704685E-011
    338   10   6.060858255705002E-011   2.137010819341216E-020   6.060858255705002E-011
    340   10   6.060858255704685E-011   2.137010819341089E-020   6.060858255704685E-011
    341   10   6.060858255705002E-011   2.137010819341216E-020   6.060858255705002E-011
    343   10   8.736034655385494E-010   4.440031913259034E-018   8.736034655385494E-010
    344   10   8.736034655385291E-010   4.440031913258409E-018   8.736034655385291E-010
    346   10   8.736034655385494E-010   4.440031913259034E-018   8.736034655385494E-010
    347   10   8.736034655385291E-010   4.440031913258409E-018   8.736034655385291E-010
    349   10   1.128418675771072E-009   7.407625137773840E-018   1.128418675771072E-009
    350   10   1.128418675771131E-009   7.407625137774287E-018   1.128418675771131E-009
    352   10   1.128418675771072E-009   7.407625137773840E-018   1.128418675771072E-009
    353   10   1.128418675771131E-009   7.407625137774287E-018   1.128418675771131E-009
    355   10   4.692218314007874E-011   1.280895841835987E-020   4.692218314007874E-011
    356   10   4.692218314007766E-011   1.280895841835807E-020   4.692218314007766E-011
    358   10   4.692218314007874E-011   1.280895841835987E-020   4.692218314007874E-011
    359   10   4.692218314007766E-011   1.280895841835807E-020   4.692218314007766E-011
    361   10   6.060858255704682E-011   2.137010819341087E-020   6.060858255704682E-011
    362   10   6.060858255704998E-011   2.137010819341210E-020   6.060858255704998E-011
    364   10   6.060858255704682E-011   2.137010819341087E-020   6.060858255704682E-011
    365   10   6.060858255704998E-011   2.137010819341210E-020   6.060858255704998E-011
    367   10   4.692218314007874E-011   1.280895841835987E-020   4.692218314007874E-011
    368   10   4.692218314007766E-011   1.280895841835807E-020   4.692218314007766E-011
    370   10   4.692218314007874E-011   1.280895841835987E-020   4.692218314007874E-011
    371   10   4.692218314007766E-011   1.280895841835807E-020   4.692218314007766E-011
    373   10   6.060858255704682E-011   2.137010819341087E-020   6.060858255704682E-011
    374   10   6.060858255704998E-011   2.137010819341210E-020   6.060858255704998E-011
    376   10   6.060858255704682E-011   2.137010819341087E-020   6.060858255704682E-011
    377   10   6.060858255704998E-011   2.137010819341210E-020   6.060858255704998E-011
    379   10   8.736034655385494E-010   4.440031913259034E-018   8.736034655385494E-010
    380   10   8.736034655385291E-010   4.440031913258409E-018   8.736034655385291E-010
    382   10   8.736034655385494E-010   4.440031913259034E-018   8.736034655385494E-010
    383   10   8.736034655385291E-010   4.440031913258409E-018   8.736034655385291E-010
    385   10   1.128418675771072E-009   7.407625137773840E-018   1.128418675771072E-009
    386   10   1.128418675771131E-009   7.407625137774287E-018   1.128418675771131E-009
    388   10   1.128418675771072E-009   7.407625137773840E-018   1.128418675771072E-009
    389   10   1.128418675771131E-009   7.407625137774287E-018   1.128418675771131E-009
  </DiscreteSampler_grid>
