   0.0000000000000000        0.0000000000000000        0.0000000000000000        0.0000000000000000        0.0000000000000000        0.0000000000000000        0.0000000000000000        0.0000000000000000        0.0000000000000000        0.0000000000000000        0.0000000000000000        0.0000000000000000        0.0000000000000000     
  0.25852401890062643       0.27419198551604884        1.0738263320046321E-002   1.6082925636560934E-002   1.6130859730519625E-002   1.6702528359303467E-002   1.1897710407301483E-002   1.4793291639899522E-002  0.21171991164845080        6.2932597700193910E-002   6.5530534219544884E-002   7.4173618248904630E-002   1.6375301923659307E-002
  0.61697036914543202       0.61697036914543202       0.71735665597045906       0.67929872999033825       0.74156344425848753       0.70292534717040911       0.69960117554108192       0.63534986319846065       0.61697036914543202       0.61697036914543202       0.65565807773712925       0.64553844873001809       0.69803702109231647     
  0.31630132522197496       0.30815150800527474        2.1578251408974063E-002   3.2103144121368159E-002   3.2360062658354297E-002   3.3284089057671419E-002   2.3845866953914448E-002   2.9625038005939790E-002  0.36410295139757526       0.10511653289444821       0.11547713789256436       0.13653783138285058        3.2407803370606877E-002
   1.1437523391995794       0.93100412112318853       0.65803752852506925       0.72685871281032133       0.66530255323323395       0.71365860472741183       0.64588877613857965       0.68089257676805615        1.0548558208709609       0.73832273635973344       0.65049024568729152       0.83645849464176314       0.67843466094184190     
  0.33985533538454077       0.33690986452506472        3.2437474562617766E-002   4.8219600273680219E-002   4.7968386607177546E-002   5.0012116144999424E-002   3.6140672349545912E-002   4.4132684022889640E-002  0.40636528710383668       0.12615307293727537       0.14980950017813180       0.17854374714633761        4.8067550076836739E-002
  0.90448642823787728        1.3260548142573563       0.76743928073424572       0.72922048067481915       0.70230701098757498       0.73527624912385303       0.68257028903192718       0.63386471314981208       0.67708953540738481       0.75063604626600100       0.71488106475133961       0.84527991880263131       0.74308759097294030     
  0.35751705324189642       0.34967889672965718        4.3520540307654829E-002   6.4314525671185507E-002   6.3558481312132417E-002   6.6797649005778809E-002   4.8893223741065306E-002   5.8649206806425935E-002  0.44357529536619555       0.14343683462691803       0.17627589979585792       0.21541083426851826        6.3750673931174479E-002
  0.74351681468892206       0.71563345922307375       0.70445819754224537       0.76990252633753564       0.66265270073070670       0.69446467309263893       0.70785670721587179       0.67576815059884099       0.68604037285450170       0.74931581004845293       0.75135654320251455       0.84010296070891122       0.68635199238713018     
  0.37105506234990288       0.36033264142381294        5.4335843013521290E-002   8.0319399345126163E-002   7.9914329306723653E-002   8.3023779257142383E-002   6.0804815768168485E-002   7.4651874616637359E-002  0.46671444308736448       0.15604932859278958       0.19858796210306395       0.24469234862968942        7.9990884722518044E-002
  0.67599352211233443       0.67918572926164100       0.65865962897225938       0.71567170901706290       0.66595032187925562       0.90002277164491873       0.66653139263678740       0.69779457969518432       0.62718849854797643       0.74210713875168233       0.73589853788094539       0.74398750473474817       0.70384773592035532     
  0.38498985138105329       0.37176689375732508        6.5378497076030148E-002   9.6119387845752358E-002   9.6245499935787890E-002   9.9315477877068681E-002   7.2894459838375669E-002   9.0387098478945965E-002  0.48962240957779934       0.16784388986230461       0.21987822299016652       0.27216019569968897        9.6215466873786834E-002
  0.70456695530168090       0.70722889510536247       0.65804093725130475       0.71176600356899555       0.71822453754866022       0.70941190196363180       0.62323990531480655       0.69684732889024004       0.63880507032188616       0.77422593800222572       0.71563648019607362       0.72950893188620758       0.72500149044422890     
  0.39798699329761550       0.38321831560474873        7.6140933981485526E-002  0.11230831372855798       0.11183686981481264       0.11541585877874831        8.4839830110477354E-002  0.10669211125426538       0.51025449135110024       0.17795641340045176       0.24070105553133889       0.29694808098595687       0.11292811643740132     
  0.71936988169169103       0.73266651327782240       0.67753217870807891       0.71714041121324956       0.72740191957285827       0.72466442842651113       0.66687835458658040       0.70402100051918792       0.64361637858140175       0.69373700575413033       0.68124402629170888       0.69827136018387714       0.81541435929976058     
  0.41077318998388168       0.39474808056897748        8.6446891754138902E-002  0.12848302865337211       0.12735280571987687       0.13144008357078585        9.6604484284847927E-002  0.12280778684154149       0.52997456021447376       0.18765202508598652       0.26132096884129086       0.32044946025009380       0.12989585292129047     
  0.72478246074921349       0.68082959126287812       0.67247442356953435       0.66520402389177768       0.69257311503708618       0.74425196620991318       0.73330972499949421       0.71474747810526829       0.68371706876330951       0.75303210380132335       0.71851958338026389       0.69661325244507044       0.73716715738699767     
  0.42238191387163060       0.40635123308099086        9.8291212672420150E-002  0.14440805744415294       0.14333151517195633       0.14766185525655412       0.10973878681212795       0.13930537214498598       0.54815338602985486       0.19554721869518862       0.28167688480530068       0.34234476304997002       0.14622100489764880     
  0.70014670883748764       0.71493863196662288       0.65130341404506142       0.62067095239826808       0.68170056536980894       0.64023882306964430       0.72274405000993258       0.79382915842022883       0.64876063848849119       0.62785288138458306       0.74994661597435497       0.72069235754698679       0.70339771513049054     
  0.43409740357801102       0.41755761814067421       0.11030237628761755       0.16042340004579625       0.15916255686543809       0.16401956046269461       0.12281025028826660       0.15573806172709037       0.56536171701406623       0.20348844843370539       0.30122206374052957       0.36305407550185986       0.16230806296078903     
  0.73794476068020154       0.69437948345029865       0.73257697663307542       0.64894933454930592       0.72657370204252247       0.73695308767059831       0.76155091593374702       0.72567159981061469       0.66401001275304006       0.71034178389865676       0.67266630820204643       0.67334556774334797       0.72700010156719508     
  0.44543131889147169       0.42851374304030376       0.12289944556351151       0.17642008530763198       0.17517764886724757       0.17989864650583903       0.13637936097043052       0.17087452321486588       0.58117055909618043       0.21095165762578921       0.32085982328174611       0.38241312430726676       0.17802150585791593     
  0.64495180847618261       0.66844418255207050       0.76811768334664465       0.75704690471415581       0.66656971584234570       0.70971331899194534       0.65742147104375082       0.68824771431422371       0.65450917807373443       0.71279681129288841       0.71648593473097999       0.69254799434396519       0.65673126406189464     
  0.45675683434266451       0.43929598503828859       0.13566751311965247       0.19204222794259340       0.19138818212956693       0.19573243942721527       0.14982224410612630       0.18595762708901847       0.59643904900085321       0.21830180543277344       0.33975290248132206       0.40094068500939017       0.19362049079420002     
  0.69620672844440157       0.69224093608727810       0.67010955917511927       0.63693884093345687       0.70342733543684410       0.74128007113283034       0.71285004403770957       0.73103552143449702       0.63905336179541561       0.77898630344350994       0.73412349934638199       0.69854181620587918       0.69832128904485180     
  0.46811737342497706       0.44981926483503781       0.14895350010951375       0.20826060487950246       0.20749989981401970       0.21156847747917334       0.16597173766446216       0.20214825428967056       0.61108285935085171       0.22496322934110996       0.35818939269475697       0.41862613451910630       0.20953638447697445     
  0.65314238576975325       0.71943182475386491       0.66151803087073757       0.67357151312066776       0.73322146680445077       0.74787196209060702       0.71112373471377188       0.73069219150763487       0.66154293406186149       0.65978430013014500       0.72110418263449250       0.68174753965036838       0.75663701679047135     
  0.47962481490313574       0.46049800176035238       0.16242091087706251       0.22452025122831898       0.22347935231957575       0.22726416268327529       0.18189648812005071       0.21878533152165547       0.62467547995002515       0.23157812617212084       0.37615430586717702       0.43432693867463312       0.22573594486473339     
  0.69435470339658489       0.63732445373569824       0.71881055599518340       0.62866632075379325       0.70706555403374505       0.65786035849385049       0.66644624427897414       0.73017126019534406       0.68281774147669827       0.64566647628228158       0.64799005161886369       0.68161315215930318       0.63896713861260601     
  0.49120767576378388       0.47131164909825152       0.17598236786010468       0.24081237033350436       0.23983019442487030       0.24344685918173839       0.19831162080976925       0.23576612070553288       0.63704916559517699       0.23817698024734923       0.39379090815400536       0.44797536911495145       0.24188577004775891     
  0.67060138373145439       0.71998769162167797       0.66692647389492132       0.66519448088835698       0.69897225526377937       0.68714194528617134       0.71344734717943081       0.70509563826627031       0.62706802124988992       0.66037040041013317       0.66011421431657824       0.61697036914543202       0.63133796025443545     
  0.50272680515540724       0.48223936902800940       0.18950399494176723       0.25721642937518063       0.25618158696639243       0.25994982030468400       0.21483505797684768       0.25276667857165536       0.64920208914672017       0.24480017960091024       0.41121326620600818       0.46124158907467416       0.25798536338550648     
  0.65399108756438140       0.67882347378379415       0.68259807450759835       0.75029406636185969       0.74741584173083098       0.66709683540233000       0.71301146350521249       0.66504193253102539       0.67404941128718276       0.67440111140900827       0.72855974581613625       0.67182761132460922       0.66125717246336491     
  0.51447176198304390       0.49325270825394024       0.20423117732276289       0.27280665199780219       0.27210084315986793       0.27616592598109979       0.23178810682155238       0.26903170283139394       0.66105289140252232       0.25142085709397533       0.42860519307984535       0.47398269993488745       0.27363824134942910     
  0.62353086822939507       0.70586133275639218       0.70106257429624108       0.70366240405252634       0.71812120083788433       0.71186175443496302       0.70991415673652691       0.71657960968818624       0.74312320122951714       0.64412848052020477       0.67311072996049270       0.63097339129603525       0.76343783249750541     
  0.52633302728322029       0.50430458656179533       0.21935267799527991       0.28842068102584045       0.28779265089001638       0.29232004027135744       0.24867861963293544       0.28507237766632809       0.67234784814264548       0.25801592026385817       0.44580087104305016       0.48731775596815036       0.28899901823182989     
  0.69150481161212318       0.68576905813122124       0.65279863272742522       0.74151157489955088       0.72876350117270072       0.65514003241564855       0.70938603842359638       0.74430760720560729       0.64348120910792284       0.75865079594640039       0.67460799282129913       0.61990232499192677       0.64355478303161340     
  0.53818679654044155       0.51545748095714383       0.23487090592916599       0.30353979499437633       0.30311003106576984       0.30836235356591557       0.26546893232255309       0.30068940345613077       0.68310622518489683       0.26453596903575693       0.46274035264163049       0.50062754001669185       0.30402467263670596     
  0.67868756887222947       0.70764173518275997       0.73871011483496707       0.66443178941002057       0.65593421741297997       0.75133904120082717       0.65718625852943990       0.78063890183905094       0.66410986681962403       0.72279954422815573       0.65756503851269477       0.72614471685920434       0.69338962635345913     
  0.55019913405094811       0.52669072485126089       0.25066625412973337       0.31870623309070828       0.31829567951671706       0.32444872726873791       0.28215858195031229       0.31629984957715307       0.69347830215787853       0.27105186210694937       0.47919968596989437       0.51342827866145402       0.31916342712236961     
  0.62501298127424365       0.74036808967568457       0.72128984423688058       0.70431472488635338       0.67566028357926711       0.70932335043137074       0.70301839786592246       0.67414029966553468       0.69235122955650552       0.68756294043311095       0.66181641277489833       0.65849438688073902       0.70356057843366016     
  0.56142780954183857       0.53808824685179102       0.26591948856938064       0.33427892566356043       0.33347165831745534       0.34026690688732703       0.30062973184952702       0.33191209099681401       0.70338128668448019       0.27745194541133655       0.49513620464910324       0.52607145176222847       0.33339009121726804     
  0.65301673264076099       0.66444483705568003       0.70669259846619992       0.67439848290641735       0.66865350629864073       0.69760947876348456       0.67280402326198574       0.67924599971135746       0.65747716918381260       0.66841186984576895       0.68038046277901421       0.68066638953956560       0.74133847726918090     
  0.57269125827450462       0.54945125936012396       0.28093970896708637       0.34978592993105279       0.34867835675022590       0.35610244418503978       0.31940571396652284       0.34749109315588561       0.71290922147414626       0.28385408871279405       0.50993962037918572       0.53899821102419632       0.34748679200815430     
  0.63974144080289941       0.68912491635723716       0.73290623855109738       0.67573995152594624       0.64772896193279739       0.69804241881626594       0.76816854997590100       0.68210377836785940       0.66459219149179172       0.66031325356275217       0.66285890260359770       0.70039516450543893       0.68515737379803221     
  0.58391929580998791       0.56070419127949278       0.29600720815509823       0.36580187762832966       0.36418070683557657       0.37131250894604007       0.33805912868166005       0.36300003794761826       0.72210206840675817       0.29028630496813773       0.52451903980383363       0.55181086663781653       0.36133928276728916     
  0.67380107547441415       0.72670211001741347       0.65443553050745418       0.68502331347409395       0.67588098312623335       0.68984057606323157       0.75381930011837872       0.66852002669200949       0.65072211758567056       0.68023375559912369       0.68283095061510934       0.68889759242470749       0.65538834612455832     
  0.59509413054235916       0.57199939385892051       0.31111248668226216       0.38210953487408350       0.37986326639402873       0.38637878003250464       0.35680171570983921       0.37856700166335644       0.73131757654209262       0.29674870937351994       0.53920836166289665       0.56412233369075082       0.37519471849040409     
  0.66519612079254253       0.63766509746836431       0.71664798270307162       0.68748109852415396       0.73048213120181360       0.70888624739803885       0.70042815330568309       0.66358021014599655       0.64616276169795295       0.71597535569982507       0.70730901795190548       0.74424907673770457       0.64917049070008592     
  0.60641592290771051       0.58335567817821343       0.32665715530027306       0.39667061698479145       0.39536870721255324       0.40163538570415086       0.37475819949770894       0.39455157802334112       0.74048691285748536       0.30326630615024214       0.55400155300642939       0.57636260703647557       0.39003205345935787     
  0.71947625061827658       0.72859630645684903       0.65733782164624721       0.69407347928208019       0.72349034062391349       0.71645635870571367       0.67967497889832373       0.63327607298730937       0.65364936689847619       0.74235269137074233       0.66001199187715265       0.69881168572456764       0.68735939507867894     
  0.61778073181898863       0.59476384289652962       0.34238641778299161       0.41129195109473204       0.41081352729513365       0.41682272857577168       0.39289515548607690       0.41010712161332941       0.74920796386137523       0.30985245624583035       0.56855016513624435       0.58817629809697358       0.40459578283090036     
  0.69920623130082193       0.68639927825712455       0.72427617919509257       0.70854089532280551       0.71261694251542551       0.67754898814589937       0.69563901863589483       0.72456888879251480       0.61808699730214334       0.70214672738184913       0.80890406180758656       0.72919953636629575       0.68117390080420470     
  0.62883818032425698       0.60621939084140131       0.35891288239984498       0.42549137510449220       0.42627265993106478       0.43228411086567636       0.41061067168717791       0.42584425482993254       0.75754493610451101       0.31631830262852700       0.58307096975658301       0.59996412496955898       0.41957052253502303     
  0.63665142284856302       0.69501147057154322       0.81168028311255946       0.69540814152452257       0.66962256891602812       0.65537564665592007       0.73776022006781417       0.66803817577317315       0.67606400244757514       0.69731548030115220       0.73457866010509543       0.73788223381221285       0.69179034039470400     
  0.63986015631377979       0.61751236295562861       0.37551764408256633       0.43976150115219204       0.44148360506618300       0.44780729156485244       0.42828127728782051       0.44159660461510358       0.76570228795642414       0.32285917288115090       0.59732767957452249       0.61172053164480533       0.43423158895843278     
  0.70699267175440916       0.64444540618653823       0.69025115275649851       0.65519143207311781       0.72198408471193876       0.74291262259759316       0.62498821435171159       0.72318818438186028       0.67403816982799925       0.69277373022803090       0.61766262432747610       0.67136600212211817       0.68600844385499327     
  0.65053230810903639       0.62852315445301132       0.39402001279488369       0.45543796050991314       0.45718379873734771       0.46284728727821972       0.44660802196635796       0.45717576855320474       0.77355461352867316       0.32912524145026650       0.61142701422939483       0.62348345216387624       0.44945026199315019     
  0.64378524601766440       0.67091945562996591       0.67398073853716667       0.71104776788217172       0.79736568071686986       0.64568458231149206       0.63861583533731958       0.71378919364694571       0.64748062345170576       0.64563226439817101       0.69217400049209210       0.68978473445750377       0.73889777753771624     
  0.66122308903256988       0.63951723217808154       0.41287257850064979       0.47101608404920020       0.47289296761149829       0.47782106459147494       0.46542973892436468       0.47278347434585499       0.78125261081423680       0.33535717873715287       0.62540354426771472       0.63455131869435710       0.46453961697507168     
  0.66460940747502195       0.65339963542298629       0.62549562486745314       0.70289947529344754       0.72169782947347871       0.70676136825854119       0.67720012335369539       0.70080912008105156       0.63513654061905367       0.65842043666822436       0.70081585338273733       0.68523732163999240       0.61916674598881005     
  0.67222898522750296       0.65040719529769753       0.43137368411168142       0.48687701009980638       0.48896593314834902       0.49345508795242848       0.48431666485307423       0.48797569810984626       0.78873137864703213       0.34192220090166825       0.63940298952139007       0.64545970428763866       0.48000052126451087     
  0.65938235607539220       0.63273779767511407       0.72783406605747014       0.65066428974982604       0.73788733229709480       0.72157879553089710       0.73531393499498288       0.66661674388257741       0.68946913100730467       0.66628750386468971       0.64550455624742009       0.67043523092334456       0.69976068310073425     
  0.68319775804633909       0.66134065236088047       0.45018176670852522       0.50263655231874926       0.50506307850777865       0.50914844170041418       0.50298510746067115       0.50297620368645812       0.79612862517725247       0.34846423685128419       0.65321324511043943       0.65611541420122088       0.49529852582137351     
  0.71332895969550347       0.62553773700802628       0.69572875269717660       0.70985020642318752       0.67275308521808286       0.69797132711336041       0.71062167774219798       0.70488997520266883       0.72225438421754795       0.65277636601248112       0.64011674430173415       0.63984323368394447       0.69413691609965944     
  0.69369865328677960       0.67224659007937415       0.46854278460503301       0.51821008513814892       0.52059334740726215       0.52473003126949491       0.52201775923824711       0.51785243638312273       0.80332467830003473       0.35501976943423041       0.66689044113382856       0.66661629261081701       0.51113625622456893     
  0.66741790208456342       0.66232747341022069       0.68577594965644739       0.69209375390614392       0.63929367058874609       0.62428762300051632       0.65075941556896055       0.74262652437978238       0.70961368211340048       0.70678662630429734       0.64666845423043784       0.67041750560835844       0.67793010462840220     
  0.70430109312198463       0.68318419027426214       0.48705319521356355       0.53387464774985016       0.53597245563141427       0.54029375263939750       0.54103052601263790       0.53264555290192184       0.81046875342877334       0.36164353099465563       0.68014701310369263       0.67677324713644516       0.52698317048526522     
  0.65940209823719820       0.73179457831350136       0.68793302866221784       0.67668078518976249       0.70514731691123678       0.66674698496748730       0.68157987641415518       0.65060730076964546       0.68743658436486965       0.69981763216070270       0.68626229302379593       0.69351626848642212       0.72178685013352106     
  0.71515881235557210       0.69405161230498291       0.50556236005429467       0.54963138659301658       0.55158946802324893       0.55576810478733307       0.55992218189417431       0.54761142641484906       0.81748444492864680       0.36837542326638895       0.69305911565162548       0.68676698204287390       0.54267506369735108     
  0.63545026826613471       0.65802202953595379       0.75891247377822357       0.71095552636111836       0.63443132212023989       0.69132207795987155       0.76877436398215326       0.70028879889682649       0.69124539468943047       0.70872358514167522       0.63841866388238167       0.63823566563416945       0.66268535228759218     
  0.72601610421931528       0.70482615335640764       0.52415801623534219       0.56547146211337862       0.56720233836808687       0.57154374975318945       0.57881627576818806       0.56248482144543754       0.82447967047816773       0.37509914243374881       0.70552913363474257       0.69717928433621312       0.55863437509427949     
  0.69837843515636644       0.62016894214433493       0.66827848653968380       0.67649236703802762       0.67543473574613710       0.65212591408827902       0.69002045954744895       0.67819523512646263       0.69035896726927026       0.70145269327302828       0.64351906479272492       0.70144810385354961       0.71936333804508001     
  0.73691257395234178       0.71532039999373187       0.54218380060389593       0.58052525137491129       0.58306423925379403       0.58556741003490020       0.59706420564916474       0.57793964506882312       0.83149764933700965       0.38194431854101701       0.71765080604350495       0.70782555046798223       0.57497820284532297     
  0.66173548856840125       0.65388556326745362       0.66799584754720331       0.71751210311419866       0.66143228322056813       0.69006787147057902       0.76703036661503421       0.64293625199106219       0.71355935144425320       0.63443883815993540       0.80583784255020230       0.73796765694969890       0.68811676685706502     
  0.74771887729420727       0.72579637449712331       0.56012959084471881       0.59558135785082056       0.59880387576939842       0.59958540178691311       0.61503594684868379       0.59341854965957508       0.83839508266907070       0.38886955436593607       0.72936962509569248       0.71910688349158325       0.59129798424696656     
  0.69158124129675280       0.64472114747016718       0.67027891907511850       0.67837372259667683       0.72646873000367684       0.69471742595092278       0.69939062298988131       0.63805122965879524       0.69061014748961091       0.70626033193760163       0.70907765879104556       0.70134295273387526       0.72681455081510227     
  0.75850484021833120       0.73671295039165807       0.57818157202423082       0.61139932557456844       0.61441297223280467       0.61329885376779048       0.63367247068999089       0.60927209095789736       0.84504132464245474       0.39590403892481091       0.74087664065438086       0.73072964819413255       0.60755050351767237     
  0.78344516055620828       0.62839476797646920       0.67922352609730174       0.69889268405421690       0.68773796447992641       0.66102682866386120       0.75874959204432590       0.73295463573109332       0.68364130591229599       0.72590029812937884       0.76543820471612967       0.67970470686291107       0.70154893008879415     
  0.76931476301523360       0.74758215003929429       0.59661602391298141       0.62716379475424067       0.63000265232949249       0.62685122339433175       0.65225342552953725       0.62552003492976915       0.85156645119783647       0.40283531848064574       0.75216457995911001       0.74247499093732072       0.62382745808611739     
  0.66651355309561133       0.69211617494074185       0.69162191141722384       0.64855379362776722       0.69085568981389078       0.65124213266353859       0.67174536466820556       0.70544977064804404       0.71402507706959850       0.70442447582074263       0.72049248947451450       0.67073068348516440       0.71940429172726139     
  0.78033195397794841       0.75825890934016837       0.61626113604175370       0.64238395313615093       0.64672940384223065       0.64255245391367510       0.66908174978761048       0.64116793709808861       0.85783926217792472       0.41042718403737399       0.76312822828114069       0.75424892659339859       0.63947486244810059     
  0.68953333454539001       0.66528395603645529       0.69670309417307352       0.70739355661016590       0.70053632337757810       0.68455455205638571       0.68392464090598259       0.72754733037040209       0.65493865694479014       0.68099939234843099       0.66622060992157395       0.64782472292728877       0.64303949739908239     
  0.79133112935828576       0.76895456683263552       0.63568748918893270       0.65750117884587966       0.66348010798724333       0.65810950513930344       0.68613485584616596       0.65663644910408148       0.86410879137773444       0.41831986609460298       0.77417106656811563       0.76594021170982951       0.65537677543538464     
  0.71686640468490159       0.73751308813461924       0.73810065619546150       0.75465809175474374       0.73496811824165520       0.75538076114734687       0.67017162817482834       0.73500481959796604       0.73047827162997625       0.69382596837114918       0.73684342089628851       0.74067696606555311       0.75584275120830668     
  0.80215334747276545       0.77980930221520695       0.65460573012475454       0.67272175106918120       0.68002108943912487       0.67405907019966582       0.70275532006224162       0.67190508326518184       0.87011907989130466       0.42670096500643895       0.78518526242499709       0.77769246804855807       0.67152623081974960     
  0.65939040075305433       0.70521297494766533       0.73217552501709393       0.71559404765098167       0.67032363906432924       0.74607096921264782       0.70649666411309220       0.70505328592241467       0.71096156874790584       0.66653161122136440       0.68373029667806540       0.69879925077748206       0.71581443753412555     
  0.81303796449467391       0.79085457573406193       0.67363620613164321       0.68799614206033310       0.69640359492964221       0.68998051032306218       0.71930219349271196       0.68719047832950053       0.87609975943254836       0.43524635216943725       0.79617475824668671       0.78950431786161568       0.68767923427703781     
  0.66199864067554237       0.66746296657638005       0.64414628181690348       0.76745353971517549       0.70870008708860888       0.69369820211867994       0.72351406137654106       0.73020129697189706       0.68809364118488647       0.64365916534714596       0.70944426453797538       0.69438388264000506       0.68241857066301337     
  0.82408039230394325       0.80201776476384901       0.69296793775099230       0.70377740205045425       0.71320000185944077       0.70602385711614846       0.73541989254405948       0.70114884597165728       0.88112785405027472       0.44411904134653313       0.80718803896893554       0.80138407023089997       0.70337109503739947     
  0.66867949951341410       0.66538388748804633       0.74146430398832608       0.66924041501426801       0.68376868511811884       0.65507335584580351       0.70800117323972411       0.62458354971899477       0.70448079691958609       0.76116324756887321       0.67198273828747412       0.68433919963889756       0.65950984415951797     
  0.83502780491680428       0.81279782980501225       0.71223974245910449       0.71959862727478774       0.72999233961937771       0.72206040257113080       0.75165189711845737       0.71496097180127682       0.88628070893791588       0.45319473526019544       0.81813815294862902       0.81324295887664955       0.71924291331575119     
  0.69420849929434536       0.64271195163653516       0.67201021745733847       0.74551923957069455       0.66173598058895466       0.70815516843855508       0.68751276572846376       0.63836828398198109       0.68543187722637655       0.71296691659926903       0.70285187289807893       0.69731355737785394       0.67023350458117592     
  0.84588245582257893       0.82330288865254664       0.73150642471046901       0.73549350938703295       0.74642188723204672       0.73795647431901323       0.76818951647056533       0.72886921086673206       0.89151139615662733       0.46267437461577987       0.82879692742508360       0.82473957767814743       0.73519013728878613     
  0.71069318338339105       0.65978020534398940       0.74071159461223235       0.68662819826675781       0.72040777744151652       0.66164905558866016       0.70960399670836227       0.67940968261126244       0.75211153803173558       0.72031315853414191       0.65126375935115355       0.73554103205997234       0.71095559420678178     
  0.85664280884654720       0.83400179736985292       0.75042057456571454       0.75142979193877102       0.76272648017783651       0.75362574182746489       0.78452459641911731       0.74242029339897953       0.89673886512819512       0.47244579777908940       0.83944915352692973       0.83611271571875612       0.75101246691807433     
  0.69315633556905365       0.62444468450252177       0.65812446121873347       0.65475290694619415       0.74299491810184970       0.67871794109638406       0.78275532367426404       0.66907434791277043       0.69365320270799413       0.72079657908513717       0.68186336060772879       0.64768177962717333       0.66031778498553884     
  0.86776770232820410       0.84528962606146063       0.76922389723726159       0.76764386298129483       0.77873877464290475       0.76958000611242317       0.79950065008772508       0.75940433751462832       0.90208154499858484       0.48242610780113432       0.84970356643405853       0.84709239718399054       0.76583802812803070     
  0.66113143730199053       0.70750106047594596       0.65334588022465179       0.71675891964142391       0.71460086892371599       0.63555681609471559       0.63612203892509622       0.68136650883082650       0.71610095598205992       0.66986661535136938       0.74388449016786506       0.72086209736829521       0.69263989339690024     
  0.87885361203530643       0.85661903363423275       0.78784442805598431       0.78385776794760142       0.79398749383000589       0.78532135337473241       0.81441294816662946       0.77604858279979649       0.90740115262195609       0.49249256421798965       0.85993943686988383       0.85799532998267769       0.78064354342990716     
  0.67377031203731541       0.71412751744850556       0.67823384533140119       0.70762461709171409       0.74546916424262788       0.67851879096576617       0.66771458501967296       0.75229089110509106       0.70564198611481799       0.74444453164598279       0.69237435266116654       0.67829549384075427       0.65629570030040052     
  0.88982919263682259       0.86756544779883282       0.80612864795588846       0.80011095613830963       0.80892513034595748       0.80168340575564523       0.82910683286965303       0.79178705505957092       0.91271944860320930       0.50285833927041190       0.87025110140656203       0.86865873853680231       0.79652136732576029     
  0.70926644460330346       0.66778927955683198       0.69032021945463595       0.62917230571927207       0.67112608752430769       0.70536470778734972       0.63230041025989925       0.64569509762043376       0.72807341427260652       0.73283474792090519       0.73674824860879851       0.68357000396798695       0.74567444879484523     
  0.90078223175339001       0.87849797349549386       0.82419408942950600       0.81651174035503016       0.82389368541729691       0.81809050078284096       0.84335803139875698       0.80764418030446761       0.91819616502916734       0.51340665972156674       0.88057908727000045       0.87919816702915976       0.81226758477178573     
  0.65651657873421976       0.72423528582857200       0.69907191326222073       0.65734037855217586       0.68095480082710969       0.71420707002397099       0.68860572553718735       0.73964540023371250       0.68923325703313199       0.64177070205038877       0.63928250943111309       0.65250681927387211       0.67052858651434766     
  0.91132526078268494       0.88858594069483532       0.84081021082221119       0.83230738903001145       0.83881224763959739       0.83293415025922612       0.85584142219046788       0.82406964820611239       0.92396720215041639       0.52485768591885740       0.89089128417614094       0.88986596124041084       0.82743366484793879     
  0.68101835081389317       0.64385478487814474       0.65125990812442403       0.68059937935561110       0.66260615811021339       0.65134481251212029       0.66643591479293318       0.73408017063820263       0.78130648474427589       0.66657144080368769       0.73293910915228977       0.64503584947623060       0.68879628177200236     
  0.92182412143097270       0.89874322795379391       0.85743364864264349       0.84803471759825511       0.85376574210229295       0.84782834441278399       0.86848341521332251       0.84063065959729044       0.92968615806045329       0.53697798767854210       0.90111521146373819       0.90071175400212256       0.84267515947238880     
  0.66660403551006175       0.64696877191518187       0.64125170013339516       0.75929258027533730       0.65707761511646923       0.70754872599516128       0.66966085603750203       0.72297259402110470       0.83013994504410338       0.65837493249479395       0.75400259098971512       0.65993662191735025       0.76428868274872708     
  0.93223496706194620       0.90903107429361951       0.87283526433820324       0.86347910907375258       0.86827321841051708       0.86239577985909599       0.88130898095469024       0.85686010367491949       0.93539725552227737       0.55090418880098446       0.91101584676214098       0.91115003930696570       0.85798895360911021     
  0.64030394000338398       0.63871507179136322       0.74614497974913985       0.68635464276054570       0.72611101296348757       0.69461126480429558       0.68150978368336390       0.69276309543446568       0.76151577893494193       0.71605649718075570       0.71646223252282626       0.69083122127777474       0.65896329574453194     
  0.94266854154575985       0.91928212929996433       0.88827883221081083       0.87898620246239656       0.88275754290153374       0.87686999614878858       0.89435720316394507       0.87323371705275965       0.94102908983716127       0.56610836248187024       0.92079092241472649       0.92164238285968869       0.87306278309583196     
  0.66807305635026071       0.77510714893388521       0.69848276518446484       0.72718548786402470       0.67438813154713306       0.63849074158508168       0.66444204455738776       0.66529838467759472       0.74236650712952168       0.71990931935607405       0.67736294934680485       0.73830165884935695       0.70697631994502697     
  0.95147025849458011       0.92866743996947831       0.90252904821833202       0.89419746659617916       0.89633709891943691       0.89202029864797783       0.90835179088954154       0.88900089764355428       0.94651882757968453       0.58244106550962715       0.93085664554354286       0.93142197540943483       0.88887635552707089     
  0.62132544356516317       0.62777164905414740       0.78746623847791286       0.71099979342887820       0.66094155282276601       0.65440250989106519       0.63707394376518189       0.65630684404098394       0.73384348974364011       0.66347860529267511       0.70757730539109809       0.64877671679339932       0.70917293789305269     
  0.96026984929274695       0.93823440799276514       0.91673897033990270       0.91007978908591136       0.90978791974200135       0.90718195108403921       0.92211655969104533       0.90487390599060447       0.95205288297611823       0.59971156969384321       0.94107395919342529       0.94121361708547668       0.90483368132048869     
  0.68699162592608576       0.68087685688094868       0.67441726426860660       0.72206681628302449       0.63676535122272548       0.73058382850381087       0.67732423840717482       0.70704734783543943       0.63846364441535630       0.62255227447957462       0.69215582992539748       0.66467199344247141       0.64700125707508371     
  0.96872596649713638       0.94815563834228744       0.93127774925292905       0.92556124552555097       0.92324311336718912       0.92231041718217688       0.93562496274035600       0.92037755136166288       0.95771219029563981       0.61990820822019244       0.95130171928254181       0.95121484255327604       0.92001366434960896     
  0.62051479729652459       0.65021417391437186       0.65304560610895979       0.68847693209240968       0.68639895549316188       0.67744887540234000       0.65102601917579472       0.72599974507648191       0.69897878088716892       0.70100545005747061       0.68082801986204688       0.71728089999751654       0.72956700387823059     
  0.97693272642860152       0.95819001867233400       0.94569186296817742       0.94106027761967126       0.93654811058150966       0.93785694232149497       0.94902905127186898       0.93586926390882530       0.96335000811928895       0.64101156239495249       0.96158312904420895       0.96119200763554602       0.93518162441523778     
  0.68429056037051006       0.71628694295668238       0.67467275291405959       0.73194555583102372       0.66821791285961119       0.67239231924980070       0.72583728278885806       0.78949123925679388       0.72468822934639054       0.75894525291234749       0.73128426273010583       0.71582653881974767       0.69617802642445503     
  0.98421132966432234       0.96959249395394953       0.95934168074294446       0.95575916535199823       0.95274688133536589       0.95310565538379588       0.96233671606793181       0.95189347600144036       0.97008495976926845       0.67571317965277122       0.97104881936627507       0.97079305383923431       0.95169914163277269     
  0.62775073357809141       0.71001416940849760       0.78101264395133729       0.64465531848944801       0.67956992409475425       0.65865405561522161       0.67490718594154819       0.66229779727533467       0.81986486739795761       0.69562555237599777       0.71180074711433428       0.74250183660396984       0.70184008532270892     
  0.99069063559952608       0.98068182609542576       0.97328666163836763       0.97053873394927492       0.96851965817216323       0.96853566227136489       0.97563557767339826       0.96772935369379387       0.97718865143826250       0.71787721293368922       0.98058795917695174       0.98038247301410997       0.96792047040267837     
  0.63572012609514572       0.65620219694689652       0.67000652071012312       0.65807041293785329       0.72791285190820210       0.69070930863680058       0.78442073926499278       0.65312547020052236       0.79859564895984203       0.71764329454396814       0.66875786354336308       0.73608437089419121       0.66332249053762560     
  0.99546228867784314       0.99041837003147681       0.98666055891257098       0.98530956202104714       0.98426984248368588       0.98429624346767008       0.98782429624180779       0.98397017154569166       0.98776646109038901       0.83139868985182663       0.99035275670868417       0.99023899418589933       0.98398203480093627     
  0.62515150244715911       0.66406062060789373       0.74921442370317526       0.69646316294106181       0.70050750745864798       0.70985956812984286       0.69808342250999744       0.71025295027757784       0.84757237561670729       0.75600019235450955       0.66726641282330201       0.70492507756538147       0.68529413089722668     
   1.0000000000000000        1.0000000000000000        1.0000000000000000        1.0000000000000000        1.0000000000000000        1.0000000000000000        1.0000000000000000        1.0000000000000000        1.0000000000000000        1.0000000000000000        1.0000000000000000        1.0000000000000000        1.0000000000000000     
   2.1552250898278040        1.1911679923712406       0.67064500281672490       0.75737107140275040       0.68820764368158271       0.71661782186405831       0.77478325684222371       0.65317538564297228       0.67947851601781617       0.61697036914543202       0.72096166150171714       0.68208052842329669       0.71143012176124609     
   4.4884265133229420        4.8795626831495751        4.5120281602744692        5.2025650277860835        4.8539680494320496        2.4182568451655064        3.6422596943829655        5.1765457100962120        5.4996097505775072        5.3123851417040830        4.9780013623221757        4.8052998444976343        3.8455584040763080     
   4.5958614616241036        5.2421057899478853        5.2445435119465795        4.4795040038710017        4.9618283899390470        5.0857763789027581        5.6664610833713915        5.3461947695854120        5.5268699382069544        5.2913198999814597        4.8704806430766805        5.0547679398579763        4.9029625066116029     
   4.8847507799976455        5.2911445652993185        5.3497635646616528        5.2032320276396709        5.0800498950196342        5.1831224918498515        5.9059678725877731        4.9034092237670457        5.5725630250423448        4.3804585026344789        5.2298079259843950        3.6589198249686370        5.3762550202524837     
   5.2596660346870587        5.3813736797278278        5.0762207676417344        5.1557409229762357        4.6279520590780869        5.3439795745376824        5.9984938782476043        4.9388936083228776        5.5714917830873620        5.1856818505987716        5.2392449152701115        3.0887734993101397        5.2458386474736702     
   5.1860347458989011        4.0152030755103736        5.1515128542807043        5.4080601785414819        5.5407403904133794        5.0065457716105097        5.9310745897005663        5.3065149279403085        5.3713752739255263        5.1367821250776151        3.2909679793273696        5.1317984162129431        3.6058728825288089     
   4.2072539136356344        5.1952556653572985        5.2955729585495517        5.1613133939739759        3.4306166321693081        4.9583948597288785        5.9532557322488389        3.6269940858528491        5.5236036067975229        4.6746901651784105        5.2842588564707214        5.2918759484287436        5.4646951202698020     
   4.7797156690619875        4.3717969575461595        5.1919648717633171        3.1732932282671178        5.4280037791198072        5.3791634784190627        5.6101317333722625        5.4416886381381682        5.0641380409507537        5.0599145208844627        4.7376981726348282        5.1816376614054862        5.1834439877799436     
   5.2493111464131728        5.3346610107973031        3.7537076724541252        5.0180296310931523        4.7913751577449650        5.2546794128007859        1.2977063918617753        4.3096597607556761        3.8274401233230826        5.0171534594942475        5.3548339625846850        5.3090678459676957        4.9417903128314720     
   3.6376908441249219E-004
           1           1           1           1           1           1           1           1           1           1           1           1           1
   1.8678030057578076E-003   1.7344134418276818E-003   1.5590335351651160E-006   4.9587899941844702        1.4867866491742190E-005   1.1374975031500140E-007
   7.1020402258426365E-006   6.8363251790894450E-006   1.5195470568371240E-006   5.3377104363973818E-002   1.5183488153714935E-006   7.8233152600077029E-009
   5.0000000000000001E-003   5.0581509132162825     
