  0.02370788072313884  0.03354747657292088  0.04490397887046108  0.05575205239515406
  0.06660797880743045  0.07826877828176980  0.09026658964134276  0.10214068569643822
  0.11268563443217648  0.12286640257587224  0.13418512398569712  0.14526027846582859
  0.15480612314012576  0.16404640298954837  0.17378636820822635  0.18443524161575808
  0.19484758976889474  0.20584945661121315  0.21619230990126823  0.22628108015255885
  0.23650158126811405  0.24711241115210558  0.25739863778150751  0.26738054359249241
  0.27770889995760484  0.28864349356984592  0.29921955786586252  0.30970248000833772
  0.32026666912186741  0.33138744386775365  0.34235130218925558  0.35248295347065889
  0.36224961242039877  0.37205874234215852  0.38211805381466929  0.39240161027126147
  0.40276627520978880  0.41327617852579140  0.42335819776225053  0.43339388901112613
  0.44312631914883488  0.45304957054686651  0.46222923928566156  0.47220173923743936
  0.48256620771511327  0.49373441162907805  0.50499062706660236  0.51540665615679004
  0.52519572687647376  0.53439965623054309  0.54404925571370710  0.55434861053699080
  0.56501643688284153  0.57580934596331745  0.58624126058865078  0.59659263586282807
  0.60751906076305451  0.61920516292044836  0.63135378600620040  0.64294554845709184
  0.65332371231066555  0.66314555697520072  0.67300484553788875  0.68316862923676602
  0.69477206610538356  0.70653086415309563  0.71760847844648346  0.72809645056290007
  0.73815683475267690  0.74777084902927382  0.75687928698995910  0.76593893279415404
  0.77535716216708039  0.78492849015275812  0.79436057616635614  0.80344177093927716
  0.81255357527096561  0.82181333417804991  0.83112444392050377  0.83986556361743825
  0.84771704548690163  0.85605441651777348  0.86496937045507871  0.87486120422293379
  0.88436553421341202  0.89378500901435987  0.90368577853082821  0.91361093471136567
  0.92296713100932359  0.93230603275937518  0.94221395720160006  0.95193454890144402
  0.96046235810017100  0.96710623412176999  0.97062357958006529  1.00000000000000000
  0.02372862355988841  0.03509915175519580  0.04833722553205003  0.06197886963706421
  0.07463707666670384  0.08649970924368093  0.09790105918766251  0.10870939994890635
  0.11972852448666352  0.13090012210514046  0.14234019233329950  0.15448426453736841
  0.16630201900953767  0.17767147969978447  0.18854889136987590  0.19942662611208156
  0.21022897940553512  0.22073422482098595  0.23149241062707482  0.24238292399792088
  0.25290223035529102  0.26307312524655585  0.27301106442861078  0.28327956300197743
  0.29361307858014585  0.30362971409448108  0.31381793535941388  0.32418027943342792
  0.33477545417721905  0.34526739854358968  0.35559020264803648  0.36683578081020629
  0.37781139557572652  0.38841816322303430  0.39874219846684106  0.40873096837174377
  0.41877586760393143  0.42828420946193002  0.43803933711728088  0.44800477148671203
  0.45783519393993971  0.46788858170354941  0.47843445035610482  0.48851344173807898
  0.49810668494833549  0.50746452789399066  0.51701215962872504  0.52655289023397633
  0.53593913267382187  0.54525090265854403  0.55505905365961161  0.56494202607913002
  0.57561390402481305  0.58672937557224869  0.59809445856302501  0.60877188432435980
  0.61936242950520759  0.62998456971184780  0.64049645922778553  0.65030682154442221
  0.65925655959360696  0.66866821593552284  0.67826575872826633  0.68772605260450603
  0.69713940668290852  0.70693862526642559  0.71756528010757070  0.72844928972850909
  0.73901778245677219  0.74961659915353862  0.76022093346620234  0.77026958744338636
  0.77950448954998564  0.78835758355110697  0.79694398467496863  0.80522065809135146
  0.81377521143153997  0.82270070518847616  0.83131882047627470  0.84002355975003062
  0.84900703397306743  0.85833181409849424  0.86811808285735592  0.87698532088910142
  0.88563554919803256  0.89472691227417067  0.90479050126525151  0.91444594841073601
  0.92283799641768050  0.93087990887753236  0.93922716731201317  0.94873719849108240
  0.95813540318684620  0.96644197059029435  0.97094785490087854  1.00000000000000000
  0.00540371312124515  0.01971742065559232  0.03425476860101671  0.04642471385549331
  0.05655113955169417  0.06633467279033892  0.07607456220623168  0.08621575792400074
  0.09702419760016576  0.10812954906726605  0.11853501299775067  0.12839381533361346
  0.13787747033340644  0.14770652274653262  0.15814936952870487  0.16840250782009508
  0.17850985146111850  0.18899026538904157  0.19948291130825802  0.21031442992606361
  0.22032055125161046  0.23102645323345217  0.24274232726042902  0.25524244752980707
  0.26754525135327584  0.27926799842215722  0.29048783453635241  0.30179401881119106
  0.31251726315293138  0.32351413131094342  0.33425490838569721  0.34614577352606757
  0.35796597416411274  0.36948663448938063  0.38072905829707393  0.39188664224817099
  0.40302938283071754  0.41373835248545948  0.42338479262188450  0.43291987081570332
  0.44269436626109349  0.45271046042305796  0.46257434791169294  0.47170797750821175
  0.48123598963615138  0.49096876584177568  0.50050558785140387  0.51059823599194232
  0.52117097150598646  0.53173194215769837  0.54196787000986235  0.55236887312071015
  0.56338933206963404  0.57474441095609163  0.58594615518552118  0.59712535491614305
  0.60865509506419491  0.62053700066233353  0.63246321387622506  0.64320000879017047
  0.65443419825608140  0.66601777823010622  0.67795790370951170  0.68923735277496967
  0.69933676520941390  0.70885033591309110  0.71805182639082255  0.72706828941682089
  0.73663179958374225  0.74726168776185642  0.75891304595465481  0.77072853680380338
  0.78214641243825611  0.79318126340977857  0.80396723820581995  0.81423029063963404
  0.82357909212960390  0.83256447691552304  0.84137376505594408  0.85056925056262345
  0.86009918946731490  0.87036572950373658  0.88074133155835721  0.89219115417182315
  0.90233732672285771  0.91207062699905006  0.92148031047318979  0.93023684091689873
  0.93993110398008561  0.94869674240833834  0.95742612177563435  0.96560300636206808
  0.97380668930228120  0.98212510399320130  0.99208695511160161  1.00000000000000000
  0.00170481768144501  0.01934704145179539  0.03429789118916119  0.04694227841774271
  0.05907978180928770  0.07065639137752187  0.08146615449407250  0.09107165136347155
  0.10022926367039510  0.10960551542587756  0.11916421795560535  0.12881949005104851
  0.13822961426198366  0.14825789780916593  0.15963468603399042  0.17118621141695031
  0.18281135591021239  0.19430540255731127  0.20601402220302401  0.21795602149663465
  0.23002112083187778  0.24227916634966065  0.25441718096599958  0.26613564215804958
  0.27738800160448795  0.28839940232453626  0.29948207093512641  0.31106939769737640
  0.32255219533782825  0.33393110880154447  0.34525767655712342  0.35631649369229429
  0.36760448100234017  0.37853284231186773  0.38950793267691730  0.40034942730680445
  0.41063777972738125  0.42095042346121853  0.43123925898707766  0.44117307762133906
  0.45066307056810817  0.45996638648231736  0.46905901720543391  0.47820685693436665
  0.48732975673021228  0.49664938600483460  0.50649002871225746  0.51651840368148638
  0.52704068257770764  0.53828732398461321  0.54955774818647019  0.56131438025669766
  0.57358569552151240  0.58551560159988891  0.59740303064169342  0.60928427190434065
  0.62231084183516094  0.63422506407220669  0.64617794540863149  0.65586370598915134
  0.66599969272922721  0.67478182541253984  0.68354193549840259  0.69224496220907317
  0.70098557413199436  0.70963009613181183  0.71827178886307164  0.72673634405940390
  0.73623770372982589  0.74619002344037899  0.75659283128099530  0.76707174754020480
  0.77746994353354471  0.78797872441971950  0.79837753157722613  0.80966097648983970
  0.82066208352539649  0.83081697644113683  0.84013224054777658  0.84935526314577436
  0.85843769830707151  0.86769418257960040  0.87730842768665207  0.88700649290214395
  0.89694036650089382  0.90676116578057042  0.91670488947036155  0.92671651012037448
  0.93646480846414282  0.94608705246133173  0.95565993208379563  0.96492946063871876
  0.97384563699318194  0.98269963975217223  0.99148391161323812  1.00000000000000000
 -0.00042313351414027  0.00275319212154408  0.00467115325892333  0.00690207665902380
  0.00940956193101511  0.01247405929909171  0.01605696294664925  0.02003500848870367
  0.02436513919401596  0.02885645903939230  0.03347993120294292  0.03877979230352290
  0.04438366063174043  0.05012273412984236  0.05612259732801670  0.06206916274585988
  0.06814344295681125  0.07388816012940200  0.07974177319891873  0.08618191724329854
  0.09343440510663914  0.10121442371041744  0.10873111868634837  0.11627263029568256
  0.12385011818545626  0.13240608344619070  0.14138881102558593  0.15097752269321660
  0.16007837817166459  0.16924731999679052  0.17786352952838652  0.18646088145522122
  0.19518153627345664  0.20385293433456750  0.21252057721027709  0.22179017407971743
  0.23152756365745911  0.24136111689228251  0.25111718016293272  0.26096564582461251
  0.27090158928702873  0.28094016723808463  0.29166418783831205  0.30250773349154114
  0.31402510303011782  0.32532333381781792  0.33642888513524710  0.34725662110286259
  0.35789230555625429  0.36863968759159560  0.37971326387220800  0.39152280806318018
  0.40337618301745404  0.41574976067161745  0.42855106903568924  0.44170044465238784
  0.45509184160453825  0.46846884041305165  0.48145163629526422  0.49362673923898431
  0.50570854513338048  0.51778280233597340  0.52998425914833858  0.54239042225548351
  0.55503452268815101  0.56789979040768312  0.58093384396634606  0.59417882699022051
  0.60765689958656921  0.62128958787126831  0.63468243819744496  0.64776809915378708
  0.66069768733553269  0.67349974506323174  0.68689865511956516  0.69956643468959046
  0.71231866065943095  0.72490214071244652  0.73798021963325688  0.75165535822670182
  0.76544630972218841  0.77952877146052890  0.79414863707020988  0.80907876694564829
  0.82421671646716710  0.83957447837950860  0.85518920210639293  0.87057111634434592
  0.88553881121864320  0.90061405752571833  0.91600490584975980  0.93152793715637461
  0.94815333809862301  0.96508801580797288  0.98231925499505179  1.00000000000000000
 -0.00260069268613713  0.00985069702665136  0.02066798087525581  0.03094032647127469
  0.04116059700862804  0.05119938347277191  0.06157123898036337  0.07244103950272082
  0.08328343627740101  0.09482531474039237  0.10646979028995918  0.11700986749527542
  0.12756132447594057  0.13787687116859074  0.14804595076282678  0.15774971176598188
  0.16779219055340483  0.17828908639253260  0.18867164321613183  0.19840383431595912
  0.20799541916139494  0.21793110659479578  0.22844703737085231  0.23939853279147433
  0.25037018833686342  0.26182435300542301  0.27369009481188522  0.28601933690382070
  0.29756262542356732  0.30875019770106554  0.31992894284284584  0.33087802358109003
  0.34207771605267984  0.35340950432550183  0.36704598236447028  0.37951107120381805
  0.39186351849703627  0.40410848424926998  0.41622837694372716  0.42747034930171168
  0.43837091841627313  0.44907117100270988  0.45995443025552785  0.47124152414983944
  0.48308637401069726  0.49516507498080858  0.50662463810562608  0.51725812128889836
  0.52730294113797938  0.53721715085979527  0.54727910640481958  0.55730546250787705
  0.56703791744572551  0.57663012824840842  0.58618099099212673  0.59566613643953592
  0.60493819110973601  0.61383414657382662  0.62284325656823136  0.63229867946237395
  0.64231319981731672  0.65320574764118189  0.66444367212379829  0.67467247955733989
  0.68499757653641680  0.69539421921150413  0.70594892805354792  0.71626578386051565
  0.72621114549855803  0.73649116584831420  0.74621796104794269  0.75584416608342864
  0.76570932640616285  0.77629887062450487  0.78726131975852187  0.79773377237813325
  0.80703022048256978  0.81622073870557887  0.82543390309353903  0.83481511426373489
  0.84423444904552913  0.85402198993507383  0.86441903231069694  0.87531472894519136
  0.88591257734754025  0.89622044989778948  0.90642254071920991  0.91637985999227123
  0.92596997642507850  0.93568972782265680  0.94630770661338681  0.95736231104165992
  0.96871343344006178  0.97965758496740607  0.98995853133086764  1.00000000000000000
 -0.00296519208965053  0.01164811699455679  0.02282151530785171  0.03336621072406871
  0.04333164061245616  0.05337613413637307  0.06349099481079080  0.07307363219156286
  0.08252988104009923  0.09226113060156599  0.10234915954293192  0.11261845973392498
  0.12313173750424865  0.13298640657219074  0.14315457277735669  0.15385583814764814
  0.16457830564959083  0.17419656612753884  0.18337868032313789  0.19286395342142779
  0.20333619207097939  0.21410168885933520  0.22540918856587133  0.23626734134466887
  0.24696434370250439  0.25751138095801901  0.26811523338172683  0.27897214215575278
  0.28998207478769433  0.30172950525874354  0.31320198385234510  0.32440443011168557
  0.33456696446506545  0.34442072299015214  0.35445663435693764  0.36488873801407173
  0.37500344530760771  0.38537152094267035  0.39548861002765928  0.40542389632894593
  0.41538423987211504  0.42488749687712779  0.43465159824203986  0.44447211153272903
  0.45496088496202658  0.46531722775976198  0.47516074158185551  0.48522784782753292
  0.49539175432247601  0.50586297650182233  0.51692802605696786  0.52839195970901276
  0.53918418011046099  0.54877878076828712  0.55800595989227175  0.56744093490220071
  0.57749262058364537  0.58764919224096968  0.59787216085796990  0.60826343735083421
  0.61944247593381041  0.63085402264000445  0.64213066197891966  0.65326650985298940
  0.66419469789634233  0.67478146819899376  0.68512662965987914  0.69555855470609174
  0.70599091554256277  0.71662373234825061  0.72774427585670132  0.73889766823147218
  0.75041401848164024  0.76176183167909861  0.77333544762785456  0.78527569793236762
  0.79693751815921332  0.80780170220870351  0.81818867056477118  0.82881003193455405
  0.83919311533457841  0.84886146162953302  0.85806340891008426  0.86736093827528893
  0.87692242284072686  0.88668062286836669  0.89636347175535891  0.90664689537151366
  0.91774434284020301  0.92924204360275353  0.94101217352315958  0.95286896811038269
  0.96506736456222730  0.97716463013099175  0.98896878458452353  1.00000000000000000
 -0.00267236908299697  0.01004019820597172  0.02079797508985421  0.03113455238628439
  0.04172757228964712  0.05311472811742857  0.06408510507906610  0.07428324945129310
  0.08453061889722201  0.09530233367076409  0.10624241046816595  0.11669155963151470
  0.12684905864790555  0.13699759595810365  0.14765173240547669  0.15768790579282158
  0.16788189701008729  0.17874440335438438  0.18996222929194306  0.20047155409759509
  0.21047706418482148  0.22045567064514793  0.23060670906719508  0.24069457340217429
  0.25081084323737168  0.26059471401249062  0.27054046579670371  0.28109413997987864
  0.29174437634564676  0.30277835210764376  0.31378983721074311  0.32621979572110621
  0.33843115430151033  0.35039042838653606  0.36212053197191113  0.37349546863891109
  0.38433473704025722  0.39516377260689645  0.40647070664122997  0.41786061965547294
  0.42876820142382288  0.43953561201832164  0.45013881755101537  0.46063944461276418
  0.47095434815048798  0.48138491714087883  0.49204954598171147  0.50296786698259066
  0.51413417729592159  0.52524133839517051  0.53624264873366512  0.54782788942350003
  0.55967312100948896  0.57052030039139345  0.58099524503385847  0.59210250104868778
  0.60356178654175130  0.61435836687326539  0.62473472263909846  0.63515612203638339
  0.64547416342631148  0.65581437820938127  0.66648598383905000  0.67768170732602395
  0.68891640326073655  0.69938833994599880  0.70878789725198765  0.71753613650651349
  0.72661187636737545  0.73624477373786024  0.74580380191351658  0.75476066177293766
  0.76332831395246681  0.77199186865856717  0.78164709181541037  0.79146611485445817
  0.80157284283330277  0.81174091360484135  0.82232985062762209  0.83315396769919237
  0.84424546325618754  0.85504626816310214  0.86537672512838282  0.87532531758574239
  0.88527708498252244  0.89549402117008847  0.90636817934892988  0.91758591713989612
  0.92853247615357837  0.93901805004163408  0.94868609273961535  0.95806564077859024
  0.96751766579239962  0.97735005181471390  0.98844663096967411  1.00000000000000000
 -0.00230920047726677  0.00913370021407441  0.01874429370293641  0.02848871551110016
  0.03827730593327157  0.04866072713533513  0.05993788452963560  0.07209774486791828
  0.08445953672175484  0.09666570849868626  0.10791116435775494  0.11890094952612625
  0.12948833321762251  0.14019088281128039  0.15112242094976780  0.16287922417918932
  0.17366823571517317  0.18446556178005263  0.19449626253818064  0.20500576902510256
  0.21561733336833122  0.22554252460445595  0.23569969281183734  0.24589070882788522
  0.25648370178106816  0.26811239218870198  0.27695426238504900  0.28535782920481895
  0.29400407530449052  0.30310862787105614  0.31280684969152134  0.32234267438602637
  0.33217244848275268  0.34426681239550055  0.35696502399613150  0.36833276491830647
  0.37899458796407315  0.39000602978617166  0.40025230540303225  0.41062398952962426
  0.42097913678531196  0.43064763588932237  0.44057750405997470  0.45045260186028335
  0.46067571477878294  0.47047231773743853  0.48049419387173575  0.49170088950580598
  0.50315175225561637  0.51477408094869370  0.52535427102158105  0.53579466641508711
  0.54598954669982913  0.55692861472907151  0.56780591312396433  0.57873196077468558
  0.58968502356150543  0.60152531232313211  0.61281392657976808  0.62440626645029007
  0.63595593364410286  0.64716409297603505  0.65711112313661812  0.66673476566596135
  0.67672459517206052  0.68676752373074590  0.69685723128464905  0.70712192246934436
  0.71818369938631954  0.73002043656877813  0.74130587580930862  0.75222355634657023
  0.76141747026603968  0.77014409438781650  0.77905105031313115  0.78828415078423275
  0.79787819713267005  0.80751392649103615  0.81773515474611769  0.82907462036900825
  0.84012992848237966  0.85030981761126545  0.86069971032908554  0.87089410410735912
  0.88146686477222014  0.89210325191477169  0.90252709100567297  0.91308845370503566
  0.92341904703860000  0.93419017476027533  0.94493261565225295  0.95541370872171172
  0.96572526738938225  0.97644324190037024  0.98784658765068345  1.00000000000000000
 -0.00179726015743386  0.00826503225850234  0.01696690662923423  0.02637488034290070
  0.03565367537904485  0.04524225535702762  0.05524266279261580  0.06557469472010671
  0.07624645708845047  0.08701752588827541  0.09797779074089696  0.10953958146176965
  0.12129091073680978  0.13221945238103539  0.14260794267484730  0.15324983290066971
  0.16435827578042914  0.17565256164992052  0.18690680286764541  0.19872753226174350
  0.21140786775695253  0.22418630659490008  0.23684520086990457  0.24932941893257493
  0.26015838667798163  0.27117388604240328  0.28225522298968669  0.29356861507376697
  0.30438879758469772  0.31473980513406685  0.32594492197737612  0.33804212889929047
  0.35030642007777918  0.36146395044583379  0.37174195493725415  0.38223191754486036
  0.39292927045232545  0.40369739287580447  0.41462773141800185  0.42574537497284626
  0.43664090284139329  0.44690107132088192  0.45669898634131106  0.46603657683044475
  0.47519132587665525  0.48504869624773234  0.49478005477180886  0.50455694039516064
  0.51437745525991418  0.52469309478960002  0.53542145235238092  0.54578091232923842
  0.55590016645306151  0.56632102616475466  0.57701467315326638  0.58730898979246848
  0.59718974448194262  0.60682902902372504  0.61628205801816260  0.62577513302606624
  0.63497943873424090  0.64369484342142025  0.65251042318070629  0.66149164277232919
  0.67137966427186690  0.68224879607697408  0.69331395043132937  0.70437857490029021
  0.71531003218055733  0.72651360707378865  0.73789427887635695  0.74884652691130527
  0.75925646690890369  0.76933024313881693  0.77917854598654224  0.78900091712542952
  0.79903292532173309  0.80942078116150729  0.82001436157864505  0.83060946272689684
  0.84116296995530027  0.85149120119384869  0.86149548764703787  0.87127388937238814
  0.88127839698092691  0.89188465411679152  0.90254413055218363  0.91300702179131799
  0.92303599147423765  0.93306991639296344  0.94329290593863213  0.95377781995299604
  0.96459393109850955  0.97564393012339279  0.98755084222220846  1.00000000000000000
 -0.00202727059814082  0.00642707604001784  0.01444191716537293  0.02186000070239783
  0.02926441089818368  0.03673534916811666  0.04396052276302689  0.05084503410507182
  0.05777627431776462  0.06531969877814266  0.07296271892866329  0.08035279195358924
  0.08784711914188489  0.09582340742060043  0.10400979138090576  0.11232503542645489
  0.12075037141046790  0.12921751832183445  0.13850292117840982  0.14819334906047305
  0.15814858918295766  0.16757840295864615  0.17631176902363208  0.18480680944074307
  0.19351223126935929  0.20236875445006161  0.21102334117264906  0.21953336631699660
  0.22819122551601215  0.23734626853577942  0.24689707977705680  0.25674227567364111
  0.26665451119363448  0.27632732618909245  0.28533752786873234  0.29438820255509962
  0.30372619037915238  0.31345686848817939  0.32372262714453254  0.33400290580724840
  0.34601069458179445  0.35727854731776920  0.36860029084760215  0.38013114512330209
  0.39170459583187356  0.40212163747640867  0.41248182210509893  0.42305781373735579
  0.43450741305399188  0.44566095190216715  0.45717010179839002  0.46957787485384656
  0.48155783397415775  0.49439763978860191  0.50739413709761350  0.51986204084236642
  0.53112153215242097  0.54179532542605668  0.55214640696063844  0.56266620418059043
  0.57358285164528511  0.58546287170056921  0.59759569469931728  0.60900293392564464
  0.62070883201209415  0.63129168960658533  0.64225970392886966  0.65310531430268937
  0.66453158308456217  0.67646276022753804  0.68929508877925283  0.70288248215653826
  0.71714192950796429  0.73161113010505985  0.74563692336179577  0.75932607036172006
  0.77239237253272985  0.78495546736843702  0.79727186975505004  0.80921442972526514
  0.82120296179521102  0.83347722582038086  0.84608338824716345  0.85751912716570378
  0.86856988089935117  0.87975967584638637  0.89101533238726149  0.90211233786042833
  0.91369872490978377  0.92683285431478768  0.94042266086517723  0.95241650770017361
  0.96458658126432062  0.97688120466052897  0.98852198286646586  1.00000000000000000
 -0.00212734715933577  0.00754316048127500  0.01644474225249180  0.02606947942348555
  0.03685636251903899  0.04819376231324548  0.05970310847249484  0.07140499480714428
  0.08255749775346689  0.09367082982598687  0.10446998634726318  0.11517568036390945
  0.12621510718296142  0.13758717858909289  0.14876452061206005  0.15994609449458619
  0.17118575339484421  0.18254937205272156  0.19383117767932659  0.20463042050882327
  0.21516817365480334  0.22581145922587526  0.23663667008284192  0.24784279102510784
  0.25877350448549824  0.26952484367826685  0.27936254980309189  0.28943089633761498
  0.29962020876871331  0.30987033899853267  0.31981581215460875  0.32969660789111194
  0.34031807390114371  0.35123049925299860  0.36234595237759248  0.37311741339636578
  0.38424310125683930  0.39562979576667073  0.40655613574727512  0.41660471184080355
  0.42606853020258656  0.43557345473949055  0.44565258375231592  0.45571891991894109
  0.46616606108362585  0.47711617311782212  0.48833038697461018  0.49914954682312956
  0.50825077845413191  0.51646635595979573  0.52450611418877469  0.53292243921668248
  0.54183078442244670  0.55127762028102290  0.56160191008842675  0.57261112868500974
  0.58323105245439744  0.59338242743010250  0.60403347894255643  0.61530525456926244
  0.62600157296345105  0.63646260801547438  0.64674023172913175  0.65805465268531760
  0.66961861775546283  0.68070037136816208  0.69163259465186977  0.70229650111939013
  0.71299207518729502  0.72335439169912474  0.73395566372477195  0.74484397614186815
  0.75522863031420773  0.76498021934590987  0.77495838502997916  0.78604523194596299
  0.79760288000214064  0.80920809107790004  0.82041940501051358  0.83187854967890829
  0.84344618157916262  0.85480096106156167  0.86514536775488704  0.87571598311520693
  0.88625103641879199  0.89668040389880899  0.90708349920395481  0.91677135277906019
  0.92601438629694233  0.93491144053714759  0.94456323207194770  0.95526800844315607
  0.96602998738864654  0.97692469410899696  0.98816440842546527  1.00000000000000000
 -0.00179527239221226  0.00620455212986776  0.01339500640221516  0.02123478892063311
  0.02967103765166949  0.03850754235062202  0.04691520395070431  0.05501747067937851
  0.06324336842355938  0.07187395172247560  0.08083329357843000  0.08951139362075254
  0.09809265005514439  0.10691590964277292  0.11606860477065011  0.12553653815721511
  0.13542375317508798  0.14556560070379859  0.15639257967114203  0.16737251348399820
  0.17855417105727056  0.18941079069334688  0.20023264756889922  0.21120125476664869
  0.22206203221434972  0.23270137750103934  0.24327752445819717  0.25423428810288984
  0.26574808239302727  0.27695656064793911  0.28762941399499137  0.29814952073161133
  0.30870701319571292  0.31950998968860173  0.33016713081540550  0.34088843770382610
  0.35180909495758311  0.36331379796400753  0.37519798084554695  0.38765449459779494
  0.40112403501735322  0.41608981325817862  0.42991500239863428  0.44287932155857029
  0.45622005579279129  0.46924348805221255  0.48216846696410265  0.49427698903658379
  0.50629565082436212  0.51842232397048738  0.53089018379451924  0.54442825579840148
  0.55918424536908784  0.57228140375515224  0.58399044253630594  0.59513796101769945
  0.60606057168221439  0.61687827376338067  0.62809791843217511  0.64014097665252023
  0.65272125974882289  0.66507219004463847  0.67699044239896589  0.68818975659959669
  0.69845670324974529  0.70836234246178686  0.71807301601781037  0.72775189624130576
  0.73800852745069445  0.74871060805339384  0.76042659295300719  0.77154895901807907
  0.78272085884186104  0.79341757108625666  0.80404769154188382  0.81394923187392787
  0.82395524476488635  0.83333886818816438  0.84305536059946728  0.85334522602968832
  0.86385567301377419  0.87339353468466585  0.88229272031473460  0.89118824053573797
  0.89982704528366853  0.90800478259973416  0.91622451445782582  0.92471616644829779
  0.93392771240412253  0.94362524647109447  0.95316473084116526  0.96286265765159318
  0.97264234187580201  0.98204069541970307  0.99116791329908804  1.00000000000000000
 -0.00233777613103544  0.00884055545027208  0.01790026979391302  0.02754401963666794
  0.03771166605017442  0.04806252800709687  0.05853386363011837  0.06902590450038695
  0.07918983252412376  0.08928923573031608  0.09916352962197481  0.10871045482040718
  0.11796149744658423  0.12728295666637196  0.13742573572967137  0.14780211055921211
  0.15762329144868265  0.16814305400426593  0.17871667378155459  0.18867203448874925
  0.19828976798478476  0.20826251807672930  0.21943645005505463  0.23138014988237660
  0.24357618870322137  0.25594638390038998  0.26822215592513210  0.27990232692040423
  0.29143364534518484  0.30380495745080188  0.31538801378775000  0.32625545794357641
  0.33691343092014708  0.34889347724427977  0.36050743362245030  0.37196614622292473
  0.38303294083162742  0.39384859398846755  0.40492321079459681  0.41562020262932792
  0.42572708132029885  0.43556230284200753  0.44568927946134684  0.45536175551346297
  0.46555728084829734  0.47588912681941575  0.48705071210340195  0.49784279398628734
  0.50877584889568894  0.51960801185764405  0.53086659244246126  0.54158786827564132
  0.55224259208700432  0.56295044597947796  0.57332861501908206  0.58355202729467248
  0.59359631557106685  0.60358897810700729  0.61386328490014130  0.62429228849836726
  0.63592252715339903  0.64717995601196832  0.65810171304596843  0.66860108588310485
  0.67947213353011227  0.69022994296769724  0.70090092298501694  0.71173609112713188
  0.72213870960538840  0.73275798245636814  0.74294868019296822  0.75461039800390439
  0.76610336795051603  0.77686123700771081  0.78644089136596518  0.79666943612900620
  0.80683467248041707  0.81670806257573525  0.82597380323953185  0.83523974457323868
  0.84468169016043237  0.85450616148592085  0.86421098688625231  0.87406070330745322
  0.88297313498031349  0.89160848315883146  0.90021373157326989  0.90940277783206280
  0.91888964242832849  0.92970915382885144  0.94148644162622019  0.95324720767835303
  0.96448728725201016  0.97521999478199872  0.98744661303680437  1.00000000000000000
 -0.01292804550028861  0.28026847049162212  0.36821322607173784  0.41220999857231982
  0.44101912267209076  0.46568951901285033  0.48692923226724083  0.50441984378927596
  0.51992635586314762  0.53402494915201348  0.54690984099408080  0.55885951286958568
  0.57005503883012743  0.58030410310110248  0.58952219026055108  0.59834804310125389
  0.60733047514338501  0.61601535743456470  0.62425290155774305  0.63203486358328342
  0.63941059321708216  0.64655968337396097  0.65328548817362297  0.65980247472327025
  0.66601592499704454  0.67197095085787784  0.67794438852020766  0.68387011091414596
  0.68972415853964897  0.69546794394654754  0.70093900185343916  0.70623836384118288
  0.71147116759467910  0.71672883858895242  0.72196638327962148  0.72696657043452917
  0.73183420040899838  0.73669480702779222  0.74163157657056955  0.74687434999892355
  0.75197506082804733  0.75686797548774476  0.76168577053571684  0.76646385393041838
  0.77107520301286170  0.77545023549594583  0.77963845924715691  0.78366298083973807
  0.78752206035120331  0.79139005020288899  0.79516462676908373  0.79894545671742179
  0.80281354122459880  0.80670645142925745  0.81069113340539989  0.81473989468672159
  0.81879726428524069  0.82287414358225541  0.82683683885504766  0.83065910750117344
  0.83436270345722552  0.83785103454799736  0.84123859974537007  0.84456127779830970
  0.84793036634533103  0.85139226230043896  0.85496645290968898  0.85859599588606283
  0.86217973606574849  0.86576506074467829  0.86928697670043353  0.87271726587606424
  0.87616332961233778  0.87975570968226902  0.88357167546236670  0.88757833540855524
  0.89144114378162531  0.89509464749302292  0.89866100037730046  0.90224755181777361
  0.90599500900622554  0.90999322015561190  0.91397163969039452  0.91806663690796408
  0.92250619578020698  0.92691843901930271  0.93147315361758087  0.93598434325099855
  0.94058762691922460  0.94531705061115978  0.95011453899447096  0.95518674164611794
  0.96135499957333692  0.96901087667196595  0.97973406865264268  1.00000000000000000
 -0.02104012538433513  0.14946081265075703  0.21019326034863112  0.24666088766919153
  0.27166872061680580  0.29169821043386140  0.30977855882178479  0.32541986107520954
  0.33932887029587877  0.35231108973595371  0.36471808204425682  0.37656790082021308
  0.38718368940258696  0.39702396474280921  0.40665488556185314  0.41590917953615891
  0.42419157595589968  0.43217278156436850  0.43995200499564008  0.44788138867137639
  0.45573923890609258  0.46342509512917551  0.47087727607227231  0.47810545286602862
  0.48508946034611206  0.49171111500271991  0.49801015504640317  0.50416286385114129
  0.51033639424012500  0.51656882418877781  0.52259951614986533  0.52799962731713168
  0.53329809616935864  0.53853773399230420  0.54367177799564970  0.54865172731032175
  0.55375180341386110  0.55898686324768687  0.56419522294889146  0.56927602009575684
  0.57427691223601685  0.57922907124972556  0.58428689677707912  0.58924590312213887
  0.59398768200622110  0.59866300550829032  0.60338523211158857  0.60807897785832077
  0.61284606897355387  0.61760696692435746  0.62212047747577959  0.62633106874578148
  0.63038755525559764  0.63440647619543677  0.63845372995304384  0.64258040617338041
  0.64682111922358554  0.65128896584147322  0.65552301222437059  0.65965930431906716
  0.66349985132205358  0.66757832243375481  0.67180118895159102  0.67609756231839369
  0.68053084482324777  0.68513771145569635  0.69004157626708285  0.69552859512743204
  0.70110497733605470  0.70657800710943508  0.71242543516570600  0.71827059473597388
  0.72381227030216289  0.72935352759175909  0.73510739703085992  0.74105171736999764
  0.74712714757926646  0.75331975422690511  0.75935063102078715  0.76551718498696120
  0.77201908296929567  0.77871943751088002  0.78564630726569173  0.79276513980873287
  0.79998815091228126  0.80745294100813436  0.81533668164100070  0.82371329016967376
  0.83272915017160931  0.84236285893545459  0.85287874350767168  0.86518744381541524
  0.87974815752898161  0.89764041720963639  0.92837172781359567  1.00000000000000000
   9.6003646217019341E-011  -1.0000000000000000     
 F F F F F F F F F F F F F F F F F F F F F F F F F F F F F F F F F F F F F F F F F F F F F F F F F F F F F F F F F F F F F F F F F F F F F F F F F F F F F F F F F F F F F F F F F F F F F F F F F F F F F F F F F F F F F F F F F F F F F F F F F F F F F F F F F F F F F F F F F F F F F F F F F F F F F F F F F F F F F F F F F F F F F F F F F F F F F F F F F F F F F F F F F F F F F F F F T F F T F F F F F F F F T F F T F F F F F F F F F F F F F F F F F F F F F F F F F F F F F F F F F F F F F F F F F F F F F F F F F F F F F F F F F F F F F F F F F F F F F F F F F F F F F F F F F F F F F F F F F F F F F F F F F F F F F F F F F F F F F F F F F F F F F F F F F F F F F F F F F F F F F F F F F F F F F F F F F F F F F F F F F F F F F F F F F F F F F F F F F F F F F F F F F F F F F F F F F F F F F F F F F F F F F F F F F F F F F F F F F F F F F F F F F F F F F F F F F F F F F F F F F F F F F F F F T F F T F F F F F F F F T F F T F F F F F F F F F F F F F F F F F F F F F F F F F F F F F F F F F F F F F F F F F F F F F F F F
  <DiscreteSampler_grid>
  grouped_processes
  1 # 1 for a reference and 2 for a running grid.
  10 # Attribute 'min_bin_probing_points' of the grid.
  1 # Attribute 'grid_mode' of the grid. 1=='default',2=='initialization'
  0.0000000000000000 # Attribute 'small_contrib_threshold' of the grid.
  0.5000000000000000 # Attribute 'damping_power' of the grid.
 # binID   n_entries weight   weight_sqr   abs_weight
    199   10   3.753031208711870E-003   6.488867304556080E-005   3.753031208711870E-003
    200   10   3.753031208711806E-003   6.488867304555945E-005   3.753031208711806E-003
    202   10   3.753031208711870E-003   6.488867304556080E-005   3.753031208711870E-003
    203   10   3.753031208711806E-003   6.488867304555945E-005   3.753031208711806E-003
    205   10   4.818801294593292E-003   1.059704817113831E-004   4.818801294593292E-003
    206   10   4.818801294593171E-003   1.059704817113789E-004   4.818801294593171E-003
    208   10   4.818801294593292E-003   1.059704817113831E-004   4.818801294593292E-003
    209   10   4.818801294593171E-003   1.059704817113789E-004   4.818801294593171E-003
    211   10   2.015793488147944E-004   1.871960227090026E-007   2.015793488147944E-004
    212   10   2.015793488147921E-004   1.871960227090012E-007   2.015793488147921E-004
    214   10   2.015793488147944E-004   1.871960227090026E-007   2.015793488147944E-004
    215   10   2.015793488147921E-004   1.871960227090012E-007   2.015793488147921E-004
    217   10   2.588230081266503E-004   3.057121030507056E-007   2.588230081266503E-004
    218   10   2.588230081266451E-004   3.057121030506974E-007   2.588230081266451E-004
    220   10   2.588230081266503E-004   3.057121030507056E-007   2.588230081266503E-004
    221   10   2.588230081266451E-004   3.057121030506974E-007   2.588230081266451E-004
    223   10   2.015793488147944E-004   1.871960227090026E-007   2.015793488147944E-004
    224   10   2.015793488147921E-004   1.871960227090012E-007   2.015793488147921E-004
    226   10   2.015793488147944E-004   1.871960227090026E-007   2.015793488147944E-004
    227   10   2.015793488147921E-004   1.871960227090012E-007   2.015793488147921E-004
    229   10   2.588230081266503E-004   3.057121030507056E-007   2.588230081266503E-004
    230   10   2.588230081266451E-004   3.057121030506974E-007   2.588230081266451E-004
    232   10   2.588230081266503E-004   3.057121030507056E-007   2.588230081266503E-004
    233   10   2.588230081266451E-004   3.057121030506974E-007   2.588230081266451E-004
    235   10   3.753031208711870E-003   6.488867304556080E-005   3.753031208711870E-003
    236   10   3.753031208711806E-003   6.488867304555945E-005   3.753031208711806E-003
    238   10   3.753031208711870E-003   6.488867304556080E-005   3.753031208711870E-003
    239   10   3.753031208711806E-003   6.488867304555945E-005   3.753031208711806E-003
    241   10   4.818801294593292E-003   1.059704817113831E-004   4.818801294593292E-003
    242   10   4.818801294593171E-003   1.059704817113789E-004   4.818801294593171E-003
    244   10   4.818801294593292E-003   1.059704817113831E-004   4.818801294593292E-003
    245   10   4.818801294593171E-003   1.059704817113789E-004   4.818801294593171E-003
    247   10   2.015793488147956E-004   1.871960227090038E-007   2.015793488147956E-004
    248   10   2.015793488147919E-004   1.871960227089993E-007   2.015793488147919E-004
    250   10   2.015793488147956E-004   1.871960227090038E-007   2.015793488147956E-004
    251   10   2.015793488147919E-004   1.871960227089993E-007   2.015793488147919E-004
    253   10   2.588230081266517E-004   3.057121030507074E-007   2.588230081266517E-004
    254   10   2.588230081266448E-004   3.057121030506940E-007   2.588230081266448E-004
    256   10   2.588230081266517E-004   3.057121030507074E-007   2.588230081266517E-004
    257   10   2.588230081266448E-004   3.057121030506940E-007   2.588230081266448E-004
    259   10   1.082704395696824E-005   5.400380262586894E-010   1.082704395696824E-005
    260   10   1.082704395696812E-005   5.400380262586853E-010   1.082704395696812E-005
    262   10   1.082704395696824E-005   5.400380262586894E-010   1.082704395696824E-005
    263   10   1.082704395696812E-005   5.400380262586853E-010   1.082704395696812E-005
    265   10   1.390166255887976E-005   8.819426734911942E-010   1.390166255887976E-005
    266   10   1.390166255887950E-005   8.819426734911717E-010   1.390166255887950E-005
    268   10   1.390166255887976E-005   8.819426734911942E-010   1.390166255887976E-005
    269   10   1.390166255887950E-005   8.819426734911717E-010   1.390166255887950E-005
    271   10   1.082704395696824E-005   5.400380262586894E-010   1.082704395696824E-005
    272   10   1.082704395696812E-005   5.400380262586853E-010   1.082704395696812E-005
    274   10   1.082704395696824E-005   5.400380262586894E-010   1.082704395696824E-005
    275   10   1.082704395696812E-005   5.400380262586853E-010   1.082704395696812E-005
    277   10   1.390166255887976E-005   8.819426734911942E-010   1.390166255887976E-005
    278   10   1.390166255887950E-005   8.819426734911717E-010   1.390166255887950E-005
    280   10   1.390166255887976E-005   8.819426734911942E-010   1.390166255887976E-005
    281   10   1.390166255887950E-005   8.819426734911717E-010   1.390166255887950E-005
    283   10   2.015793488147956E-004   1.871960227090038E-007   2.015793488147956E-004
    284   10   2.015793488147919E-004   1.871960227089993E-007   2.015793488147919E-004
    286   10   2.015793488147956E-004   1.871960227090038E-007   2.015793488147956E-004
    287   10   2.015793488147919E-004   1.871960227089993E-007   2.015793488147919E-004
    289   10   2.588230081266517E-004   3.057121030507074E-007   2.588230081266517E-004
    290   10   2.588230081266448E-004   3.057121030506940E-007   2.588230081266448E-004
    292   10   2.588230081266517E-004   3.057121030507074E-007   2.588230081266517E-004
    293   10   2.588230081266448E-004   3.057121030506940E-007   2.588230081266448E-004
    295   10   2.015793488147956E-004   1.871960227090038E-007   2.015793488147956E-004
    296   10   2.015793488147919E-004   1.871960227089993E-007   2.015793488147919E-004
    298   10   2.015793488147956E-004   1.871960227090038E-007   2.015793488147956E-004
    299   10   2.015793488147919E-004   1.871960227089993E-007   2.015793488147919E-004
    301   10   2.588230081266517E-004   3.057121030507074E-007   2.588230081266517E-004
    302   10   2.588230081266448E-004   3.057121030506940E-007   2.588230081266448E-004
    304   10   2.588230081266517E-004   3.057121030507074E-007   2.588230081266517E-004
    305   10   2.588230081266448E-004   3.057121030506940E-007   2.588230081266448E-004
    307   10   1.082704395696824E-005   5.400380262586894E-010   1.082704395696824E-005
    308   10   1.082704395696812E-005   5.400380262586853E-010   1.082704395696812E-005
    310   10   1.082704395696824E-005   5.400380262586894E-010   1.082704395696824E-005
    311   10   1.082704395696812E-005   5.400380262586853E-010   1.082704395696812E-005
    313   10   1.390166255887976E-005   8.819426734911942E-010   1.390166255887976E-005
    314   10   1.390166255887950E-005   8.819426734911717E-010   1.390166255887950E-005
    316   10   1.390166255887976E-005   8.819426734911942E-010   1.390166255887976E-005
    317   10   1.390166255887950E-005   8.819426734911717E-010   1.390166255887950E-005
    319   10   1.082704395696824E-005   5.400380262586894E-010   1.082704395696824E-005
    320   10   1.082704395696812E-005   5.400380262586853E-010   1.082704395696812E-005
    322   10   1.082704395696824E-005   5.400380262586894E-010   1.082704395696824E-005
    323   10   1.082704395696812E-005   5.400380262586853E-010   1.082704395696812E-005
    325   10   1.390166255887976E-005   8.819426734911942E-010   1.390166255887976E-005
    326   10   1.390166255887950E-005   8.819426734911717E-010   1.390166255887950E-005
    328   10   1.390166255887976E-005   8.819426734911942E-010   1.390166255887976E-005
    329   10   1.390166255887950E-005   8.819426734911717E-010   1.390166255887950E-005
    331   10   2.015793488147956E-004   1.871960227090038E-007   2.015793488147956E-004
    332   10   2.015793488147919E-004   1.871960227089993E-007   2.015793488147919E-004
    334   10   2.015793488147956E-004   1.871960227090038E-007   2.015793488147956E-004
    335   10   2.015793488147919E-004   1.871960227089993E-007   2.015793488147919E-004
    337   10   2.588230081266517E-004   3.057121030507074E-007   2.588230081266517E-004
    338   10   2.588230081266448E-004   3.057121030506940E-007   2.588230081266448E-004
    340   10   2.588230081266517E-004   3.057121030507074E-007   2.588230081266517E-004
    341   10   2.588230081266448E-004   3.057121030506940E-007   2.588230081266448E-004
    343   10   3.753031208711870E-003   6.488867304556080E-005   3.753031208711870E-003
    344   10   3.753031208711806E-003   6.488867304555945E-005   3.753031208711806E-003
    346   10   3.753031208711870E-003   6.488867304556080E-005   3.753031208711870E-003
    347   10   3.753031208711806E-003   6.488867304555945E-005   3.753031208711806E-003
    349   10   4.818801294593292E-003   1.059704817113831E-004   4.818801294593292E-003
    350   10   4.818801294593171E-003   1.059704817113789E-004   4.818801294593171E-003
    352   10   4.818801294593292E-003   1.059704817113831E-004   4.818801294593292E-003
    353   10   4.818801294593171E-003   1.059704817113789E-004   4.818801294593171E-003
    355   10   2.015793488147944E-004   1.871960227090026E-007   2.015793488147944E-004
    356   10   2.015793488147921E-004   1.871960227090012E-007   2.015793488147921E-004
    358   10   2.015793488147944E-004   1.871960227090026E-007   2.015793488147944E-004
    359   10   2.015793488147921E-004   1.871960227090012E-007   2.015793488147921E-004
    361   10   2.588230081266503E-004   3.057121030507056E-007   2.588230081266503E-004
    362   10   2.588230081266451E-004   3.057121030506974E-007   2.588230081266451E-004
    364   10   2.588230081266503E-004   3.057121030507056E-007   2.588230081266503E-004
    365   10   2.588230081266451E-004   3.057121030506974E-007   2.588230081266451E-004
    367   10   2.015793488147944E-004   1.871960227090026E-007   2.015793488147944E-004
    368   10   2.015793488147921E-004   1.871960227090012E-007   2.015793488147921E-004
    370   10   2.015793488147944E-004   1.871960227090026E-007   2.015793488147944E-004
    371   10   2.015793488147921E-004   1.871960227090012E-007   2.015793488147921E-004
    373   10   2.588230081266503E-004   3.057121030507056E-007   2.588230081266503E-004
    374   10   2.588230081266451E-004   3.057121030506974E-007   2.588230081266451E-004
    376   10   2.588230081266503E-004   3.057121030507056E-007   2.588230081266503E-004
    377   10   2.588230081266451E-004   3.057121030506974E-007   2.588230081266451E-004
    379   10   3.753031208711870E-003   6.488867304556080E-005   3.753031208711870E-003
    380   10   3.753031208711806E-003   6.488867304555945E-005   3.753031208711806E-003
    382   10   3.753031208711870E-003   6.488867304556080E-005   3.753031208711870E-003
    383   10   3.753031208711806E-003   6.488867304555945E-005   3.753031208711806E-003
    385   10   4.818801294593292E-003   1.059704817113831E-004   4.818801294593292E-003
    386   10   4.818801294593171E-003   1.059704817113789E-004   4.818801294593171E-003
    388   10   4.818801294593292E-003   1.059704817113831E-004   4.818801294593292E-003
    389   10   4.818801294593171E-003   1.059704817113789E-004   4.818801294593171E-003
  </DiscreteSampler_grid>
