  0.02383734093733816  0.03500877937529338  0.04680906390234174  0.05872313039746647
  0.07048835611595348  0.08207586760462342  0.09252972582680356  0.10261295090900943
  0.11219085780458379  0.12118517193439254  0.13015231913882472  0.13938492285582613
  0.14915960843785242  0.15959358740861493  0.16933542249430358  0.17817576999917972
  0.18662612268340575  0.19533915594421403  0.20595582259980325  0.21712222923974034
  0.22781140908683015  0.23765651633963550  0.24714037346563447  0.25740523554809153
  0.26797927833021101  0.27805563042871495  0.28780143062804026  0.29844363892635545
  0.30995327292980268  0.32134181704212311  0.33211720340655987  0.34266632282187431
  0.35309404140412204  0.36187776519385612  0.37131749872033820  0.38073297054650895
  0.38980527948436022  0.39792767395535961  0.40530106513044295  0.41254776839485430
  0.42129357298378695  0.43289664490816332  0.44623669644170849  0.46046031425722456
  0.47202652729883210  0.48266196207498907  0.49338153561106030  0.50370305754064881
  0.51375742677941649  0.52285169121017239  0.53202004278666604  0.54118776128305901
  0.54981789239815360  0.55837421721864777  0.56658914013281469  0.57456791917730243
  0.58176111967359478  0.58959323858436330  0.59765200390331241  0.60735404110068658
  0.61930093459538993  0.62906050934075752  0.63803955402246526  0.64671325228863963
  0.65657703049929594  0.66731216809218785  0.67735978845292311  0.68768038691052835
  0.69911403761483604  0.71186199826688579  0.72514668758490453  0.73771707388805730
  0.74920464029058875  0.76148349990600195  0.77414152983596873  0.78626308603785633
  0.79766980242597607  0.80837415526350820  0.81929661276776700  0.83082079386514529
  0.84174338129360693  0.85226073976081718  0.86252199663680362  0.87365502710697585
  0.88469420761051398  0.89529949170947620  0.90492814811459843  0.91384104723190418
  0.92220029390391944  0.93068635366057295  0.93945708783764081  0.94890914640509039
  0.95830506589887376  0.96579845069341819  0.97078592423544385  1.00000000000000000
  0.02401684790263849  0.03429567058023289  0.04552743977772417  0.05825141197045602
  0.07017580914240898  0.08276442261513846  0.09806463818235547  0.11354802889543476
  0.12736906836959452  0.13833753452750081  0.14854432244734594  0.15804405731322069
  0.16745729877140614  0.17720603614515035  0.18675358194361422  0.19592948996255430
  0.20506327727304444  0.21421032403534546  0.22345056122071608  0.23311599598616167
  0.24282480294869732  0.25254799300297992  0.26242356527791261  0.27323122995098054
  0.28610437560033775  0.29908016816146332  0.31096298893422375  0.32188400733341438
  0.33234956237301644  0.34215174615595284  0.35143357268652403  0.35995353482622222
  0.36758370182126854  0.37518687204381690  0.38321730938850668  0.39160417904761718
  0.40301505525857845  0.41525660316580426  0.42679880203940679  0.43769693661519804
  0.44776833440291414  0.45702462127691895  0.46852461197199979  0.47864795019208234
  0.48810205169631116  0.49754316458790959  0.50743438767836002  0.51857476529785618
  0.52908961722423020  0.53957824027816115  0.55022207716655447  0.56158693954268846
  0.57250636327159021  0.58355576752434768  0.59520358019575736  0.60521073778177703
  0.61323229823686476  0.62046389780517819  0.62795177544500536  0.63608585192087830
  0.64430231644095537  0.65245645065196678  0.65984185231184489  0.66826616573096764
  0.67846915531891605  0.68847315767839323  0.69708779178540092  0.70487749639905051
  0.71300488197992717  0.72129128495036654  0.73025058042658630  0.73896017092777999
  0.74884508068686129  0.75934813229350118  0.77088409323733320  0.78306104725104364
  0.79335891896318367  0.80299056174804539  0.81216372012087890  0.82285023319273443
  0.83361625239919379  0.84277334572070406  0.85193249360961743  0.86185936807850139
  0.87215176017417395  0.88154436680601989  0.88960563803579074  0.89782929846530457
  0.90697660691124671  0.91675597585055624  0.92704072629193801  0.93798509851859191
  0.95142712910861105  0.96289107909978944  0.97177011782476785  1.00000000000000000
  0.00630248631689741  0.01537607082878308  0.02606759099577291  0.03702070698502937
  0.04798437815169335  0.05906987804170702  0.06924183744497023  0.07849392535937720
  0.08759867850677436  0.09683124980472174  0.10691790482084239  0.11680768984226506
  0.12749477617452520  0.13757239069084021  0.14683848058679280  0.15622166553957423
  0.16643969068082223  0.17723464621522089  0.18825336492213193  0.19938961453569795
  0.21100927479467269  0.22265400799046595  0.23212158169624075  0.24057477375746222
  0.24861296966691568  0.25717740981534198  0.26656451909822521  0.27726692649154555
  0.28909917320987522  0.30380645516887067  0.31727830401937906  0.32769855911081047
  0.33685238413704910  0.34563850223856785  0.35491553387106989  0.36299736935394222
  0.37086733234656988  0.37966962089237161  0.39124511411350166  0.40342925010050668
  0.41586612238533605  0.42796436879728189  0.44031283041475106  0.45343846942168847
  0.46544175549849032  0.47766056763864972  0.48997915212781856  0.50277671569113014
  0.51379526055340285  0.52405004977224023  0.53429887874459792  0.54424659138327092
  0.55463819651202118  0.56560998562471143  0.57692723892243780  0.58703140378793461
  0.59651107890063759  0.60547542364196638  0.61480977741290399  0.62395347637648579
  0.63339217363733413  0.64318300917416638  0.65354099907091801  0.66465514601808473
  0.67526591302429473  0.68581489820694952  0.69640044394342315  0.70712389523136010
  0.71792626462224884  0.72916075998219387  0.74078064955793044  0.75213267071512835
  0.76332218466269308  0.77415133513773793  0.78492052797983913  0.79487261657793218
  0.80284803190781096  0.81078025093241257  0.81887058781491240  0.82901510959478131
  0.83898276333170463  0.84974361508874263  0.86237509980672045  0.87565261259989524
  0.88720845446880670  0.89819444479255794  0.90727712379978454  0.91683665573151396
  0.92633364602166246  0.93576571062772029  0.94502673276803895  0.95385916356513989
  0.96276206092019190  0.97285520176192541  0.98210890876083901  1.00000000000000000
  0.00120949495721667  0.02044457835516420  0.03623195092631332  0.04944329754122392
  0.06128617068809222  0.07279110039293275  0.08393736291691380  0.09511280816555151
  0.10608979977525644  0.11779042650116141  0.12883245719352088  0.13947446300793168
  0.15060372602846284  0.16239682243132769  0.17448451101764320  0.18680929741094415
  0.19949803764390941  0.21269503522593144  0.22593270902646581  0.23835161666435359
  0.25094001331901383  0.26402505786810965  0.27820880612648952  0.29101306199757981
  0.30282081449931453  0.31499414354693800  0.32741789666551580  0.34023804170835881
  0.35227993867499863  0.36312403602265975  0.37351638413333726  0.38418310712964299
  0.39598814744708949  0.40916421622356419  0.42245581660340942  0.43474522258075776
  0.44626780625475027  0.45722910218801949  0.46794615508818965  0.47801853457734861
  0.48817502862452106  0.49845457681287592  0.50829933672749950  0.51731544080539738
  0.52654496732084688  0.53674271552324870  0.54645401854569575  0.55565608291939106
  0.56366803266601229  0.57126798221225383  0.57991985635320320  0.58922649709658259
  0.59871588459673808  0.60811972519122526  0.61715884681089750  0.62535043471917484
  0.63388641891087605  0.64240093177099178  0.65269180548809791  0.66324141159949057
  0.67277640106377878  0.68171556260844413  0.69065174692417686  0.70035560251419637
  0.71084864101979184  0.72069478018504662  0.73008463952039138  0.73993424218838222
  0.75155884328621092  0.76403826860884949  0.77541211640842400  0.78567442000905308
  0.79552405639530899  0.80597279943481381  0.81707780190566270  0.82790564403186517
  0.83695454877952147  0.84513237856328094  0.85394376850098352  0.86306111809204811
  0.87194090680335734  0.88081651712691578  0.88949469014300675  0.89842237811082615
  0.90815891850636454  0.91872482031837122  0.93024885986718442  0.94140175734044984
  0.95150497156550451  0.95947947857829041  0.96660284028965138  0.97409864402870971
  0.98140290915062933  0.98824055604426098  0.99168329173961778  1.00000000000000000
 -0.00042996243492703  0.00273987446154158  0.00454585250646252  0.00653175934692623
  0.00886280462435708  0.01157856085210535  0.01479611902841219  0.01822732526678159
  0.02240756131615405  0.02620669602858270  0.03088887481810912  0.03591771774570172
  0.04080741853373961  0.04573814286212764  0.05095325555366157  0.05700677779209125
  0.06379299479440416  0.07027425177956234  0.07688745990372713  0.08417321487500520
  0.09207837924840144  0.09958379769671148  0.10687115230471024  0.11454796938442549
  0.12293899255198112  0.13189061987205389  0.14123128060243606  0.15062550639158906
  0.15946278352732546  0.16822088737598639  0.17707055747032271  0.18632474216701184
  0.19591719096318919  0.20564267240896644  0.21519636250984106  0.22478731648666037
  0.23460551764250953  0.24450731324937205  0.25520052858961156  0.26610503978574518
  0.27712185877276330  0.28866058110188497  0.29928289535910252  0.30936649952018291
  0.31997138888377358  0.33130371696968963  0.34084687529204016  0.35058202915693099
  0.36180213759221191  0.37303052921685698  0.38441401451264101  0.39617351602520756
  0.40833004129479805  0.42128244368688594  0.43561967477827235  0.45011193037748204
  0.46597032850020464  0.47948625745223211  0.49160534248518811  0.50344437059365832
  0.51527182838933272  0.52666736581949680  0.53760510676185158  0.54874650151339432
  0.55956452221596964  0.57211359565822717  0.58446852228118129  0.59686433142190787
  0.61037956175118113  0.62390887978521736  0.63763226213919544  0.65177205660579951
  0.66617863876965666  0.68057730290877527  0.69273610678203978  0.70548096219280776
  0.71827901443134423  0.73188069140777590  0.74630050827578098  0.76177849219833693
  0.77807159692832828  0.79444692515419724  0.80997173671700518  0.82487610997453464
  0.83970339041823283  0.85496923939985003  0.87134745334031893  0.88864787332618056
  0.90360355516593427  0.91772704838149710  0.93163398444660928  0.94524133565024371
  0.95907961742326808  0.97330822946538575  0.98685855230021047  1.00000000000000000
 -0.00422813621513289  0.01526434299225592  0.02783806552072064  0.03851089492188658
  0.04828034328901581  0.05784748728079542  0.06724866001567890  0.07715625808472924
  0.08743744516691383  0.09847319008386454  0.11090211332046641  0.12382522912158361
  0.13627644665500646  0.14829043447232154  0.15946932851018150  0.17042478190271526
  0.18221327109035190  0.19251186937579243  0.20113141380866434  0.20966201534080323
  0.21948643677504659  0.23041115428384731  0.24093539816021123  0.25169886685770249
  0.26305389138077123  0.27356026499288072  0.28344663006156762  0.29328054629077666
  0.30383516824845858  0.31481845500441713  0.32544076107418590  0.33629422261306452
  0.34611882403468069  0.35554219195736647  0.36456406784697010  0.37384717326262373
  0.38386810081068418  0.39386021742367833  0.40365664032966220  0.41315058030494600
  0.42326821458252845  0.43450456635545814  0.44600069795576980  0.45725480642595884
  0.46898747300860444  0.48058458446568847  0.49147111253735315  0.50185043095152049
  0.51189242015897274  0.52199049989057267  0.53222615939290463  0.54314033696500286
  0.55514709324299993  0.56635906677429015  0.57870574402155095  0.58971812332041584
  0.60100699864983220  0.60995633883422951  0.61816356939748807  0.62700417994449997
  0.63524255023216647  0.64289926156070254  0.65034892344461825  0.65823254959416000
  0.66717884522956139  0.67643422281843602  0.68525634675160074  0.69322309733023735
  0.70058476857266183  0.70766741752509132  0.71592365034934657  0.72439630402345212
  0.73471252139472609  0.74515876236531853  0.75635932806265183  0.76928221743898795
  0.78122160202623137  0.79249487936101459  0.80417499345718058  0.81521432970052987
  0.82643270100561350  0.83972967664601661  0.85343981634101140  0.86530749155843889
  0.87673949559116060  0.88783132891221050  0.89991783318386742  0.91246975049492596
  0.92315412578947653  0.93400306149234036  0.94448090587387235  0.95574421848888702
  0.96692758326985384  0.97851284567939878  0.98934476868407928  1.00000000000000000
 -0.00395138191503929  0.01211948823010054  0.02443376124027550  0.03558286061647199
  0.04608376729037197  0.05603387897019666  0.06644700301558217  0.07661352735221068
  0.08698378072396082  0.09679283344422820  0.10728968097452359  0.11888067672296680
  0.13223742432173952  0.14519272499652208  0.15574527720067419  0.16575770601254169
  0.17497882556444885  0.18487826281982439  0.19450494382412498  0.20437631930843272
  0.21463011098771143  0.22634490742817975  0.23870081185599931  0.25042589082307587
  0.26086203200292629  0.27073131781222670  0.28120960984187759  0.29218709098417567
  0.30279564527228742  0.31344228051634221  0.32289419026375693  0.33162954649748388
  0.34028629584069620  0.34932145579312046  0.35890630824951819  0.37001374186683372
  0.38142033320766572  0.39265449691826737  0.40271088253280413  0.41125636067749116
  0.42009246966484393  0.42969962964382780  0.43966572936786374  0.44900242264213930
  0.45830266564909405  0.46829244605098946  0.47886418201052461  0.48919852457647461
  0.49950294574424053  0.50986319729117502  0.52044123314963364  0.53194294822382981
  0.54451346054002092  0.55828144743191843  0.57252843369567274  0.58603088694763661
  0.59831513607376874  0.60969094335662066  0.62090525356469661  0.63143969812501888
  0.64165465894211038  0.65199112597940423  0.66281287566995339  0.67301917372770625
  0.68287505718575436  0.69235309483185159  0.70202341248791678  0.71258195178922501
  0.72398381368048970  0.73659235309099991  0.74785685307434346  0.75854471226957598
  0.76913359077916199  0.77985864337041400  0.79103599727982821  0.80205550566303019
  0.81130908265417323  0.81985583331362721  0.82846998228739932  0.83819304203392164
  0.84931430848785550  0.86058568990260031  0.87140066903250502  0.88202812042104728
  0.89238520873492377  0.90425257563035955  0.91614775736267795  0.92469043874757906
  0.93356529664899435  0.94205112801742497  0.95005815884571321  0.95874680428414771
  0.96821324390452079  0.97766890409365537  0.98833313874573758  1.00000000000000000
 -0.00159025092109268  0.00742275730756218  0.01509422611895652  0.02407484626702514
  0.03372548132875231  0.04278679674768952  0.05346456836767264  0.06397609711909211
  0.07449911267605713  0.08528479427302084  0.09542986956159481  0.10542070427793560
  0.11656121330504211  0.12881035887044895  0.14007023079425118  0.15117119504136584
  0.16175405842013310  0.17143626986842569  0.18047430941075007  0.18931193103714444
  0.19805317124477206  0.20660290875084358  0.21525749719447312  0.22426688890121618
  0.23454024198020135  0.24523509199359836  0.25561834250199400  0.26581985481628945
  0.27825243446724729  0.28969735963521565  0.29962546618229352  0.31001912878010629
  0.32075501343988322  0.33132491905921413  0.34195992926383628  0.35369735209360936
  0.36592619426455947  0.37705383316740615  0.38786053591819719  0.39961410455242463
  0.41326083786789430  0.42637261081349098  0.43791756653898845  0.44779368176637030
  0.45763747821234180  0.46836881627888893  0.47988487909791561  0.49120445916895333
  0.50197391439776229  0.51217268493622226  0.52308046168849709  0.53445364698081410
  0.54629108276254779  0.55784131026827244  0.56898132783762068  0.58030075275197912
  0.59231417189532531  0.60478758704790525  0.61652279348925554  0.62842243857965485
  0.64087115832443575  0.65399111289478007  0.66590262704711856  0.67605447824747245
  0.68500165679842973  0.69339356756192894  0.70179848551406188  0.71071791062545653
  0.72089473258932635  0.73092774303981689  0.74040330391013753  0.75006999337823965
  0.76021193569908208  0.77133834479658747  0.78238439565115236  0.79285900670413001
  0.80245103629710712  0.81193616550344405  0.82187700160926669  0.83289210857072316
  0.84526534475807735  0.85753290807954385  0.86855342585442530  0.87899522316405032
  0.89005972297220826  0.89964107782493119  0.90874899003237852  0.91780674361790082
  0.92767665445421055  0.93794174591070723  0.94798734253853101  0.95797657512487411
  0.96872898945121044  0.98059175061703829  0.99058624983621746  1.00000000000000000
 -0.00264236065808494  0.01076476670011436  0.02145457253467503  0.03255031947641834
  0.04230225136990842  0.05184074703101283  0.06162477509699253  0.07228395044928861
  0.08292544403491642  0.09285259154893577  0.10201463723853546  0.11110065401499031
  0.12093550535109225  0.13156203837406927  0.14187683615825489  0.15068113515261211
  0.15891767357985367  0.16826291887812325  0.17783817644996533  0.18733812384828510
  0.19637394283579584  0.20433047053184308  0.21400733175444550  0.22587729569558113
  0.23784416386093601  0.24781972158248367  0.25812012177560462  0.26780984061425139
  0.27989319845781974  0.29076040371881795  0.29993489699554515  0.30807800689733345
  0.31623686218004332  0.32462765527920989  0.33356036596065120  0.34201700186489747
  0.34975118409180678  0.35718381402665161  0.36530253677024954  0.37413995514711507
  0.38433084819037899  0.39470782563430518  0.40656492443170372  0.41844416538082208
  0.42865928119806401  0.43825475161401128  0.44798929407297794  0.45825501370785132
  0.46896682876761797  0.47996674263972072  0.49194484056305599  0.50424029441971552
  0.51616215000460086  0.52784740163205968  0.53946277628056827  0.55062487213803235
  0.56022453272969364  0.56928637901825341  0.57869834547363230  0.58807213059215502
  0.59855545938821275  0.61007474730592048  0.62249005304075877  0.63678059357072836
  0.64958327440174868  0.66137598680634868  0.67136109466118188  0.68130262060143232
  0.69089814119426329  0.70055898455882915  0.71119931833861050  0.72309457541484445
  0.73564535019330146  0.74748074954915078  0.76033568699755483  0.77351616143689661
  0.78521101902161428  0.79649237013139174  0.80793379941456467  0.81982923493196247
  0.83253943910850436  0.84434576417074947  0.85536919838192138  0.86549462800049504
  0.87529218371092310  0.88493899023059985  0.89524863531973231  0.90801379439928354
  0.92093042237413114  0.93381998713728476  0.94569005244460547  0.95670116029661822
  0.96711860172746344  0.97735733129109414  0.98853541351112251  1.00000000000000000
 -0.00262411473915871  0.01046256033646104  0.02109025874894749  0.03082485868896679
  0.04073940456539520  0.05097600499477986  0.06197714594111427  0.07390499821802157
  0.08572756402018716  0.09629110749803710  0.10651301592763066  0.11743465869905267
  0.12974931020102393  0.14351595185718802  0.15587663885737885  0.16799151043387214
  0.18026379178293153  0.19214165635425487  0.20415715458617453  0.21622272913649471
  0.22837816094557173  0.23974884632701782  0.25032110211660047  0.26161597985655677
  0.27392892696825760  0.28682772883033758  0.30004273005343290  0.31177411351356182
  0.32265715620245594  0.33305653709209776  0.34210912125047377  0.35158776408432790
  0.36139636936116704  0.37186459778362108  0.37993955492895654  0.38788606777827805
  0.39655672873521286  0.40781182186791781  0.42016393110119432  0.43030942325137828
  0.43970331807068896  0.44861363982816210  0.45734610885956661  0.46626283021536874
  0.47557197799034545  0.48585939854326399  0.49716859370148919  0.50913003032339377
  0.52131074845751724  0.53335280291761755  0.54506771836190515  0.55632958918029518
  0.56709538237086643  0.57723490317186710  0.58730980602531224  0.59709842781998246
  0.60587242248429818  0.61236281398542325  0.61917167865222578  0.62709311383782540
  0.63573423119790418  0.64425411696629975  0.65317716614551768  0.66182901580143860
  0.67173391340926669  0.68267619523423995  0.69408742603216600  0.70553536324691268
  0.71632038049588354  0.72811721765300463  0.73872798819864738  0.74909961812071624
  0.75922764868907633  0.76943033485030987  0.78093761085277980  0.79186346813458885
  0.80188391063790609  0.81081418870485755  0.81909470711345000  0.82742451706194409
  0.83697219149954594  0.84638894865076852  0.85584291268127011  0.86576917169637579
  0.87604670436602816  0.88682197623375603  0.89794711675232097  0.90919696736590294
  0.91974946619884046  0.92967572737377302  0.93990517381009220  0.95105872481335052
  0.96240298607861241  0.97384354350992053  0.98628071840363885  1.00000000000000000
 -0.00203724447158071  0.00898779395025614  0.01856086637648593  0.02827138529451826
  0.03714534220702927  0.04575161885611773  0.05361604235707631  0.06189277662471123
  0.07018329476743314  0.07845976671038980  0.08746560980045394  0.09723946855057450
  0.10681341479726192  0.11608422624748033  0.12481709272087192  0.13384405402947699
  0.14249404593661857  0.15104628188913150  0.15969441002113527  0.16873661014248731
  0.17808504777898423  0.18870142753198410  0.19940415412724866  0.20912215040475862
  0.21778962427897364  0.22613252835256914  0.23552372269103505  0.24637240258738458
  0.25878403183911347  0.27007517483826365  0.27999448393445014  0.28983358222456013
  0.30074383202752097  0.31152493336211967  0.32184962198919959  0.33234932646126841
  0.34323139210897613  0.35452208825817039  0.36506472229831555  0.37629300026967422
  0.38775285868046749  0.39931934295964350  0.41211707042392537  0.42583861567539277
  0.43918191891789060  0.45032273755263558  0.46184157252473118  0.47431751253477711
  0.48483255764838556  0.49369905781733836  0.50361992646002918  0.51400389008406300
  0.52337742803969800  0.53245610717864478  0.54367585974675436  0.55911062255101096
  0.57400945315079321  0.58508300900656929  0.59555962159595066  0.60614697091312708
  0.61791607520161607  0.63072710823534062  0.64310217107565659  0.65529911974795674
  0.66720952893729601  0.67854317789381835  0.69031503619755219  0.70086427062372192
  0.71105310935553956  0.72118634366131718  0.73179787875414370  0.74221037748196150
  0.75173572526492405  0.76126010502249797  0.77157634375343087  0.78253896629130004
  0.79428005183009187  0.80595253788216081  0.81700665290327534  0.82764005400886731
  0.83846429595989425  0.85048738040962135  0.86280730534124939  0.87520201846472412
  0.88723243244913541  0.89861129798107164  0.90922755099851293  0.91964585809903199
  0.93023679122879466  0.94111982277970962  0.95165438175933692  0.96249214006635586
  0.97321548413555359  0.98290913689904136  0.99166871220138197  1.00000000000000000
 -0.00310161357597288  0.00970352598529373  0.02208720179655377  0.03431689835176696
  0.04692136474494277  0.05951202679764354  0.07085591362034636  0.08094857703772196
  0.09026719432590445  0.09990788894525714  0.10999276521592460  0.12057750036626969
  0.13073574733449761  0.14069400452045447  0.15022612501354524  0.15961884252635328
  0.16933235155339593  0.17924914571961412  0.19001535628283553  0.20180776747146248
  0.21318809299166919  0.22364978129049998  0.23385194788416735  0.24369761256572467
  0.25366003703697171  0.26418184696303271  0.27589958223493660  0.28865781567901772
  0.30134045947343191  0.31330630526496606  0.32439655033055548  0.33450992780052563
  0.34479060525777333  0.35497316917376431  0.36561568189372201  0.37596852920745499
  0.38484463453764411  0.39371592554649087  0.40237654213787738  0.41080105078421580
  0.41910486333156854  0.42694510274141989  0.43438290586466854  0.44305969685533830
  0.45336107673083331  0.46506729559132831  0.47819590704814130  0.49262238391955926
  0.50709795161979665  0.52125420299090275  0.53360366086687838  0.54594857465241531
  0.55835768315044021  0.57040086909476018  0.58214990727993365  0.59374094383858378
  0.60458234351792151  0.61444953105584765  0.62445079993151720  0.63491629969174412
  0.64525825762554168  0.65374966068001228  0.66100200965248690  0.66861972189092667
  0.67767637750671195  0.68662639371788958  0.69459323489296732  0.70226269954949383
  0.71170940117847825  0.72363374444229189  0.73567118571478962  0.74758971885997083
  0.75937276531934672  0.77046057077259400  0.78083782716731853  0.79142312549887661
  0.80217005511652661  0.81229269498332801  0.82212260641044277  0.83247525850531257
  0.84356717535933146  0.85494565369745235  0.86625599251941077  0.87703816995814321
  0.88645810926685131  0.89475362748297604  0.90357796113125044  0.91252711184862856
  0.92166873308088326  0.93123956034645050  0.94132482353141789  0.95299114646933236
  0.96509248591864027  0.97639468475180735  0.98850408709158077  1.00000000000000000
 -0.00171157272265820  0.00582966744829873  0.01364061948845954  0.02188672102248180
  0.03004622435439494  0.03859728049880988  0.04713471097195067  0.05592847511846841
  0.06632949019046945  0.07722995926640154  0.08669092721071020  0.09544756547473586
  0.10398001805892794  0.11507040126136764  0.12661207977672836  0.13841936580700448
  0.14914256390908220  0.15966396312888106  0.16862421325996252  0.17682397241276551
  0.18546085071443219  0.19433583256401343  0.20311548133097934  0.21130246444460471
  0.21864175365874711  0.22603650628182570  0.23407124674152399  0.24288733665508488
  0.25270354207487633  0.26395199187605151  0.27582707951741753  0.28771518543981339
  0.29926215162293285  0.31076928071399584  0.32192670565305648  0.33267596898291174
  0.34406820757149442  0.35541471489105708  0.36676918821408527  0.37810207301235987
  0.38969909312708112  0.40135809994282895  0.41238804388806616  0.42354446633775694
  0.43435920883454593  0.44660306789854165  0.46069732121619683  0.47589090830161029
  0.49038197649361448  0.50417225774140328  0.51662512137137528  0.53079483722016052
  0.54477843712301610  0.55828750363489488  0.57150534859269198  0.58393316971498954
  0.59543895486129650  0.60677687448411610  0.61828908016625661  0.63016495053282995
  0.64230809298672475  0.65544303085581812  0.66945647191166413  0.68127331617270315
  0.69245710574100883  0.70375429600328365  0.71481789804866525  0.72521269810290390
  0.73425424332620504  0.74260500247700501  0.75112631462541246  0.76008389291007250
  0.76943678792875370  0.77882594123894178  0.78762257550391479  0.79724302323872276
  0.80709936788880221  0.81718444860072992  0.82711202283399987  0.83632140700078861
  0.84583909489432874  0.85665440709599694  0.86847051682699272  0.87923443922475464
  0.88789642246861755  0.89583653432559385  0.90446399679979672  0.91388326095656403
  0.92366430236381858  0.93332672444031584  0.94309342076584768  0.95345109975087383
  0.96477093010893622  0.97687703472686926  0.98832242177673535  1.00000000000000000
 -0.00243097525501766  0.00972394229972619  0.02073422204675307  0.03183660845113346
  0.04393193734762163  0.05505976750104315  0.06537711088360561  0.07575566751295304
  0.08748702661490912  0.09942790421847587  0.11042971332738222  0.12098577854005466
  0.13050316919124103  0.13977597594425598  0.14912737904088511  0.15832622123944834
  0.16690031223691987  0.17518447991527225  0.18419901000307407  0.19611808875391945
  0.20856792878193883  0.22158130031826859  0.23379661499209609  0.24514871480134237
  0.25611400562622350  0.26583015939774229  0.27485952495598054  0.28359412090118818
  0.29216184155427960  0.30121900920256200  0.31046750363444942  0.32045698923118654
  0.32922251100452032  0.33797226404830033  0.34712935330414624  0.35650388449414827
  0.36739349230301632  0.37941538240384287  0.39117725633994377  0.40174511605561786
  0.41166065479227709  0.42141066252561082  0.43130090921276298  0.44015122413551844
  0.44797900616548675  0.45540656793435302  0.46315720708980057  0.47136160628925833
  0.48037669832609953  0.49026600985575969  0.49941613201481366  0.50984363887270079
  0.52051289954557933  0.53076961116180421  0.54113814198212506  0.55190929434934377
  0.56321849375666166  0.57502068850812582  0.58683528004934571  0.59829521365818161
  0.60995389217405815  0.62126357409018196  0.63113081593879539  0.64016368080185548
  0.64980178995041171  0.66148733028154172  0.67353186005110355  0.68599354767731979
  0.69710806447009277  0.70742847270588016  0.71742514464122187  0.72760783489324288
  0.73800817031821864  0.74946702154180811  0.76206928719906430  0.77431571349924333
  0.78584358617106909  0.79782513300652280  0.81011977093266208  0.82170816214685205
  0.83218875250385282  0.84190446564372701  0.85167689384430978  0.86187744580722736
  0.87247269541994765  0.88326862467909917  0.89412911431751629  0.90623824388846330
  0.91820166481086263  0.92947541789811794  0.94094909532318127  0.95157957512295921
  0.96239789686094923  0.97435108193013809  0.98596004507927892  1.00000000000000000
 -0.01388110122782163  0.34664373684499356  0.39331529616181149  0.42335823388175803
  0.45092401854496633  0.47189891649708177  0.48864943954018225  0.50433253004085987
  0.51967205056930466  0.53387244230658160  0.54711379893102008  0.56032859088083553
  0.57168646217278907  0.58225077502775158  0.59215622367038356  0.60125030053315776
  0.60999567897386253  0.61890683801223856  0.62789324059778884  0.63559589543382533
  0.64275635296275735  0.64907320718492589  0.65446942115279405  0.65981147463919321
  0.66473995688496468  0.67001344729826440  0.67526433346686687  0.68066170775893120
  0.68600509642386365  0.69155041338020229  0.69663028288589846  0.70155598963379928
  0.70632226967870237  0.71079879032328908  0.71558724928357309  0.72068789100059316
  0.72578827486414055  0.73099715901476559  0.73596658131503701  0.74071588111617126
  0.74527834910818846  0.74994402717374875  0.75471984995749464  0.75950435966145768
  0.76439468509109976  0.76918053039192280  0.77350592215987346  0.77763070453526051
  0.78179365679482415  0.78604291561488215  0.79017047539801888  0.79421045847287319
  0.79810732198628587  0.80190569087510977  0.80590383210784056  0.80948693342484346
  0.81316661194422013  0.81661736748118707  0.82004981728013415  0.82354439857614581
  0.82717511795592225  0.83102207773118331  0.83507280594782318  0.83926652442444960
  0.84361160418068670  0.84816340449594096  0.85302810266589157  0.85767044103144452
  0.86178429763334941  0.86574789451188872  0.86942618979771558  0.87291384673803363
  0.87631266613077130  0.87957460155519362  0.88311752176245228  0.88707825428758313
  0.89145061948762694  0.89571690775690749  0.89953046087864519  0.90307327237868074
  0.90650728072365194  0.90986289658796737  0.91323445375811863  0.91654174881255368
  0.92009267425791297  0.92381799956393718  0.92757099160610745  0.93127302200837336
  0.93510309550206827  0.93962686653254102  0.94490868111344073  0.95121250253252865
  0.95846974699195298  0.96797522835789618  0.98097924115366364  1.00000000000000000
 -0.02029640972924209  0.14364820282748547  0.19820754331543747  0.23348008747430526
  0.25985251166587670  0.28071914095161737  0.29900531605791886  0.31471726002696399
  0.32819186933758232  0.34057317914083651  0.35310201979080469  0.36393526992686898
  0.37380720688766655  0.38282739782571806  0.39080844482453148  0.39870861858132728
  0.40631922201350840  0.41418833166479485  0.42216546515361958  0.42975037773798086
  0.43640158389099376  0.44370230207278899  0.45062853251487356  0.45792585203915331
  0.46500091319092790  0.47325319104201202  0.48068305747375661  0.48710671118783971
  0.49314131963962143  0.49926130101647698  0.50508721296973413  0.51125585418606889
  0.51724508751822174  0.52277134934548952  0.52811530162264142  0.53307167065794858
  0.53763445663046872  0.54214165067551257  0.54684012082879041  0.55211042523040654
  0.55784445797040583  0.56350515452895178  0.56902216814038498  0.57421564852836815
  0.57889861962710920  0.58358058022607340  0.58766102587924252  0.59195089439989623
  0.59606348086337591  0.60015955140070609  0.60427235583818151  0.60840707600495214
  0.61262013373511381  0.61693001069127651  0.62149389894974549  0.62634386724513891
  0.63166188910519638  0.63680116800426401  0.64169314909245501  0.64620722600032487
  0.65029326549621791  0.65415079177529389  0.65815458811096539  0.66231810940165281
  0.66644161032867977  0.67071285910104306  0.67547004690378321  0.68045692353008602
  0.68553455875850811  0.69065590577139824  0.69576047593533896  0.70085186236592578
  0.70610609639022703  0.71176802728784105  0.71795122581043946  0.72435102071731783
  0.73101153645849659  0.73746226774096779  0.74417780048843485  0.75127384924228335
  0.75843776837577781  0.76517428926520881  0.77220622601699407  0.78036935276559416
  0.79000374963176212  0.79977010177370356  0.80883516958929302  0.81774884118743285
  0.82618885492528338  0.83467062752058641  0.84372810096725714  0.85500200125567405
  0.87139644450494524  0.89170961825577477  0.92338606120791988  1.00000000000000000
   4.2420012786130426E-010  -1.0000000000000000     
 T F F F F F F F F F F F F F F T F F F F F F F F F F F F F F F F F F F F F F F F F F F F F F F F T F F F F F F F F F F F F F F T F F F F F F F F F F F F F F F F F F F F F F F F F F F F F F F F F F F F F F F F F F F F F F F F F F F F F F F F F F F F F F F F F F F F F F F F F F F F F F F F F F F F F F F F F F F F F F F F F F F F F F F F F F F F F F F F F F F F F F F F F F F F F F F F T F F F F F F F F F T F F F F T F F F F F F F F F F F F F F F F F F F F F F F F F F F F F F F F T F F F F F F F F F F F F F F T T F F F F F F F F F F F F F F T F F F F F F F F F F F F F F F F F F F F F F F F F F F F F F F F T F F F F F F F F F F F F F F T F F F F F F F F F F F F F F F F F F F F F F F F F F F F F F F F F F F F F F F F F F F F F F F F F F F F F F F F F F F F F F F F F F F F F F F F F F F F F F F F F F F F F F F F F F F F F F F F F F F F F F F F F F F F F F F F F F F F F F F F F F F F F F F F T F F F F F F F F F T F F F F T F F F F F F F F F F F F F F F F F F F F F F F F F F F F F F F F T F F F F F F F F F F F F F F T
  <DiscreteSampler_grid>
  grouped_processes
  1 # 1 for a reference and 2 for a running grid.
  10 # Attribute 'min_bin_probing_points' of the grid.
  1 # Attribute 'grid_mode' of the grid. 1=='default',2=='initialization'
  0.0000000000000000 # Attribute 'small_contrib_threshold' of the grid.
  0.5000000000000000 # Attribute 'damping_power' of the grid.
 # binID   n_entries weight   weight_sqr   abs_weight
    133   10   1.213494711965119E-003   5.917455961418557E-006   1.213494711965119E-003
    134   10   1.213494711963365E-003   5.917455961393805E-006   1.213494711963365E-003
    136   10   6.517690636836868E-005   1.707033589618895E-008   6.517690636836868E-005
    137   10   6.517690636825665E-005   1.707033589610410E-008   6.517690636825665E-005
    139   10   6.517690636827767E-005   1.707033589611996E-008   6.517690636827767E-005
    140   10   6.517690636828740E-005   1.707033589612739E-008   6.517690636828740E-005
    142   10   3.500721846645472E-006   4.924586736141757E-011   3.500721846645472E-006
    143   10   3.500721846645276E-006   4.924586736141030E-011   3.500721846645276E-006
    145   10   6.517690636827767E-005   1.707033589611996E-008   6.517690636827767E-005
    146   10   6.517690636828740E-005   1.707033589612739E-008   6.517690636828740E-005
    148   10   3.501923578637729E-006   4.928956290465442E-011   3.501923578637729E-006
    149   10   3.501923578637533E-006   4.928956290464715E-011   3.501923578637533E-006
    151   10   1.213472337945225E-003   5.917174033485831E-006   1.213472337945225E-003
    152   10   1.213472337943472E-003   5.917174033461080E-006   1.213472337943472E-003
    154   10   6.517690636836868E-005   1.707033589618895E-008   6.517690636836868E-005
    155   10   6.517690636825665E-005   1.707033589610410E-008   6.517690636825665E-005
    157   10   6.517690636836868E-005   1.707033589618895E-008   6.517690636836868E-005
    158   10   6.517690636825665E-005   1.707033589610410E-008   6.517690636825665E-005
    160   10   1.213472337945225E-003   5.917174033485831E-006   1.213472337945225E-003
    161   10   1.213472337943472E-003   5.917174033461080E-006   1.213472337943472E-003
    163   10   3.501923578637729E-006   4.928956290465442E-011   3.501923578637729E-006
    164   10   3.501923578637533E-006   4.928956290464715E-011   3.501923578637533E-006
    166   10   6.517690636827767E-005   1.707033589611996E-008   6.517690636827767E-005
    167   10   6.517690636828740E-005   1.707033589612739E-008   6.517690636828740E-005
    169   10   3.500721846645472E-006   4.924586736141757E-011   3.500721846645472E-006
    170   10   3.500721846645276E-006   4.924586736141030E-011   3.500721846645276E-006
    172   10   6.517690636827767E-005   1.707033589611996E-008   6.517690636827767E-005
    173   10   6.517690636828740E-005   1.707033589612739E-008   6.517690636828740E-005
    175   10   6.517690636836868E-005   1.707033589618895E-008   6.517690636836868E-005
    176   10   6.517690636825665E-005   1.707033589610410E-008   6.517690636825665E-005
    178   10   1.213494711965119E-003   5.917455961418557E-006   1.213494711965119E-003
    179   10   1.213494711963365E-003   5.917455961393805E-006   1.213494711963365E-003
    193   10   1.531790833811838E-003   9.274335270157829E-006   1.531790833811838E-003
    194   10   1.531790833809653E-003   9.274335270119404E-006   1.531790833809653E-003
    196   10   8.227263335344632E-005   2.675407972700444E-008   8.227263335344632E-005
    197   10   8.227263335330672E-005   2.675407972687269E-008   8.227263335330672E-005
    199   10   8.227263335333301E-005   2.675407972689737E-008   8.227263335333301E-005
    200   10   8.227263335334506E-005   2.675407972690887E-008   8.227263335334506E-005
    202   10   4.418951757753959E-006   7.718230441540697E-011   4.418951757753959E-006
    203   10   4.418951757753711E-006   7.718230441539557E-011   4.418951757753711E-006
    205   10   8.227263335333301E-005   2.675407972689737E-008   8.227263335333301E-005
    206   10   8.227263335334506E-005   2.675407972690887E-008   8.227263335334506E-005
    208   10   4.420454063015660E-006   7.725014956140764E-011   4.420454063015660E-006
    209   10   4.420454063015411E-006   7.725014956139623E-011   4.420454063015411E-006
    211   10   1.531762863675417E-003   9.273897526866114E-006   1.531762863675417E-003
    212   10   1.531762863673232E-003   9.273897526827693E-006   1.531762863673232E-003
    214   10   8.227263335344632E-005   2.675407972700444E-008   8.227263335344632E-005
    215   10   8.227263335330672E-005   2.675407972687269E-008   8.227263335330672E-005
    217   10   8.227263335344632E-005   2.675407972700444E-008   8.227263335344632E-005
    218   10   8.227263335330672E-005   2.675407972687269E-008   8.227263335330672E-005
    220   10   1.531762863675417E-003   9.273897526866114E-006   1.531762863675417E-003
    221   10   1.531762863673232E-003   9.273897526827693E-006   1.531762863673232E-003
    223   10   4.420454063015660E-006   7.725014956140764E-011   4.420454063015660E-006
    224   10   4.420454063015411E-006   7.725014956139623E-011   4.420454063015411E-006
    226   10   8.227263335333301E-005   2.675407972689737E-008   8.227263335333301E-005
    227   10   8.227263335334506E-005   2.675407972690887E-008   8.227263335334506E-005
    229   10   4.418951757753959E-006   7.718230441540697E-011   4.418951757753959E-006
    230   10   4.418951757753711E-006   7.718230441539557E-011   4.418951757753711E-006
    232   10   8.227263335333301E-005   2.675407972689737E-008   8.227263335333301E-005
    233   10   8.227263335334506E-005   2.675407972690887E-008   8.227263335334506E-005
    235   10   8.227263335344632E-005   2.675407972700444E-008   8.227263335344632E-005
    236   10   8.227263335330672E-005   2.675407972687269E-008   8.227263335330672E-005
    238   10   1.531790833811838E-003   9.274335270157829E-006   1.531790833811838E-003
    239   10   1.531790833809653E-003   9.274335270119404E-006   1.531790833809653E-003
  </DiscreteSampler_grid>
