  0.02392005556061292  0.03354615518117640  0.04539266301811554  0.05795933866096525
  0.06736574850772849  0.07554070077059753  0.08587730140298593  0.09633211864749730
  0.10643159826285352  0.11547084215976139  0.12184428591310727  0.12789801484584853
  0.13446093025026665  0.14233126903060056  0.15160716817137973  0.16124606703331618
  0.17063142090921818  0.18086051420890059  0.19158140311805205  0.20289341674732411
  0.21586751824221598  0.23077292536299085  0.23817519187913086  0.24514566172483016
  0.25222365727984947  0.25855315030558856  0.26491575233258235  0.27166212881548618
  0.27805197306143137  0.28503683402181140  0.29323095308468256  0.30755057631367161
  0.32281940710194840  0.33555419465369563  0.34625898085250456  0.35634811782975895
  0.36589761087075257  0.37594947940147044  0.38597861153926344  0.39733288051414128
  0.41036678514279390  0.42209006839652774  0.43241033242998578  0.44483460280672354
  0.45846918409906168  0.47124702908979654  0.48357338596476362  0.49482366882650586
  0.50522011610692175  0.51602680518549060  0.52820342773254791  0.54094362441969845
  0.55112127248322740  0.56081396298632791  0.57039729640294590  0.58025071021295360
  0.58893835675325834  0.59789004184574246  0.60833360773423995  0.61981731000348905
  0.63109688847243350  0.64355690612154359  0.65735420667391276  0.67012927603175720
  0.67976926624172462  0.68752757389924424  0.69495402075616319  0.70367376942224069
  0.71486182407151788  0.72646670342990616  0.73576179390310348  0.74482646045713419
  0.75388215591235952  0.76474612289928678  0.77516460798321329  0.78533923060712485
  0.79753953984753934  0.80947404495077346  0.82154770034395330  0.83407459517994298
  0.84477736298094652  0.85726400221172727  0.87058183890892249  0.88101434800182965
  0.88997312777308524  0.89767792386612766  0.90513577546146595  0.91305521560407210
  0.92176339989819300  0.93180968132494768  0.94192157607981841  0.94976396633010374
  0.95821411489302999  0.96508364168429417  0.97111214307457239  1.00000000000000000
  0.00000005755122918  0.00000025922001609  0.00000054977126908  0.00000106117259880
  0.00000169033790672  0.00000225449435602  0.00000290879017071  0.00000374402699807
  0.00000470154775928  0.00000569055677086  0.00000680683102995  0.00000780381270966
  0.00000877628246876  0.00000972683129685  0.00001048632806581  0.00001129457579119
  0.00001212900315367  0.00001321037696990  0.00001438863377638  0.00001555040958283
  0.00001659352511180  0.00001751593398173  0.00001843091703112  0.00001934645653234
  0.00002032063942908  0.00002133392923637  0.00002237433699737  0.00002323590499774
  0.00002384315641026  0.00002451118621663  0.00002533029757393  0.00002608168283872
  0.00002687479222336  0.00002761607844452  0.00002818596332960  0.00002870862427378
  0.00002918705105586  0.00002964791268841  0.00003011255790878  0.00003058528638581
  0.00003104879384858  0.00003151754563297  0.00003202613778877  0.00003253032812576
  0.00003293055852227  0.00003337603920707  0.00003381672794848  0.00003424570325313
  0.00003465535144271  0.00003505524458703  0.00003546145120325  0.00003593132591127
  0.00003649499717739  0.00003736180240418  0.00005218378265477  0.00005895306283141
  0.00006170579903325  0.00006393570671100  0.00006596856832649  0.00006786358569623
  0.00006981639253088  0.00007173518690662  0.00007333835400735  0.00007504382683499
  0.00007686002054970  0.00007871939551841  0.00008067303473138  0.00008299848699564
  0.00008570969685935  0.00008902305510493  0.00009313842599978  0.00009771957744242
  0.00010211843428350  0.00010716635967301  0.00011278025846702  0.00011917215190285
  0.00012686871978807  0.00013626003223924  0.00014632956929590  0.00015802546607817
  0.00017394488680253  0.00019858803907663  0.00023135609761975  0.00027024699056094
  0.00031642426283621  0.00036442908605078  0.00042357008773981  0.00048687481011645
  0.00056328548484303  0.00066292978285600  0.00078488618948101  0.00091742449798015
  0.00110055093904710  0.00139663377615498  0.00154080135091685  1.00000000000000000
  0.00908467634148484  0.01505248161063088  0.02536216273030991  0.03825090288018795
  0.05264036529628271  0.06713831538621744  0.08096345518087364  0.09384489603822557
  0.10581070869380578  0.11726518593737484  0.12887601105246821  0.14117731843934891
  0.15451803746449827  0.16742583956398716  0.17722375153273814  0.18666558844954048
  0.19600940606114753  0.20473184137915415  0.21384614618969056  0.22366821078521099
  0.23284988833827236  0.24095466261127990  0.24854990257126441  0.25707687048923961
  0.26661852613480602  0.27724153588161038  0.28759328525935390  0.29410600748784937
  0.30016561895954591  0.30667559518990539  0.31400209265539347  0.32301675735308394
  0.33333451853152657  0.34571884327221591  0.35900601804052190  0.37204056739126906
  0.38568347161377647  0.40200203422954350  0.41486976710245671  0.42821365886748658
  0.43960129003008674  0.45057086214606018  0.46171448954671901  0.47224548614610917
  0.48161515443319058  0.48959270267797173  0.49758950589550044  0.50483516642092308
  0.51227192767569640  0.51950273909023414  0.52649779864279367  0.53338081301085749
  0.53951976685169123  0.54647825168569319  0.55491435672767675  0.56486554456229821
  0.57712852444240881  0.59000780438051192  0.60067894371244901  0.60992428084886408
  0.61927697897604739  0.62851442884803221  0.63803324852776744  0.64931416290672084
  0.66041769564568065  0.67132520309835586  0.68104540735933194  0.68823619658148116
  0.69409616321232248  0.70048711087470217  0.70722719536731937  0.71505074878384089
  0.72296244287043898  0.73065747974651174  0.73853743159725493  0.74654244695418959
  0.75489651240820688  0.76331382261900182  0.77340285199155989  0.79344388550319489
  0.81030612887505404  0.82481196856285333  0.83776431677751195  0.85054284561576865
  0.86307416406341153  0.87602978540661736  0.89027256749346295  0.90436129000504373
  0.91665050739597775  0.92865282021656648  0.94011620075457281  0.94973661058935255
  0.96044870538882909  0.97151503496912817  0.98418831661603268  1.00000000000000000
  0.00207758131329511  0.01979194231585839  0.03431480331379673  0.04720244002490071
  0.05724044696600976  0.06696371483288369  0.07661619983216751  0.08642664643721525
  0.09543838288690423  0.10525961927394795  0.11496045873304321  0.12520606239489004
  0.13422216784253405  0.14332119452271067  0.15348431325749556  0.16506077539823011
  0.17488110305354490  0.18341525887178717  0.19026195563347595  0.19653929866789979
  0.20257770402575123  0.20878540733372097  0.22324177121256847  0.23619342534366441
  0.24812326758304937  0.25816871307789191  0.26751646491067177  0.27736424348831895
  0.28786525990011103  0.30318546758665049  0.31536930659160528  0.32406810723128171
  0.33282945334655784  0.34266411054103402  0.35278871301159309  0.36163661493324772
  0.37114565975303110  0.38361960850804777  0.39487275320159443  0.40454826834978003
  0.41356617543238317  0.42359188591788322  0.43379370915431026  0.44857634026432219
  0.46166792052527494  0.47130012989551517  0.48073211169153118  0.48975360054485773
  0.49796290754578793  0.50608892153589879  0.51390607463259008  0.52472834067518803
  0.53737345431609962  0.54722648481581615  0.55630246347747703  0.56467383036576180
  0.57126874850076159  0.57687037292219356  0.58326210409762014  0.59160724484624772
  0.59969929702293245  0.60577173883141444  0.61197350546859719  0.62010364329997236
  0.62754376718425553  0.63639264994947342  0.64780531039301925  0.65722840524256154
  0.66784871027811410  0.67917674618376878  0.69028889927415016  0.70463459885387691
  0.72073728545905358  0.73734442465450012  0.75306434259334931  0.76586729100484063
  0.77617851547511840  0.78689616336019874  0.79736800676014752  0.80678855951316242
  0.81773957405857456  0.82856146475540349  0.83959013440556607  0.84976206488353623
  0.85964346649453016  0.87110439816174590  0.88274697952250691  0.89416086181258725
  0.90448491298544409  0.91490423154678080  0.92691327636745702  0.94029412754020225
  0.95188101962681904  0.96441568108091413  0.97900168719042002  1.00000000000000000
 -0.00030865521799074  0.00178650813433562  0.00310106814830294  0.00491895161320462
  0.00654593110712827  0.00899272098828067  0.01186484987922600  0.01472129608418815
  0.01770720796712369  0.02140720298931026  0.02586698763968470  0.03131441625850594
  0.03609175139380746  0.03936137322317899  0.04205489604212187  0.04539853026465106
  0.04991854812970992  0.05603218452206867  0.06232775591209956  0.06870569413382811
  0.07602235992363303  0.08462316390614585  0.09085774108312675  0.09598800528280889
  0.10157271181228567  0.10837467639218593  0.11877295469695894  0.12824191861727310
  0.13679325419419444  0.14634834911631880  0.15681871822158047  0.16663621556393549
  0.17577520723251772  0.18125477786272592  0.18950949009751233  0.19859068948650338
  0.20727146338733338  0.21748798454166809  0.22985326642405413  0.24208624789585989
  0.25264167718615388  0.26250135134824693  0.27098374922899932  0.27888920414426760
  0.28713718747584782  0.29604549921800138  0.30558041399402008  0.31417532951212979
  0.32272782014863421  0.32984412435404126  0.33802070178155219  0.34629425683340759
  0.35238383393945039  0.35751511631864091  0.36259514212749705  0.36795533838107253
  0.37333385796170732  0.38072051492454001  0.38810967456817691  0.39632511794383057
  0.40547323124656037  0.41739622281604372  0.43106531593772707  0.44391544897559015
  0.45716633833205628  0.47132224430499758  0.48785434333390965  0.50164243217273441
  0.51575326631522600  0.53122148981377093  0.54748431089978855  0.56490976056076248
  0.58316723800218806  0.59999278893614316  0.61765723756319713  0.63448872475483375
  0.65161963630239639  0.66858029429565002  0.68559242184734059  0.70467709274123980
  0.72372764095216047  0.74481840668281074  0.76642502816260094  0.78665525944404624
  0.80662480831732630  0.82645783462120836  0.84585817238181127  0.86345542530457042
  0.88040409808596964  0.89692162323881364  0.91219400527263239  0.92777929001768711
  0.94476366086244046  0.96234564161626934  0.98061218080915835  1.00000000000000000
 -0.00190054194541062  0.00861621870856420  0.01696177204973469  0.02653641776694092
  0.03687544256991478  0.04669663683595354  0.05580448469790418  0.06565427090464188
  0.07547185694370813  0.08705016802706279  0.09916846533446848  0.10987370036368933
  0.11861827935192795  0.12715060655839847  0.13637555663080672  0.14575674293526653
  0.15773627308145677  0.17180374416406347  0.18532831415274456  0.19839191817449117
  0.21081505702852180  0.22083949779492368  0.22964318396589911  0.23926257156688688
  0.24917768683419303  0.25705383333831067  0.26454386000202113  0.27418976678191542
  0.28670763657380416  0.30136980353784537  0.31582397618740099  0.33117125481069998
  0.34682586987017761  0.36297579953563741  0.37750819231765420  0.38975595375106803
  0.39992744510115313  0.40853894407456337  0.41725036309002800  0.42590844871704031
  0.43511256437814078  0.44478316284280101  0.45541410995361864  0.46668610671613053
  0.48112476134974641  0.49609636157158166  0.50752724240692715  0.51759003477474397
  0.52773448178712534  0.53756904239458780  0.54822738015746120  0.56006800935892087
  0.57327835621618739  0.58525463507892150  0.59191343751326364  0.59950705131753335
  0.60700790507121127  0.61362250186841094  0.61995903647131045  0.62641043140193431
  0.63232310277528470  0.63690366373073193  0.64199059478861553  0.65025748365677660
  0.66012303520366555  0.67329936942599045  0.68858573258011324  0.70336214857487633
  0.71657707850877594  0.72858091985481832  0.73965115139963777  0.75087179857931829
  0.76268018955903172  0.77235050103349145  0.78191964589232488  0.79426784958422647
  0.80886343178279263  0.82210352921075902  0.83385128650612950  0.84500679534145962
  0.85664726982340655  0.86741704814858633  0.87714009988169539  0.88720006405025664
  0.89734008075735217  0.90766106863859342  0.91726337776330846  0.92532502744615397
  0.93119112943082072  0.93812119079353606  0.94544137081431112  0.95450687433027170
  0.96500878371705923  0.98001657359181804  0.99024290851924113  1.00000000000000000
 -0.00280486111255070  0.00869291641494691  0.01892595699863447  0.02957696317671486
  0.03963462849738004  0.05039527888331747  0.06300429326962222  0.07532578515960134
  0.08898559763805963  0.10334485511236413  0.11853376285366495  0.13475294248288694
  0.15072080177482847  0.16322465414071677  0.17578374706745295  0.18666578237903561
  0.19759345638366291  0.21008628367562907  0.22382191257043418  0.23773827906618619
  0.25111666523084963  0.26396901713750442  0.27422460908798657  0.28239060281601458
  0.28989224762573057  0.29643178742624315  0.30410970771548024  0.31233903314695344
  0.32116961718020826  0.32834528672923174  0.33415886542266177  0.33983525571275974
  0.34657493278793478  0.35444496473695564  0.36284350395270454  0.37090380045469146
  0.38138296215444834  0.39187691912130534  0.39996693817569434  0.40698201399975864
  0.41467842944624411  0.42471776441465392  0.43534688311234987  0.44582764646616257
  0.45650608244731189  0.46664281936649377  0.47638003789023614  0.48591907961161807
  0.49615421797631531  0.50788715524396644  0.52030389643066954  0.53106372662828349
  0.54151033499071677  0.55170993505367727  0.56119323871288529  0.57103927875609384
  0.58004798876952168  0.59193641207878223  0.60238703537263427  0.61580137940558177
  0.62825405166271064  0.64134883631904815  0.65612900164413901  0.67006163460735890
  0.68258627295024643  0.69472241485461184  0.70670696533467192  0.71739850713990916
  0.72642636047384257  0.73521110113237031  0.74508476887205077  0.75592835303555583
  0.76727222952318608  0.77602376714812504  0.78348260191486208  0.79049531633983472
  0.79777790248928537  0.80573438205906467  0.81383427760511584  0.82152812485349935
  0.82987400828179159  0.84184475185356766  0.85610211683932425  0.86973578582119748
  0.88098818273759349  0.88977892788854607  0.89783857288106195  0.90585172712703677
  0.91559567360277749  0.92780263139648456  0.94429016026861357  0.95816475043065052
  0.96924695447944198  0.97944786466818057  0.99018555587226287  1.00000000000000000
 -0.00229231742938981  0.00899011038021123  0.02086808869202071  0.02918575133726647
  0.03890154350785386  0.04982020312814821  0.06076839666559396  0.07168255655944443
  0.08128598869223327  0.09322385486603847  0.10567171388234420  0.11524824922026462
  0.12467539806451026  0.13354083505178865  0.14151849496583535  0.14992684869266645
  0.16214522432710618  0.17538369597647560  0.18850223114965597  0.20164486608595278
  0.21594480032292740  0.23202210548225088  0.24164632845698816  0.25087263787876940
  0.25982797992467649  0.26983642439702954  0.27987535154994742  0.28916839862203392
  0.29741319915983305  0.30465490519664923  0.31190373209590905  0.32011445730903110
  0.32963463891977146  0.34126052689634045  0.35404132551965090  0.36807765973176748
  0.38341721318127853  0.40277408560148747  0.41717530069368824  0.42900402888126671
  0.43886255045039518  0.44844903101758105  0.45946971489352217  0.47140576722890293
  0.48332157905582629  0.49084775290965071  0.49781258572235382  0.50476277684971715
  0.51160908286353823  0.52103730223608047  0.53255440993586400  0.54371073831449579
  0.55532983591158336  0.56655320494929962  0.57702307814273579  0.58740416106265747
  0.59828020275090310  0.61051390309214271  0.62357248661725984  0.63701702981245512
  0.64993724581930112  0.66212019084792251  0.67405168017132766  0.68596128594322536
  0.69684927738018254  0.70701768663245002  0.71672907598597391  0.72571331596767141
  0.73476749875329406  0.74429830317650258  0.75456266797005234  0.76568016508695669
  0.77620724156795684  0.78731624105631615  0.79737517500328492  0.80554875578982177
  0.81381040042645614  0.82152797513150611  0.82977673426281906  0.83831404838340040
  0.84651756743660556  0.85458289184284586  0.86402615947824257  0.87334195775389323
  0.88206536338315344  0.89267428811689464  0.90047636319550173  0.90721589772202993
  0.91586980154335085  0.92485417362765643  0.93387892407956530  0.94712326596484142
  0.96187851588221940  0.97410395892079404  0.98606305689462870  1.00000000000000000
 -0.00241989714124025  0.00878661302689694  0.01890140538025093  0.02910513395209706
  0.04044072381575837  0.05355007469135110  0.06735243560117798  0.07685580067499878
  0.08652467722204896  0.09556085339207294  0.10411474233728314  0.11339326797300060
  0.12440477070569717  0.13206999319102536  0.14091723316339705  0.14793869542581334
  0.15413854914815306  0.15982006819752789  0.16674148503596672  0.17604442482130928
  0.18372149583547290  0.19190226795855408  0.20326852554410210  0.21562945077818502
  0.22823672482777393  0.24133702088607406  0.25480432706899642  0.26948730759353351
  0.28225393803657550  0.29524953633038181  0.30793769540207661  0.32327879388510572
  0.33536775231903515  0.34517268953254804  0.35386074702928783  0.36108148352600095
  0.36898556744175737  0.37670925016162454  0.38254451652495608  0.38825560899993683
  0.39412940751371511  0.40048459235191414  0.40955771708729838  0.42041846321558185
  0.43246206230684292  0.44578030234708493  0.46098561604450911  0.47867907491900502
  0.49396739446264715  0.50620571250439750  0.51707839776836584  0.52605793755354457
  0.53444552700099657  0.54287147531168334  0.55196105049204425  0.56135490731800997
  0.57145680275588140  0.57965504158726289  0.59295549739070330  0.60660844662989910
  0.61920739211830500  0.63089976916338353  0.64277956190085461  0.65110518766755121
  0.65940294597869364  0.66764951067038247  0.67326148233159200  0.68193656929423763
  0.69094650741164276  0.69926817160776045  0.70702150540325548  0.71509849639378542
  0.72515442122798213  0.73614833884294761  0.74543321163940857  0.75494830146751524
  0.76656926500648470  0.77707636117082601  0.78783031687688665  0.80265712498303976
  0.81845536441923628  0.83375164781361322  0.84967929267893672  0.86446614143657585
  0.87682809818897689  0.88807823888337567  0.89969326660811788  0.91294005909382947
  0.92874679973642094  0.94325951911545647  0.95361073263282647  0.96336950871980054
  0.97208547228926223  0.98074575546637011  0.98933490093065757  1.00000000000000000
 -0.00293430051268015  0.00970268856045027  0.01976238631098363  0.02769137141635945
  0.03493654642092114  0.04277583180334858  0.05200510721889395  0.06171202441557258
  0.07117340339116404  0.08058355726060697  0.09122636825527719  0.10241452522571144
  0.11392002483709546  0.12716180423712189  0.14195989748198853  0.15631704893484966
  0.16784469081340761  0.17688052265347290  0.18522180305264971  0.19412465320834296
  0.20360085154727647  0.21238957261038111  0.22160137519624132  0.23103921285966253
  0.24018784126056231  0.24901726614886641  0.25817790148657177  0.26891672282935414
  0.28293210036816879  0.29748941808765222  0.30982148627802236  0.32077713938340441
  0.33188887818267016  0.34358084664745531  0.35444413950946663  0.36826116372310563
  0.38094289095853173  0.39327300510287416  0.40643638058920817  0.41911835123056218
  0.43071383246348316  0.44184061750055464  0.45331642991329113  0.46431071726934514
  0.47459487543603607  0.48451093623575381  0.49446033136465067  0.50502559565851901
  0.51668863878429516  0.52909925057804985  0.54173597416491126  0.55328599688253632
  0.56254106680295890  0.56868517163055254  0.57381729947163906  0.57961061382239287
  0.58511094565502886  0.59143909904442471  0.60065596515128983  0.61201339025004498
  0.62325251742547805  0.63389399909410393  0.64559673406167273  0.65776195321620345
  0.67071276285047743  0.68359977349434775  0.69613090524380639  0.70891143913658039
  0.72129531721929441  0.73431513889509092  0.74668527171764121  0.76068568281378901
  0.77091971073590615  0.77818064500223427  0.78473291438992543  0.79188357555076527
  0.80009469953057899  0.80805525220825847  0.81420444633322608  0.81947089284457320
  0.82517034861549166  0.83303147458767235  0.84889856882188708  0.86314068425464141
  0.87557717782720967  0.88739219832975280  0.90004272101237304  0.91354607743410254
  0.92526265034932353  0.93366021992004178  0.94194063559878194  0.94987983231950979
  0.95948343033336214  0.96923878676869346  0.98117580216643896  1.00000000000000000
 -0.00229998732179029  0.00808682873253931  0.01754429554537177  0.02661591203461192
  0.03576942704896158  0.04532883634390374  0.05525232719140402  0.06494068633532300
  0.07572084080519459  0.08601232542355641  0.09559563205760040  0.10431795453578988
  0.11292263586535788  0.12201907482511763  0.13049190771473182  0.13878886134853605
  0.14839035048658425  0.15907287668980430  0.16918143022367477  0.17851017441986805
  0.18858314448165553  0.20019883480897455  0.21245301621329249  0.22434396941193202
  0.23554855337974701  0.24597085955590678  0.25618797160154033  0.26651545394957393
  0.27652515305601943  0.28654156376510503  0.29777469412734858  0.31028578540481183
  0.32327333243909512  0.33681268042140028  0.35266850919830461  0.36417558815814904
  0.37353024302507060  0.38225791144896443  0.39190578150302197  0.40436284053750321
  0.41650383618257747  0.42831658162649455  0.43957179977444377  0.45121844681190520
  0.46258047764078258  0.47330109949637617  0.48374830449461947  0.49461849755579856
  0.50619868299889714  0.51984933201803962  0.53459113297788419  0.55020507506538363
  0.56574078825629204  0.57845670696906315  0.59153087034103424  0.60334811621233386
  0.61294774105776084  0.62152459597202481  0.63007539198867546  0.63972816894425810
  0.64771836416352557  0.65384350392541224  0.66033101474482003  0.66792028248165913
  0.67628910442034407  0.68544047583681422  0.69523984164372132  0.70392024344622561
  0.71556159353348325  0.72978486951121802  0.74284437908205281  0.75622878988590492
  0.76961534434850187  0.78391300942855224  0.79932466484130049  0.80948855182958668
  0.81969761131130447  0.82953473984545545  0.83976866185667431  0.84986315804665369
  0.86135144058144020  0.87465042648595426  0.88782598943208613  0.89858706243273401
  0.90610738094181587  0.91354172750008256  0.92186338949581537  0.92993503745484651
  0.93784459539851250  0.94523414833788011  0.95232086114259373  0.95815678174258601
  0.96662531587929068  0.97566366432464513  0.98552837520945291  1.00000000000000000
 -0.00349578487884112  0.01145183199007732  0.02483510306254794  0.03731906749876984
  0.04867309234478488  0.05927145883788943  0.07146338870928207  0.08501051773764719
  0.09740375819971332  0.11001427923189246  0.12152500566261681  0.13053689357005066
  0.13840904334077678  0.14666462813374234  0.15691248837003771  0.16608739250015142
  0.17527157804780796  0.18271310734266175  0.19229685272704608  0.20472718676013499
  0.21706506511523210  0.22900895048741965  0.23812074457919080  0.24701379071628704
  0.25543281692697212  0.26346715344252924  0.27073373579352167  0.27771687495721420
  0.28528818338759010  0.29589819018558816  0.31241520177364407  0.32623267449371385
  0.33802042890096123  0.34651384954169068  0.35495294392286519  0.36322547390313409
  0.37029111328286063  0.37751117881123764  0.38477264481738038  0.39158932142498087
  0.39953740396628962  0.41074288617119020  0.42112678155786554  0.43352594514690868
  0.44682409176126897  0.46099869685820005  0.47583594391378864  0.49174318022848174
  0.50574061861194852  0.51750435044037468  0.52940442511405350  0.54296381547977346
  0.55927107161061429  0.57486481955947377  0.58790668565887583  0.59934738964109024
  0.60996552249063218  0.61967435699630335  0.62773561182265092  0.63514484312461261
  0.64246135755145739  0.64964778714498050  0.65713327812719646  0.66599582966595883
  0.67707933751160054  0.69079530709929493  0.70473085420612114  0.71560605815258171
  0.72368956804411200  0.73162110832455785  0.73888403483220610  0.74684129104387775
  0.75598388521422943  0.76548675144222389  0.77631064076409295  0.78977712635382991
  0.80711416996984631  0.82180446295264098  0.83346776049430438  0.84480275958928608
  0.85670164309418162  0.87055807710748079  0.88199448306217920  0.89141838843841303
  0.90162134523083681  0.91207682830250703  0.92082376952214662  0.92838882699187131
  0.93478128345771727  0.94124610076269399  0.94804845760431256  0.95524462162493839
  0.96494157933984248  0.97550091996132016  0.98699194538857848  1.00000000000000000
 -0.00758745820598920  0.03701480301787188  0.06790052446094219  0.09182687856222266
  0.11223296952399871  0.12902578099481440  0.14077005438778292  0.15006856301067320
  0.15861453620351718  0.16669409547085515  0.17467022599506773  0.18295169871931818
  0.19094727501005579  0.19956491189073514  0.20817255060697348  0.21580555763227999
  0.22348392316485466  0.23204996543348022  0.24196530817797912  0.25249919395288989
  0.26288270688304166  0.27281138440483482  0.28230256697414752  0.29382628423491358
  0.30450381944346211  0.31506297285114671  0.32462538163243621  0.33298852670235640
  0.34140779842488483  0.35010737689033239  0.35918913720724044  0.36983828866392698
  0.37872345401464064  0.38642294295557456  0.39386918164584045  0.40083267213428797
  0.40873346722895249  0.41848713059954695  0.42883341972976169  0.44107093234795081
  0.45118595637536318  0.45995681202214372  0.46782998974252249  0.47509238355612166
  0.48227056603048096  0.48988327930047137  0.49728121614605036  0.50396974694947172
  0.51029943666186284  0.51635837387366612  0.52232394385626546  0.52880667413854110
  0.53690311738304997  0.54448718933180740  0.55152953448136288  0.55866147387529330
  0.56678712422535582  0.57714703585177252  0.58656640785823710  0.59371197449435797
  0.60128159714295148  0.60917730016474747  0.61750171335405701  0.62516551729634584
  0.63191231041500673  0.63871016750310949  0.64641436214965931  0.66005945595169291
  0.67277156513361480  0.68542349820028869  0.69800473542670016  0.70989829400717785
  0.72002580843199349  0.72928045181598422  0.73845630965823983  0.74772060261240114
  0.75709830175400794  0.76574902089383434  0.77286043088615808  0.77893980558883402
  0.78542622881149160  0.79242274387737233  0.80015947816520605  0.80763433634121118
  0.81477325758310271  0.82222953294191614  0.83040520940668794  0.84091685676512373
  0.85304188164030426  0.86615516294829398  0.88234593293390184  0.90270456607813521
  0.92358611221491038  0.94451703787091856  0.96704481653723229  1.00000000000000000
 -0.00390264557238371  0.01309863796661555  0.02709310837118833  0.03986885514586479
  0.05250911212859148  0.06440122962332778  0.07541345317487827  0.08887222697710463
  0.09971175623417926  0.11042905336322112  0.12030586574981807  0.12861043638571978
  0.13578962642793488  0.14239173934187435  0.14849131151864056  0.15441035429128974
  0.16205899335015395  0.16849445526077297  0.17529277323070203  0.18255057695993054
  0.19095170314735171  0.20159670322244380  0.21185322594333128  0.22080125656761859
  0.22934185284300757  0.23681909418854966  0.24535679659233220  0.25442430910042124
  0.26421380220932594  0.27351057861635658  0.28202120752826432  0.29119637015442129
  0.30179901238557050  0.31170604917395567  0.32218505330535530  0.33207283989879283
  0.34087001193998018  0.34888699358684722  0.35568839422720067  0.36228658466713359
  0.37109059617528989  0.38153165154281748  0.39175868152446736  0.40373345268464111
  0.41852110473207388  0.43373061848871974  0.44730280813335577  0.45809764540425174
  0.46837319322300980  0.47706183748258940  0.48541865482542734  0.49563030723521129
  0.50639126017208791  0.51526017931248258  0.52501562700097926  0.53459728048692545
  0.54397512333428300  0.55269045641428494  0.56142424292971649  0.57035423600504587
  0.58016076501683922  0.59029053672335430  0.60008375667876179  0.61015229302773166
  0.62105801947449435  0.63198774695271531  0.64453103420295954  0.65792574672508031
  0.67110493194560739  0.68482352194564233  0.70105339191171989  0.71315435256027260
  0.72291018457664691  0.73194156379762865  0.74145591686249235  0.75141915936642223
  0.76125947178396525  0.76958925722640292  0.78076697600600586  0.79461775834398840
  0.80982078958299697  0.82492179641630203  0.83693770767093256  0.84725757907479338
  0.85810738679408272  0.87075683101066559  0.88438925100569288  0.90010686257336414
  0.91465370476200270  0.92596406392652963  0.93520335138325361  0.94486618294802571
  0.95377229213337378  0.96489406031237013  0.97952323032204480  1.00000000000000000
 -0.01306597185155083  0.17241384229989887  0.24342722772423953  0.29646718526567400
  0.33362128292493115  0.36233199211347716  0.38263964160787778  0.40296513591084893
  0.42387840817290839  0.45147008345183320  0.47620417051303404  0.49424382995517308
  0.51146864431317762  0.52911522465662464  0.54692674752073533  0.56430955362903990
  0.58098531033621248  0.59474860706481669  0.60791911406009369  0.62456463545860541
  0.63564801574896412  0.64726218826804738  0.65674719678292170  0.66682501788534776
  0.67534059937572666  0.68347088888862373  0.68884989834610144  0.69459909667558106
  0.70022287287442575  0.70456985088692470  0.70830163991897799  0.71225702902869992
  0.71762087769337646  0.72644701704314796  0.73387678913875354  0.74122845391890968
  0.74842141757565883  0.75517964879621902  0.76128870214972777  0.76700601812447533
  0.77299227095360790  0.77962797825990471  0.78521855564599219  0.79050568379825958
  0.79560261912515740  0.80037807517346293  0.80475991895091470  0.80949894557326563
  0.81455598531172257  0.82018831103613976  0.82631558340854816  0.83297408547498208
  0.83963460701184978  0.84554690181288938  0.85068354818553804  0.85447121328879316
  0.85814892533298448  0.86178887441009799  0.86545285336165634  0.86933833663785831
  0.87318298232306601  0.87709666184800872  0.88124779771320461  0.88549296467149086
  0.88965206782022144  0.89359976232770111  0.89632115381501354  0.89911666440833427
  0.90217834572223754  0.90546073045730158  0.90853101062132269  0.91140326228454660
  0.91448855239692040  0.91803218971301181  0.92159860936710525  0.92513519860139093
  0.92864015982036108  0.93211319993167330  0.93555260414744423  0.93865696265141108
  0.94159655867126646  0.94472375533679287  0.94806789976108941  0.95173883106971724
  0.95599974687753442  0.96017844023963017  0.96313588467946654  0.96577294180567952
  0.96825976959568261  0.97075562103153745  0.97346063880304590  0.97649029121618380
  0.97980737376928606  0.98403883826933281  0.99013006909676082  1.00000000000000000
 -0.02159217770639012  0.15660078549521114  0.20804350754149731  0.23144506177471938
  0.24760716678807890  0.26614016281362468  0.28668000592279530  0.30307227553662108
  0.31571193771283668  0.32612861008399274  0.33534558116354946  0.34356739284587767
  0.35301833660985082  0.36338413521413215  0.37239962013375688  0.37973162288260798
  0.38690302339087446  0.39484005383264026  0.40501660208669393  0.41604145085903771
  0.42484244811063193  0.43270202207413505  0.43892964838212317  0.44423903946352417
  0.44980493893913504  0.45510072486427072  0.46054236530990139  0.46728763964591824
  0.47406467902540900  0.47990429923763817  0.48547626749176825  0.49079284709003396
  0.49641962550982988  0.50287748265626597  0.50930122561279190  0.51522590460047613
  0.52089244857334516  0.52490994351271070  0.52817386653944765  0.53100772841686605
  0.53360850996909903  0.53624087331631864  0.53926205650084347  0.54248644605209762
  0.54538521140135388  0.54867312699608795  0.55208589930630270  0.55548905616373012
  0.55924781093581355  0.56316030004225681  0.56702681997118964  0.57116070916301065
  0.57536090286921371  0.57985707625212457  0.58563741107615774  0.59303936529316292
  0.60006884891531109  0.60576091860713033  0.61081862785360275  0.61543749412816084
  0.62035837240866831  0.62561720493249773  0.63087574986212047  0.63611725972785149
  0.64138194185173536  0.64634808616927508  0.65245229692410023  0.65862890308372113
  0.66509344093588951  0.67222822982345587  0.68059842957216699  0.68932477270414472
  0.69876353904606081  0.70877895649022482  0.71830713614175978  0.72722184617180730
  0.73588910924653150  0.74441383431253993  0.75224701183342813  0.75901408158248018
  0.76582212800779670  0.77305042236095389  0.77986323633638932  0.78557627137814756
  0.79090239753040570  0.79646900755230843  0.80234477262429871  0.80862848261843345
  0.81664022966840677  0.82725774228862026  0.84053609363542980  0.85566036232763421
  0.87301846788314574  0.89193881613667603  0.91875468208036370  1.00000000000000000
   1.5534086921520749E-012  -1.0000000000000000     
 F F F F F F F F F F F F F F F F F F F F F F F F F F F F F F F F F F F F F F F F F F F F F F F F F F F F F F F F F F F F F F F F F F F F F F F F F F F F F F F F F F F F F F F F F F F F F F F F F F F F F F F F F F F F F F F F F F F F F F F F F F F F F F F F F F F F F F F F F F F F F F F F F F F F F F F F F F F F F F F F F F F F F F F F F F F F F F F F F F F F F F F F F F F F F F F F T T T T T T T T T T T T T T T T F F F F F F F F F F F F F F F F F F F F F F F F F F F F F F F F F F F F F F F F F F F F F F F F F F F F F F F F F F F F F F F F F F F F F F F F F F F F F F F F F F F F F F F F F F F F F F F F F F F F F F F F F F F F F F F F F F F F F F F F F F F F F F F F F F F F F F F F F F F F F F F F F F F F F F F F F F F F F F F F F F F F F F F F F F F F F F F F F F F F F F F F F F F F F F F F F F F F F F F F F F F F F F F F F F F F F F F F F F F F F F F F F F F F F F F F F F F F F F F F T T T T T T T T T T T T T T T T F F F F F F F F F F F F F F F F F F F F F F F F F F F F F F F F F F F F F F F F F F F F F F F F
  <DiscreteSampler_grid>
  grouped_processes
  1 # 1 for a reference and 2 for a running grid.
  10 # Attribute 'min_bin_probing_points' of the grid.
  1 # Attribute 'grid_mode' of the grid. 1=='default',2=='initialization'
  0.0000000000000000 # Attribute 'small_contrib_threshold' of the grid.
  0.5000000000000000 # Attribute 'damping_power' of the grid.
 # binID   n_entries weight   weight_sqr   abs_weight
    19   10   1.206657210809045E-005   1.201360657960187E-009   1.206657210809045E-005
    20   10   1.206657210809040E-005   1.201360657960173E-009   1.206657210809040E-005
    22   10   6.481085854893539E-007   3.465781105607059E-012   6.481085854893539E-007
    23   10   6.481085854893514E-007   3.465781105607027E-012   6.481085854893514E-007
    25   10   6.481085854893539E-007   3.465781105607059E-012   6.481085854893539E-007
    26   10   6.481085854893514E-007   3.465781105607027E-012   6.481085854893514E-007
    28   10   1.206657210809045E-005   1.201360657960187E-009   1.206657210809045E-005
    29   10   1.206657210809040E-005   1.201360657960173E-009   1.206657210809040E-005
  </DiscreteSampler_grid>
